14267	14267	39926	0	-
14267	2273	39926	1	-
14267	14267	39926	1	-
14267	2273	39926	1	-
14267	14267	39926	1	-
14267	2273	39926	1	-
14267	14267	39926	1	-
14267	2273	39926	1	-
20312	16593	39926	14	-
15737	3801	39926	21	-
15737	3801	39926	21	-
15737	3801	39926	21	-
15737	3801	39926	21	-
15737	3801	39926	21	-
15737	3801	39926	21	-
15737	3801	39926	21	-
15737	3801	39926	21	-
15737	3801	39926	21	-
15737	3801	39926	21	-
15737	3801	39926	21	-
15737	3801	39926	21	-
15737	3801	39926	21	-
15737	3801	39926	21	-
15737	3801	39926	21	-
15737	3801	39926	21	-
15737	3801	39926	21	-
15737	3801	39926	21	-
15737	3801	39926	21	-
15737	3801	39926	21	-
14267	20201	5475	38	-
14267	20201	5475	38	-
587	9981	5475	55	-
3957	587	5475	56	-
587	11828	5475	59	-
587	11828	5475	59	-
587	11828	5475	59	-
587	11828	5475	59	-
587	11828	5475	59	-
587	11828	5475	59	-
587	11828	5475	59	-
587	11828	5475	59	-
17624	3611	5475	81	-
587	7336	5475	90	-
19350	11558	5475	90	-
587	11828	5475	90	-
587	11828	5475	90	-
587	11828	5475	90	-
587	11828	5475	91	-
587	11828	5475	91	-
587	11828	5475	91	-
587	11828	5475	91	-
587	11828	5475	91	-
587	11828	5475	91	-
587	11828	5475	91	-
587	11828	5475	91	-
587	11828	5475	91	-
587	11828	5475	91	-
587	11828	5475	91	-
587	11828	5475	91	-
587	11828	5475	91	-
587	11828	5475	91	-
587	11828	5475	91	-
587	11828	5475	91	-
587	11828	5475	91	-
587	11828	5475	91	-
587	11828	5475	91	-
587	11828	5475	91	-
587	11828	5475	91	-
587	11828	5475	91	-
587	11828	5475	91	-
587	11828	5475	91	-
587	11828	5475	91	-
587	11828	5475	91	-
19350	11558	5475	92	-
19350	11558	5475	92	-
19350	11558	5475	92	-
19350	11558	5475	92	-
19350	11558	5475	92	-
19350	11558	5475	92	-
19350	11558	5475	92	-
19350	11558	5475	92	-
19350	11558	5475	92	-
19350	11558	5475	92	-
19350	11558	5475	92	-
19350	11558	5475	92	-
19350	11558	5475	92	-
19350	11558	5475	92	-
19350	11558	5475	92	-
19350	11558	5475	92	-
19350	11558	5475	93	-
19350	11558	5475	93	-
19350	11558	5475	93	-
19350	11558	5475	93	-
19350	11558	5475	93	-
19350	11558	5475	93	-
587	11828	33015	100	-
587	11828	33015	100	-
18246	3801	33015	105	-
15737	3801	33015	108	-
15737	3801	33015	108	-
15737	3801	33015	108	-
15737	3801	33015	108	-
15737	3801	33015	108	-
15737	3801	33015	108	-
15737	3801	33015	108	-
15737	3801	33015	108	-
15737	3801	33015	108	-
15737	3801	33015	108	-
15737	3801	33015	108	-
15737	3801	33015	108	-
15737	3801	33015	108	-
15737	3801	33015	108	-
18246	3801	33015	109	-
18246	3801	33015	109	-
18246	3801	33015	109	-
18246	3801	33015	109	-
18246	3801	33015	109	-
18246	3801	33015	109	-
18246	3801	33015	109	-
18246	3801	33015	109	-
18246	3801	33015	109	-
18246	3801	33015	109	-
18246	3801	33015	109	-
18246	3801	33015	109	-
18246	3801	33015	109	-
18246	3801	33015	109	-
18246	3801	33015	109	-
18246	3801	33015	109	-
18246	3801	33015	109	-
18246	3801	33015	109	-
18246	3801	33015	109	-
18246	3801	33015	109	-
18246	3801	33015	109	-
18246	3801	33015	109	-
18246	3801	33015	110	-
18246	3801	33015	110	-
18246	3801	33015	110	-
18246	3801	33015	110	-
18246	3801	33015	110	-
18246	3801	33015	110	-
18246	3801	33015	110	-
18246	3801	33015	110	-
18246	3801	33015	110	-
18246	3801	33015	110	-
18246	3801	33015	110	-
6114	17698	33015	123	-
6114	5571	33015	123	-
18246	6157	33015	132	-
18246	18682	33015	133	-
18246	6157	33015	133	-
18246	6157	33015	133	-
18246	14263	33015	133	-
18246	6157	33015	133	-
18246	14263	33015	133	-
18246	6157	33015	133	-
18246	6157	33015	133	-
18246	6157	33015	133	-
18246	6157	33015	133	-
18246	6157	33015	133	-
18246	6157	33015	133	-
18246	6157	33015	133	-
18246	6157	33015	133	-
18246	6157	33015	133	-
18246	6157	33015	133	-
18246	6157	33015	133	-
18246	6157	33015	133	-
18246	6157	33015	133	-
18246	6157	33015	133	-
587	18332	33015	134	-
6775	3611	33015	148	-
6775	3611	33015	148	-
6775	3611	33015	148	-
6775	3611	33015	148	-
6775	3611	33015	148	-
15737	3801	33015	148	-
6775	3611	33015	148	-
6775	3611	33015	148	-
15737	3801	33015	149	-
15737	3801	33015	149	-
15737	3801	33015	149	-
15737	3801	33015	149	-
15737	3801	33015	149	-
15737	3801	33015	149	-
15737	3801	33015	149	-
15737	3801	33015	149	-
15737	3801	33015	149	-
15737	3801	33015	149	-
15737	3801	33015	149	-
15737	3801	33015	149	-
15737	3801	33015	149	-
15737	3801	33015	149	-
15737	3801	33015	149	-
15737	3801	33015	149	-
15737	3801	33015	149	-
15737	3801	33015	149	-
15737	3801	33015	149	-
15737	3801	33015	149	-
15737	3801	33015	149	-
15737	3801	33015	149	-
15737	3801	33015	149	-
15737	3801	33015	149	-
15737	3801	33015	149	-
15737	3801	33015	149	-
15737	3801	33015	149	-
15737	3801	33015	149	-
3374	445	33015	149	-
15737	3801	33015	150	-
15737	3801	33015	150	-
15737	3801	33015	150	-
15737	3801	33015	150	-
15737	3801	33015	150	-
6114	17698	12505	180	-
14267	20201	12505	180	-
3374	445	12505	180	-
3374	445	12505	180	-
3374	445	12505	180	-
3374	445	12505	181	-
3374	445	12505	181	-
3374	445	12505	181	-
3374	445	12505	181	-
3374	445	12505	181	-
3374	445	12505	181	-
3374	445	12505	181	-
3374	445	12505	181	-
3374	445	12505	181	-
3374	445	12505	181	-
6114	10383	12505	183	-
6114	5571	12505	183	-
6114	10383	12505	183	-
6114	5571	12505	183	-
15737	3801	12505	194	-
15737	3801	12505	194	-
15737	3801	12505	194	-
15737	3801	12505	194	-
15737	3801	12505	194	-
15737	3801	12505	194	-
15737	3801	12505	194	-
15737	3801	12505	194	-
15737	3801	12505	194	-
15737	3801	12505	194	-
15737	3801	12505	194	-
15737	3801	12505	194	-
15737	3801	12505	194	-
17624	3611	12505	196	-
17624	3611	12505	196	-
18246	10812	12505	197	-
18246	6157	12505	197	-
18246	6157	12505	198	-
18246	6157	12505	198	-
18246	18682	12505	198	-
18246	6157	12505	198	-
18246	14263	12505	198	-
18246	18682	12505	198	-
18246	14263	12505	198	-
18246	14263	12505	198	-
18246	14263	12505	198	-
18246	6157	12505	198	-
18246	6157	12505	198	-
18246	18682	12505	198	-
18246	6157	12505	198	-
18246	6157	12505	198	-
18246	6157	12505	198	-
18246	6157	12505	198	-
18246	6157	12505	198	-
18246	6157	12505	198	-
18246	6157	12505	198	-
18246	6157	12505	198	-
18246	6157	12505	198	-
18246	6157	12505	198	-
18246	6157	12505	198	-
18246	6157	12505	198	-
18246	6157	12505	198	-
18246	6157	12505	198	-
18246	6157	12505	198	-
18246	6157	12505	198	-
18246	20495	12505	201	-
18246	6157	12505	201	-
18246	6157	12505	201	-
18246	6157	12505	201	-
18246	6157	12505	201	-
18246	6157	12505	201	-
18246	6157	12505	201	-
18246	6157	12505	201	-
18246	14263	12505	201	-
18246	6157	12505	201	-
18246	6157	12505	202	-
18246	6157	12505	203	-
18246	6157	12505	206	-
18246	18682	12505	206	-
18246	14263	12505	206	-
18246	14263	12505	206	-
18246	6157	12505	206	-
18246	6157	12505	206	-
18246	6157	12505	206	-
18246	6157	12505	206	-
18246	6157	12505	206	-
18246	6157	12505	206	-
18246	6157	12505	206	-
18246	6157	12505	206	-
18246	14263	12505	206	-
18246	6157	12505	206	-
18246	6157	12505	206	-
18246	18682	12505	206	-
18246	6157	12505	206	-
18246	6157	12505	206	-
18246	6157	12505	206	-
18246	6157	12505	206	-
18246	6157	12505	206	-
18246	6157	12505	206	-
18246	6157	12505	206	-
18246	6157	12505	206	-
18246	6157	12505	206	-
18246	18682	12505	206	-
10571	16531	12505	214	-
18246	7215	12505	216	-
18246	7215	12505	216	-
18246	7215	12505	216	-
18246	7215	37712	217	-
18246	7215	37712	217	-
18246	7215	37712	217	-
18246	7215	37712	217	-
18246	7215	37712	217	-
18246	7215	37712	217	-
18246	7215	37712	217	-
18246	7215	37712	217	-
15737	6157	37712	223	-
15737	18682	37712	224	-
15737	6157	37712	224	-
15737	6157	37712	224	-
15737	14263	37712	224	-
15737	6157	37712	224	-
15737	14263	37712	224	-
15737	6157	37712	224	-
15737	6157	37712	224	-
15737	6157	37712	224	-
15737	6157	37712	224	-
15737	6157	37712	224	-
15737	6157	37712	224	-
15737	6157	37712	225	-
15737	6157	37712	225	-
15737	6157	37712	225	-
15737	6157	37712	225	-
15737	6157	37712	225	-
15737	6157	37712	225	-
15737	6157	37712	225	-
15737	6157	37712	225	-
18246	7215	37712	227	-
19350	21550	37712	227	-
18246	3076	37712	229	-
18246	3076	37712	229	-
18246	3076	37712	229	-
18246	3076	37712	229	-
18246	3076	37712	229	-
18246	3076	37712	229	-
18246	3076	37712	229	-
18246	3076	37712	229	-
18246	3076	37712	229	-
18246	3076	37712	229	-
18246	3076	37712	229	-
18246	3076	37712	229	-
18246	3076	37712	229	-
18246	3076	37712	229	-
18246	3076	37712	229	-
18246	3076	37712	229	-
18246	3076	37712	229	-
18246	3076	37712	229	-
18246	3076	37712	229	-
18246	3076	37712	229	-
18246	3076	37712	229	-
18246	3076	37712	229	-
18246	3076	37712	229	-
18246	3076	37712	229	-
18246	3076	37712	229	-
14267	20201	37712	232	-
14267	20201	37712	232	-
14267	20201	37712	232	-
14267	20201	37712	232	-
14267	20201	37712	232	-
14267	20201	37712	232	-
3076	3611	37712	240	-
3076	3611	37712	241	-
3076	3611	37712	241	-
3076	3611	37712	241	-
3076	3611	37712	241	-
3076	3611	37712	241	-
3076	3611	37712	241	-
3374	2422	37712	270	-
3374	2422	37712	270	-
3374	2422	37712	270	-
3374	2422	37712	270	-
3374	2422	37712	270	-
3374	2422	37712	270	-
3374	2422	37712	270	-
3374	2422	37712	270	-
3374	2422	37712	270	-
3374	2422	37712	271	-
3374	2422	37712	271	-
3374	2422	37712	271	-
3374	2422	37712	271	-
3374	2422	37712	271	-
3374	2422	37712	271	-
3374	2422	37712	271	-
3374	2422	37712	271	-
3374	2422	37712	271	-
3374	2422	37712	271	-
7215	15667	37712	274	-
3374	23048	37712	275	-
3957	15667	37712	276	-
15737	4717	30185	277	-
3374	3957	30185	278	-
3374	23048	30185	278	-
3374	3957	30185	278	-
3374	3957	30185	278	-
3374	23048	30185	278	-
3374	23048	30185	278	-
3374	23048	30185	278	-
3374	23048	30185	278	-
3374	23048	30185	278	-
3374	23048	30185	278	-
3374	23048	30185	278	-
3374	23048	30185	279	-
3374	23048	30185	279	-
3374	23048	30185	279	-
3374	23048	30185	279	-
3374	23048	30185	279	-
3374	3957	30185	279	-
3374	23048	30185	279	-
3374	23048	30185	279	-
3374	23048	30185	279	-
3374	23048	30185	279	-
3374	23048	30185	279	-
17624	19350	30185	279	-
17624	19350	30185	281	-
15737	4717	30185	283	-
17624	19350	30185	283	-
15737	4085	30185	286	-
15737	4717	30185	286	-
17624	19350	30185	287	-
15737	11638	30185	294	-
13993	15667	30185	308	-
6114	16345	30185	314	-
6114	16345	30185	314	-
6114	16345	30185	314	-
6114	16345	30185	314	-
6114	16345	30185	314	-
6114	16345	30185	314	-
19350	11558	30185	316	-
19350	11558	30185	317	-
19350	11558	30185	317	-
19350	11558	30185	317	-
19350	11558	30185	317	-
19350	11558	30185	317	-
19350	11558	30185	317	-
19350	11558	30185	317	-
19350	11558	30185	317	-
3297	1001	30185	318	-
19350	7274	30185	326	-
19350	7274	30185	326	-
19350	7274	30185	326	-
19350	7274	30185	326	-
19350	7274	30185	326	-
19350	7274	30185	326	-
19350	7274	30185	326	-
19350	7274	30185	326	-
19350	7274	30185	326	-
19350	7274	30185	326	-
19350	7274	30185	326	-
19350	7274	30185	326	-
3374	3957	22464	360	-
18246	20201	22464	360	-
18246	20201	22464	360	-
6775	3611	22464	372	-
6775	3611	22464	372	-
3374	21359	22464	375	-
3374	23048	22464	375	-
3374	17005	22464	386	-
3957	15394	22464	387	-
14547	20201	22464	396	-
14547	20201	22464	396	-
6114	8843	5390	400	-
6114	8843	5390	400	-
6114	8843	5390	400	-
6114	8843	5390	400	-
6114	8843	5390	400	-
6114	8843	5390	400	-
6114	8843	5390	400	-
6114	8843	5390	400	-
6114	8843	5390	400	-
6114	8843	5390	400	-
6114	8843	5390	400	-
6114	8843	5390	400	-
6114	8843	5390	400	-
6114	8843	5390	400	-
6114	8843	5390	400	-
6114	8843	5390	400	-
6114	8843	5390	400	-
6114	8843	5390	400	-
6114	8843	5390	400	-
6114	8843	5390	400	-
6114	8843	5390	400	-
6114	8843	5390	400	-
6114	8843	5390	400	-
15737	4717	5390	407	-
15737	4085	5390	407	-
15737	4717	5390	407	-
3374	23048	5390	417	-
3374	3957	5390	417	-
3374	23048	5390	417	-
3374	3957	5390	417	-
3374	3957	5390	417	-
3374	23048	5390	417	-
3374	23048	5390	417	-
3374	23048	5390	417	-
3374	23048	5390	417	-
3374	23048	5390	417	-
3374	23048	5390	417	-
3374	23048	5390	417	-
3374	23048	5390	417	-
3374	23048	5390	417	-
3374	23048	5390	417	-
3374	23048	5390	417	-
3374	23048	5390	417	-
3374	3957	5390	417	-
3374	23048	5390	417	-
3374	23048	5390	417	-
3374	23048	5390	417	-
3374	23048	5390	417	-
3374	23048	5390	417	-
18246	20201	5390	451	-
18246	20201	5390	451	-
18246	20201	5390	451	-
18246	20201	5390	451	-
18246	20201	5390	451	-
18246	20201	5390	451	-
18246	20201	5390	451	-
18246	20201	5390	451	-
18246	20201	5390	451	-
18246	20201	5390	451	-
17624	3611	5390	451	-
17624	3611	5390	452	-
6114	16345	28642	460	-
6114	16345	28642	460	-
6114	16345	28642	460	-
6114	16345	28642	460	-
6114	16345	28642	460	-
6114	16345	28642	460	-
17624	3611	28642	464	-
17624	3611	28642	464	-
19350	7274	28642	480	-
19350	7274	28642	480	-
19350	7274	28642	480	-
19350	7274	28642	480	-
19350	7274	28642	480	-
19350	7274	28642	480	-
19350	7274	28642	480	-
6114	8843	28642	482	-
6114	8843	28642	482	-
6114	8843	28642	482	-
6114	8843	28642	482	-
6114	8843	28642	482	-
6114	8501	28642	491	-
19531	5938	28642	494	-
6114	16345	28642	495	-
6114	16345	28642	495	-
6114	16345	28642	495	-
6114	16345	28642	495	-
6114	16345	28642	495	-
6114	16345	28642	495	-
6114	8843	28642	504	-
6114	8843	28642	504	-
6114	8843	28642	504	-
6114	8843	28642	504	-
6114	8843	28642	504	-
20367	587	28642	513	-
3076	3611	37144	539	-
15737	4717	37144	540	-
3957	21708	37144	540	-
15737	4085	37144	540	-
15737	4717	37144	540	-
3076	3611	37144	540	-
12985	22986	37144	540	-
12985	5938	37144	542	-
12985	13122	37144	544	-
15394	4800	37144	546	-
23317	882	37144	546	-
15737	4717	37144	557	-
15737	4085	37144	557	-
15737	4717	37144	557	-
3374	21359	37144	562	-
3374	23048	37144	562	-
6775	8452	37144	563	-
20312	3611	37144	563	portsweep
14547	15667	37144	571	-
6775	3611	2230	582	-
6775	3611	2230	582	-
6775	3611	2230	582	-
6775	3611	2230	582	-
6775	3611	2230	582	-
6775	3611	2230	582	-
6775	3611	2230	582	-
17624	3611	2230	582	-
6114	13020	2230	584	-
14547	17005	2230	593	-
20312	3611	2230	620	portsweep
6114	1043	2230	630	-
15737	4717	2230	630	-
18246	3076	2230	630	-
6114	1043	2230	630	-
6114	1043	2230	630	-
6114	1043	2230	631	-
18246	3076	2230	631	-
6114	1043	2230	631	-
18246	3076	2230	631	-
6114	1043	2230	631	-
6114	1043	2230	631	-
6114	1043	2230	631	-
18246	3076	2230	631	-
15737	4085	2230	631	-
6114	1043	2230	631	-
18246	3076	2230	631	-
15737	4717	2230	631	-
6114	1043	2230	631	-
18246	3076	2230	631	-
6114	1043	2230	631	-
6114	1043	2230	631	-
18246	3076	2230	631	-
6114	1043	2230	631	-
18246	3076	2230	631	-
18246	3076	2230	631	-
6114	1043	2230	631	-
6114	1043	2230	631	-
18246	3076	2230	631	-
6114	1043	2230	631	-
18246	3076	2230	631	-
18246	3076	2230	631	-
18246	3076	2230	631	-
18246	3076	2230	631	-
18246	3076	2230	631	-
18246	3076	2230	631	-
18246	3076	2230	631	-
18246	3076	2230	631	-
18246	3076	2230	631	-
18246	3076	2230	631	-
18246	3076	2230	631	-
18246	3076	2230	631	-
18246	3076	2230	631	-
18246	3076	2230	631	-
18246	3076	2230	631	-
4800	5938	21647	639	-
14547	20201	21647	643	-
14547	20201	21647	643	-
14547	20201	21647	643	-
14547	20201	21647	643	-
14547	20201	21647	643	-
14547	20201	21647	643	-
14547	20201	21647	643	-
14547	20201	21647	643	-
14547	20201	21647	643	-
14547	20201	21647	643	-
17624	16332	21647	643	-
587	11900	21647	644	-
882	16593	21647	650	-
882	16332	21647	651	-
20312	3611	21647	661	portsweep
3076	23167	21647	661	-
3076	8452	21647	662	-
10429	19834	21647	662	-
3076	9554	21647	662	-
10429	21708	21647	663	-
882	16531	21647	673	-
19350	7274	21647	676	-
19350	7274	21647	676	-
19350	7274	21647	676	-
19350	7274	21647	676	-
19350	7274	21647	676	-
19350	7274	21647	676	-
6114	18332	21647	686	-
3374	20201	21647	686	-
3374	20201	21647	686	-
11001	5938	21647	690	-
11001	19834	21647	690	-
20312	3611	44793	713	portsweep
20312	8452	44793	713	-
20312	23167	44793	717	-
20312	8452	44793	718	-
7179	4981	44793	719	-
6114	23048	44793	720	-
12985	15894	44793	720	-
6114	23048	44793	720	-
6114	23048	44793	720	-
12985	15667	44793	720	-
6114	23048	44793	721	-
6114	23048	44793	721	-
6114	23048	44793	721	-
6114	23048	44793	721	-
6114	3957	44793	721	-
6114	3957	44793	721	-
6114	3957	44793	721	-
6114	23048	44793	721	-
6114	23048	44793	722	-
6114	23048	44793	722	-
6114	23048	44793	722	-
6114	23048	44793	722	-
6114	23048	44793	722	-
6114	23048	44793	722	-
6114	23048	44793	722	-
6114	3957	44793	722	-
6114	23048	44793	723	-
6114	23048	44793	723	-
6114	23048	44793	723	-
6114	23048	44793	723	-
15737	4717	44793	726	-
15737	4085	44793	726	-
15737	4717	44793	726	-
19603	16531	44793	729	-
6114	21359	44793	732	-
6114	23048	44793	732	-
6114	23048	44793	732	-
6114	23048	44793	732	-
6114	23048	44793	732	-
6114	23048	44793	732	-
6114	23048	44793	732	-
6114	3957	44793	732	-
6114	23048	44793	732	-
6114	23048	44793	732	-
6114	23048	44793	732	-
6114	23048	44793	732	-
15737	4717	44793	744	-
15737	4085	44793	744	-
15737	4717	44793	744	-
10429	5938	44793	754	-
20312	3611	44793	754	portsweep
19350	7274	44793	756	-
19350	7274	44793	756	-
19350	7274	44793	756	-
19350	7274	44793	756	-
19350	7274	44793	756	-
19350	7274	44793	756	-
7782	15667	40984	758	-
7179	4981	40984	760	-
17624	9554	40984	760	-
7179	8452	40984	761	-
17624	9554	40984	763	-
17624	9554	40984	765	-
17624	9554	40984	768	-
17624	9554	40984	770	-
17624	9554	40984	772	-
17624	9554	40984	775	-
17624	9554	40984	775	-
17624	9554	40984	775	-
17624	9554	40984	775	-
17624	9554	40984	775	-
17624	9554	40984	775	-
17624	9554	40984	775	-
14547	20201	40984	775	-
17624	9554	40984	775	-
17624	9554	40984	775	-
17624	9554	40984	775	-
17624	9554	40984	775	-
17624	9554	40984	775	-
17624	9554	40984	775	-
17624	9554	40984	775	-
17624	9554	40984	776	-
17624	9554	40984	776	-
14547	20201	40984	776	-
14547	20201	40984	776	-
14547	20201	40984	776	-
14547	20201	40984	776	-
14547	20201	40984	776	-
14547	20201	40984	776	-
14547	20201	40984	776	-
14547	20201	40984	776	-
6114	23048	40984	780	-
6114	23048	40984	780	-
6114	23048	40984	780	-
6114	23048	40984	780	-
6114	23048	40984	780	-
6114	23048	40984	780	-
6114	23048	40984	780	-
6114	3957	40984	780	-
6114	3957	40984	780	-
6114	3957	40984	780	-
7538	15667	40984	780	-
6114	23048	40984	781	-
6114	23048	40984	781	-
6114	23048	40984	781	-
6114	23048	40984	781	-
6114	23048	40984	781	-
6114	23048	40984	781	-
6114	23048	40984	781	-
6114	23048	40984	781	-
6114	3957	40984	781	-
6114	23048	40984	781	-
6114	23048	40984	781	-
14547	20201	40984	781	-
6114	23048	40984	781	-
6114	23048	40984	781	-
14547	20201	40984	781	-
14547	20201	40984	781	-
14547	20201	40984	781	-
14547	20201	40984	781	-
14547	20201	40984	781	-
14547	20201	40984	781	-
17624	3611	40984	782	-
17624	3611	40984	782	-
17624	3611	40984	782	-
17624	3611	40984	782	-
17624	7268	40984	783	-
17624	7268	40984	785	-
17624	7268	40984	787	-
17624	7268	40984	789	-
3374	23048	40984	791	-
20312	3611	40984	792	portsweep
17624	7268	40984	792	-
17624	7268	40984	793	-
19350	7274	40984	802	-
20312	14437	40984	802	-
19350	7274	40984	803	-
19350	7274	40984	803	-
19350	7274	40984	803	-
19350	7274	40984	803	-
19350	7274	40984	803	-
19350	7274	40984	803	-
19350	7274	40984	808	-
19350	7274	40984	808	-
19350	7274	40984	808	-
19350	7274	40984	808	-
19350	7274	40984	808	-
19350	7274	40984	808	-
18246	3076	40984	810	-
15737	6157	40984	810	-
18246	3076	40984	810	-
18246	3076	40984	811	-
18246	3076	40984	811	-
18246	3076	40984	811	-
18246	3076	40984	811	-
18246	3076	40984	811	-
18246	3076	40984	811	-
18246	3076	40984	811	-
18246	3076	40984	811	-
18246	3076	40984	811	-
18246	3076	40984	811	-
18246	3076	40984	811	-
18246	3076	40984	811	-
18246	3076	40984	811	-
18246	3076	40984	811	-
18246	3076	40984	811	-
20312	3297	40984	811	-
15737	18682	40984	812	-
15737	6157	40984	812	-
15737	6157	40984	813	-
15737	14263	40984	813	-
15737	6157	40984	813	-
15737	14263	40984	813	-
15737	6157	40984	813	-
15737	6157	40984	813	-
15737	6157	40984	813	-
15737	6157	40984	813	-
15737	6157	40984	813	-
15737	6157	40984	813	-
15737	6157	40984	813	-
15737	6157	40984	813	-
15737	6157	40984	813	-
15737	6157	40984	813	-
15737	6157	40984	813	-
15737	6157	40984	814	-
15737	6157	40984	814	-
15737	6157	40984	814	-
20312	16332	40984	814	-
20312	16531	538	821	-
6775	3611	538	826	-
6775	3611	538	826	-
6775	3611	538	826	-
6775	3611	538	826	-
6775	3611	538	826	-
6775	3611	538	826	-
6775	3611	538	826	-
3076	3611	538	828	-
3076	3611	538	828	-
3076	3611	538	828	-
3076	3611	538	828	-
3076	3611	538	828	-
3076	3611	538	828	-
3076	3611	538	828	-
3076	3611	538	828	-
18246	9869	538	845	-
18246	9869	538	845	-
18246	904	538	848	-
18246	9869	538	848	-
18246	9869	538	848	-
18246	9869	538	848	-
18246	5604	538	851	-
18246	9869	538	851	-
18246	9869	538	851	-
18246	9869	538	851	-
18246	9869	538	851	-
18246	9869	538	851	-
18246	9869	538	851	-
18246	9869	538	851	-
19350	20305	538	854	-
19350	20305	538	854	-
19350	20305	538	854	-
19350	20305	538	854	-
19350	20305	538	854	-
19350	20305	538	854	-
19350	20305	538	854	-
19350	20305	538	854	-
19350	20305	538	854	-
19350	20305	538	854	-
19350	20305	538	854	-
19350	20305	538	855	-
19350	20305	538	855	-
19350	20305	538	855	-
19350	20305	538	855	-
19350	20305	538	855	-
19350	20305	538	855	-
19350	20305	538	855	-
19350	20305	538	855	-
19350	20305	538	855	-
19350	20305	538	855	-
19350	20305	538	855	-
19350	20305	538	855	-
19350	20305	538	855	-
19350	20305	538	855	-
19350	20305	538	855	-
6114	21359	538	860	-
6114	23048	538	860	-
20312	3611	538	866	portsweep
882	3461	5306	898	-
14547	20201	5306	900	-
14547	20201	5306	900	-
19350	20305	5306	915	-
19350	20305	5306	915	-
19350	20305	5306	916	-
19350	20305	5306	916	-
19350	20305	5306	916	-
14547	3011	5306	916	-
14547	3011	5306	917	-
14547	3011	5306	917	-
14547	3011	5306	917	-
14547	3011	5306	917	-
14547	3011	5306	917	-
14547	3011	5306	917	-
14547	3011	5306	917	-
14547	3011	5306	917	-
14547	3011	5306	917	-
14547	3011	5306	917	-
14547	3011	5306	917	-
14547	3011	5306	917	-
14547	3011	5306	917	-
14547	3011	5306	917	-
14547	3011	5306	917	-
14547	3011	5306	917	-
19350	20305	5306	935	-
19350	20305	5306	936	-
19350	20305	5306	936	-
19350	20305	5306	936	-
19350	20305	5306	936	-
19350	20305	5306	936	-
19350	20305	5306	936	-
19350	20305	5306	936	-
19350	20305	5306	936	-
19350	20305	5306	936	-
19350	20305	5306	936	-
19350	20305	5306	936	-
20312	3611	4374	939	portsweep
14547	20201	4374	945	-
14547	20201	4374	945	-
14547	20201	4374	945	-
14547	20201	4374	945	-
14547	20201	4374	945	-
14547	20201	4374	945	-
14547	20201	4374	945	-
10429	11900	4374	946	-
3076	3611	4374	957	-
3957	587	4374	957	-
3076	3611	4374	957	-
17624	16531	4374	988	-
12985	15667	4374	990	-
20312	3611	4374	990	portsweep
17624	8452	4374	991	-
12985	22986	4374	991	-
19350	5636	4374	993	-
19350	5636	4374	993	-
19350	5636	4374	993	-
19350	5636	4374	994	-
19350	5636	4374	994	-
19350	5636	4374	994	-
12985	19531	21886	997	-
12985	19834	21886	997	-
14547	17005	21886	999	-
19839	19834	21886	1001	-
882	3611	21886	1001	-
882	9554	21886	1003	-
882	16332	21886	1003	-
10571	16332	21886	1010	-
6775	3611	21886	1011	-
14547	20201	21886	1011	-
14547	20201	21886	1012	-
14547	20201	21886	1012	-
14547	20201	21886	1012	-
14547	20201	21886	1012	-
14547	20201	21886	1012	-
14547	20201	21886	1012	-
14547	20201	21886	1012	-
19603	4981	21886	1041	-
20312	3611	21886	1041	portsweep
19603	8452	21886	1041	-
6114	837	21886	1042	-
6114	837	21886	1042	-
6114	837	21886	1042	-
6114	837	21886	1042	-
6114	837	21886	1042	-
6114	837	21886	1042	-
6114	837	21886	1043	-
6114	837	21886	1043	-
6114	837	21886	1043	-
6114	837	21886	1043	-
6114	3399	21886	1048	-
6114	3399	21886	1048	-
6114	3399	21886	1048	-
6114	3399	21886	1048	-
6114	3399	21886	1048	-
6114	3399	21886	1048	-
6114	3399	21886	1048	-
6114	3399	21886	1048	-
6114	3399	21886	1048	-
6114	3399	21886	1048	-
6114	3399	21886	1048	-
6114	3399	21886	1048	-
6114	3399	21886	1048	-
6114	3399	21886	1048	-
6114	3399	21886	1048	-
6114	3399	21886	1048	-
6114	3399	21886	1048	-
6114	3399	21886	1048	-
6114	3399	21886	1048	-
6114	3399	21886	1048	-
6114	3399	21886	1048	-
6114	3399	21886	1048	-
6114	3399	21886	1048	-
6114	3399	21886	1048	-
6114	3399	21886	1048	-
6114	3399	21886	1048	-
6114	3399	21886	1049	-
6114	3399	21886	1049	-
6114	3399	21886	1049	-
6114	3399	21886	1049	-
6114	3399	21886	1049	-
6114	3399	21886	1049	-
20312	3611	41176	1080	portsweep
14547	21980	41176	1080	-
14547	21980	41176	1081	-
14547	21980	41176	1081	-
20312	3611	17085	1118	portsweep
6114	3399	17085	1121	-
6114	3399	17085	1121	-
6114	3399	17085	1121	-
6114	3399	17085	1121	-
6114	3399	17085	1121	-
6114	3399	17085	1121	-
6114	3399	17085	1121	-
6114	3399	17085	1121	-
6114	3399	17085	1121	-
6114	3399	17085	1122	-
6114	3399	17085	1122	-
6114	3399	17085	1122	-
6114	3399	17085	1122	-
6114	3399	17085	1122	-
6114	3399	17085	1122	-
6114	3399	17085	1122	-
6114	3399	17085	1122	-
6114	3399	17085	1122	-
6114	3399	17085	1122	-
6114	3399	17085	1122	-
6114	3399	17085	1122	-
6114	3399	17085	1122	-
6114	3399	17085	1122	-
6114	3399	17085	1122	-
14547	20691	17085	1131	-
14547	7391	17085	1131	-
14547	20691	17085	1131	-
14547	20691	17085	1131	-
14547	20691	17085	1131	-
14547	20691	17085	1131	-
14547	20691	17085	1131	-
14547	20691	17085	1131	-
14547	20691	17085	1131	-
14547	20691	17085	1131	-
14547	20691	17085	1131	-
14547	20691	17085	1131	-
14547	20691	17085	1131	-
16671	16409	17085	1134	-
16671	16409	17085	1134	-
16671	16409	17085	1134	-
16671	16409	17085	1134	-
15394	4800	17085	1146	-
23317	882	17085	1146	-
20312	3611	17085	1156	portsweep
3076	3611	17085	1169	-
14547	21980	17085	1170	-
14547	21980	17085	1170	-
14547	21980	17085	1170	-
19350	5636	36514	1178	-
19350	5636	36514	1178	-
19350	5636	36514	1178	-
6114	3399	36514	1178	-
6114	3399	36514	1179	-
6114	3399	36514	1179	-
6114	3399	36514	1179	-
6114	3399	36514	1179	-
6114	3399	36514	1179	-
6114	3399	36514	1179	-
6114	3399	36514	1179	-
6114	3399	36514	1179	-
6114	3399	36514	1179	-
6114	3399	36514	1179	-
6114	3399	36514	1179	-
6114	3399	36514	1179	-
6114	3399	36514	1179	-
6114	3399	36514	1179	-
6114	3399	36514	1179	-
6114	3399	36514	1179	-
6114	3399	36514	1179	-
6114	3399	36514	1179	-
6114	3399	36514	1179	-
6114	3399	36514	1182	-
6114	3399	36514	1182	-
6114	3399	36514	1182	-
6114	3399	36514	1182	-
6114	3399	36514	1182	-
6114	3399	36514	1182	-
6114	3399	36514	1182	-
6114	3399	36514	1182	-
6114	3399	36514	1182	-
6114	3399	36514	1182	-
6114	3399	36514	1182	-
6114	3399	36514	1182	-
6114	3399	36514	1182	-
6114	3399	36514	1182	-
6114	3399	36514	1182	-
6114	3399	36514	1182	-
6114	3399	36514	1182	-
6114	3399	36514	1182	-
6114	3399	36514	1182	-
6114	3399	36514	1182	-
14547	21980	36514	1206	-
20312	3611	36514	1208	portsweep
17624	4981	36514	1212	-
20312	3611	36421	1250	portsweep
18246	17410	36421	1260	-
20312	16593	36421	1264	-
11001	11900	36421	1271	-
19350	20312	36421	1285	-
6775	3611	36421	1285	-
6775	3611	36421	1285	-
6775	3611	36421	1285	-
6775	3611	36421	1285	-
6775	3611	36421	1285	-
6775	3611	36421	1286	-
6775	3611	36421	1286	-
19350	20312	36421	1286	-
19350	20312	36421	1286	-
19350	20312	36421	1286	-
19350	20312	36421	1286	-
19350	20312	36421	1286	-
19350	20312	36421	1286	-
19350	20312	36421	1286	-
19350	20312	36421	1286	-
19350	20312	36421	1286	-
19350	20312	36421	1286	-
19350	20312	36421	1286	-
19350	20312	36421	1286	-
19350	20312	36421	1286	-
19350	20312	36421	1287	-
19350	20312	36421	1287	-
19350	20312	36421	1287	-
19350	20312	36421	1287	-
19350	20312	36421	1287	-
19350	20312	36421	1287	-
19350	20312	36421	1287	-
19350	20312	36421	1287	-
19350	20312	36421	1287	-
19350	20312	36421	1287	-
19350	20312	36421	1287	-
19350	20312	36421	1287	-
19350	20312	36421	1287	-
19350	20312	36421	1287	-
19350	20312	36421	1287	-
19350	20312	36421	1287	-
19350	20312	36421	1287	-
19350	20312	36421	1287	-
19350	20312	36421	1287	-
19350	20312	36421	1287	-
19350	20312	36421	1287	-
19350	20312	36421	1287	-
19350	20312	36421	1287	-
19350	20312	36421	1287	-
19350	20312	36421	1287	-
19350	20312	36421	1287	-
19350	20312	36421	1287	-
19350	20312	36421	1287	-
19350	20312	36421	1287	-
19350	20312	36421	1287	-
19350	20312	36421	1287	-
19350	20312	36421	1287	-
20312	3611	36421	1288	portsweep
7215	15667	36421	1292	-
18246	18719	36421	1293	-
18246	18719	36421	1293	-
18246	18719	36421	1293	-
18246	18719	36421	1293	-
18246	18719	36421	1294	-
18246	18719	36421	1294	-
18246	18719	36421	1294	-
18246	18719	36421	1294	-
18246	18719	36421	1294	-
18246	18719	36421	1294	-
18246	18719	36421	1294	-
18246	18719	36421	1294	-
18246	18719	36421	1294	-
19839	15894	15563	1300	-
6775	16531	15563	1309	-
13993	13122	15563	1315	-
19350	17392	15563	1317	-
13993	13122	15563	1317	-
19350	17392	15563	1317	-
19350	17392	15563	1317	-
19350	17392	15563	1317	-
19350	17392	15563	1317	-
19350	17392	15563	1318	-
19350	17392	15563	1318	-
19350	17392	15563	1318	-
19350	17392	15563	1318	-
19350	17392	15563	1318	-
19350	17392	15563	1318	-
19350	17392	15563	1318	-
19350	17392	15563	1318	-
19350	17392	15563	1318	-
19350	17392	15563	1318	-
19350	17392	15563	1318	-
19350	17392	15563	1318	-
19350	17392	15563	1318	-
19350	17392	15563	1318	-
19350	17392	15563	1318	-
13993	13122	15563	1319	-
13993	13122	15563	1321	-
13993	13122	15563	1323	-
13993	13122	15563	1326	-
20312	3611	15563	1327	portsweep
13993	13122	15563	1329	-
13993	13122	15563	1329	-
13993	13122	15563	1329	-
13993	13122	15563	1329	-
13993	13122	15563	1329	-
13993	13122	15563	1329	-
13993	13122	15563	1329	-
13993	13122	15563	1329	-
13993	13122	15563	1329	-
13993	13122	15563	1329	-
13993	13122	15563	1329	-
13993	13122	15563	1330	-
16671	17392	15563	1340	-
19350	3011	15563	1350	-
14547	3801	15563	1350	-
19350	3011	15563	1351	-
19350	3011	15563	1351	-
19350	3011	15563	1351	-
19350	3011	15563	1351	-
14547	3801	15563	1351	-
19350	3011	15563	1351	-
14547	3801	15563	1351	-
19350	3011	15563	1351	-
14547	3801	15563	1351	-
19350	3011	15563	1351	-
14547	3801	15563	1351	-
16671	17392	15563	1351	-
19350	3011	15563	1351	-
14547	3801	15563	1351	-
16671	17392	15563	1351	-
19350	3011	15563	1351	-
14547	3801	15563	1351	-
19350	3011	15563	1351	-
14547	3801	15563	1351	-
16671	17392	15563	1351	-
19350	3011	15563	1351	-
14547	3801	15563	1351	-
19350	3011	15563	1351	-
16671	17392	15563	1351	-
19350	3011	15563	1352	-
14547	3801	15563	1352	-
16671	17392	15563	1352	-
19350	3011	15563	1352	-
14547	3801	15563	1352	-
16671	17392	15563	1352	-
19350	3011	15563	1352	-
14547	3801	15563	1352	-
16671	17392	15563	1352	-
19350	3011	15563	1352	-
14547	3801	15563	1352	-
16671	17392	15563	1352	-
14547	3801	15563	1352	-
16671	17392	15563	1352	-
14547	3801	15563	1352	-
14547	3801	15563	1352	-
16671	17392	15563	1352	-
14547	3801	15563	1352	-
16671	17392	15563	1352	-
16671	17392	15563	1352	-
14547	3801	15563	1352	-
16671	17392	15563	1353	-
14547	3801	15563	1353	-
14547	3801	15563	1353	-
16671	17392	15563	1353	-
14547	3801	15563	1353	-
16671	17392	15563	1353	-
14547	3801	15563	1353	-
16671	17392	15563	1353	-
14547	3801	15563	1353	-
16671	17392	15563	1353	-
14547	3801	15563	1353	-
16671	17392	15563	1353	-
14547	3801	15563	1353	-
16671	17392	15563	1353	-
14547	3801	15563	1353	-
14547	3801	15563	1353	-
14547	3801	15563	1353	-
14547	3801	15563	1353	-
14547	3801	15563	1353	-
14547	3801	15563	1353	-
14547	3801	15563	1353	-
14547	3801	15563	1353	-
14547	3801	15563	1353	-
882	2843	1215	1364	-
882	3297	1215	1364	-
20312	3611	1215	1366	portsweep
882	3461	1215	1366	-
16671	22986	1215	1380	-
16671	19834	1215	1380	-
3957	15667	1215	1380	-
3957	21708	1215	1382	-
6775	3611	1215	1383	-
6775	3611	1215	1383	-
6775	3611	1215	1383	-
6775	3611	1215	1383	-
6775	3611	1215	1383	-
6775	3611	1215	1383	-
6775	3611	1215	1383	-
16671	15667	1215	1385	-
3957	19834	1215	1386	-
3957	15394	1215	1387	-
19350	3011	1215	1391	-
19350	3011	1215	1391	-
19350	3011	1215	1392	-
19350	3011	1215	1392	-
19350	3011	1215	1392	-
19350	3011	1215	1392	-
19350	3011	1215	1392	-
19350	3011	1215	1392	-
19350	3011	1215	1392	-
3957	5938	1215	1393	-
19603	3461	1215	1398	-
19603	4981	1215	1399	-
20312	14437	1215	1400	-
19603	9554	1215	1402	-
20312	3611	1215	1404	portsweep
20312	3461	1215	1404	-
19603	16332	1215	1408	-
20312	16531	1215	1411	-
13993	13122	1215	1415	-
3076	3461	33888	1417	-
13993	19834	33888	1418	-
3076	3611	33888	1429	-
3076	3611	33888	1429	-
3076	3611	33888	1429	-
3076	3611	33888	1429	-
3076	3611	33888	1429	-
3076	3611	33888	1429	-
3076	3611	33888	1429	-
20312	16593	33888	1429	-
16671	5938	33888	1430	-
3297	22986	33888	1430	-
10429	5938	33888	1431	-
10429	19531	33888	1432	-
3076	16593	33888	1433	-
19350	5636	33888	1440	-
11001	11900	33888	1440	-
10429	15894	33888	1440	-
20312	23167	33888	1440	-
19350	5636	33888	1441	-
19350	5636	33888	1441	-
20312	3611	33888	1442	portsweep
20312	8452	33888	1442	-
20312	9554	33888	1443	-
14547	8109	33888	1444	-
3076	14437	33888	1445	-
20312	4981	33888	1449	-
3076	23167	33888	1456	-
20312	3461	33888	1459	-
7215	13122	33888	1463	-
3076	3297	33888	1463	-
7215	19531	33888	1465	-
3076	2843	33888	1470	-
3076	4981	42697	1477	-
20312	3611	42697	1482	portsweep
3076	16531	42697	1482	-
3076	7268	42697	1485	-
19603	4981	42697	1485	-
3076	9554	42697	1486	-
6775	3611	42697	1487	-
6775	3611	42697	1488	-
6775	3611	42697	1488	-
6775	3611	42697	1488	-
6775	3611	42697	1488	-
6775	3611	42697	1488	-
6775	3611	42697	1488	-
6775	3611	42697	1488	-
6775	3611	42697	1488	-
3076	16332	42697	1489	-
7215	15667	42697	1491	-
7215	19531	42697	1492	-
3076	9554	42697	1495	-
19603	4981	42697	1498	-
19531	15894	42697	1501	-
19603	16593	42697	1502	-
6775	3611	42697	1505	-
6775	3611	42697	1505	-
3076	9554	42697	1506	-
6775	16531	42697	1507	-
7782	22986	42697	1509	-
19603	16531	42697	1510	-
16671	5938	42697	1518	-
20312	3611	42697	1524	portsweep
3076	3611	42697	1527	-
3076	3611	42697	1527	-
3076	3611	42697	1527	-
3076	3611	42697	1527	-
3076	3611	42697	1527	-
3076	3611	42697	1527	-
3076	3611	42697	1527	-
882	16531	42697	1529	-
19350	3011	42697	1530	-
16671	19834	42697	1530	-
19350	3011	42697	1530	-
19350	3011	42697	1530	-
19350	3011	42697	1530	-
19350	3011	42697	1530	-
19350	3011	42697	1530	-
19350	3011	42697	1530	-
19350	3011	42697	1530	-
19350	3011	42697	1530	-
3297	1001	42697	1530	-
19350	3011	42697	1531	-
19350	3011	42697	1531	-
19350	3011	42697	1531	-
19350	3011	42697	1531	-
19350	3011	42697	1531	-
19350	3011	42697	1531	-
19350	3011	42697	1531	-
19350	3011	42697	1531	-
882	16593	42697	1533	-
882	7268	42697	1536	-
12985	13122	6339	1542	-
13993	22986	6339	1542	-
13993	15667	6339	1544	-
6775	16593	6339	1552	-
19350	20305	6339	1560	-
7179	8452	6339	1560	-
19350	20305	6339	1561	-
19350	20305	6339	1561	-
19350	20305	6339	1561	-
19350	20305	6339	1561	-
19350	20305	6339	1561	-
19350	20305	6339	1561	-
19350	20305	6339	1561	-
19350	20305	6339	1561	-
19350	20305	6339	1561	-
19350	20305	6339	1561	-
19350	20305	6339	1561	-
20312	3611	6339	1562	portsweep
19531	15894	6339	1569	-
19350	3011	6339	1573	-
19350	3011	6339	1573	-
19350	3011	6339	1573	-
19350	3011	6339	1573	-
19350	3011	6339	1573	-
19350	3011	6339	1573	-
19350	3011	6339	1573	-
19350	3011	6339	1573	-
19350	3011	6339	1573	-
19350	3011	6339	1573	-
19350	3011	6339	1573	-
19350	3011	6339	1573	-
19350	3011	6339	1573	-
19350	3011	6339	1573	-
12332	7268	6339	1575	-
6775	16593	6339	1579	-
6775	16593	6339	1586	-
14547	9057	6339	1589	-
7179	3297	6339	1595	-
20312	3611	4064	1600	portsweep
11001	22986	4064	1603	-
11001	11900	4064	1608	-
11001	15667	4064	1614	-
14547	22454	4064	1620	-
16671	17392	4064	1620	-
14547	22454	4064	1620	-
14547	22454	4064	1620	-
16671	17392	4064	1620	-
16671	17392	4064	1621	-
14547	22454	4064	1621	-
16671	17392	4064	1621	-
14547	22454	4064	1621	-
16671	17392	4064	1621	-
14547	22454	4064	1621	-
14547	22454	4064	1621	-
16671	17392	4064	1621	-
14547	22454	4064	1621	-
16671	17392	4064	1621	-
14547	22454	4064	1621	-
14547	22454	4064	1621	-
14547	22454	4064	1621	-
14547	22454	4064	1621	-
14547	22454	4064	1621	-
14547	22454	4064	1621	-
14547	22454	4064	1621	-
14547	22454	4064	1621	-
7179	3461	4064	1621	-
14547	22454	4064	1621	-
14547	22454	4064	1621	-
14547	22454	4064	1621	-
14547	22454	4064	1621	-
14547	22454	4064	1621	-
14547	22454	4064	1621	-
14547	22454	4064	1621	-
14547	22454	4064	1621	-
14547	22454	4064	1622	-
14547	22454	4064	1622	-
16671	2512	4064	1624	-
16671	17392	4064	1624	-
16671	17392	4064	1624	-
16671	17392	4064	1624	-
16671	17392	4064	1624	-
16671	17392	4064	1624	-
16671	17392	4064	1624	-
16671	17392	4064	1624	-
16671	17392	4064	1624	-
16671	17392	4064	1624	-
16671	17392	4064	1624	-
16671	17392	4064	1624	-
16671	17392	4064	1624	-
16671	17392	4064	1624	-
16671	17392	4064	1624	-
7179	2843	4064	1624	-
16671	17392	4064	1624	-
16671	17392	4064	1625	-
16671	17392	4064	1625	-
16671	17392	4064	1625	-
16671	17392	4064	1625	-
16671	17392	4064	1625	-
13993	22986	4064	1629	-
16671	17392	4064	1629	-
16671	17392	4064	1629	-
16671	17392	4064	1629	-
16671	17392	4064	1629	-
16671	17392	4064	1629	-
16671	17392	4064	1629	-
16671	17392	4064	1630	-
16671	17392	4064	1630	-
16671	17392	4064	1630	-
16671	17392	4064	1630	-
16671	17392	4064	1630	-
16671	17392	4064	1630	-
16671	17392	4064	1630	-
16671	17392	4064	1630	-
16671	17392	4064	1630	-
16671	17392	4064	1630	-
16671	17392	4064	1630	-
16671	17392	4064	1630	-
16671	17392	4064	1630	-
16671	17392	4064	1630	-
20312	3611	4064	1638	portsweep
7179	2843	4064	1639	-
3076	3461	4064	1643	-
3076	16531	4064	1644	-
17624	7268	4064	1645	-
7179	2843	42730	1660	-
16671	1059	42730	1664	-
18246	17410	42730	1665	-
16671	13512	42730	1671	-
7782	19834	42730	1671	-
7782	19834	42730	1675	-
3076	3611	42730	1703	-
14547	4085	42730	1710	-
14547	22454	42730	1710	-
20312	3611	42730	1710	portsweep
3076	3611	42730	1710	-
14547	4085	42730	1711	-
3076	3611	42730	1711	-
14547	4085	42730	1711	-
3076	3611	42730	1711	-
14547	4085	42730	1711	-
3076	3611	42730	1711	-
20367	587	42730	1711	-
3076	3611	42730	1711	-
14547	4085	42730	1711	-
3076	3611	42730	1711	-
14547	4085	42730	1711	-
3076	3611	42730	1711	-
14547	4085	42730	1711	-
14547	4085	42730	1711	-
14547	4085	42730	1711	-
14547	4085	42730	1711	-
14547	22454	42730	1711	-
14547	4085	42730	1711	-
14547	4085	42730	1711	-
14547	22454	42730	1711	-
14547	4085	42730	1711	-
14547	4085	42730	1711	-
14547	22454	42730	1711	-
14547	4085	42730	1711	-
14547	22454	42730	1711	-
14547	4085	42730	1711	-
14547	22454	42730	1711	-
14547	4085	42730	1711	-
14547	22454	42730	1711	-
14547	22454	42730	1711	-
14547	22454	42730	1711	-
14547	22454	42730	1711	-
14547	22454	42730	1711	-
14547	22454	42730	1711	-
14547	22454	42730	1711	-
14547	22454	42730	1711	-
14547	22454	42730	1711	-
14547	22454	42730	1711	-
14547	22454	42730	1711	-
14547	22454	42730	1711	-
14547	22454	42730	1711	-
14547	22454	42730	1711	-
14547	22454	42730	1711	-
14547	22454	42730	1711	-
14547	22454	42730	1711	-
14547	22454	42730	1711	-
14547	22454	42730	1711	-
3076	3611	42730	1711	-
14547	22454	42730	1712	-
14547	22454	42730	1712	-
14547	22454	42730	1712	-
14547	22454	42730	1712	-
14547	22454	42730	1712	-
14547	22454	42730	1712	-
10429	22986	42730	1712	-
14547	22454	42730	1712	-
14547	22454	42730	1712	-
14547	22454	42730	1712	-
14547	22454	42730	1712	-
14547	22454	42730	1712	-
14547	22454	42730	1712	-
14547	22454	42730	1712	-
14547	22454	42730	1712	-
14547	22454	42730	1712	-
14547	22454	42730	1712	-
14547	22454	42730	1712	-
14547	22454	42730	1712	-
14547	22454	42730	1712	-
14547	22454	42730	1712	-
14547	22454	42730	1712	-
14547	22454	42730	1712	-
14547	22454	42730	1712	-
14547	22454	42730	1712	-
14547	22454	42730	1712	-
14547	22454	42730	1712	-
14547	22454	42730	1712	-
14547	22454	42730	1712	-
14547	22454	42730	1712	-
10429	1633	42730	1715	-
14547	22454	22268	1721	-
14547	22454	22268	1721	-
14547	22454	22268	1721	-
14547	22454	22268	1721	-
14547	22454	22268	1721	-
14547	22454	22268	1721	-
14547	22454	22268	1721	-
14547	22454	22268	1721	-
14547	22454	22268	1721	-
14547	22454	22268	1721	-
14547	22454	22268	1721	-
14547	22454	22268	1721	-
14547	22454	22268	1721	-
14547	22454	22268	1721	-
14547	22454	22268	1721	-
14547	22454	22268	1721	-
14547	22454	22268	1721	-
14547	22454	22268	1721	-
14547	22454	22268	1721	-
14547	22454	22268	1721	-
14547	22454	22268	1721	-
14547	22454	22268	1721	-
14547	22454	22268	1721	-
14547	22454	22268	1721	-
14547	22454	22268	1721	-
14547	22454	22268	1721	-
14547	22454	22268	1721	-
7782	5938	22268	1723	-
7782	13122	22268	1724	-
7782	1633	22268	1727	-
19531	13122	22268	1733	-
14547	4085	22268	1736	-
14547	4085	22268	1736	-
14547	4085	22268	1736	-
14547	4085	22268	1736	-
14547	4085	22268	1737	-
14547	4085	22268	1737	-
14547	4085	22268	1737	-
14547	4085	22268	1737	-
14547	4085	22268	1737	-
14547	4085	22268	1737	-
14547	4085	22268	1737	-
14547	4085	22268	1737	-
14547	4085	22268	1737	-
14547	4085	22268	1737	-
14547	4085	22268	1737	-
14547	4085	22268	1737	-
14547	4085	22268	1737	-
14547	4085	22268	1737	-
14547	4085	22268	1737	-
14547	4085	22268	1737	-
14547	4085	22268	1737	-
14547	4085	22268	1737	-
14547	4085	22268	1737	-
14547	4085	22268	1737	-
14547	4085	22268	1737	-
14547	4085	22268	1737	-
14547	4085	22268	1737	-
14547	4085	22268	1737	-
14547	4085	22268	1737	-
14547	4085	22268	1737	-
14547	4085	22268	1737	-
14547	4085	22268	1737	-
14547	4085	22268	1737	-
14547	4085	22268	1737	-
14547	4085	22268	1737	-
14547	4085	22268	1737	-
14547	4085	22268	1737	-
14547	4085	22268	1737	-
14547	4085	22268	1737	-
14547	4085	22268	1737	-
14547	4085	22268	1737	-
14547	4085	22268	1737	-
14547	4085	22268	1737	-
14547	4085	22268	1738	-
14547	4085	22268	1738	-
14547	4085	22268	1738	-
14547	4085	22268	1738	-
14547	4085	22268	1738	-
14547	4085	22268	1738	-
14547	4085	22268	1738	-
14547	4085	22268	1738	-
14547	4085	22268	1738	-
3076	3611	22268	1739	-
3076	3611	22268	1739	-
3076	3611	22268	1739	-
3076	3611	22268	1739	-
3076	3611	22268	1739	-
3076	3611	22268	1740	-
3076	3611	22268	1740	-
19350	3011	22268	1744	-
19350	3011	22268	1744	-
19350	3011	22268	1744	-
19350	3011	22268	1744	-
19350	3011	22268	1744	-
19350	3011	22268	1744	-
19350	3011	22268	1744	-
19350	3011	22268	1744	-
19350	3011	22268	1745	-
19350	3011	22268	1745	-
15394	4800	22268	1746	-
23317	882	22268	1746	-
14547	22454	22268	1748	-
14547	22454	22268	1748	-
14547	22454	22268	1748	-
14547	22454	22268	1749	-
14547	22454	22268	1749	-
14547	22454	22268	1749	-
14547	22454	22268	1749	-
14547	22454	22268	1749	-
14547	22454	22268	1749	-
14547	22454	22268	1749	-
14547	22454	22268	1749	-
14547	22454	22268	1749	-
14547	22454	22268	1749	-
14547	22454	22268	1749	-
14547	22454	22268	1749	-
14547	22454	22268	1749	-
14547	22454	22268	1749	-
14547	22454	22268	1749	-
14547	22454	22268	1749	-
14547	22454	22268	1749	-
14547	22454	22268	1749	-
14547	22454	22268	1749	-
14547	22454	22268	1749	-
14547	22454	22268	1749	-
14547	22454	22268	1749	-
20312	3611	22268	1749	portsweep
19350	14267	22268	1749	-
19350	14267	22268	1749	-
19350	2273	22268	1749	-
19350	2273	22268	1749	-
19350	14267	22268	1749	-
19350	2273	22268	1749	-
19350	14267	22268	1749	-
19350	2273	22268	1749	-
14547	12149	22268	1762	-
14547	12149	22268	1763	-
14547	12149	22268	1763	-
14547	12149	22268	1763	-
14547	12149	22268	1763	-
14547	12149	22268	1763	-
14547	12149	22268	1763	-
14547	12149	22268	1763	-
14547	12149	22268	1763	-
14547	12149	22268	1763	-
14547	12149	22268	1763	-
14547	12149	22268	1763	-
14547	12149	22268	1763	-
14547	12149	22268	1763	-
14547	12149	22268	1763	-
14547	12149	22268	1763	-
14547	12149	22268	1763	-
14547	12149	22268	1763	-
14547	12149	22268	1763	-
14547	12149	22268	1763	-
14547	12149	22268	1763	-
14547	12149	22268	1764	-
14547	12149	22268	1764	-
14547	12149	22268	1764	-
14547	12149	22268	1764	-
14547	12149	22268	1764	-
