3297	19834	46260	0	-
16671	5938	46260	2	-
3374	7782	6780	10	-
587	12873	6780	15	-
19531	16046	6780	21	-
7179	3461	6780	21	-
7179	9554	6780	21	-
18246	18572	6780	22	-
3957	19531	6780	25	-
18246	15394	6780	27	-
16671	22986	6780	28	-
16671	21708	6780	28	-
19603	23167	6780	30	-
19603	16332	6780	31	-
14267	1059	6780	33	-
587	20782	6780	36	-
18246	8838	6780	37	-
13993	445	6780	48	-
19531	16046	6780	48	-
3374	7782	6780	48	-
16671	15510	6780	51	-
7782	13122	6780	52	-
7782	19834	6780	53	-
8048	3461	6780	58	-
12332	2843	6780	63	-
7179	16593	6780	63	-
12332	2843	6780	66	-
12332	3461	6780	66	-
7179	23167	5829	70	-
7179	16593	5829	70	-
3611	5938	5829	72	-
3611	19834	5829	73	-
587	18332	5829	77	-
3611	19531	5829	79	-
3611	21708	5829	79	-
18246	2049	5829	88	-
18246	15394	5829	92	-
14267	1059	5829	97	-
19531	16046	5829	103	-
19531	1967	5829	112	-
13993	17005	5829	124	-
14547	4085	5829	124	-
14267	16046	18847	132	-
15394	4800	18847	135	-
23317	882	18847	135	-
3374	7782	18847	147	-
14267	16046	18847	149	-
13993	13122	18847	157	-
13993	19834	18847	158	-
3374	2234	18847	159	-
12332	3461	18847	166	-
12332	16593	18847	166	-
12332	14437	18847	168	-
12332	23167	18847	169	-
587	19019	18847	171	-
19839	21708	18847	171	-
12332	3611	18847	171	-
12332	3297	18847	171	-
12332	4981	18847	173	-
12332	16531	18847	174	-
3076	16531	18847	174	-
12332	7268	18847	177	-
12332	16332	18847	178	-
19531	11660	18847	179	-
14267	16046	18847	183	-
13993	22986	18847	185	-
13993	22986	18847	187	-
3957	15667	13425	189	-
20367	19350	13425	189	-
13993	22986	13425	190	-
14547	18527	13425	190	-
13993	22986	13425	193	-
19531	23317	13425	198	-
18246	7215	13425	198	-
13993	445	13425	199	-
3076	23167	13425	199	-
21708	6157	13425	202	-
3297	23317	13425	205	-
12985	19531	13425	218	-
18246	15394	13425	220	-
12985	5938	13425	226	-
12985	15667	13425	227	-
12985	1633	13425	228	-
12985	15894	13425	230	-
13993	445	13425	232	-
12332	16593	13425	236	-
12332	9554	13425	236	-
587	12873	13425	241	-
3297	21708	13425	241	-
3297	13122	13425	244	-
3297	1633	13425	244	-
3297	21708	13425	246	-
19531	23317	13425	247	-
3374	3076	13425	247	-
19531	3838	24420	251	-
13993	17712	24420	254	-
6775	16593	24420	257	-
3297	7215	24420	259	-
7215	19531	24420	266	-
18246	2049	24420	272	-
18246	8412	24420	275	-
18246	14445	24420	282	-
3297	1001	24420	286	-
19603	8452	24420	287	-
12985	15894	24420	289	-
14547	15095	24420	295	-
3374	3076	24420	295	-
16671	7179	24420	295	-
14547	5420	24420	297	-
3076	2843	24420	305	-
587	6157	15909	309	-
8048	3297	15909	310	-
8048	4981	15909	310	-
16671	7179	15909	314	-
3374	15307	15909	316	-
14267	13512	15909	316	-
19603	2843	15909	325	-
19603	8452	15909	325	-
19531	23317	15909	326	-
18246	18527	15909	329	-
18246	2049	15909	339	-
18246	1442	15909	340	-
21708	17005	15909	342	-
14267	13512	15909	342	-
19603	9554	15909	347	-
587	20782	15909	348	-
19531	23317	15909	350	-
587	15875	15909	354	-
18246	17423	15909	355	-
12985	19531	15909	356	-
14547	18332	15909	358	-
12985	19531	15909	359	-
3611	22986	15909	361	-
587	10812	15909	364	-
17624	14437	45433	368	-
14267	20782	45433	369	-
17624	8452	45433	369	-
14267	19019	45433	370	-
19603	3297	45433	370	-
19603	2843	45433	372	-
19603	8452	45433	373	-
13993	445	45433	377	-
19531	15788	45433	377	-
3957	587	45433	377	-
10571	16531	45433	377	-
3374	14547	45433	383	-
3374	14547	45433	385	-
18246	18527	45433	392	-
14267	20782	45433	392	-
14267	15875	45433	399	-
19531	15788	45433	399	-
587	2905	45433	406	-
16671	15510	45433	406	-
19531	19090	45433	409	-
587	13545	45433	412	-
587	13054	45433	417	-
587	2905	45433	418	-
19531	19090	45433	424	-
19839	21708	33773	429	-
19531	1348	33773	431	-
14267	13545	33773	432	-
14547	16430	33773	437	-
18246	8842	33773	439	-
3297	7215	33773	440	-
587	6157	33773	440	-
587	15875	33773	442	-
587	12873	33773	445	-
16671	15510	33773	449	-
587	15875	33773	456	-
18246	18749	33773	456	-
3374	14547	33773	460	-
587	4114	33773	462	-
587	13545	33773	464	-
4800	5938	33773	468	-
18246	18246	33773	469	-
13993	2422	33773	472	-
20312	8452	33773	479	-
14267	15875	33773	482	-
14267	15875	18376	492	-
3297	445	18376	500	-
21708	10812	18376	503	-
19531	19090	18376	507	-
8048	8452	18376	511	-
6775	4981	18376	514	-
6775	3611	18376	514	-
19839	13122	18376	514	-
6775	9554	18376	514	-
3076	23167	18376	520	-
3076	16531	18376	520	-
3374	14547	18376	523	-
18246	4085	18376	531	-
587	21316	18376	541	-
14547	8800	18376	541	-
21708	6157	37140	552	-
587	15875	37140	557	-
587	6763	37140	558	-
12332	14437	37140	558	-
12332	23167	37140	559	-
16671	15510	37140	560	-
12332	16593	37140	560	-
587	18421	37140	567	-
19839	15894	37140	567	-
19839	13122	37140	567	-
21708	10812	37140	569	-
3957	15394	37140	579	-
16671	15510	37140	581	-
587	14326	37140	586	-
19531	17005	37140	586	-
3374	14547	37140	591	-
11001	21708	37140	601	-
16671	12326	37140	601	-
14547	18826	37140	602	-
14547	18826	34039	613	-
14547	16488	34039	616	-
3297	21708	34039	616	-
3297	21708	34039	620	-
587	6157	34039	624	-
14267	13545	34039	646	-
3374	21355	34039	654	-
587	10812	34039	657	-
14267	15875	34039	659	-
16671	14963	34039	660	-
3297	445	34039	661	-
14267	22207	34039	662	-
14547	16488	34039	665	-
587	22207	34039	665	-
21708	15454	34039	666	-
14547	4649	3493	676	-
19531	13607	3493	680	-
18246	18749	3493	697	-
14267	15875	3493	697	-
3297	445	3493	704	-
7782	11900	3493	706	-
20367	16531	3493	717	-
18246	18749	3493	719	-
587	10590	3493	721	-
587	14326	3493	724	-
587	14326	36284	728	-
7782	13122	36284	731	-
21708	6157	36284	732	-
587	10590	36284	734	-
15394	4800	36284	735	-
23317	882	36284	735	-
18246	8354	36284	740	-
3297	445	36284	745	-
587	6157	36284	746	-
3297	445	36284	747	-
19531	18332	36284	747	-
14547	4649	36284	748	-
16671	14963	36284	754	-
16671	12326	36284	766	-
3374	21355	36284	774	-
587	15875	36284	776	-
19531	19090	36284	777	-
3297	445	36284	777	-
16671	22152	36284	779	-
14547	19027	36284	782	-
3374	8448	19533	792	-
14267	18698	19533	799	-
587	18698	19533	801	-
3297	445	19533	804	-
19531	16143	19533	804	-
3374	17807	19533	819	-
3297	445	19533	820	-
19531	16143	19533	822	-
14547	4649	19533	825	-
587	10812	19533	829	-
587	18698	19533	835	-
14267	18698	46381	848	-
8048	3611	46381	852	-
16671	12326	46381	857	-
14547	11768	46381	869	-
14547	22083	46381	875	-
21708	23317	46381	875	-
21708	23317	46381	882	-
587	6157	46381	888	-
14547	22083	46381	899	-
587	18698	46381	900	-
14547	22083	15746	912	-
14547	22083	15746	922	-
14267	18698	15746	922	-
18246	8354	15746	923	-
21708	23317	15746	927	-
3297	445	15746	931	-
882	14437	15746	944	-
16671	12326	15746	946	-
23203	22986	15746	946	-
882	23167	15746	946	-
882	4981	15746	948	-
587	445	15746	949	-
882	3461	15746	949	-
3297	16409	15746	951	-
882	16593	15746	951	-
882	9554	15746	953	-
587	445	15746	956	-
19531	19255	15746	963	-
587	18698	15746	963	-
14547	22083	15746	964	-
3374	17807	15746	964	-
8048	3611	15746	967	-
19531	19834	15746	967	-
20367	587	10997	973	-
3297	445	10997	979	-
14267	18698	10997	980	-
8048	3611	10997	988	-
3297	445	10997	995	-
587	445	10997	996	-
14267	18698	10997	999	-
16671	19520	10997	1004	-
18246	8354	10997	1005	-
587	9121	10997	1008	-
16671	19834	10997	1011	-
587	10197	10997	1011	-
16671	21708	10997	1011	-
21708	20782	10997	1014	-
3297	445	10997	1017	-
17624	23167	10997	1022	-
587	10197	10997	1022	-
17624	2843	10997	1022	-
17624	16593	10997	1023	-
17624	16332	10997	1026	-
587	18698	41309	1029	-
18246	8354	41309	1030	-
587	10197	41309	1032	-
8048	3611	41309	1036	-
21708	20782	41309	1038	-
14267	18698	41309	1038	-
587	3901	41309	1038	-
21708	20782	41309	1043	-
13993	5938	41309	1044	-
13993	13122	41309	1045	-
13993	15894	41309	1046	-
3297	445	41309	1047	-
21708	20782	41309	1048	-
3297	445	41309	1050	-
7782	5938	41309	1051	-
17624	16332	41309	1057	-
3297	19531	41309	1060	-
3297	15667	41309	1060	-
14547	22083	41309	1069	-
14267	18698	41309	1080	-
3297	2234	41309	1082	-
14267	18698	41309	1087	-
21708	20782	40176	1090	-
14547	11900	40176	1096	-
10429	15894	40176	1100	-
10429	15667	40176	1100	-
14267	18698	40176	1101	-
587	18698	40176	1103	-
8048	3611	40176	1106	-
16671	1697	40176	1109	-
8048	3611	40176	1142	-
17624	16593	26246	1152	-
21708	6775	26246	1158	-
16671	12865	26246	1159	-
12332	14437	26246	1171	-
12332	4981	26246	1171	-
12332	8452	26246	1173	-
3297	19019	26246	1174	-
7215	15667	26246	1187	-
17624	4981	26246	1189	-
882	3297	26246	1190	-
17624	4981	26246	1192	-
8048	14437	26246	1192	-
8048	23167	26246	1193	-
17624	4981	26246	1194	-
8048	2843	26246	1194	-
14267	18698	26246	1195	-
587	17923	26246	1195	-
8048	4981	26246	1196	-
8048	16531	26246	1198	-
17624	4981	26246	1199	-
8048	8452	26246	1200	-
8048	16332	26246	1200	-
3957	15394	26246	1204	-
14267	6775	43528	1208	-
21708	9822	43528	1216	-
14547	22083	43528	1216	-
7215	21708	43528	1217	-
14267	12448	43528	1220	-
587	22473	43528	1235	-
8048	16332	43528	1244	-
3374	22611	43528	1250	-
3297	3076	43528	1250	-
587	22473	43528	1257	-
3374	11038	3583	1269	-
12985	21708	3583	1302	-
8048	3611	3583	1305	-
21708	14963	3583	1306	-
16671	12865	3583	1307	-
21708	14963	3583	1309	-
3076	16593	3583	1318	-
3297	12737	3583	1319	-
3076	2843	3583	1321	-
3957	587	3583	1321	-
3076	16593	3583	1321	-
15394	4800	30784	1335	-
23317	882	30784	1335	-
11001	22986	30784	1336	-
11001	22986	30784	1339	-
11001	1633	30784	1339	-
14547	22083	30784	1371	-
14547	22083	30784	1385	-
16671	12865	32351	1388	-
3374	11038	32351	1388	-
587	18698	32351	1396	-
19531	22986	32351	1396	-
19531	11900	32351	1396	-
19531	15667	32351	1397	-
587	23389	32351	1405	-
8048	3611	32351	1418	-
16671	2979	32351	1418	-
14267	12448	32351	1425	-
20312	4981	32351	1431	-
3374	11038	32351	1445	-
20312	16531	26653	1450	-
20312	16593	26653	1450	-
16671	2979	26653	1452	-
3374	11038	26653	1453	-
7215	5938	26653	1457	-
7215	11900	26653	1457	-
11001	15667	26653	1457	-
17624	16593	26653	1459	-
7215	19531	26653	1459	-
587	13479	26653	1460	-
17624	16593	26653	1461	-
3297	3076	26653	1462	-
17624	16593	26653	1463	-
17624	16593	26653	1465	-
17624	16593	26653	1466	-
17624	16593	26653	1469	-
7782	19834	26653	1473	-
7782	15667	26653	1474	-
7782	19531	26653	1475	-
14267	12448	26653	1479	-
16671	20147	26653	1486	-
3297	1001	26653	1486	-
587	18698	26653	1488	-
3297	10177	26653	1504	-
587	8667	26653	1504	-
8048	16531	26653	1507	-
587	18698	20586	1511	-
20312	14437	20586	1513	-
20312	4981	20586	1514	-
16671	20147	20586	1516	-
3297	18332	20586	1517	-
21708	14963	20586	1519	-
7215	5938	20586	1524	-
7215	15894	20586	1524	-
8048	3611	20586	1529	-
587	18698	20586	1538	-
3957	15394	20586	1539	-
19603	3297	20586	1539	-
19603	16593	20586	1539	-
10571	14437	20586	1540	-
19603	9554	20586	1542	-
19603	9554	20586	1543	-
10571	23167	20586	1544	-
14267	12448	20586	1551	-
3297	3076	20586	1554	-
587	16046	20586	1559	-
587	6775	20586	1567	-
14267	12448	32424	1568	-
587	16046	32424	1573	-
3297	17012	32424	1576	-
14547	8513	32424	1576	-
587	16046	32424	1578	-
3297	19834	32424	1580	-
19531	19834	32424	1584	-
3297	17012	32424	1604	-
7179	3611	32424	1610	-
3297	20782	32424	1613	-
16671	11291	32424	1620	-
3297	16046	24962	1629	-
3374	11038	24962	1648	-
587	12448	24962	1653	-
21708	14963	24962	1653	-
7215	1633	24962	1659	-
7215	1633	24962	1661	-
16671	11291	24962	1662	-
17624	16531	24962	1668	-
17624	14437	24962	1674	-
587	12448	24962	1678	-
3297	19222	24962	1680	-
3297	6157	11537	1698	-
3297	7782	11537	1709	-
587	23341	11537	1710	-
3297	7782	11537	1715	-
3297	7782	11537	1716	-
3374	17692	11537	1717	-
3076	16531	11537	1719	-
14267	18204	11537	1728	-
8048	23167	11537	1730	-
8048	2843	11537	1730	-
8048	3297	11537	1732	-
8048	3461	11537	1735	-
8048	16531	11537	1736	-
21708	6775	11537	1738	-
8048	16593	11537	1739	-
8048	9554	11537	1741	-
8048	16332	11537	1743	-
21708	6775	11537	1744	-
3297	5953	11537	1744	-
7215	22986	11537	1745	-
7215	1633	11537	1745	-
13993	19834	35521	1751	-
587	12448	35521	1755	-
587	12448	35521	1756	-
587	12448	35521	1767	-
7782	19834	35521	1774	-
7782	19531	35521	1774	-
3374	151	35521	1780	-
3297	1633	35521	1786	-
587	23341	35521	1790	-
10429	1633	35521	1794	-
3374	7489	35521	1796	-
16671	11291	35521	1798	-
