20312	4800	27842	0	-
20312	3611	27842	1	-
20312	3611	27842	2	-
20312	3611	27842	2	-
882	3611	27842	2	-
882	3611	27842	2	-
20312	3611	27842	2	-
882	3611	27842	2	-
20312	3611	27842	2	-
882	3611	27842	2	-
20312	3611	27842	2	-
882	3611	27842	2	-
20312	3611	27842	2	-
882	3611	27842	2	-
23317	5938	27842	3	-
23317	5938	27842	3	-
23317	5938	27842	3	-
23317	5938	27842	3	-
23317	5938	27842	3	-
23317	5938	27842	3	-
23317	5938	27842	3	-
23317	5938	27842	3	-
23317	5938	27842	3	-
23317	5938	27842	5	-
20312	4800	27842	5	-
23317	5938	17734	10	-
20312	4800	17734	10	-
20312	4800	17734	15	-
23317	5938	17734	15	-
20312	4800	17734	21	-
23317	5938	17734	21	-
10429	22851	17734	26	-
10429	22851	17734	26	-
10429	22851	17734	26	-
10429	22851	17734	26	-
10429	22851	17734	26	-
20312	4800	17734	26	-
23317	5938	17734	26	-
10429	22851	17734	26	-
10429	22851	17734	26	-
10429	22851	17734	26	-
10429	22851	17734	26	-
10429	22851	17734	26	-
10429	22851	17734	26	-
10429	22851	17734	26	-
10429	22851	17734	26	-
10429	22851	17734	27	-
10429	22851	17734	27	-
10429	22851	17734	27	-
3076	3611	17734	28	-
3076	3611	17734	28	-
3076	3611	17734	28	-
3076	3611	17734	28	-
3076	3611	17734	28	-
3076	3611	17734	28	-
20312	4800	17734	31	-
23317	5938	17734	31	-
21708	16239	17734	32	-
21708	16239	17734	32	-
21708	16239	17734	32	-
21708	16239	17734	32	-
21708	16239	17734	32	-
21708	16239	17734	32	-
21708	16239	17734	32	-
21708	16239	17734	32	-
21708	16239	17734	32	-
21708	16239	17734	32	-
23317	5938	17734	36	-
20312	4800	17734	36	-
14547	22864	17734	41	-
14547	22864	17734	41	-
23317	5938	17734	41	-
20312	4800	17734	41	-
23317	5938	17734	46	-
20312	4800	17734	46	-
20312	4800	17734	51	-
23317	5938	17734	51	-
20312	4800	17734	56	-
23317	5938	17734	56	-
23317	5938	17734	61	-
20312	4800	17734	61	-
20312	4800	17734	66	-
20312	4800	41272	68	-
20312	4800	41272	70	-
20312	4800	41272	75	-
20312	4800	41272	77	-
10429	22851	41272	78	-
20312	4800	41272	79	-
20312	4800	41272	84	-
10571	3611	41272	84	-
20312	4800	41272	86	-
20312	4800	41272	88	-
10571	3611	41272	93	-
10571	3611	41272	93	-
10571	3611	41272	93	-
10571	3611	41272	93	-
10571	3611	41272	93	-
20312	4800	41272	93	-
10571	3611	41272	93	-
23317	5938	41272	93	-
20312	4800	41272	93	-
23317	5938	41272	93	-
23317	5938	41272	93	-
23317	5938	41272	93	-
23317	5938	41272	93	-
23317	5938	41272	93	-
23317	5938	41272	93	-
23317	5938	41272	93	-
23317	5938	41272	93	-
23317	5938	41272	93	-
10571	3611	41272	93	-
20312	4800	41272	98	-
23317	5938	41272	99	-
20312	4800	41272	104	-
23317	5938	41272	104	-
20312	4800	41272	109	-
23317	5938	41272	109	-
20312	4800	41272	114	-
23317	5938	41272	114	-
20312	4800	41272	119	-
23317	5938	41272	119	-
20312	4800	41272	124	-
23317	5938	41272	124	-
3076	3611	30749	128	-
20312	4800	30749	129	-
23317	5938	30749	129	-
3076	3611	30749	129	-
3076	3611	30749	129	-
3076	3611	30749	129	-
3076	3611	30749	129	-
3076	3611	30749	129	-
3076	3611	30749	129	-
10571	23167	30749	131	-
20312	4800	30749	134	-
23317	5938	30749	134	-
20312	4800	30749	139	-
23317	5938	30749	139	-
20312	4800	30749	144	-
23317	5938	30749	144	-
20312	4800	30749	149	-
23317	5938	30749	149	-
20312	4800	30749	154	-
23317	5938	30749	154	-
20312	4800	30749	159	-
20312	4800	30749	161	-
20312	4800	30749	163	-
20312	4800	30749	169	-
20312	4800	30749	171	-
20312	4800	30749	173	-
20312	3611	30749	176	-
20312	3611	30749	177	-
20312	4800	30749	178	-
20312	4800	30749	180	-
20312	4800	30749	182	-
10429	13428	30749	182	-
20312	3611	30749	182	-
20312	3611	30749	182	-
20312	3611	30749	182	-
20312	3611	30749	182	-
20312	3611	30749	182	-
20312	3611	30749	182	-
20312	3611	30749	182	-
20312	3611	30749	182	-
20312	3611	30749	182	-
23317	5938	30749	183	-
23317	5938	30749	183	-
23317	5938	30749	183	-
23317	5938	30749	183	-
23317	5938	30749	183	-
23317	5938	30749	183	-
23317	5938	30749	183	-
23317	5938	30749	183	-
23317	5938	30749	183	-
10429	20991	30749	183	-
10429	20991	30749	183	-
10429	20991	30749	183	-
10429	20991	30749	183	-
10429	20991	30749	183	-
20312	4800	30749	187	-
23317	5938	30749	187	-
10571	3611	27083	189	-
10571	3611	27083	189	-
10571	3611	27083	189	-
10571	3611	27083	189	-
10571	3611	27083	189	-
10571	3611	27083	189	-
10571	3611	27083	189	-
16409	20312	27083	190	-
16409	20312	27083	191	-
16409	20312	27083	191	-
16409	20312	27083	191	-
16409	20312	27083	191	-
16409	20312	27083	191	-
16409	20312	27083	191	-
16409	20312	27083	191	-
20312	4800	27083	192	-
23317	5938	27083	192	-
16409	20312	27083	192	-
16409	20312	27083	192	-
16409	20312	27083	192	-
16409	20312	27083	192	-
16409	20312	27083	192	-
16409	20312	27083	192	-
16409	20312	27083	192	-
16409	20312	27083	192	-
16409	20312	27083	192	-
16409	20312	27083	192	-
16409	20312	27083	192	-
16409	20312	27083	192	-
16409	20312	27083	192	-
16409	20312	27083	192	-
16409	20312	27083	192	-
16409	20312	27083	192	-
16409	20312	27083	192	-
16409	20312	27083	192	-
16409	20312	27083	192	-
16409	20312	27083	192	-
16409	20312	27083	192	-
16409	20312	27083	192	-
16409	20312	27083	192	-
16409	20312	27083	192	-
16409	20312	27083	192	-
16409	20312	27083	192	-
16409	20312	27083	192	-
16409	20312	27083	193	-
16409	20312	27083	193	-
16409	20312	27083	193	-
16409	20312	27083	193	-
16409	20312	27083	193	-
16409	20312	27083	193	-
16409	20312	27083	193	-
16409	20312	27083	193	-
16409	20312	27083	193	-
16409	20312	27083	193	-
23317	5938	27083	197	-
20312	4800	27083	197	-
20312	4800	27083	202	-
23317	5938	27083	202	-
882	3297	27083	205	-
3957	587	27083	205	-
882	9554	27083	205	-
20312	4800	27083	207	-
23317	5938	27083	207	-
20312	4800	27083	212	-
23317	5938	27083	212	-
20312	4800	27083	217	-
23317	5938	27083	217	-
10429	3563	27083	217	-
7782	22986	27083	219	-
7782	19834	27083	219	-
20312	4800	27083	222	-
23317	5938	27083	222	-
10429	22207	27083	225	-
20312	4800	27083	227	-
23317	5938	27083	227	-
20312	4800	27083	232	-
23317	5938	27083	232	-
20312	4800	27083	237	-
23317	5938	27083	237	-
21708	16239	27083	239	-
20312	4800	27083	243	-
23317	5938	27083	243	-
20312	4800	27560	248	-
20312	4800	27560	250	-
20312	4800	27560	252	-
20312	4800	27560	257	-
20312	4800	27560	259	-
20312	4800	27560	261	-
20312	4800	27560	266	-
20312	4800	27560	268	-
20312	4800	27560	270	-
23317	5938	27560	273	-
23317	5938	27560	273	-
23317	5938	27560	273	-
23317	5938	27560	273	-
23317	5938	27560	273	-
23317	5938	27560	273	-
23317	5938	27560	273	-
23317	5938	27560	273	-
23317	5938	27560	273	-
20312	4800	27560	275	-
23317	5938	27560	275	-
10571	3611	27560	276	-
20312	4800	27560	280	-
23317	5938	27560	280	-
16409	10553	27560	281	-
16409	22710	27560	281	-
16409	22710	27560	281	-
16409	22710	27560	281	-
20312	4800	27560	285	-
23317	5938	27560	285	-
20312	4800	27560	290	-
23317	5938	27560	290	-
20312	3611	27560	294	-
20312	4800	27560	295	-
23317	5938	27560	295	-
20312	4800	27560	300	-
23317	5938	27560	301	-
20312	4800	27560	306	-
23317	5938	27560	306	-
20312	4800	19688	311	-
23317	5938	19688	311	-
20312	4800	19688	316	-
23317	5938	19688	316	-
20312	4800	19688	321	-
23317	5938	19688	321	-
16409	1464	19688	321	-
16409	22710	19688	321	-
16409	22710	19688	321	-
16409	22710	19688	321	-
20312	4800	19688	326	-
23317	5938	19688	326	-
20312	4800	19688	331	-
23317	5938	19688	331	-
20312	4800	19688	336	-
20312	4800	19688	338	-
20312	4800	19688	340	-
20312	4800	19688	345	-
20312	4800	19688	347	-
20312	4800	19688	349	-
20312	4800	19688	354	-
20312	4800	19688	356	-
20312	4800	19688	358	-
20312	3611	19688	359	-
16409	7215	19688	362	-
21708	15709	19688	362	-
20312	3611	19688	362	-
20312	3611	19688	362	-
21708	15709	19688	362	-
16409	7215	19688	362	-
16409	7215	19688	362	-
16409	7215	19688	362	-
16409	7215	19688	362	-
16409	7215	19688	362	-
20312	3611	19688	362	-
23317	5938	19688	363	-
23317	5938	19688	363	-
23317	5938	19688	363	-
23317	5938	19688	363	-
23317	5938	19688	363	-
23317	5938	19688	363	-
23317	5938	19688	363	-
20312	4800	19688	363	-
23317	5938	19688	363	-
23317	5938	19688	363	-
23317	5938	19688	363	-
20312	3611	19688	363	-
20312	3611	19688	363	-
20312	3611	19688	363	-
16409	7215	19688	363	-
16409	7215	19688	363	-
16409	7215	19688	363	-
16409	7215	19688	363	-
16409	7215	19688	363	-
20312	4800	28776	368	-
23317	5938	28776	368	-
20312	4800	28776	373	-
23317	5938	28776	373	-
21708	6785	28776	377	-
21708	8979	28776	377	-
21708	8979	28776	377	-
21708	6785	28776	377	-
21708	8979	28776	377	-
21708	8979	28776	377	-
21708	6785	28776	377	-
23317	5938	28776	379	-
20312	4800	28776	379	-
20312	4800	28776	384	-
23317	5938	28776	384	-
20312	4800	28776	389	-
23317	5938	28776	389	-
20312	4800	28776	394	-
23317	5938	28776	394	-
20312	4800	28776	399	-
23317	5938	28776	399	-
20312	4800	28776	404	-
23317	5938	28776	404	-
20312	4800	28776	409	-
23317	5938	28776	409	-
6775	14437	28776	411	-
6775	2843	28776	411	-
20312	4800	28776	414	-
23317	5938	28776	414	-
6775	3461	28776	415	-
20312	4800	28776	419	-
23317	5938	28776	419	-
20312	4800	28776	424	-
23317	5938	28776	424	-
20312	4800	8435	429	-
20312	4800	8435	431	-
20312	4800	8435	433	-
20312	4800	8435	438	-
20312	4800	8435	440	-
20312	4800	8435	442	-
20312	4800	8435	447	-
3076	3611	8435	447	-
20312	4800	8435	449	-
20312	4800	8435	451	-
3076	3611	8435	452	-
3076	3611	8435	452	-
3076	3611	8435	452	-
3076	3611	8435	452	-
3076	3611	8435	452	-
3076	3611	8435	452	-
21708	15709	8435	452	-
23317	5938	8435	453	-
23317	5938	8435	453	-
23317	5938	8435	453	-
23317	5938	8435	453	-
23317	5938	8435	453	-
23317	5938	8435	453	-
23317	5938	8435	453	-
23317	5938	8435	453	-
23317	5938	8435	453	-
21708	15709	8435	453	-
20312	4800	8435	456	-
23317	5938	8435	457	-
14547	18246	8435	457	-
14547	18246	8435	457	-
16409	17712	8435	460	-
16409	7215	8435	460	-
20312	4800	8435	462	-
23317	5938	8435	462	-
20312	4800	8435	467	-
23317	5938	8435	467	-
20312	4800	8435	472	-
23317	5938	8435	472	-
16671	13122	8435	475	-
20312	4800	8435	477	-
23317	5938	8435	477	-
20312	4800	8435	482	-
23317	5938	8435	482	-
20312	4800	8435	487	-
23317	5938	8435	487	-
16409	1858	28405	491	-
16409	22710	28405	491	-
16409	22710	28405	491	-
16409	22710	28405	491	-
20312	4800	28405	492	-
23317	5938	28405	492	-
20367	587	28405	495	-
20312	4800	28405	497	-
23317	5938	28405	497	-
20312	4800	28405	502	-
23317	5938	28405	502	-
10571	3611	28405	505	-
20312	4800	28405	507	-
23317	5938	28405	507	-
21708	15709	28405	509	-
21708	15709	28405	509	-
21708	15709	28405	509	-
21708	15709	28405	509	-
21708	15709	28405	509	-
21708	15709	28405	509	-
21708	15709	28405	509	-
21708	15709	28405	509	-
21708	15709	28405	509	-
20312	4800	28405	513	-
23317	5938	28405	513	-
20312	4800	28405	518	-
20312	4800	28405	520	-
20312	4800	28405	522	-
20312	4800	28405	527	-
20312	4800	28405	529	-
20312	4800	28405	531	-
20312	4800	28405	536	-
20312	4800	28405	538	-
20312	4800	28405	540	-
23317	5938	28405	543	-
23317	5938	28405	543	-
23317	5938	28405	543	-
23317	5938	28405	543	-
23317	5938	28405	543	-
23317	5938	28405	543	-
23317	5938	28405	543	-
23317	5938	28405	543	-
23317	5938	28405	543	-
10571	4800	28405	543	-
20312	4800	28405	545	-
23317	5938	28405	545	-
16409	7215	28405	546	-
16409	7215	27717	548	-
20312	4800	27717	550	-
23317	5938	27717	550	-
14547	1356	27717	553	-
14547	1356	27717	554	-
14547	1356	27717	554	-
14547	1356	27717	554	-
14547	1356	27717	554	-
14547	1356	27717	554	-
14547	10522	27717	554	-
14547	1356	27717	554	-
20312	4800	27717	555	-
23317	5938	27717	555	-
16409	6157	27717	555	-
16409	6157	27717	556	-
16409	6157	27717	556	-
16409	6157	27717	556	-
16409	6157	27717	556	-
16409	14263	27717	556	-
16409	6157	27717	556	-
16409	6157	27717	556	-
16409	6157	27717	556	-
16409	6157	27717	556	-
16409	14263	27717	556	-
16409	6157	27717	556	-
16409	6157	27717	556	-
16409	6157	27717	556	-
16409	6157	27717	556	-
16409	6157	27717	557	-
16409	6157	27717	557	-
16409	14263	27717	557	-
16409	6157	27717	557	-
16409	6157	27717	557	-
16409	6157	27717	557	-
16409	6157	27717	557	-
14547	6566	27717	557	-
14547	1356	27717	557	-
16409	3858	27717	557	-
20312	4800	27717	560	-
23317	5938	27717	560	-
14547	11223	27717	560	-
14547	1356	27717	560	-
14547	1356	27717	560	-
14547	9029	27717	563	-
14547	1356	27717	563	-
16409	3076	27717	564	-
20312	4800	27717	565	-
23317	5938	27717	565	-
16409	3076	27717	565	-
16409	3076	27717	565	-
16409	3076	27717	565	-
16409	3076	27717	565	-
16409	3076	27717	565	-
16409	3076	27717	565	-
16409	3076	27717	565	-
16409	3076	27717	565	-
16409	3076	27717	565	-
16409	3076	27717	565	-
16409	3076	27717	565	-
16409	3076	27717	565	-
16409	3076	27717	565	-
16409	3076	27717	565	-
16409	3076	27717	565	-
16409	3076	27717	565	-
16409	3076	27717	565	-
16409	3076	27717	565	-
16409	3076	27717	565	-
16409	3076	27717	565	-
16409	3076	27717	565	-
16409	3076	27717	565	-
21708	15709	27717	566	-
21708	15709	27717	566	-
14547	18642	27717	566	-
14547	18642	27717	566	-
14547	1356	27717	566	-
14547	1356	27717	566	-
14547	4071	27717	569	-
14547	1356	27717	569	-
14547	9029	27717	569	-
21708	15709	27717	570	-
21708	15709	27717	570	-
20312	4800	27717	571	-
23317	5938	27717	571	-
16409	15581	27717	572	-
16409	15581	27717	572	-
16409	15581	27717	572	-
16409	15581	27717	572	-
16409	15581	27717	572	-
16409	15581	27717	572	-
16409	15581	27717	572	-
16409	15581	27717	572	-
16409	15581	27717	572	-
16409	15581	27717	572	-
16409	15581	27717	572	-
16409	15581	27717	573	-
16409	15581	27717	573	-
16409	15581	27717	573	-
16409	15581	27717	573	-
16409	15581	27717	573	-
16409	15581	27717	573	-
16409	15581	27717	573	-
16409	15581	27717	573	-
16409	15581	27717	573	-
16409	15581	27717	573	-
16409	15581	27717	573	-
16409	15581	27717	573	-
16409	15581	27717	573	-
21708	477	27717	573	-
21708	477	27717	573	-
21708	477	27717	573	-
15394	4800	27717	573	-
23317	882	27717	573	-
21708	477	27717	573	-
21708	477	27717	573	-
21708	477	27717	573	-
20312	4800	27717	576	-
23317	5938	27717	576	-
10429	16139	27717	578	-
10429	16139	27717	578	-
10429	16139	27717	578	-
10429	16139	27717	578	-
10429	16139	27717	578	-
10429	16139	27717	578	-
10429	16139	27717	578	-
10429	16139	27717	578	-
10429	16139	27717	578	-
10429	16139	27717	578	-
20312	4800	27717	581	-
23317	5938	27717	581	-
10429	2463	27717	581	-
10429	16139	27717	581	-
10429	16139	27717	581	-
10429	16139	27717	581	-
10429	16139	27717	581	-
10429	16139	27717	581	-
10429	16139	27717	581	-
10429	16139	27717	581	-
10429	16139	27717	581	-
10429	16139	27717	581	-
10429	16139	27717	581	-
10429	16139	27717	581	-
10429	16139	27717	581	-
10429	16139	27717	581	-
10429	16139	27717	582	-
10429	16139	27717	582	-
10429	16139	27717	582	-
10429	16139	27717	582	-
10429	16139	27717	582	-
10429	16139	27717	582	-
10429	16139	27717	582	-
10429	16139	27717	582	-
10429	16139	27717	582	-
10429	16139	27717	582	-
10429	16139	27717	582	-
10429	16139	27717	582	-
15506	19350	27717	582	-
10429	16139	27717	582	-
10429	16139	27717	582	-
20312	3611	27717	584	-
10571	3611	27717	584	-
20312	3611	27717	584	-
10571	3611	27717	584	-
20312	3611	27717	584	-
10571	3611	27717	584	-
20312	3611	27717	585	-
10571	3611	27717	585	-
20312	3611	27717	585	-
10571	3611	27717	585	-
20312	3611	27717	585	-
20312	3611	27717	585	-
10571	3611	27717	585	-
20312	4800	27717	586	-
23317	5938	27717	586	-
20312	4800	27717	591	-
23317	5938	27717	591	-
20312	4800	27717	596	-
23317	5938	27717	596	-
16409	15581	27717	600	-
16409	15581	27717	600	-
20312	4800	27717	601	-
23317	5938	27717	601	-
16409	15581	27717	601	-
16409	15581	27717	601	-
16409	15581	27717	601	-
16409	15581	27717	601	-
16409	15581	27717	601	-
16409	15581	27717	601	-
16409	15581	27717	601	-
16409	15581	27717	601	-
16409	15581	27717	601	-
16409	15581	27717	601	-
16409	15581	27717	601	-
16409	15581	27717	601	-
16409	15581	27717	601	-
16409	15581	27717	601	-
16409	15581	27717	601	-
16409	15581	27717	601	-
16409	15581	27717	601	-
16409	15581	27717	601	-
16409	15581	27717	601	-
16409	15581	27717	601	-
16409	15581	27717	601	-
16409	15581	27717	601	-
16409	15581	27717	601	-
16409	15581	27717	601	-
16409	15581	27717	601	-
16409	15581	27717	601	-
16409	15581	27717	601	-
16409	15581	27717	601	-
20312	4800	27717	606	-
20312	4800	36091	608	-
20312	4800	36091	610	-
20312	4800	36091	615	-
20312	4800	36091	617	-
20312	4800	36091	619	-
20312	4800	36091	624	-
20312	4800	36091	626	-
20312	4800	36091	628	-
23317	5938	36091	633	-
23317	5938	36091	633	-
23317	5938	36091	633	-
23317	5938	36091	633	-
23317	5938	36091	633	-
20312	4800	36091	633	-
23317	5938	36091	633	-
23317	5938	36091	633	-
23317	5938	36091	633	-
23317	5938	36091	633	-
23317	5938	36091	633	-
20312	4800	36091	633	-
14547	15891	36091	634	-
14547	15891	36091	634	-
14547	15891	36091	634	-
14547	15891	36091	634	-
14547	15891	36091	634	-
14547	15891	36091	634	-
14547	15891	36091	634	-
14547	15891	36091	634	-
14547	15891	36091	634	-
14547	15891	36091	634	-
14547	15891	36091	634	-
14547	15891	36091	634	-
14547	15891	36091	634	-
14547	15891	36091	634	-
14547	15891	36091	634	-
14547	15891	36091	634	-
14547	15891	36091	634	-
14547	15891	36091	634	-
14547	15891	36091	634	-
14547	15891	36091	634	-
14547	15891	36091	634	-
16409	15581	36091	637	-
14547	14598	36091	637	-
14547	15891	36091	637	-
16409	15581	36091	637	-
14547	15891	36091	637	-
16409	15581	36091	637	-
16409	15581	36091	637	-
16409	15581	36091	637	-
16409	15581	36091	637	-
16409	15581	36091	638	-
16409	15581	36091	638	-
23317	5938	36091	638	-
16409	15581	36091	638	-
16409	15581	36091	638	-
20312	4800	36091	638	-
16409	15581	36091	638	-
16409	15581	36091	638	-
16409	15581	36091	638	-
16409	15581	36091	638	-
16409	15581	36091	638	-
16409	15581	36091	638	-
16409	15581	36091	638	-
16409	15581	36091	638	-
16409	15581	36091	638	-
16409	15581	36091	638	-
16409	15581	36091	638	-
16409	15581	36091	638	-
16409	15581	36091	638	-
16409	15581	36091	638	-
14547	15891	36091	641	-
14547	15891	36091	641	-
14547	15891	36091	641	-
14547	15891	36091	641	-
14547	15891	36091	641	-
14547	15891	36091	641	-
14547	15891	36091	641	-
14547	15891	36091	641	-
14547	15891	36091	641	-
14547	15891	36091	641	-
14547	15891	36091	641	-
14547	15891	36091	641	-
14547	15891	36091	641	-
14547	15891	36091	641	-
20312	3611	36091	643	-
20312	3611	36091	643	-
20312	3611	36091	643	-
20312	3611	36091	643	-
20312	3611	36091	643	-
20312	3611	36091	643	-
20312	3611	36091	643	-
20312	4800	36091	644	-
23317	5938	36091	644	-
21708	15709	36091	647	-
21708	15709	36091	647	-
20312	4800	36091	649	-
23317	5938	36091	649	-
20312	4800	36091	654	-
23317	5938	36091	654	-
20312	4800	36091	659	-
23317	5938	36091	659	-
20312	4800	36091	664	-
23317	5938	36091	664	-
3076	3611	36091	666	-
3076	3611	36091	666	-
3076	3611	36091	666	-
3076	3611	36091	666	-
3076	3611	36091	666	-
3076	3611	36091	666	-
3076	3611	36091	666	-
14547	15891	36091	667	-
14547	15891	36091	667	-
14547	15891	36091	667	-
14547	15891	36091	667	-
14547	15891	36091	667	-
14547	15891	36091	667	-
14547	15891	36091	667	-
14547	15891	36091	667	-
14547	15891	36091	667	-
14547	15891	36091	667	-
14547	15891	36091	667	-
14547	15891	36091	667	-
14547	15891	36091	667	-
14547	15891	36091	667	-
20312	4800	10032	669	-
23317	5938	10032	669	-
20312	4800	10032	674	-
23317	5938	10032	674	-
20312	4800	10032	679	-
23317	5938	10032	679	-
16409	445	10032	682	-
16409	445	10032	682	-
16409	445	10032	682	-
16409	445	10032	682	-
16409	445	10032	682	-
16409	445	10032	682	-
16409	445	10032	682	-
16409	445	10032	682	-
16409	445	10032	682	-
16409	445	10032	682	-
16409	445	10032	682	-
16409	445	10032	683	-
16409	445	10032	683	-
16409	445	10032	683	-
20312	4800	10032	684	-
23317	5938	10032	684	-
20312	4800	10032	689	-
23317	5938	10032	689	-
20312	4800	10032	694	-
23317	5938	10032	694	-
20312	4800	10032	699	-
20312	4800	10032	701	-
20312	4800	10032	703	-
20312	4800	10032	708	-
20312	4800	10032	710	-
20312	4800	10032	712	-
20312	4800	10032	718	-
20312	4800	10032	720	-
20312	4800	10032	722	-
14547	17712	10032	722	-
23317	5938	10032	723	-
23317	5938	10032	723	-
23317	5938	10032	723	-
23317	5938	10032	723	-
23317	5938	10032	723	-
23317	5938	10032	723	-
23317	5938	10032	723	-
23317	5938	10032	723	-
23317	5938	10032	723	-
14547	15891	10032	723	-
20312	4800	10032	727	-
23317	5938	10032	727	-
16409	445	10032	727	-
16409	445	10032	727	-
16409	445	10032	727	-
16409	445	10032	727	-
16409	445	10032	727	-
16409	445	10032	727	-
16409	445	10032	727	-
16409	445	10032	727	-
16409	445	10032	727	-
16409	445	10032	727	-
16409	445	10032	727	-
16409	445	10032	727	-
16409	445	10032	727	-
16409	445	10032	727	-
16409	15581	9358	728	-
3297	587	9358	728	-
17923	23167	9358	728	-
16409	445	9358	730	-
16409	11496	9358	731	-
16409	11496	9358	731	-
16409	11496	9358	731	-
16409	11496	9358	731	-
16409	11496	9358	731	-
16409	11496	9358	731	-
16409	11496	9358	731	-
16409	11496	9358	731	-
16409	11496	9358	731	-
16409	11496	9358	731	-
16409	11496	9358	731	-
16409	11496	9358	731	-
16409	11496	9358	731	-
16409	11496	9358	731	-
16409	11496	9358	731	-
16409	11496	9358	731	-
16409	11496	9358	731	-
16409	11496	9358	731	-
16409	15581	9358	731	-
16409	11496	9358	731	-
16409	11496	9358	731	-
16409	11496	9358	731	-
16409	11496	9358	731	-
20312	4800	9358	732	-
23317	5938	9358	732	-
16409	7179	9358	734	-
20312	4800	9358	737	-
23317	5938	9358	737	-
3076	3611	9358	737	-
3076	3611	9358	737	-
10429	4225	9358	737	-
10429	4225	9358	737	-
10429	4225	9358	737	-
10429	4225	9358	737	-
10429	4225	9358	737	-
10429	4225	9358	737	-
20312	4800	9358	742	-
23317	5938	9358	742	-
20312	4800	9358	747	-
23317	5938	9358	747	-
20312	4800	9358	752	-
23317	5938	9358	752	-
20312	4800	9358	757	-
23317	5938	9358	757	-
20312	4800	9358	762	-
23317	5938	9358	762	-
20312	4800	9358	767	-
23317	5938	9358	767	-
20312	4800	9358	772	-
23317	5938	9358	772	-
20312	4800	9358	777	-
23317	5938	9358	777	-
20312	4800	9358	782	-
23317	5938	9358	783	-
20312	4800	4269	788	-
20312	4800	4269	790	-
20312	4800	4269	792	-
20312	4800	4269	797	-
20312	4800	4269	799	-
20312	4800	4269	801	-
20312	4800	4269	806	-
20312	4800	4269	808	-
10571	3611	4269	809	-
20312	4800	4269	810	-
16409	445	4269	812	-
16409	445	4269	812	-
16409	445	4269	812	-
16409	445	4269	812	-
16409	445	4269	812	-
16409	445	4269	812	-
16409	445	4269	812	-
16409	445	4269	812	-
10571	3611	4269	812	-
16409	445	4269	812	-
10571	3611	4269	812	-
16409	445	4269	812	-
10571	3611	4269	812	-
16409	445	4269	812	-
16409	445	4269	812	-
10571	3611	4269	812	-
10571	3611	4269	812	-
10571	3611	4269	812	-
23317	5938	4269	813	-
23317	5938	4269	813	-
23317	5938	4269	813	-
23317	5938	4269	813	-
23317	5938	4269	813	-
23317	5938	4269	813	-
23317	5938	4269	813	-
23317	5938	4269	813	-
23317	5938	4269	813	-
20312	4800	4269	815	-
23317	5938	4269	815	-
20312	4800	4269	820	-
23317	5938	4269	820	-
20312	4800	4269	825	-
23317	5938	4269	825	-
20312	4800	4269	830	-
23317	5938	4269	830	-
20312	4800	4269	835	-
23317	5938	4269	835	-
21708	15709	4269	839	-
21708	15709	4269	839	-
21708	15709	4269	839	-
21708	15709	4269	839	-
20312	4800	4269	840	-
21708	15709	4269	840	-
21708	15709	4269	840	-
21708	15709	4269	840	-
21708	15709	4269	840	-
21708	15709	4269	840	-
23317	5938	4269	841	-
19531	587	4269	842	-
17923	14437	4269	842	-
10429	16139	4269	844	-
10429	16139	4269	844	-
10429	16139	4269	844	-
10429	16139	4269	844	-
10429	16139	4269	844	-
10429	16139	4269	844	-
10429	16139	4269	844	-
10429	16139	4269	844	-
10429	16139	4269	844	-
10429	16139	4269	844	-
10429	16139	4269	844	-
10429	16139	4269	844	-
10429	16139	4269	844	-
10429	16139	4269	845	-
10429	16139	4269	845	-
10429	16139	4269	845	-
10429	16139	4269	845	-
10429	16139	4269	845	-
10429	16139	4269	845	-
23317	5938	4269	846	-
20312	4800	4269	846	-
16409	445	4095	849	-
16409	445	4095	849	-
16409	445	4095	849	-
16409	445	4095	849	-
16409	445	4095	849	-
16409	445	4095	849	-
16409	445	4095	849	-
16409	445	4095	849	-
16409	445	4095	849	-
16409	445	4095	849	-
16409	445	4095	849	-
16409	445	4095	849	-
20312	4800	4095	851	-
23317	5938	4095	851	-
20312	4800	4095	856	-
23317	5938	4095	856	-
20312	4800	4095	861	-
23317	5938	4095	861	-
20312	4800	4095	866	-
23317	5938	4095	866	-
16409	445	4095	867	-
16409	445	4095	867	-
16409	445	4095	867	-
16409	445	4095	867	-
16409	445	4095	867	-
16409	445	4095	867	-
16409	445	4095	867	-
16409	445	4095	867	-
16409	445	4095	867	-
16409	445	4095	867	-
3076	3611	4095	867	-
16409	445	4095	867	-
3076	3611	4095	867	-
16409	445	4095	867	-
21708	16239	4095	869	-
21708	16239	4095	869	-
21708	16239	4095	869	-
21708	16239	4095	869	-
21708	16239	4095	870	-
21708	16239	4095	870	-
21708	16239	4095	870	-
21708	16239	4095	870	-
21708	16239	4095	870	-
20312	4800	4095	871	-
23317	5938	4095	871	-
20312	4800	4095	876	-
20312	4800	4095	878	-
20312	4800	4095	880	-
20312	4800	4095	885	-
20312	4800	4095	887	-
20312	4800	4095	889	-
20312	4800	4095	894	-
20312	4800	4095	896	-
20312	4800	4095	898	-
14547	15891	4095	902	-
21708	18	4095	902	-
14547	15891	4095	902	-
14547	15891	4095	902	-
14547	15891	4095	902	-
14547	15891	4095	902	-
23317	5938	4095	903	-
23317	5938	4095	903	-
23317	5938	4095	903	-
23317	5938	4095	903	-
23317	5938	4095	903	-
23317	5938	4095	903	-
23317	5938	4095	903	-
20312	4800	4095	903	-
23317	5938	4095	903	-
23317	5938	4095	903	-
23317	5938	4095	903	-
21708	17302	4095	903	-
21708	18	4095	903	-
20312	4800	1034	908	-
23317	5938	1034	908	-
20312	4800	1034	913	-
23317	5938	1034	913	-
6775	16593	1034	913	-
20312	4800	1034	919	-
23317	5938	1034	919	-
20312	4800	1034	924	-
23317	5938	1034	924	-
20312	3611	1034	926	-
20312	3611	1034	926	-
20312	3611	1034	926	-
20312	4800	1034	929	-
23317	5938	1034	929	-
20312	4800	1034	934	-
23317	5938	1034	934	-
14547	15891	1034	935	-
14547	15891	1034	935	-
14547	15891	1034	935	-
14547	15891	1034	935	-
14547	15891	1034	935	-
14547	15891	1034	935	-
14547	15891	1034	935	-
14547	15891	1034	935	-
14547	15891	1034	935	-
14547	15891	1034	936	-
14547	15891	1034	936	-
14547	14598	1034	936	-
14547	15891	1034	936	-
14547	15891	1034	936	-
20312	4800	1034	939	-
23317	5938	1034	939	-
21708	16239	1034	939	-
21708	16239	1034	939	-
21708	16239	1034	939	-
21708	16239	1034	939	-
21708	16239	1034	939	-
21708	16239	1034	939	-
21708	16239	1034	939	-
21708	16239	1034	939	-
20312	4800	1034	944	-
23317	5938	1034	944	-
10429	22344	1034	945	-
10429	22344	1034	945	-
10429	22344	1034	945	-
10429	22344	1034	945	-
10429	22344	1034	946	-
10429	22344	1034	946	-
10429	22344	1034	946	-
20312	4800	1034	949	-
23317	5938	1034	949	-
20312	4800	1034	954	-
23317	5938	1034	954	-
20312	4800	1034	959	-
23317	5938	1034	959	-
20312	4800	1034	964	-
23317	5938	1034	964	-
20312	4800	14165	969	-
20312	4800	14165	971	-
20312	4800	14165	973	-
17923	3297	14165	978	-
14547	587	14165	978	-
20312	4800	14165	978	-
20312	4800	14165	980	-
20312	4800	14165	982	-
20312	4800	14165	987	-
20312	4800	14165	989	-
20312	4800	14165	991	-
10429	22344	14165	992	-
10429	22344	14165	992	-
10429	22344	14165	992	-
10429	22344	14165	992	-
10429	22344	14165	992	-
3957	15394	14165	992	-
10429	22344	14165	992	-
16409	445	14165	992	-
23317	5938	14165	993	-
23317	5938	14165	993	-
23317	5938	14165	993	-
23317	5938	14165	993	-
23317	5938	14165	993	-
23317	5938	14165	993	-
23317	5938	14165	993	-
23317	5938	14165	993	-
23317	5938	14165	993	-
20312	4800	14165	996	-
23317	5938	14165	997	-
3076	3611	14165	999	-
20312	4800	14165	1002	-
23317	5938	14165	1002	-
20312	4800	14165	1007	-
23317	5938	14165	1007	-
20312	4800	14165	1012	-
23317	5938	14165	1012	-
16409	445	14165	1012	-
16409	445	14165	1012	-
16409	445	14165	1012	-
16409	445	14165	1012	-
16409	445	14165	1012	-
14547	17712	14165	1012	-
16409	445	14165	1012	-
14547	15891	14165	1012	-
16409	445	14165	1012	-
16409	445	14165	1012	-
16409	445	14165	1012	-
16409	445	14165	1012	-
16409	445	14165	1012	-
20312	4800	14165	1017	-
23317	5938	14165	1017	-
16409	2973	14165	1021	-
16409	2973	14165	1021	-
16409	2973	14165	1021	-
16409	2973	14165	1021	-
16409	2973	14165	1021	-
20312	4800	14165	1022	-
23317	5938	14165	1022	-
16409	2973	14165	1022	-
16409	2973	14165	1022	-
16409	2973	14165	1022	-
16409	2973	14165	1022	-
16409	2973	14165	1022	-
20312	4800	14165	1027	-
23317	5938	14165	1027	-
20312	4800	27143	1032	-
23317	5938	27143	1032	-
20312	4800	27143	1037	-
23317	5938	27143	1037	-
20312	4800	27143	1042	-
23317	5938	27143	1042	-
14547	2663	27143	1045	-
14547	2663	27143	1045	-
14547	2663	27143	1045	-
14547	2663	27143	1045	-
14547	2663	27143	1045	-
14547	2663	27143	1045	-
14547	2663	27143	1045	-
14547	2663	27143	1045	-
14547	2663	27143	1046	-
14547	2663	27143	1046	-
14547	2663	27143	1046	-
14547	2663	27143	1046	-
20312	4800	27143	1047	-
23317	5938	27143	1047	-
20312	4800	27143	1052	-
23317	5938	27143	1052	-
20312	4800	27143	1057	-
20312	4800	27143	1059	-
20312	4800	27143	1061	-
20312	4800	27143	1067	-
20312	4800	27143	1069	-
20312	4800	27143	1071	-
20312	4800	27143	1076	-
20312	4800	27143	1078	-
20312	4800	27143	1080	-
23317	5938	27143	1083	-
23317	5938	27143	1083	-
23317	5938	27143	1083	-
23317	5938	27143	1083	-
23317	5938	27143	1083	-
23317	5938	27143	1083	-
23317	5938	27143	1083	-
23317	5938	27143	1083	-
20312	4800	27143	1083	-
23317	5938	27143	1083	-
23317	5938	27143	1085	-
20312	4800	27143	1085	-
23317	5938	41319	1090	-
20312	4800	41319	1090	-
23317	5938	41319	1095	-
20312	4800	41319	1095	-
23317	5938	41319	1100	-
20312	4800	41319	1100	-
10571	3611	41319	1100	-
10571	3611	41319	1100	-
10571	3611	41319	1100	-
10571	3611	41319	1100	-
10571	3611	41319	1100	-
10571	3611	41319	1100	-
10571	3611	41319	1100	-
20312	4800	41319	1105	-
23317	5938	41319	1105	-
14547	15891	41319	1105	-
14547	15891	41319	1105	-
14547	15891	41319	1106	-
23317	5938	41319	1110	-
20312	4800	41319	1110	-
14547	17950	41319	1113	-
14547	17950	41319	1114	-
14547	17950	41319	1114	-
14547	17950	41319	1114	-
14547	17950	41319	1114	-
14547	17950	41319	1114	-
14547	17950	41319	1114	-
14547	17950	41319	1114	-
14547	17950	41319	1114	-
14547	17950	41319	1114	-
14547	17950	41319	1114	-
14547	17950	41319	1114	-
14547	17950	41319	1114	-
14547	17950	41319	1114	-
14547	17950	41319	1114	-
14547	17950	41319	1114	-
14547	17950	41319	1114	-
14547	17950	41319	1114	-
14547	17950	41319	1114	-
14547	17950	41319	1114	-
14547	17950	41319	1114	-
14547	17950	41319	1114	-
14547	17950	41319	1114	-
14547	17950	41319	1114	-
14547	17950	41319	1114	-
14547	17950	41319	1114	-
14547	17950	41319	1114	-
14547	17950	41319	1114	-
14547	17950	41319	1114	-
14547	17950	41319	1114	-
14547	17950	41319	1114	-
14547	17950	41319	1114	-
14547	17950	41319	1114	-
14547	17950	41319	1114	-
14547	17950	41319	1114	-
20312	4800	41319	1115	-
14547	17950	41319	1115	-
14547	17950	41319	1115	-
23317	5938	41319	1116	-
20312	4800	41319	1121	-
23317	5938	41319	1121	-
20312	4800	41319	1126	-
23317	5938	41319	1126	-
20312	4800	41319	1131	-
23317	5938	41319	1131	-
20312	4800	41319	1136	-
23317	5938	41319	1136	-
20312	4800	41319	1141	-
23317	5938	41319	1141	-
20312	4800	41319	1146	-
20312	4800	27157	1148	-
20312	4800	27157	1150	-
20312	4800	27157	1155	-
14547	17950	27157	1156	-
20312	4800	27157	1157	-
14547	17950	27157	1157	-
14547	17950	27157	1157	-
14547	17950	27157	1157	-
14547	17950	27157	1157	-
14547	17950	27157	1157	-
14547	17950	27157	1157	-
14547	17950	27157	1157	-
20312	4800	27157	1159	-
20312	4800	27157	1164	-
14547	17950	27157	1165	-
14547	17950	27157	1165	-
14547	17950	27157	1165	-
20312	4800	27157	1166	-
14547	17950	27157	1166	-
14547	17950	27157	1166	-
14547	17950	27157	1166	-
14547	17950	27157	1166	-
14547	17950	27157	1166	-
20312	4800	27157	1168	-
10571	3611	27157	1170	-
3076	3611	27157	1172	-
3076	3611	27157	1172	-
10571	3611	27157	1172	-
3076	3611	27157	1172	-
10571	3611	27157	1172	-
3076	3611	27157	1172	-
10571	3611	27157	1172	-
3076	3611	27157	1172	-
10571	3611	27157	1172	-
3076	3611	27157	1172	-
10571	3611	27157	1172	-
3076	3611	27157	1172	-
10571	3611	27157	1172	-
23317	5938	27157	1173	-
20312	4800	27157	1173	-
23317	5938	27157	1173	-
23317	5938	27157	1173	-
23317	5938	27157	1173	-
23317	5938	27157	1173	-
23317	5938	27157	1173	-
23317	5938	27157	1173	-
23317	5938	27157	1173	-
23317	5938	27157	1173	-
23317	5938	27157	1173	-
15394	4800	27157	1173	-
23317	882	27157	1173	-
20312	4800	27157	1178	-
23317	5938	27157	1178	-
20312	4800	27157	1184	-
23317	5938	27157	1184	-
3957	587	27157	1184	-
587	11900	27157	1184	-
10429	3277	27157	1187	-
10429	3277	27157	1187	-
10429	3277	27157	1187	-
10429	3277	27157	1187	-
10429	3277	27157	1187	-
10429	3277	27157	1187	-
10429	3277	27157	1187	-
10429	3277	27157	1187	-
20312	4800	27157	1189	-
23317	5938	27157	1189	-
20312	3611	27157	1193	-
20312	3611	27157	1193	-
20312	4800	27157	1194	-
23317	5938	27157	1194	-
20312	4800	27157	1199	-
23317	5938	27157	1199	-
10429	21071	27157	1200	-
20312	4800	27157	1204	-
23317	5938	27157	1204	-
20312	4800	7253	1209	-
23317	5938	7253	1209	-
20312	4800	7253	1214	-
23317	5938	7253	1214	-
16409	2973	7253	1214	-
16409	2973	7253	1214	-
16409	2973	7253	1214	-
16409	2973	7253	1214	-
20312	4800	7253	1219	-
23317	5938	7253	1219	-
20312	4800	7253	1224	-
23317	5938	7253	1224	-
23317	5938	7253	1229	-
20312	4800	7253	1229	-
23317	5938	7253	1234	-
20312	4800	7253	1234	-
20312	4800	7253	1239	-
20312	4800	7253	1241	-
20312	4800	7253	1243	-
20312	4800	7253	1248	-
20312	4800	7253	1250	-
20312	4800	7253	1252	-
20312	4800	7253	1258	-
20312	4800	7253	1260	-
10571	3611	7253	1261	-
21708	16239	7253	1262	-
21708	16239	7253	1262	-
21708	16239	7253	1262	-
20312	4800	7253	1262	-
10429	3277	7253	1262	-
21708	16239	7253	1262	-
10429	3277	7253	1262	-
21708	16239	7253	1262	-
10429	3277	7253	1262	-
21708	16239	7253	1262	-
10429	3277	7253	1262	-
10429	3277	7253	1262	-
21708	16239	7253	1262	-
10429	3277	7253	1262	-
10429	3277	7253	1262	-
10429	3277	7253	1262	-
21708	16239	7253	1262	-
21708	16239	7253	1262	-
10571	3611	7253	1263	-
16409	2973	7253	1263	-
16409	2973	7253	1263	-
23317	5938	7253	1263	-
23317	5938	7253	1263	-
23317	5938	7253	1263	-
23317	5938	7253	1263	-
23317	5938	7253	1263	-
23317	5938	7253	1263	-
23317	5938	7253	1263	-
23317	5938	7253	1263	-
23317	5938	7253	1263	-
21708	16239	7253	1263	-
21708	16239	7253	1263	-
21708	16239	7253	1263	-
21708	16239	7253	1263	-
21708	16239	7253	1263	-
10571	3611	7253	1263	-
10571	3611	7253	1263	-
10571	3611	7253	1263	-
10571	3611	7253	1263	-
10571	3611	7253	1263	-
16409	2973	7253	1263	-
16409	2973	7253	1264	-
23317	5938	7253	1267	-
20312	4800	7253	1267	-
20312	4800	11590	1272	-
23317	5938	11590	1272	-
10429	18497	11590	1273	-
10429	18497	11590	1273	-
10429	18497	11590	1273	-
10429	18497	11590	1273	-
10429	18497	11590	1273	-
10429	18497	11590	1273	-
10429	18497	11590	1273	-
10429	18497	11590	1273	-
10429	18497	11590	1273	-
10429	18497	11590	1273	-
10429	18497	11590	1273	-
10429	18497	11590	1273	-
10429	18497	11590	1273	-
10429	18497	11590	1273	-
10429	18497	11590	1273	-
10429	18497	11590	1274	-
10429	18497	11590	1274	-
10429	18497	11590	1274	-
10429	18497	11590	1274	-
10429	18497	11590	1274	-
10429	18497	11590	1274	-
10429	18497	11590	1274	-
10429	18497	11590	1274	-
10429	18497	11590	1274	-
10429	18497	11590	1274	-
10429	18497	11590	1274	-
10429	18497	11590	1274	-
10429	18497	11590	1274	-
10429	18497	11590	1274	-
10429	18497	11590	1274	-
10429	18497	11590	1274	-
10429	18497	11590	1274	-
23317	5938	11590	1277	-
20312	4800	11590	1277	-
23317	5938	11590	1282	-
20312	4800	11590	1282	-
20312	4800	11590	1287	-
23317	5938	11590	1287	-
23317	5938	11590	1292	-
20312	4800	11590	1292	-
14547	17950	11590	1295	-
14547	17950	11590	1295	-
14547	17950	11590	1295	-
14547	17950	11590	1295	-
14547	17950	11590	1295	-
14547	17950	11590	1295	-
14547	17950	11590	1295	-
14547	17950	11590	1295	-
20312	4800	11590	1297	-
23317	5938	11590	1297	-
20312	4800	11590	1302	-
23317	5938	11590	1302	-
10429	18497	11590	1305	-
20312	4800	11590	1307	-
23317	5938	11590	1307	-
23317	5938	11590	1312	-
20312	4800	11590	1312	-
16409	2973	11590	1314	-
16409	2973	11590	1314	-
16409	2973	11590	1314	-
16409	2973	11590	1314	-
16409	17005	11590	1316	-
20312	4800	11590	1317	-
23317	5938	11590	1317	-
10429	22748	11590	1318	-
10429	22748	11590	1318	-
10429	22748	11590	1318	-
10429	22748	11590	1318	-
21708	16239	11590	1318	-
10429	22748	11590	1318	-
23317	5938	11590	1322	-
20312	4800	11590	1322	-
20312	4800	10701	1328	-
20312	4800	10701	1330	-
20312	4800	10701	1332	-
20312	4800	10701	1337	-
20312	4800	10701	1339	-
20312	4800	10701	1341	-
21708	16239	10701	1342	-
21708	16239	10701	1342	-
21708	16239	10701	1342	-
21708	16239	10701	1342	-
21708	16239	10701	1342	-
21708	16239	10701	1342	-
21708	16239	10701	1342	-
21708	16239	10701	1342	-
21708	16239	10701	1342	-
21708	16239	10701	1342	-
21708	16239	10701	1342	-
21708	16239	10701	1342	-
21708	16239	10701	1342	-
21708	16239	10701	1342	-
20312	4800	10701	1346	-
20312	4800	10701	1348	-
20312	4800	10701	1350	-
16409	445	10701	1352	-
16409	445	10701	1352	-
16409	445	10701	1352	-
16409	445	10701	1352	-
16409	445	10701	1352	-
16409	445	10701	1352	-
16409	445	10701	1352	-
16409	445	10701	1353	-
16409	445	10701	1353	-
16409	445	10701	1353	-
16409	445	10701	1353	-
23317	5938	10701	1353	-
23317	5938	10701	1353	-
23317	5938	10701	1353	-
23317	5938	10701	1353	-
23317	5938	10701	1353	-
23317	5938	10701	1353	-
23317	5938	10701	1353	-
16409	445	10701	1353	-
23317	5938	10701	1353	-
23317	5938	10701	1353	-
16409	445	10701	1353	-
16409	445	10701	1353	-
16409	445	10701	1353	-
23317	5938	10701	1355	-
20312	4800	10701	1355	-
23317	5938	10701	1360	-
20312	4800	10701	1360	-
3957	15394	10701	1363	-
16409	18332	10701	1363	-
23317	5938	10701	1365	-
20312	4800	10701	1365	-
21708	16239	10701	1368	-
23317	5938	10701	1370	-
20312	4800	10701	1370	-
16409	445	10701	1372	-
20312	4800	10701	1375	-
23317	5938	10701	1375	-
20312	4800	10701	1380	-
23317	5938	10701	1381	-
23317	5938	10701	1386	-
20312	4800	10701	1386	-
23317	5938	7787	1391	-
20312	4800	7787	1391	-
23317	5938	7787	1396	-
20312	4800	7787	1396	-
20312	3611	7787	1401	-
20312	3611	7787	1401	-
23317	5938	7787	1401	-
20312	4800	7787	1401	-
23317	5938	7787	1406	-
20312	4800	7787	1406	-
23317	5938	7787	1411	-
20312	4800	7787	1411	-
20312	4800	7787	1416	-
20312	4800	7787	1418	-
20312	4800	7787	1420	-
20312	4800	7787	1425	-
20312	4800	7787	1427	-
20312	4800	7787	1429	-
20312	4800	7787	1434	-
20312	4800	7787	1436	-
20312	4800	7787	1438	-
3076	3611	7787	1441	-
14547	17950	7787	1442	-
14547	17950	7787	1442	-
14547	17950	7787	1442	-
14547	17950	7787	1442	-
14547	17950	7787	1442	-
14547	17950	7787	1442	-
21708	2333	7787	1442	-
21708	2333	7787	1442	-
14547	17950	7787	1442	-
14547	17950	7787	1442	-
14547	17950	7787	1442	-
23317	5938	7787	1443	-
23317	5938	7787	1443	-
23317	5938	7787	1443	-
23317	5938	7787	1443	-
23317	5938	7787	1443	-
20312	4800	7787	1443	-
23317	5938	7787	1443	-
23317	5938	7787	1443	-
23317	5938	7787	1443	-
23317	5938	7787	1443	-
23317	5938	7787	1443	-
3076	3611	7787	1444	-
3076	3611	7787	1444	-
3076	3611	7787	1444	-
3076	3611	7787	1444	-
3076	3611	7787	1444	-
3076	3611	7787	1444	-
20312	4800	40294	1448	-
23317	5938	40294	1448	-
10429	16692	40294	1452	-
20312	4800	40294	1453	-
23317	5938	40294	1453	-
20312	4800	40294	1459	-
23317	5938	40294	1459	-
20312	4800	40294	1464	-
23317	5938	40294	1464	-
23317	5938	40294	1469	-
20312	4800	40294	1469	-
16409	2422	40294	1470	-
16409	2422	40294	1470	-
16409	2422	40294	1470	-
16409	2422	40294	1470	-
16409	2422	40294	1470	-
16409	2422	40294	1470	-
16409	2422	40294	1470	-
16409	2422	40294	1470	-
16409	2422	40294	1470	-
16409	2422	40294	1470	-
16409	2422	40294	1470	-
16409	2422	40294	1470	-
16409	2422	40294	1470	-
16409	2422	40294	1470	-
10571	3611	40294	1471	-
16409	2422	40294	1471	-
16409	2422	40294	1471	-
16409	2422	40294	1471	-
16409	2422	40294	1471	-
16409	2422	40294	1471	-
10571	3611	40294	1472	-
10571	3611	40294	1472	-
10571	3611	40294	1472	-
10571	3611	40294	1472	-
10571	3611	40294	1472	-
10571	3611	40294	1472	-
23317	5938	40294	1474	-
20312	4800	40294	1474	-
21708	15994	40294	1478	-
21708	15994	40294	1478	-
21708	15994	40294	1478	-
21708	15994	40294	1478	-
21708	15994	40294	1478	-
21708	15994	40294	1478	-
21708	15994	40294	1478	-
21708	15994	40294	1478	-
21708	15994	40294	1478	-
21708	15994	40294	1478	-
21708	15994	40294	1478	-
20312	4800	40294	1479	-
23317	5938	40294	1479	-
23317	5938	40294	1484	-
20312	4800	40294	1484	-
20312	4800	40294	1489	-
23317	5938	40294	1489	-
20312	4800	40294	1494	-
23317	5938	40294	1494	-
20312	4800	40294	1499	-
23317	5938	40294	1499	-
23317	5938	40294	1504	-
20312	4800	40294	1504	-
20312	4800	46219	1509	-
20312	4800	46219	1511	-
20312	4800	46219	1513	-
20312	4800	46219	1518	-
20312	4800	46219	1520	-
20312	4800	46219	1522	-
21708	15994	46219	1523	-
21708	15994	46219	1523	-
20312	4800	46219	1527	-
20312	4800	46219	1529	-
20312	4800	46219	1531	-
20312	4800	46219	1533	-
23317	5938	46219	1533	-
23317	5938	46219	1533	-
23317	5938	46219	1533	-
23317	5938	46219	1533	-
23317	5938	46219	1533	-
23317	5938	46219	1533	-
23317	5938	46219	1533	-
23317	5938	46219	1533	-
23317	5938	46219	1533	-
20312	4800	46219	1536	-
23317	5938	46219	1537	-
21708	5510	46219	1541	-
21708	5510	46219	1541	-
21708	5510	46219	1541	-
21708	5510	46219	1541	-
21708	5510	46219	1541	-
21708	5510	46219	1541	-
21708	5510	46219	1541	-
21708	5510	46219	1541	-
23317	5938	46219	1542	-
20312	4800	46219	1542	-
23317	5938	46219	1547	-
20312	4800	46219	1547	-
21708	5510	46219	1552	-
20312	4800	46219	1552	-
23317	5938	46219	1552	-
21708	5510	46219	1552	-
21708	5510	46219	1552	-
21708	5510	46219	1552	-
21708	5510	46219	1552	-
21708	5510	46219	1552	-
21708	5510	46219	1552	-
21708	5510	46219	1553	-
3076	3611	46219	1553	-
3076	3611	46219	1553	-
3076	3611	46219	1554	-
3076	3611	46219	1554	-
3076	3611	46219	1554	-
3076	3611	46219	1554	-
3076	3611	46219	1554	-
14547	17950	46219	1557	-
20312	4800	46219	1557	-
23317	5938	46219	1557	-
14547	17950	46219	1557	-
14547	17950	46219	1557	-
14547	17950	46219	1557	-
14547	17950	46219	1557	-
14547	17950	46219	1557	-
14547	17950	46219	1557	-
14547	17950	46219	1557	-
21708	5510	46219	1559	-
21708	5510	46219	1559	-
21708	5510	46219	1559	-
21708	5510	46219	1559	-
21708	5510	46219	1559	-
21708	5510	46219	1559	-
21708	5510	46219	1559	-
21708	5510	46219	1559	-
20312	4800	46219	1562	-
23317	5938	46219	1562	-
23317	5938	46219	1567	-
20312	4800	46219	1567	-
20312	4800	33098	1572	-
23317	5938	33098	1572	-
23317	5938	33098	1577	-
20312	4800	33098	1577	-
17923	11900	33098	1580	-
10571	587	33098	1580	-
17923	9554	33098	1581	-
7782	587	33098	1581	-
10429	22748	33098	1582	-
10429	22748	33098	1582	-
23317	5938	33098	1582	-
20312	4800	33098	1582	-
10429	22748	33098	1582	-
10429	22748	33098	1582	-
10429	22748	33098	1582	-
14547	17950	33098	1583	-
14547	17950	33098	1583	-
14547	17950	33098	1583	-
14547	17950	33098	1583	-
14547	17950	33098	1583	-
14547	17950	33098	1583	-
14547	17950	33098	1583	-
20312	4800	33098	1587	-
23317	5938	33098	1587	-
20312	4800	33098	1592	-
23317	5938	33098	1592	-
20312	4800	33098	1597	-
20312	4800	33098	1599	-
20312	4800	33098	1601	-
15506	19350	33098	1606	-
20312	4800	33098	1607	-
20312	4800	33098	1609	-
20312	4800	33098	1611	-
20312	4800	33098	1616	-
20312	4800	33098	1618	-
20312	4800	33098	1620	-
23317	5938	33098	1623	-
23317	5938	33098	1623	-
23317	5938	33098	1623	-
23317	5938	33098	1623	-
23317	5938	33098	1623	-
23317	5938	33098	1623	-
23317	5938	33098	1623	-
23317	5938	33098	1623	-
23317	5938	33098	1623	-
20312	4800	33098	1625	-
23317	5938	33098	1625	-
20312	4800	14072	1630	-
23317	5938	14072	1630	-
14547	17950	14072	1634	-
20312	4800	14072	1635	-
23317	5938	14072	1635	-
14547	17950	14072	1635	-
14547	17950	14072	1635	-
14547	17950	14072	1635	-
14547	17950	14072	1635	-
14547	17950	14072	1635	-
14547	17950	14072	1635	-
14547	17950	14072	1635	-
20312	4800	14072	1640	-
23317	5938	14072	1640	-
20312	4800	14072	1645	-
23317	5938	14072	1645	-
14547	3662	14072	1645	-
14547	3662	14072	1645	-
14547	3662	14072	1645	-
14547	3662	14072	1645	-
14547	3662	14072	1645	-
14547	3662	14072	1645	-
14547	3662	14072	1645	-
20312	4800	14072	1650	-
23317	5938	14072	1650	-
20312	4800	14072	1655	-
23317	5938	14072	1656	-
14547	12025	14072	1659	-
20312	4800	14072	1661	-
23317	5938	14072	1661	-
20312	4800	14072	1666	-
23317	5938	14072	1666	-
20312	3611	14072	1668	-
20312	3611	14072	1668	-
20312	3611	14072	1668	-
20312	4800	14072	1671	-
23317	5938	14072	1671	-
20312	4800	14072	1676	-
23317	5938	14072	1676	-
20312	4800	14072	1681	-
23317	5938	14072	1681	-
20312	4800	14072	1686	-
20312	4800	33447	1688	-
20312	4800	33447	1690	-
20312	4800	33447	1695	-
20312	4800	33447	1697	-
20312	4800	33447	1699	-
20312	4800	33447	1704	-
20312	4800	33447	1706	-
20312	4800	33447	1708	-
21708	9118	33447	1712	-
21708	9118	33447	1712	-
21708	9118	33447	1712	-
21708	9118	33447	1712	-
21708	9118	33447	1712	-
21708	9118	33447	1712	-
21708	9118	33447	1712	-
21708	9118	33447	1712	-
21708	9118	33447	1712	-
21708	9118	33447	1712	-
21708	9118	33447	1712	-
21708	9118	33447	1712	-
23317	5938	33447	1713	-
20312	4800	33447	1713	-
23317	5938	33447	1713	-
23317	5938	33447	1713	-
23317	5938	33447	1713	-
23317	5938	33447	1713	-
23317	5938	33447	1713	-
23317	5938	33447	1713	-
23317	5938	33447	1713	-
23317	5938	33447	1713	-
21708	9118	33447	1713	-
21708	9118	33447	1713	-
21708	9118	33447	1713	-
21708	9118	33447	1713	-
21708	9118	33447	1713	-
21708	9118	33447	1713	-
21708	9118	33447	1713	-
21708	9118	33447	1713	-
21708	9118	33447	1713	-
21708	9118	33447	1713	-
21708	9118	33447	1713	-
21708	9118	33447	1713	-
21708	9118	33447	1713	-
23317	5938	33447	1713	-
23317	5938	33447	1718	-
20312	4800	33447	1718	-
20312	4800	33447	1723	-
23317	5938	33447	1724	-
23317	5938	33447	1729	-
20312	4800	33447	1729	-
3076	3611	33447	1732	-
23317	5938	33447	1734	-
20312	4800	33447	1734	-
20312	4800	33447	1739	-
23317	5938	33447	1739	-
10571	3611	33447	1741	-
20312	4800	33447	1744	-
23317	5938	33447	1744	-
23317	5938	37189	1749	-
20312	4800	37189	1749	-
23317	5938	37189	1754	-
20312	4800	37189	1754	-
23317	5938	37189	1759	-
20312	4800	37189	1759	-
14547	3662	37189	1760	-
14547	3662	37189	1760	-
14547	3662	37189	1760	-
14547	3662	37189	1760	-
14547	3662	37189	1760	-
10429	18332	37189	1763	-
20312	4800	37189	1764	-
23317	5938	37189	1764	-
20367	587	37189	1769	-
20312	4800	37189	1769	-
23317	5938	37189	1769	-
10429	15394	37189	1769	-
14547	3662	37189	1770	-
14547	3662	37189	1770	-
14547	3662	37189	1770	-
14547	3662	37189	1770	-
14547	3662	37189	1770	-
10429	10081	37189	1772	-
10429	10081	37189	1772	-
10429	10081	37189	1772	-
10429	10081	37189	1772	-
23317	882	37189	1773	-
15394	4800	37189	1773	-
20312	4800	37189	1774	-
23317	5938	37189	1774	-
20312	4800	37189	1779	-
20312	4800	37189	1781	-
20312	4800	37189	1783	-
20312	4800	37189	1788	-
20312	4800	37189	1790	-
20312	4800	37189	1792	-
20312	3611	37189	1796	-
20312	4800	37189	1798	-
