3957	15394	32196	0	-
17624	16531	32196	0	-
3957	15394	32196	1	-
17624	9554	32196	1	-
20367	19350	32196	2	-
17624	16332	32196	2	-
3957	15394	32196	3	-
3957	15394	32196	3	-
5376	4800	32196	4	snmpgetattack
23317	12431	32196	4	snmpgetattack
3957	11900	3033	8	-
20367	19350	3033	8	-
5376	4800	3033	9	snmpgetattack
23317	12431	3033	9	snmpgetattack
3076	3297	3033	9	-
3957	15394	3033	9	-
3957	15394	3033	9	-
3076	8452	3033	10	portsweep
10571	8452	3033	10	-
5376	4800	3033	14	snmpgetattack
23317	12431	3033	14	snmpgetattack
20367	19350	3033	14	-
20367	19350	3033	14	-
20367	19350	3033	14	-
20367	19350	3033	14	-
5376	4800	3033	19	snmpgetattack
23317	12431	3033	19	snmpgetattack
14547	14263	3033	20	-
14547	4992	3033	20	-
14547	4992	3033	20	-
23317	12431	3033	24	snmpgetattack
5376	4800	3033	24	snmpgetattack
5376	4800	3033	29	snmpgetattack
23317	12431	3033	29	snmpgetattack
5376	4800	3033	34	snmpgetattack
23317	12431	3033	34	snmpgetattack
5376	4800	3033	39	snmpgetattack
23317	12431	3033	39	snmpgetattack
5376	4800	3033	44	snmpgetattack
23317	12431	3033	44	snmpgetattack
8294	11780	3033	46	nmap
8294	11780	3033	46	nmap
3957	1633	3033	47	-
3076	8452	3033	48	portsweep
5376	4800	3033	49	snmpgetattack
23317	12431	3033	49	snmpgetattack
19531	19531	3033	50	-
19531	1633	3033	50	-
5376	4800	3033	54	snmpgetattack
23317	12431	3033	54	snmpgetattack
5376	4800	3033	59	snmpgetattack
23317	12431	3033	59	snmpgetattack
5376	4800	3033	64	snmpgetattack
23317	12431	3033	64	snmpgetattack
18246	14682	3033	65	-
18246	4272	3033	65	-
18246	14682	30718	68	-
18246	1370	30718	68	-
18246	4272	30718	68	-
18246	4272	30718	68	-
18246	4272	30718	68	-
18246	4272	30718	68	-
18246	1370	30718	68	-
18246	4272	30718	68	-
18246	20152	30718	68	-
18246	4272	30718	68	-
18246	1370	30718	68	-
18246	1370	30718	68	-
10429	21480	30718	69	-
10429	21480	30718	69	-
10429	21480	30718	69	-
10429	21480	30718	69	-
10429	21480	30718	69	-
23317	12431	30718	69	snmpgetattack
10429	21480	30718	69	-
10429	21480	30718	69	-
10429	21480	30718	69	-
10429	21480	30718	69	-
10429	21480	30718	69	-
10429	21480	30718	69	-
10429	21480	30718	69	-
10429	21480	30718	69	-
5376	4800	30718	69	snmpgetattack
10429	21480	30718	73	-
10429	21480	30718	73	-
7215	1633	30718	73	-
10429	21480	30718	73	-
10429	21480	30718	73	-
10429	21480	30718	74	-
20367	19350	30718	74	-
20367	19350	30718	74	-
5376	4800	30718	74	snmpgetattack
20367	19350	30718	74	-
12985	1633	30718	74	-
23317	12431	30718	74	snmpgetattack
20367	19350	30718	74	-
10429	21480	30718	74	-
10429	21480	30718	74	-
10429	21480	30718	74	-
10429	21480	30718	74	-
7215	1633	30718	75	-
587	19471	30718	76	-
587	19471	30718	76	-
587	19471	30718	76	-
587	19471	30718	76	-
587	19471	30718	76	-
587	19471	30718	76	-
587	19471	30718	76	-
587	19471	30718	76	-
587	19471	30718	78	-
587	19471	30718	78	-
587	19471	30718	78	-
587	19471	30718	78	-
587	19471	30718	78	-
587	19471	30718	78	-
5376	4800	30718	79	snmpgetattack
23317	12431	30718	79	snmpgetattack
18246	14682	30718	81	-
18246	14682	30718	81	-
18246	1370	30718	81	-
18246	4272	30718	81	-
5376	4800	30718	84	snmpgetattack
23317	12431	30718	84	snmpgetattack
18246	20006	30718	84	-
18246	14682	30718	84	-
18246	1370	30718	84	-
18246	1370	30718	84	-
18246	1370	30718	84	-
18246	14682	30718	84	-
3076	8452	30718	86	portsweep
5376	4800	30718	89	snmpgetattack
23317	12431	30718	89	snmpgetattack
10429	21480	30718	92	-
10429	21480	30718	92	-
10429	21480	30718	93	-
10429	21480	30718	93	-
10429	21480	30718	93	-
10429	21480	30718	93	-
10429	21480	30718	93	-
23317	12431	30718	94	snmpgetattack
5376	4800	30718	94	snmpgetattack
16671	4212	30718	94	-
5376	4800	30718	99	snmpgetattack
23317	12431	30718	99	snmpgetattack
18246	14026	30718	103	-
20367	19350	30718	104	-
23317	12431	30718	104	snmpgetattack
20367	19350	30718	104	-
20367	19350	30718	104	-
20367	19350	30718	104	-
18246	14026	30718	104	-
18246	14026	30718	104	-
5376	4800	30718	104	snmpgetattack
16671	7215	30718	108	-
16671	7215	30718	108	-
16671	7215	30718	108	-
16671	7215	30718	108	-
16671	7215	30718	108	-
16671	7215	30718	108	-
16671	7215	30718	109	-
16671	7215	30718	109	-
16671	7215	30718	109	-
16671	7215	30718	109	-
16671	7215	30718	109	-
23317	12431	30718	109	snmpgetattack
5376	4800	30718	109	snmpgetattack
16671	17060	30718	113	-
16671	17060	30718	113	-
16671	17060	30718	113	-
5376	4800	30718	114	snmpgetattack
23317	12431	30718	114	snmpgetattack
14547	17923	30718	115	-
14547	17923	30718	116	-
14547	17923	30718	116	-
23317	12431	30718	119	snmpgetattack
5376	4800	30718	119	snmpgetattack
7215	13180	30718	122	-
7215	13180	30718	122	-
7215	13180	30718	122	-
7215	13180	30718	122	-
7215	13180	30718	122	-
5376	4800	30718	125	snmpgetattack
23317	12431	30718	125	snmpgetattack
3076	8452	30718	125	portsweep
3957	15394	30718	125	-
3957	15394	30718	125	-
7215	21532	30718	125	-
19603	16531	30718	125	-
13993	19531	46374	127	-
7215	22418	46374	128	-
13993	19531	46374	129	-
5376	4800	46374	130	snmpgetattack
23317	12431	46374	130	snmpgetattack
7215	16067	46374	131	-
13993	19531	46374	132	-
3957	15894	46374	133	-
7215	9343	46374	134	-
7215	13180	46374	134	-
13993	19531	46374	135	-
5376	4800	46374	135	snmpgetattack
23317	12431	46374	135	snmpgetattack
7215	13180	46374	137	-
7215	23249	46374	137	-
7215	13180	46374	137	-
5376	4800	46374	140	snmpgetattack
23317	12431	46374	140	snmpgetattack
5376	4800	46374	145	snmpgetattack
23317	12431	46374	145	snmpgetattack
5376	4800	46374	150	snmpgetattack
23317	12431	46374	150	snmpgetattack
7179	3297	46374	153	-
3957	15394	46374	153	-
3957	15394	46374	153	-
5376	4800	46374	155	snmpgetattack
23317	12431	46374	155	snmpgetattack
16671	12131	46374	156	-
16671	12131	46374	156	-
16671	12131	46374	156	-
16671	12131	46374	156	-
16671	12131	46374	156	-
16671	12131	46374	156	-
16671	12131	46374	156	-
16671	12131	46374	156	-
16671	12131	46374	156	-
16671	12131	46374	156	-
16671	12131	46374	156	-
16671	12131	46374	156	-
16671	12131	46374	156	-
16671	12131	46374	156	-
16671	12131	46374	156	-
16671	12131	46374	157	-
16671	12131	46374	157	-
16671	12131	46374	157	-
16671	12131	46374	157	-
16671	12131	46374	157	-
16671	12131	46374	157	-
16671	12131	46374	157	-
16671	12131	46374	157	-
16671	12131	46374	157	-
16671	12131	46374	157	-
16671	12131	46374	157	-
16671	12131	46374	157	-
16671	12131	46374	157	-
16671	12131	46374	157	-
16671	12131	46374	157	-
5376	4800	46374	160	snmpgetattack
23317	12431	46374	160	snmpgetattack
3957	22986	46374	163	-
3076	8452	46374	164	portsweep
5376	4800	46374	165	snmpgetattack
23317	12431	46374	165	snmpgetattack
23317	12431	46374	170	snmpgetattack
5376	4800	46374	170	snmpgetattack
10429	11900	46374	174	-
5376	4800	46374	175	snmpgetattack
23317	12431	46374	175	snmpgetattack
16671	4212	46374	177	-
5376	4800	46374	180	snmpgetattack
23317	12431	46374	180	snmpgetattack
5376	4800	46374	185	snmpgetattack
23317	12431	46374	185	snmpgetattack
18246	14026	40519	187	-
18246	14026	40519	187	-
18246	14026	40519	187	-
5376	4800	40519	190	snmpgetattack
23317	12431	40519	190	snmpgetattack
12985	15894	40519	191	-
12985	22986	40519	191	-
20367	19350	40519	194	-
16671	12131	40519	194	-
16671	12131	40519	195	-
16671	12131	40519	195	-
16671	12131	40519	195	-
16671	12131	40519	195	-
16671	12131	40519	195	-
16671	12131	40519	195	-
16671	12131	40519	195	-
16671	12131	40519	195	-
16671	12131	40519	195	-
16671	12131	40519	195	-
16671	12131	40519	195	-
16671	12131	40519	195	-
16671	12131	40519	195	-
16671	12131	40519	195	-
16671	12131	40519	195	-
16671	12131	40519	195	-
16671	12131	40519	195	-
16671	12131	40519	195	-
16671	12131	40519	195	-
16671	12131	40519	195	-
16671	12131	40519	195	-
23317	12431	40519	195	snmpgetattack
20367	19350	40519	195	-
16671	12131	40519	195	-
16671	12131	40519	195	-
16671	12131	40519	195	-
16671	12131	40519	195	-
16671	12131	40519	195	-
16671	12131	40519	195	-
16671	12131	40519	195	-
16671	12131	40519	195	-
16671	12131	40519	195	-
16671	12131	40519	195	-
5376	4800	40519	195	snmpgetattack
16671	12131	40519	195	-
16671	12131	40519	195	-
16671	12131	40519	195	-
16671	12131	40519	195	-
16671	12131	40519	195	-
16671	12131	40519	195	-
20367	19350	40519	195	-
16671	12131	40519	195	-
20367	19350	40519	195	-
16671	12131	40519	195	-
16671	12131	40519	196	-
16671	12131	40519	196	-
16671	12131	40519	196	-
13993	13122	40519	196	-
16671	12131	40519	196	-
16671	12131	40519	196	-
16671	12131	40519	196	-
16671	12131	40519	196	-
16671	12131	40519	196	-
16671	12131	40519	196	-
13993	15667	40519	196	-
14547	15581	40519	197	-
8294	11780	40519	197	nmap
14547	15581	40519	197	-
14547	15581	40519	197	-
14547	15581	40519	197	-
14547	15581	40519	197	-
14547	15581	40519	197	-
14547	15581	40519	197	-
14547	15581	40519	197	-
14547	1207	40519	197	-
14547	15581	40519	197	-
14547	15581	40519	197	-
14547	15581	40519	197	-
14547	15581	40519	197	-
14547	15581	40519	197	-
14547	15581	40519	197	-
14547	15581	40519	197	-
14547	15581	40519	197	-
14547	15581	40519	197	-
14547	15581	40519	197	-
14547	15581	40519	197	-
14547	15581	40519	197	-
14547	6687	40519	197	-
14547	15581	40519	197	-
14547	15581	40519	197	-
5376	4800	40519	200	snmpgetattack
23317	12431	40519	200	snmpgetattack
3076	8452	40519	202	portsweep
5376	4800	40519	205	snmpgetattack
23317	12431	40519	205	snmpgetattack
16671	8757	40519	208	-
16671	2463	40519	208	-
16671	8757	40519	208	-
16671	8757	40519	208	-
16671	8757	40519	209	-
16671	8757	40519	209	-
16671	8757	40519	209	-
16671	8757	40519	209	-
16671	8757	40519	209	-
23317	12431	40519	210	snmpgetattack
5376	4800	40519	210	snmpgetattack
5376	4800	40519	215	snmpgetattack
23317	12431	40519	215	snmpgetattack
5376	4800	40519	220	snmpgetattack
23317	12431	40519	220	snmpgetattack
16671	8757	40519	220	-
6775	2843	40519	223	-
3957	15394	40519	223	-
3957	15394	40519	223	-
6775	9554	40519	223	-
20367	19350	40519	224	-
3957	15394	40519	224	-
20367	19350	40519	224	-
5376	4800	40519	225	snmpgetattack
23317	12431	40519	225	snmpgetattack
10571	3297	40519	225	-
10571	3297	40519	228	-
3957	15394	40519	228	-
3957	15394	40519	228	-
5376	4800	40519	230	snmpgetattack
23317	12431	40519	230	snmpgetattack
14547	12254	40519	232	-
14547	15581	40519	232	-
14547	15581	40519	232	-
14547	15581	40519	232	-
14547	15581	40519	232	-
14547	15581	40519	232	-
14547	15581	40519	232	-
14547	15581	40519	232	-
14547	15581	40519	232	-
14547	15581	40519	232	-
14547	15581	40519	232	-
14547	15581	40519	232	-
14547	15581	40519	232	-
14547	15581	40519	232	-
23317	12431	40519	236	snmpgetattack
5376	4800	40519	236	snmpgetattack
14547	7215	40519	240	-
14547	7215	40519	240	-
14547	7215	40519	241	-
3076	8452	40519	241	portsweep
20367	3611	40519	241	dict
14547	7215	40519	241	-
14547	7215	40519	241	-
14547	7215	40519	241	-
14547	7215	40519	241	-
23317	12431	40519	241	snmpgetattack
5376	4800	40519	241	snmpgetattack
14547	7215	40519	241	-
14547	7215	40519	241	-
14547	7215	40519	241	-
14547	7215	40519	241	-
5376	4800	40519	246	snmpgetattack
23317	12431	40519	246	snmpgetattack
7179	16332	40519	246	-
3957	15394	40519	246	-
3957	15394	40519	246	-
3297	1001	26261	249	-
5376	4800	26261	251	snmpgetattack
23317	12431	26261	251	snmpgetattack
5376	4800	26261	256	snmpgetattack
23317	12431	26261	256	snmpgetattack
7179	9554	26261	257	-
3957	15394	26261	257	-
3957	15394	26261	257	-
23317	12431	26261	261	snmpgetattack
5376	4800	26261	261	snmpgetattack
587	9118	26261	265	-
587	9118	26261	265	-
587	9118	26261	265	-
587	9118	26261	265	-
587	9118	26261	265	-
587	9118	26261	265	-
587	9118	26261	265	-
587	9118	26261	265	-
587	9118	26261	265	-
587	9118	26261	265	-
587	9118	26261	265	-
587	9118	26261	265	-
587	9118	26261	265	-
587	9118	26261	265	-
587	9118	26261	265	-
5376	4800	26261	266	snmpgetattack
23317	12431	26261	266	snmpgetattack
587	9118	26261	266	-
587	9118	26261	266	-
587	9118	26261	266	-
18246	14026	26261	270	-
5376	4800	26261	271	snmpgetattack
23317	12431	26261	271	snmpgetattack
23317	12431	26261	276	snmpgetattack
5376	4800	26261	276	snmpgetattack
18246	14026	26261	277	-
18246	14026	26261	277	-
3076	8452	26261	279	portsweep
23317	12431	26261	281	snmpgetattack
5376	4800	26261	281	snmpgetattack
23317	12431	26261	286	snmpgetattack
5376	4800	26261	286	snmpgetattack
5376	4800	26261	291	snmpgetattack
23317	12431	26261	291	snmpgetattack
23317	12431	26261	296	snmpgetattack
5376	4800	26261	296	snmpgetattack
21708	15667	26261	296	-
23317	12431	26261	301	snmpgetattack
5376	4800	26261	301	snmpgetattack
23317	12431	26261	306	snmpgetattack
5376	4800	26261	306	snmpgetattack
16671	1379	18806	308	-
16671	10211	18806	308	-
16671	10211	18806	308	-
16671	1379	18806	308	-
16671	10211	18806	308	-
16671	10211	18806	308	-
16671	10211	18806	308	-
16671	1379	18806	308	-
16671	1379	18806	308	-
16671	10211	18806	308	-
16671	10211	18806	308	-
16671	1379	18806	308	-
16671	10211	18806	308	-
16671	10211	18806	308	-
16671	1379	18806	308	-
16671	1379	18806	308	-
16671	10211	18806	308	-
16671	1379	18806	308	-
16671	1379	18806	308	-
16671	1379	18806	308	-
16671	10211	18806	308	-
16671	10211	18806	308	-
16671	1379	18806	309	-
16671	1379	18806	309	-
16671	1379	18806	309	-
16671	1379	18806	309	-
16671	1379	18806	309	-
16671	10211	18806	309	-
16671	10211	18806	309	-
16671	10211	18806	309	-
16671	1379	18806	309	-
16671	10211	18806	309	-
16671	1379	18806	309	-
16671	1379	18806	309	-
16671	10211	18806	309	-
16671	1379	18806	309	-
16671	1379	18806	309	-
16671	1379	18806	309	-
16671	10211	18806	309	-
16671	1379	18806	309	-
16671	1379	18806	309	-
16671	10211	18806	309	-
16671	10211	18806	309	-
16671	10211	18806	309	-
16671	10211	18806	310	-
16671	10211	18806	310	-
16671	10211	18806	310	-
5376	4800	18806	311	snmpgetattack
23317	12431	18806	311	snmpgetattack
14547	7215	18806	312	-
14547	7215	18806	312	-
14547	7215	18806	312	-
5376	4800	18806	316	snmpgetattack
23317	12431	18806	316	snmpgetattack
3076	8452	18806	317	portsweep
5376	4800	18806	321	snmpgetattack
23317	12431	18806	321	snmpgetattack
587	11900	18806	325	-
5376	4800	18806	326	snmpgetattack
23317	12431	18806	326	snmpgetattack
16671	22198	18806	330	-
16671	22198	18806	330	-
16671	22198	18806	330	-
16671	22198	18806	330	-
16671	22198	18806	330	-
16671	22198	18806	330	-
16671	22198	18806	330	-
16671	22198	18806	330	-
16671	22198	18806	330	-
16671	22198	18806	330	-
5376	4800	18806	331	snmpgetattack
23317	12431	18806	331	snmpgetattack
5376	4800	18806	337	snmpgetattack
23317	12431	18806	337	snmpgetattack
19181	8452	18806	340	-
16671	12056	18806	341	-
16671	12056	18806	341	-
16671	12056	18806	342	-
16671	12056	18806	342	-
16671	12056	18806	342	-
16671	12056	18806	342	-
16671	12056	18806	342	-
16671	12056	18806	342	-
16671	12056	18806	342	-
16671	12056	18806	342	-
16671	12056	18806	342	-
16671	12056	18806	342	-
16671	12056	18806	342	-
16671	22198	18806	342	-
16671	12056	18806	342	-
16671	12056	18806	342	-
16671	12056	18806	342	-
16671	12056	18806	342	-
16671	12056	18806	342	-
16671	12056	18806	342	-
16671	10211	18806	342	-
23317	12431	18806	342	snmpgetattack
5376	4800	18806	342	snmpgetattack
5376	4800	18806	347	snmpgetattack
23317	12431	18806	347	snmpgetattack
8294	11780	18806	348	nmap
8294	11780	18806	348	nmap
7215	22418	18806	351	-
5376	4800	18806	352	snmpgetattack
23317	12431	18806	352	snmpgetattack
7215	22418	18806	352	-
7215	16067	18806	352	-
7215	9343	18806	352	-
7215	22418	18806	352	-
7215	22418	18806	352	-
7215	22418	18806	352	-
7215	13180	18806	352	-
7215	22418	18806	352	-
7215	22418	18806	352	-
7215	23249	18806	352	-
7215	13122	18806	354	-
3076	8452	18806	356	portsweep
7215	13122	18806	357	-
23317	12431	18806	357	snmpgetattack
5376	4800	18806	357	snmpgetattack
16671	22986	18806	360	-
16671	19834	18806	360	-
16671	7197	18806	361	-
16671	7197	18806	361	-
16671	7197	18806	361	-
16671	7197	18806	361	-
16671	7197	18806	361	-
16671	7197	18806	361	-
16671	7197	18806	361	-
16671	7197	18806	361	-
16671	7197	18806	361	-
16671	7197	18806	361	-
16671	7197	18806	361	-
16671	7197	18806	361	-
16671	7197	18806	362	-
16671	7197	18806	362	-
16671	7197	18806	362	-
16671	7197	18806	362	-
16671	7197	18806	362	-
16671	7197	18806	362	-
16671	7197	18806	362	-
16671	7197	18806	362	-
16671	7197	18806	362	-
16671	7197	18806	362	-
23317	12431	18806	362	snmpgetattack
5376	4800	18806	362	snmpgetattack
5376	4800	19730	367	snmpgetattack
23317	12431	19730	367	snmpgetattack
14547	3374	19730	368	-
14547	3374	19730	368	-
14547	3374	19730	368	-
587	16139	19730	371	-
587	16139	19730	371	-
587	16139	19730	371	-
587	2463	19730	371	-
587	16139	19730	371	-
587	16139	19730	371	-
587	16139	19730	371	-
587	16139	19730	371	-
587	16139	19730	371	-
587	16139	19730	371	-
587	16139	19730	371	-
587	16139	19730	371	-
587	16139	19730	371	-
587	16139	19730	371	-
587	16139	19730	372	-
587	16139	19730	372	-
587	16139	19730	372	-
587	16139	19730	372	-
587	16139	19730	372	-
587	16139	19730	372	-
587	16139	19730	372	-
587	16139	19730	372	-
587	16139	19730	372	-
587	16139	19730	372	-
587	16139	19730	372	-
587	16139	19730	372	-
587	16139	19730	372	-
587	16139	19730	372	-
587	16139	19730	372	-
587	16139	19730	372	-
587	16139	19730	372	-
587	16139	19730	372	-
587	16139	19730	372	-
587	16139	19730	372	-
23317	12431	19730	372	snmpgetattack
5376	4800	19730	372	snmpgetattack
587	16139	19730	372	-
587	16139	19730	372	-
587	16139	19730	372	-
14547	17923	19730	374	-
14547	17923	19730	374	-
14547	17923	19730	374	-
3957	15394	19730	374	-
3957	15394	19730	374	-
20367	19350	19730	374	-
20367	19350	19730	374	-
882	16531	19730	374	-
20367	19350	19730	375	-
20367	19350	19730	375	-
20367	19350	19730	375	-
13993	19834	19730	376	-
5376	4800	19730	377	snmpgetattack
23317	12431	19730	377	snmpgetattack
6775	4981	19730	377	-
13993	19834	19730	378	-
13993	19834	19730	380	-
3957	15394	19730	381	-
3957	15394	19730	381	-
6775	4981	19730	381	-
23317	12431	19730	382	snmpgetattack
5376	4800	19730	382	snmpgetattack
13993	19834	19730	384	-
23317	12431	19730	387	snmpgetattack
5376	4800	19730	387	snmpgetattack
23317	12431	19730	392	snmpgetattack
5376	4800	19730	392	snmpgetattack
587	9118	19730	393	-
587	9118	19730	393	-
587	9118	19730	393	-
587	9118	19730	393	-
587	9118	19730	393	-
587	9118	19730	393	-
587	9118	19730	393	-
587	9118	19730	393	-
587	9118	19730	393	-
587	9118	19730	393	-
587	9118	19730	393	-
587	9118	19730	393	-
587	9118	19730	393	-
587	9118	19730	393	-
587	9118	19730	393	-
587	9118	19730	393	-
587	9118	19730	393	-
587	9118	19730	393	-
3076	8452	19730	394	portsweep
5376	4800	19730	397	snmpgetattack
23317	12431	19730	397	snmpgetattack
12985	15667	19730	398	-
16671	12056	19730	402	-
16671	12056	19730	402	-
16671	12056	19730	402	-
16671	12056	19730	402	-
16671	12056	19730	402	-
16671	12056	19730	402	-
16671	12056	19730	402	-
16671	12056	19730	402	-
16671	12056	19730	402	-
16671	12056	19730	402	-
16671	12056	19730	402	-
16671	12056	19730	402	-
23317	12431	19730	402	snmpgetattack
16671	12056	19730	402	-
16671	12056	19730	402	-
16671	12056	19730	402	-
5376	4800	19730	402	snmpgetattack
16671	12056	19730	403	-
16671	12056	19730	403	-
16671	12056	19730	403	-
16671	10211	19730	403	-
3957	587	19730	404	-
3957	15394	19730	404	-
3957	15394	19730	404	-
3076	3461	19730	404	-
5376	4800	19730	407	snmpgetattack
23317	12431	19730	407	snmpgetattack
18246	14026	19730	409	-
18246	14026	19730	409	-
18246	14026	19730	409	-
5376	4800	19730	412	snmpgetattack
23317	12431	19730	412	snmpgetattack
23317	12431	19730	417	snmpgetattack
5376	4800	19730	417	snmpgetattack
5376	4800	19730	422	snmpgetattack
23317	12431	19730	422	snmpgetattack
587	9118	19730	423	-
587	9118	19730	423	-
587	9118	19730	423	-
587	9118	19730	423	-
587	9118	19730	423	-
587	9118	19730	423	-
587	9118	19730	423	-
587	9118	19730	423	-
587	9118	19730	423	-
587	9118	19730	423	-
587	9118	19730	423	-
587	9118	19730	423	-
587	9118	19730	423	-
587	9118	19730	423	-
587	9118	19730	423	-
587	9118	19730	423	-
587	9118	19730	423	-
587	9118	19730	423	-
587	9118	19730	423	-
587	9118	19730	423	-
587	9118	19730	423	-
587	9118	19730	423	-
587	9118	19730	423	-
587	9118	19730	423	-
587	9118	19730	423	-
17624	8452	19730	425	-
5376	4800	18007	427	snmpgetattack
23317	12431	18007	427	snmpgetattack
4800	5938	18007	427	-
17624	8452	18007	428	-
7215	13180	18007	429	-
7215	13180	18007	429	-
7215	13180	18007	429	-
7215	13180	18007	429	-
7215	13180	18007	429	-
7215	13180	18007	430	-
7215	23249	18007	430	-
7215	13180	18007	430	-
7215	16067	18007	430	-
7215	22418	18007	430	-
7215	13180	18007	430	-
7215	9343	18007	430	-
7215	21532	18007	430	-
3076	8452	18007	432	portsweep
14547	6687	18007	434	-
14547	22030	18007	434	-
14547	22030	18007	434	-
14547	22030	18007	434	-
14547	1207	18007	434	-
7215	11691	18007	435	-
7215	13180	18007	435	-
5376	4800	18007	437	snmpgetattack
23317	12431	18007	437	snmpgetattack
23317	12431	18007	442	snmpgetattack
5376	4800	18007	442	snmpgetattack
23317	12431	18007	447	snmpgetattack
5376	4800	18007	447	snmpgetattack
5376	4800	18007	452	snmpgetattack
23317	12431	18007	452	snmpgetattack
4800	5938	18007	454	-
14547	17923	18007	456	-
5376	4800	18007	457	snmpgetattack
23317	12431	18007	458	snmpgetattack
16671	22198	18007	460	-
587	9118	18007	462	-
587	9118	18007	462	-
587	9118	18007	462	-
587	9118	18007	462	-
587	9118	18007	462	-
587	9118	18007	462	-
587	9118	18007	462	-
587	9118	18007	462	-
587	9118	18007	462	-
587	9118	18007	462	-
587	9118	18007	462	-
587	9118	18007	462	-
587	9118	18007	463	-
587	9118	18007	463	-
587	9118	18007	463	-
587	9118	18007	463	-
587	9118	18007	463	-
14547	22030	18007	463	-
587	9118	18007	463	-
14547	22030	18007	463	-
587	9118	18007	463	-
587	9118	18007	463	-
14547	22030	18007	463	-
587	9118	18007	463	-
587	9118	18007	463	-
587	9118	18007	463	-
587	9118	18007	463	-
587	9118	18007	463	-
587	9118	18007	463	-
587	9118	18007	463	-
587	9118	18007	463	-
587	9118	18007	463	-
587	9118	18007	463	-
587	9118	18007	463	-
587	9118	18007	463	-
587	9118	18007	463	-
587	9118	18007	463	-
23317	12431	18007	463	snmpgetattack
5376	4800	18007	463	snmpgetattack
14547	1207	18007	463	-
5376	4800	18007	468	snmpgetattack
23317	12431	18007	468	snmpgetattack
3076	8452	18007	470	portsweep
5376	4800	18007	473	snmpgetattack
23317	12431	18007	473	snmpgetattack
3957	15394	18007	475	-
15394	4800	18007	475	-
23317	882	18007	475	-
17624	4981	18007	475	-
3957	15394	18007	475	-
17624	16531	18007	475	-
3957	15394	18007	477	-
3957	15394	18007	477	-
23317	12431	18007	478	snmpgetattack
5376	4800	18007	478	snmpgetattack
5376	4800	18007	483	snmpgetattack
23317	12431	18007	483	snmpgetattack
5376	4800	38815	488	snmpgetattack
23317	12431	38815	488	snmpgetattack
5376	4800	38815	493	snmpgetattack
23317	12431	38815	493	snmpgetattack
18246	14026	38815	494	-
18246	14026	38815	494	-
18246	14026	38815	494	-
5376	4800	38815	498	snmpgetattack
23317	12431	38815	498	snmpgetattack
8294	11780	38815	499	nmap
17624	8452	38815	502	-
5376	4800	38815	503	snmpgetattack
23317	12431	38815	503	snmpgetattack
18246	14026	38815	504	-
18246	14026	38815	504	-
18246	14026	38815	504	-
23317	12431	38815	508	snmpgetattack
17624	8452	38815	508	-
5376	4800	38815	508	snmpgetattack
3076	8452	38815	509	portsweep
23317	12431	38815	513	snmpgetattack
5376	4800	38815	513	snmpgetattack
16671	12056	38815	515	-
16671	12056	38815	515	-
16671	12056	38815	515	-
16671	12056	38815	515	-
16671	12056	38815	515	-
16671	12056	38815	515	-
16671	12056	38815	515	-
16671	12056	38815	515	-
16671	12056	38815	515	-
16671	12056	38815	515	-
16671	12056	38815	515	-
16671	12056	38815	515	-
16671	12056	38815	515	-
16671	12056	38815	515	-
16671	12056	38815	515	-
16671	12056	38815	515	-
16671	12056	38815	515	-
16671	10211	38815	515	-
16671	12056	38815	515	-
5376	4800	38815	518	snmpgetattack
23317	12431	38815	518	snmpgetattack
5376	4800	38815	523	snmpgetattack
23317	12431	38815	523	snmpgetattack
23317	12431	38815	528	snmpgetattack
5376	4800	38815	528	snmpgetattack
5376	4800	38815	533	snmpgetattack
23317	12431	38815	533	snmpgetattack
23317	12431	38815	538	snmpgetattack
5376	4800	38815	538	snmpgetattack
5376	4800	38815	543	snmpgetattack
23317	12431	38815	543	snmpgetattack
12985	15667	38815	543	-
17624	8452	38815	545	-
3076	8452	21756	547	portsweep
17624	8452	21756	547	-
23317	12431	21756	548	snmpgetattack
5376	4800	21756	548	snmpgetattack
17624	8452	21756	550	-
587	9118	21756	552	-
17624	8452	21756	552	-
587	9118	21756	553	-
587	9118	21756	553	-
587	9118	21756	553	-
587	9118	21756	553	-
587	9118	21756	553	-
587	9118	21756	553	-
587	9118	21756	553	-
587	9118	21756	553	-
587	9118	21756	553	-
587	9118	21756	553	-
587	9118	21756	553	-
23317	12431	21756	553	snmpgetattack
587	9118	21756	553	-
587	9118	21756	553	-
5376	4800	21756	553	snmpgetattack
587	9118	21756	553	-
587	9118	21756	553	-
587	9118	21756	553	-
587	9118	21756	553	-
587	9118	21756	553	-
587	9118	21756	553	-
587	9118	21756	553	-
587	9118	21756	553	-
587	9118	21756	553	-
587	9118	21756	553	-
587	9118	21756	553	-
587	9118	21756	553	-
587	9118	21756	553	-
587	9118	21756	553	-
587	9118	21756	553	-
17624	8452	21756	554	-
14547	17923	21756	557	-
17624	8452	21756	557	-
14547	17923	21756	557	-
14547	17923	21756	557	-
23317	12431	21756	558	snmpgetattack
5376	4800	21756	558	snmpgetattack
17624	8452	21756	560	-
17624	8452	21756	560	-
17624	8452	21756	560	-
17624	8452	21756	560	-
17624	8452	21756	560	-
17624	8452	21756	560	-
17624	8452	21756	560	-
17624	8452	21756	560	-
17624	8452	21756	561	-
17624	8452	21756	561	-
17624	8452	21756	561	-
17624	8452	21756	561	-
23317	12431	21756	563	snmpgetattack
5376	4800	21756	563	snmpgetattack
7215	15667	21756	567	-
23317	12431	21756	568	snmpgetattack
5376	4800	21756	568	snmpgetattack
17624	4981	21756	569	-
17624	4981	21756	571	-
587	9118	21756	572	-
587	9118	21756	572	-
587	9118	21756	572	-
587	9118	21756	572	-
587	9118	21756	572	-
587	9118	21756	572	-
587	9118	21756	572	-
587	9118	21756	572	-
587	9118	21756	572	-
587	9118	21756	572	-
587	9118	21756	573	-
17624	4981	21756	573	-
587	9118	21756	573	-
587	9118	21756	573	-
587	9118	21756	573	-
5376	4800	21756	573	snmpgetattack
23317	12431	21756	573	snmpgetattack
587	9118	21756	573	-
587	9118	21756	573	-
587	9118	21756	573	-
587	9118	21756	573	-
587	9118	21756	573	-
587	9118	21756	573	-
587	9118	21756	573	-
587	9118	21756	573	-
587	9118	21756	573	-
587	9118	21756	573	-
587	9118	21756	573	-
3957	15394	21756	574	-
7179	3297	21756	574	-
7179	16593	21756	574	-
3957	15394	21756	575	-
7179	8452	21756	575	-
17624	4981	21756	575	-
7179	9554	21756	575	-
3957	15394	21756	576	-
12985	15667	21756	577	-
17624	4981	21756	578	-
5376	4800	21756	578	snmpgetattack
23317	12431	21756	578	snmpgetattack
8328	8452	21756	582	warez
14547	6687	21756	583	-
23317	12431	21756	584	snmpgetattack
5376	4800	21756	584	snmpgetattack
17624	4981	21756	585	-
3076	8452	21756	586	portsweep
14547	22030	21756	586	-
14547	17923	21756	586	-
12985	12678	21756	589	warez
12985	12678	21756	589	warez
16671	80	21756	591	-
16671	80	21756	591	-
14547	6687	21756	591	-
14547	22030	21756	591	-
17624	4981	21756	591	-
16671	80	21756	591	-
14547	1207	21756	592	-
14547	22030	21756	592	-
14547	22030	21756	592	-
23317	12431	21756	594	snmpgetattack
5376	4800	21756	594	snmpgetattack
14547	13122	21756	595	-
14547	15894	21756	596	-
19839	15667	21756	598	-
23317	12431	21756	599	snmpgetattack
5376	4800	21756	599	snmpgetattack
17624	3611	21756	600	-
17624	3611	21756	603	-
5376	4800	21756	604	snmpgetattack
23317	12431	21756	604	snmpgetattack
3957	15394	21756	604	-
17624	3611	21756	605	-
17624	3611	35238	608	-
14547	19249	35238	608	-
14547	19249	35238	609	-
14547	19249	35238	609	-
14547	19249	35238	609	-
14547	19249	35238	609	-
14547	19249	35238	609	-
14547	19249	35238	609	-
14547	19249	35238	609	-
14547	19249	35238	609	-
14547	19249	35238	609	-
14547	19249	35238	609	-
23317	12431	35238	609	snmpgetattack
5376	4800	35238	609	snmpgetattack
14547	19249	35238	609	-
14547	19249	35238	609	-
14547	19249	35238	609	-
14547	19249	35238	609	-
14547	19249	35238	609	-
14547	19249	35238	609	-
14547	19249	35238	609	-
14547	19249	35238	609	-
14547	19249	35238	609	-
14547	19249	35238	609	-
14547	19249	35238	609	-
7215	13180	35238	609	-
14547	19249	35238	609	-
14547	19249	35238	609	-
16671	20990	35238	613	-
5376	4800	35238	614	snmpgetattack
23317	12431	35238	614	snmpgetattack
16671	20990	35238	614	-
16671	20990	35238	614	-
16671	20990	35238	614	-
16671	20990	35238	614	-
12985	15667	35238	614	-
20367	19350	35238	615	-
20367	19350	35238	615	-
20367	19350	35238	615	-
5376	4800	35238	619	snmpgetattack
23317	12431	35238	619	snmpgetattack
3076	8452	35238	624	portsweep
5376	4800	35238	629	snmpgetattack
23317	12431	35238	629	snmpgetattack
7215	9343	35238	630	-
7215	483	35238	630	-
7215	483	35238	630	-
587	9118	35238	630	-
7215	483	35238	630	-
17624	8452	35238	631	-
5376	4800	35238	634	snmpgetattack
23317	12431	35238	634	snmpgetattack
17624	8452	35238	635	-
5376	4800	35238	639	snmpgetattack
23317	12431	35238	639	snmpgetattack
17624	8452	35238	640	-
5376	4800	35238	644	snmpgetattack
23317	12431	35238	644	snmpgetattack
5376	4800	35238	649	snmpgetattack
23317	12431	35238	649	snmpgetattack
6114	15894	35238	649	-
8294	11780	35238	650	nmap
8294	11780	35238	650	nmap
23317	12431	35238	654	snmpgetattack
5376	4800	35238	654	snmpgetattack
7782	15894	35238	657	-
5376	4800	35238	659	snmpgetattack
23317	12431	35238	659	snmpgetattack
7782	15894	35238	660	-
3076	8452	35238	662	portsweep
23317	12431	35238	664	snmpgetattack
5376	4800	35238	664	snmpgetattack
5376	4800	13236	669	snmpgetattack
23317	12431	13236	669	snmpgetattack
5376	4800	13236	674	snmpgetattack
23317	12431	13236	674	snmpgetattack
20367	19350	13236	675	-
5376	4800	13236	679	snmpgetattack
23317	12431	13236	679	snmpgetattack
7215	483	13236	683	-
7215	483	13236	683	-
7215	483	13236	683	-
7215	483	13236	683	-
7215	483	13236	683	-
5376	4800	13236	684	snmpgetattack
23317	12431	13236	684	snmpgetattack
7215	5887	13236	688	-
5376	4800	13236	689	snmpgetattack
23317	12431	13236	689	snmpgetattack
7215	20317	13236	691	-
7215	5887	13236	691	-
7215	5887	13236	691	-
7215	5887	13236	691	-
7215	5887	13236	691	-
7215	5887	13236	691	-
7215	5887	13236	691	-
23317	12431	13236	695	snmpgetattack
5376	4800	13236	695	snmpgetattack
7215	5887	13236	696	-
7215	5887	13236	696	-
7215	5887	13236	696	-
7215	5887	13236	696	-
7215	5887	13236	696	-
587	12818	13236	698	-
587	12818	13236	698	-
3076	8452	13236	700	portsweep
5376	4800	13236	705	snmpgetattack
23317	12431	13236	705	snmpgetattack
5376	4800	13236	710	snmpgetattack
23317	12431	13236	710	snmpgetattack
18246	14026	13236	713	-
18246	14026	13236	713	-
18246	14026	13236	713	-
3957	15394	13236	715	-
3957	15394	13236	715	-
23317	12431	13236	715	snmpgetattack
5376	4800	13236	715	snmpgetattack
17624	16531	13236	715	-
13993	15667	13236	717	-
5376	4800	13236	720	snmpgetattack
23317	12431	13236	720	snmpgetattack
13993	15667	13236	720	-
13993	15667	13236	722	-
5376	4800	13236	725	snmpgetattack
23317	12431	13236	725	snmpgetattack
13993	15667	13236	725	-
587	9118	13236	726	-
587	9118	10045	728	-
587	9118	10045	728	-
587	9118	10045	728	-
587	9118	10045	728	-
587	9118	10045	729	-
587	9118	10045	729	-
587	9118	10045	729	-
587	9118	10045	729	-
587	9118	10045	729	-
587	9118	10045	729	-
587	9118	10045	729	-
587	9118	10045	729	-
587	9118	10045	729	-
587	9118	10045	729	-
587	9118	10045	729	-
587	9118	10045	729	-
587	9118	10045	729	-
5376	4800	10045	730	snmpgetattack
23317	12431	10045	730	snmpgetattack
5376	4800	10045	735	snmpgetattack
23317	12431	10045	735	snmpgetattack
18246	14026	10045	737	-
3076	8452	10045	738	portsweep
587	9118	10045	740	-
587	9118	10045	740	-
587	9118	10045	740	-
587	9118	10045	740	-
587	9118	10045	740	-
587	9118	10045	740	-
23317	12431	10045	740	snmpgetattack
5376	4800	10045	740	snmpgetattack
587	9118	10045	740	-
587	9118	10045	740	-
587	9118	10045	741	-
587	9118	10045	741	-
587	9118	10045	741	-
587	9118	10045	741	-
587	9118	10045	741	-
587	9118	10045	741	-
587	9118	10045	741	-
587	9118	10045	741	-
587	9118	10045	741	-
5376	4800	10045	745	snmpgetattack
23317	12431	10045	745	snmpgetattack
14547	19249	10045	749	-
14547	19249	10045	749	-
14547	19249	10045	749	-
14547	19249	10045	749	-
14547	19249	10045	749	-
14547	19249	10045	749	-
14547	19249	10045	749	-
14547	19249	10045	749	-
14547	19249	10045	749	-
14547	19249	10045	749	-
14547	19249	10045	749	-
14547	19249	10045	749	-
14547	19249	10045	749	-
14547	19249	10045	749	-
14547	19249	10045	749	-
14547	19249	10045	749	-
14547	19249	10045	749	-
14547	19249	10045	749	-
14547	19249	10045	749	-
14547	19249	10045	749	-
14547	19249	10045	749	-
14547	19249	10045	749	-
14547	19249	10045	749	-
14547	19249	10045	749	-
14547	19249	10045	749	-
23317	12431	10045	750	snmpgetattack
5376	4800	10045	750	snmpgetattack
14547	11909	10045	752	-
14547	11909	10045	752	-
14547	11909	10045	752	-
14547	11909	10045	752	-
14547	11909	10045	752	-
14547	11909	10045	752	-
14547	11909	10045	752	-
14547	11909	10045	752	-
14547	11909	10045	752	-
14547	11909	10045	752	-
14547	11909	10045	752	-
14547	11909	10045	752	-
14547	11909	10045	752	-
14547	11909	10045	752	-
14547	11909	10045	752	-
14547	11909	10045	752	-
14547	11909	10045	752	-
14547	11909	10045	752	-
14547	11909	10045	752	-
14547	11909	10045	753	-
14547	11909	10045	753	-
14547	11909	10045	753	-
14547	11909	10045	753	-
14547	11909	10045	753	-
14547	11909	10045	753	-
14547	11909	10045	753	-
14547	11909	10045	753	-
14547	11909	10045	753	-
14547	11909	10045	753	-
14547	11909	10045	753	-
14547	11909	10045	753	-
14547	11909	10045	753	-
14547	11909	10045	753	-
18246	2272	10045	753	-
14547	11909	10045	753	-
14547	11909	10045	753	-
14547	11909	10045	753	-
5376	4800	10045	755	snmpgetattack
23317	12431	10045	755	snmpgetattack
18246	22749	10045	756	-
18246	915	10045	759	-
18246	2272	10045	759	-
18246	2272	10045	759	-
18246	2272	10045	759	-
18246	2272	10045	759	-
5376	4800	10045	760	snmpgetattack
23317	12431	10045	760	snmpgetattack
18246	16121	10045	762	-
5376	4800	10045	765	snmpgetattack
18246	655	10045	765	-
23317	12431	10045	765	snmpgetattack
18246	15660	10045	768	-
5376	4800	10045	770	snmpgetattack
23317	12431	10045	770	snmpgetattack
14547	18459	10045	771	-
14547	18459	10045	771	-
14547	18459	10045	771	-
14547	18459	10045	771	-
14547	18459	10045	771	-
14547	18459	10045	771	-
14547	18459	10045	771	-
14547	18459	10045	771	-
14547	18459	10045	771	-
14547	18459	10045	771	-
14547	18459	10045	771	-
14547	18459	10045	771	-
14547	18459	10045	771	-
14547	18459	10045	771	-
14547	18459	10045	771	-
18246	9460	10045	771	-
14547	18459	10045	771	-
14547	18459	10045	771	-
14547	18459	10045	771	-
14547	18459	10045	771	-
14547	18459	10045	771	-
14547	18459	10045	771	-
14547	18459	10045	771	-
14547	18459	10045	771	-
14547	18459	10045	771	-
14547	18459	10045	771	-
14547	18459	10045	771	-
14547	18459	10045	771	-
14547	18459	10045	771	-
5376	4800	10045	775	snmpgetattack
23317	12431	10045	775	snmpgetattack
3076	8452	10045	777	portsweep
5376	4800	10045	780	snmpgetattack
23317	12431	10045	780	snmpgetattack
14547	20857	10045	783	-
23317	12431	10045	785	snmpgetattack
5376	4800	10045	785	snmpgetattack
19531	13936	20177	787	-
23317	12431	20177	790	snmpgetattack
5376	4800	20177	790	snmpgetattack
5376	4800	20177	795	snmpgetattack
23317	12431	20177	795	snmpgetattack
14547	18459	20177	797	-
14547	18459	20177	797	-
14547	18459	20177	797	-
14547	18459	20177	797	-
14547	18459	20177	797	-
14547	18459	20177	797	-
14547	18459	20177	797	-
14547	18459	20177	797	-
14547	18459	20177	797	-
14547	18459	20177	797	-
5376	4800	20177	800	snmpgetattack
23317	12431	20177	800	snmpgetattack
587	9118	20177	801	-
587	9118	20177	801	-
8294	11780	20177	801	nmap
5376	4800	20177	805	snmpgetattack
23317	12431	20177	805	snmpgetattack
5376	4800	20177	810	snmpgetattack
23317	12431	20177	810	snmpgetattack
18246	11124	20177	812	-
18246	3679	20177	815	-
23317	12431	20177	815	snmpgetattack
5376	4800	20177	815	snmpgetattack
18246	3679	20177	816	-
18246	3679	20177	816	-
18246	3679	20177	816	-
18246	3679	20177	816	-
18246	3679	20177	816	-
18246	3679	20177	816	-
18246	3679	20177	816	-
18246	3679	20177	816	-
18246	3679	20177	816	-
18246	3679	20177	816	-
18246	3679	20177	816	-
18246	3679	20177	816	-
3076	8452	20177	816	portsweep
23317	12431	20177	821	snmpgetattack
5376	4800	20177	821	snmpgetattack
23317	12431	20177	826	snmpgetattack
5376	4800	20177	826	snmpgetattack
5376	4800	20177	831	snmpgetattack
23317	12431	20177	831	snmpgetattack
5376	4800	20177	836	snmpgetattack
23317	12431	20177	836	snmpgetattack
14547	18459	20177	839	-
14547	18459	20177	839	-
14547	18459	20177	839	-
20367	3611	20177	841	dict
3957	15394	20177	843	-
3957	15394	20177	843	-
882	16531	20177	843	-
587	9118	20177	844	-
587	9118	20177	844	-
587	9118	20177	844	-
587	9118	20177	844	-
587	9118	20177	844	-
587	9118	20177	844	-
587	9118	20177	844	-
587	9118	20177	844	-
7215	5887	20177	845	-
7215	5887	20177	845	-
7215	5887	20177	845	-
7215	5887	20177	845	-
13993	19834	20177	845	-
587	9118	20177	845	-
587	9118	20177	845	-
587	9118	20177	845	-
587	9118	20177	845	-
587	9118	20177	845	-
587	9118	20177	845	-
587	9118	20177	845	-
587	9118	20177	845	-
587	9118	20177	845	-
7215	5887	20177	845	-
5376	4800	20177	846	snmpgetattack
23317	12431	20177	846	snmpgetattack
13993	19834	36962	847	-
13993	19834	36962	850	-
23317	12431	36962	851	snmpgetattack
5376	4800	36962	851	snmpgetattack
13993	19834	36962	852	-
14547	595	36962	853	-
14547	595	36962	853	-
13993	19834	36962	854	-
3076	8452	36962	854	portsweep
5376	4800	36962	856	snmpgetattack
23317	12431	36962	856	snmpgetattack
13993	19834	36962	856	-
13993	19834	36962	859	-
13993	19834	36962	859	-
13993	19834	36962	859	-
13993	19834	36962	860	-
13993	19834	36962	860	-
13993	19834	36962	860	-
13993	19834	36962	860	-
13993	19834	36962	860	-
13993	19834	36962	860	-
13993	19834	36962	860	-
13993	19834	36962	860	-
13993	19834	36962	860	-
13993	19834	36962	860	-
13993	19834	36962	860	-
13993	19834	36962	860	-
13993	19834	36962	860	-
13993	19834	36962	860	-
13993	19834	36962	860	-
5376	4800	36962	861	snmpgetattack
23317	12431	36962	861	snmpgetattack
5376	4800	36962	866	snmpgetattack
23317	12431	36962	866	snmpgetattack
23317	12431	36962	871	snmpgetattack
5376	4800	36962	871	snmpgetattack
23317	12431	36962	876	snmpgetattack
5376	4800	36962	876	snmpgetattack
5376	4800	36962	881	snmpgetattack
23317	12431	36962	881	snmpgetattack
5376	4800	36962	886	snmpgetattack
23317	12431	36962	886	snmpgetattack
5376	4800	36962	891	snmpgetattack
23317	12431	36962	891	snmpgetattack
3076	8452	36962	892	portsweep
3957	15394	36962	896	-
23317	12431	36962	896	snmpgetattack
5376	4800	36962	896	snmpgetattack
8048	16531	36962	896	-
13993	1633	36962	897	-
19531	17005	36962	898	-
13993	1633	36962	899	-
23317	12431	36962	901	snmpgetattack
13993	1633	36962	901	-
5376	4800	36962	901	snmpgetattack
13993	1633	36962	904	-
23317	12431	36962	906	snmpgetattack
5376	4800	36962	906	snmpgetattack
587	9118	36104	907	-
587	22526	36104	907	-
14547	23226	36104	908	-
14547	11909	36104	908	-
5376	4800	36104	911	snmpgetattack
23317	12431	36104	911	snmpgetattack
5376	4800	36104	916	snmpgetattack
23317	12431	36104	916	snmpgetattack
23317	12431	36104	921	snmpgetattack
5376	4800	36104	921	snmpgetattack
18246	20974	36104	922	-
18246	20974	36104	922	-
18246	20974	36104	922	-
18246	20974	36104	922	-
18246	20974	36104	922	-
18246	20974	36104	922	-
18246	20974	36104	922	-
18246	20974	36104	922	-
18246	20974	36104	922	-
18246	20974	36104	922	-
18246	20974	36104	922	-
18246	20974	36104	922	-
18246	20974	36104	922	-
18246	20974	36104	922	-
18246	20974	36104	922	-
18246	20974	36104	922	-
18246	20974	36104	922	-
18246	20974	36104	922	-
5376	4800	36104	926	snmpgetattack
23317	12431	36104	926	snmpgetattack
5376	4800	36104	931	snmpgetattack
23317	12431	36104	931	snmpgetattack
3076	8452	36104	932	portsweep
5376	4800	36104	936	snmpgetattack
23317	12431	36104	936	snmpgetattack
23317	12431	36104	942	snmpgetattack
5376	4800	36104	942	snmpgetattack
23317	12431	36104	947	snmpgetattack
5376	4800	36104	947	snmpgetattack
14547	595	36104	948	-
14547	595	36104	948	-
14547	595	36104	948	-
14547	595	36104	948	-
14547	595	36104	948	-
20367	19350	36104	948	-
17624	16531	36104	948	-
13993	15667	36104	950	-
587	9118	36104	951	-
5376	4800	36104	952	snmpgetattack
23317	12431	36104	952	snmpgetattack
13993	15667	36104	952	-
8294	11780	36104	952	nmap
8294	11780	36104	952	nmap
14547	8109	36104	954	-
587	9118	36104	955	-
587	9118	36104	955	-
587	9118	36104	955	-
587	9118	36104	955	-
587	9118	36104	955	-
587	9118	36104	955	-
587	9118	36104	955	-
587	9118	36104	955	-
587	9118	36104	955	-
587	9118	36104	955	-
587	9118	36104	955	-
587	9118	36104	955	-
587	9118	36104	955	-
587	9118	36104	955	-
587	9118	36104	955	-
587	9118	36104	955	-
13993	15667	36104	955	-
587	9118	36104	955	-
5376	4800	36104	957	snmpgetattack
23317	12431	36104	957	snmpgetattack
13993	15667	36104	958	-
587	9118	36104	959	-
587	9118	36104	959	-
587	9118	36104	959	-
587	9118	36104	959	-
14547	17005	36104	959	-
587	9118	36104	959	-
587	9118	36104	959	-
587	9118	36104	959	-
587	9118	36104	959	-
587	9118	36104	959	-
587	9118	36104	959	-
587	9118	36104	959	-
587	9118	36104	959	-
587	9118	36104	959	-
587	9118	36104	959	-
587	9118	36104	959	-
587	9118	36104	959	-
587	9118	36104	959	-
23317	12431	36104	962	snmpgetattack
5376	4800	36104	962	snmpgetattack
23317	12431	8117	967	snmpgetattack
5376	4800	8117	967	snmpgetattack
3957	15394	8117	971	-
12332	2843	8117	971	-
3076	8452	8117	971	portsweep
3957	15394	8117	971	-
23317	12431	8117	972	snmpgetattack
5376	4800	8117	972	snmpgetattack
3957	15394	8117	973	-
882	23167	8117	973	-
14547	16772	8117	974	-
14547	16772	8117	974	-
14547	16772	8117	974	-
14547	16772	8117	974	-
14547	16772	8117	974	-
14547	16772	8117	974	-
14547	16772	8117	974	-
882	3461	8117	974	-
14547	16772	8117	974	-
3957	15394	8117	975	-
23317	12431	8117	977	snmpgetattack
5376	4800	8117	977	snmpgetattack
20367	19350	8117	981	-
20367	587	8117	981	-
3957	15394	8117	981	-
5376	4800	8117	982	snmpgetattack
23317	12431	8117	982	snmpgetattack
23317	12431	8117	987	snmpgetattack
5376	4800	8117	987	snmpgetattack
14547	3548	8117	990	-
14547	3548	8117	990	-
14547	3548	8117	990	-
14547	3548	8117	990	-
14547	3548	8117	990	-
14547	3548	8117	990	-
14547	3548	8117	990	-
14547	3548	8117	990	-
14547	3548	8117	990	-
14547	3548	8117	990	-
14547	3548	8117	990	-
5376	4800	8117	992	snmpgetattack
23317	12431	8117	992	snmpgetattack
5376	4800	8117	997	snmpgetattack
23317	12431	8117	997	snmpgetattack
14547	6046	8117	999	-
14547	6046	8117	999	-
14547	6046	8117	999	-
14547	6046	8117	999	-
14547	6046	8117	1000	-
14547	6046	8117	1000	-
14547	6046	8117	1000	-
14547	6046	8117	1000	-
23317	12431	8117	1002	snmpgetattack
19531	13936	8117	1002	-
19531	13936	8117	1002	-
19531	13936	8117	1002	-
19531	13936	8117	1002	-
5376	4800	8117	1002	snmpgetattack
23317	12431	8117	1007	snmpgetattack
5376	4800	8117	1007	snmpgetattack
3076	8452	8117	1009	portsweep
587	4559	8117	1010	-
587	4559	8117	1010	-
587	4559	8117	1010	-
587	4559	8117	1010	-
5376	4800	8117	1012	snmpgetattack
23317	12431	8117	1012	snmpgetattack
14547	6694	8117	1012	-
14547	6694	8117	1012	-
14547	6694	8117	1012	-
14547	6694	8117	1012	-
14547	6694	8117	1012	-
14547	6694	8117	1012	-
14547	6694	8117	1012	-
14547	6694	8117	1012	-
14547	6694	8117	1012	-
14547	6694	8117	1012	-
14547	5145	8117	1012	-
14547	6694	8117	1012	-
14547	10522	8117	1012	-
14547	6694	8117	1012	-
14547	6694	8117	1013	-
14547	6694	8117	1013	-
587	9118	8117	1014	-
23317	12431	8117	1017	snmpgetattack
5376	4800	8117	1017	snmpgetattack
5376	4800	8117	1022	snmpgetattack
23317	12431	8117	1022	snmpgetattack
5376	4800	12457	1027	snmpgetattack
23317	12431	12457	1027	snmpgetattack
5376	4800	12457	1032	snmpgetattack
23317	12431	12457	1032	snmpgetattack
5376	4800	12457	1037	snmpgetattack
23317	12431	12457	1037	snmpgetattack
23317	12431	12457	1042	snmpgetattack
5376	4800	12457	1042	snmpgetattack
3957	15394	12457	1046	-
10571	2843	12457	1046	-
5376	4800	12457	1047	snmpgetattack
23317	12431	12457	1047	snmpgetattack
3076	8452	12457	1048	portsweep
23317	12431	12457	1052	snmpgetattack
5376	4800	12457	1052	snmpgetattack
14547	3548	12457	1053	-
14547	3548	12457	1053	-
14547	3548	12457	1054	-
14547	3548	12457	1054	-
14547	3548	12457	1054	-
14547	3548	12457	1054	-
14547	3548	12457	1054	-
14547	3548	12457	1054	-
14547	3548	12457	1054	-
14547	3548	12457	1054	-
14547	3548	12457	1054	-
14547	3548	12457	1054	-
14547	3548	12457	1054	-
14547	3548	12457	1054	-
14547	3548	12457	1054	-
14547	3548	12457	1054	-
14547	3548	12457	1054	-
14547	948	12457	1056	-
14547	948	12457	1056	-
14547	948	12457	1056	-
5376	4800	12457	1057	snmpgetattack
23317	12431	12457	1057	snmpgetattack
19531	9118	12457	1061	-
19531	9118	12457	1061	-
19531	9118	12457	1061	-
19531	9118	12457	1061	-
19531	9118	12457	1061	-
19531	9118	12457	1061	-
19531	9118	12457	1061	-
19531	9118	12457	1061	-
19531	9118	12457	1061	-
19531	9118	12457	1061	-
19531	9118	12457	1061	-
19531	9118	12457	1061	-
19531	9118	12457	1061	-
19531	9118	12457	1061	-
19531	9118	12457	1061	-
18246	20974	12457	1062	-
18246	20974	12457	1062	-
18246	20974	12457	1062	-
18246	20974	12457	1062	-
18246	20974	12457	1062	-
19531	9118	12457	1062	-
19531	9118	12457	1062	-
23317	12431	12457	1062	snmpgetattack
5376	4800	12457	1062	snmpgetattack
3957	15394	12457	1064	-
3957	15394	12457	1064	-
20312	4981	12457	1064	-
20312	3461	12457	1065	-
3957	15394	12457	1066	-
3957	15394	12457	1066	-
14547	3548	12457	1066	-
14547	3548	12457	1066	-
20312	16593	12457	1066	-
14547	3548	12457	1067	-
14547	3548	12457	1067	-
14547	3548	12457	1067	-
14547	3548	12457	1067	-
14547	3548	12457	1067	-
14547	3548	12457	1067	-
3957	15394	12457	1067	-
3957	15394	12457	1067	-
14547	3548	12457	1067	-
14547	3548	12457	1067	-
5376	4800	12457	1068	snmpgetattack
23317	12431	12457	1068	snmpgetattack
14547	3548	12457	1068	-
14547	3548	12457	1068	-
14547	20271	12457	1068	-
14547	3548	12457	1068	-
14547	3548	12457	1068	-
14547	3548	12457	1068	-
5376	4800	12457	1073	snmpgetattack
23317	12431	12457	1073	snmpgetattack
23317	882	12457	1075	-
15394	4800	12457	1075	-
587	18719	12457	1077	-
587	18719	12457	1078	-
3611	15894	12457	1078	-
587	18719	12457	1078	-
587	18719	12457	1078	-
587	18719	12457	1078	-
587	18719	12457	1078	-
587	18719	12457	1078	-
23317	12431	12457	1078	snmpgetattack
5376	4800	12457	1078	snmpgetattack
587	18719	12457	1078	-
587	18719	12457	1078	-
587	4559	12457	1078	-
587	18719	12457	1078	-
587	18719	12457	1078	-
587	18719	12457	1078	-
3611	11900	12457	1078	-
3611	19531	12457	1079	-
14547	16530	12457	1082	-
14547	16530	12457	1082	-
14547	16530	12457	1082	-
14547	16530	12457	1082	-
5376	4800	12457	1083	snmpgetattack
23317	12431	12457	1083	snmpgetattack
3076	8452	12457	1086	portsweep
5376	4800	25825	1088	snmpgetattack
23317	12431	25825	1088	snmpgetattack
14547	16530	25825	1088	-
14547	16530	25825	1088	-
14547	16530	25825	1088	-
5376	4800	25825	1093	snmpgetattack
23317	12431	25825	1093	snmpgetattack
20367	19350	25825	1095	-
20367	19350	25825	1095	-
20367	19350	25825	1095	-
20367	19350	25825	1095	-
20367	19350	25825	1095	-
23317	12431	25825	1098	snmpgetattack
5376	4800	25825	1098	snmpgetattack
587	18719	25825	1098	-
587	18719	25825	1099	-
587	18719	25825	1099	-
587	18719	25825	1099	-
8294	11780	25825	1103	nmap
5376	4800	25825	1108	snmpgetattack
23317	12431	25825	1108	snmpgetattack
5376	4800	25825	1113	snmpgetattack
23317	12431	25825	1113	snmpgetattack
11001	5938	25825	1115	-
11001	13122	25825	1115	-
3957	15394	25825	1117	-
3957	15394	25825	1117	-
882	3297	25825	1117	-
5376	4800	25825	1118	snmpgetattack
23317	12431	25825	1118	snmpgetattack
882	4981	25825	1118	-
3957	15394	25825	1119	-
882	16332	25825	1119	-
3957	15394	25825	1120	-
23317	12431	25825	1123	snmpgetattack
5376	4800	25825	1123	snmpgetattack
587	4061	25825	1124	-
587	4061	25825	1124	-
587	4061	25825	1124	-
587	4061	25825	1124	-
587	4061	25825	1124	-
587	15581	25825	1124	-
587	4061	25825	1124	-
587	4061	25825	1124	-
587	4061	25825	1124	-
587	4061	25825	1124	-
587	4061	25825	1124	-
587	4061	25825	1124	-
587	4061	25825	1124	-
587	4061	25825	1124	-
587	4061	25825	1124	-
587	4061	25825	1124	-
587	4061	25825	1125	-
587	4061	25825	1125	-
587	4061	25825	1125	-
587	4061	25825	1125	-
20367	19350	25825	1125	-
14547	18332	25825	1125	-
587	4061	25825	1125	-
587	4061	25825	1125	-
20367	19350	25825	1125	-
587	4061	25825	1125	-
20367	19350	25825	1125	-
587	4061	25825	1125	-
3076	8452	25825	1126	portsweep
5376	4800	25825	1128	snmpgetattack
23317	12431	25825	1128	snmpgetattack
3957	15394	25825	1131	-
3957	15394	25825	1131	-
3957	15394	25825	1131	-
3957	15394	25825	1131	-
3957	15394	25825	1131	-
23317	12431	25825	1133	snmpgetattack
5376	4800	25825	1133	snmpgetattack
18246	12434	25825	1137	-
18246	12434	25825	1137	-
18246	12434	25825	1138	-
18246	12434	25825	1138	-
18246	12434	25825	1138	-
18246	12434	25825	1138	-
18246	12434	25825	1138	-
18246	12434	25825	1138	-
18246	12434	25825	1138	-
18246	12434	25825	1138	-
18246	12434	25825	1138	-
23317	12431	25825	1138	snmpgetattack
5376	4800	25825	1138	snmpgetattack
18246	12434	25825	1138	-
18246	12434	25825	1138	-
3374	19834	25825	1139	-
20367	19350	25825	1143	-
23317	12431	25825	1143	snmpgetattack
5376	4800	25825	1143	snmpgetattack
14547	7674	45780	1148	-
14547	7674	45780	1148	-
14547	7674	45780	1148	-
14547	7674	45780	1148	-
14547	7674	45780	1148	-
14547	7674	45780	1148	-
23317	12431	45780	1148	snmpgetattack
5376	4800	45780	1148	snmpgetattack
587	15690	45780	1153	-
5376	4800	45780	1153	snmpgetattack
23317	12431	45780	1153	snmpgetattack
587	15690	45780	1154	-
587	15690	45780	1154	-
587	15690	45780	1154	-
587	15690	45780	1154	-
587	15690	45780	1154	-
587	15690	45780	1154	-
587	15690	45780	1154	-
587	15690	45780	1154	-
587	15690	45780	1154	-
587	15690	45780	1154	-
587	15690	45780	1154	-
587	15690	45780	1154	-
587	15690	45780	1154	-
587	15690	45780	1154	-
587	15690	45780	1154	-
587	15690	45780	1154	-
587	15690	45780	1154	-
587	15690	45780	1154	-
587	15690	45780	1154	-
587	15690	45780	1154	-
587	15690	45780	1154	-
587	15690	45780	1154	-
587	15690	45780	1154	-
587	15690	45780	1154	-
587	15690	45780	1154	-
587	15690	45780	1154	-
587	15690	45780	1154	-
587	15690	45780	1154	-
587	15690	45780	1154	-
587	15690	45780	1154	-
587	15690	45780	1154	-
587	15690	45780	1155	-
587	15690	45780	1155	-
587	15690	45780	1155	-
587	15690	45780	1155	-
5376	4800	45780	1158	snmpgetattack
23317	12431	45780	1158	snmpgetattack
19531	9118	45780	1161	-
5376	4800	45780	1163	snmpgetattack
23317	12431	45780	1163	snmpgetattack
3076	8452	45780	1166	portsweep
23317	12431	45780	1168	snmpgetattack
5376	4800	45780	1168	snmpgetattack
19531	9118	45780	1170	-
19531	9118	45780	1170	-
11001	21708	45780	1170	-
19531	9118	45780	1170	-
19531	9118	45780	1170	-
19531	9118	45780	1170	-
19531	9118	45780	1170	-
19531	9118	45780	1170	-
19531	9118	45780	1170	-
19531	9118	45780	1170	-
19531	9118	45780	1171	-
10429	5938	45780	1171	-
19531	9118	45780	1171	-
19531	9118	45780	1171	-
19531	9118	45780	1171	-
19531	9118	45780	1171	-
19531	9118	45780	1171	-
19531	9118	45780	1171	-
10429	13122	45780	1171	-
3957	15394	45780	1172	-
12332	14437	45780	1172	-
12332	23167	45780	1172	-
5376	4800	45780	1173	snmpgetattack
23317	12431	45780	1173	snmpgetattack
3957	15394	45780	1173	-
3957	15394	45780	1173	-
10429	19531	45780	1173	-
12332	4981	45780	1173	-
3957	15394	45780	1175	-
3957	15394	45780	1175	-
12332	3461	45780	1175	-
3957	15394	45780	1176	-
3957	15394	45780	1176	-
12332	16593	45780	1176	-
17923	15394	45780	1177	-
17923	23167	45780	1177	-
10571	3297	45780	1177	-
3957	15394	45780	1177	-
3957	15394	45780	1177	-
3957	15394	45780	1177	-
3297	587	45780	1177	-
5376	4800	45780	1178	snmpgetattack
23317	12431	45780	1178	snmpgetattack
3611	15667	45780	1178	-
17624	2843	45780	1180	-
17624	2843	45780	1182	-
23317	12431	45780	1183	snmpgetattack
5376	4800	45780	1183	snmpgetattack
19531	9118	45780	1183	-
17624	2843	45780	1184	-
20367	19350	45780	1185	-
20367	19350	45780	1185	-
14547	5938	45780	1185	-
20367	19350	45780	1185	-
20367	19350	45780	1185	-
20367	19350	45780	1185	-
14547	15894	45780	1185	-
14547	19834	45780	1186	-
14547	11900	45780	1187	-
23317	12431	45780	1188	snmpgetattack
5376	4800	45780	1188	snmpgetattack
17624	2843	45780	1188	-
14547	1633	45780	1189	-
587	18519	45780	1190	-
587	18519	45780	1190	-
587	18519	45780	1190	-
587	18519	45780	1190	-
587	18519	45780	1190	-
587	18519	45780	1190	-
587	18519	45780	1190	-
587	18519	45780	1190	-
587	18519	45780	1190	-
587	18519	45780	1190	-
587	18519	45780	1190	-
587	18519	45780	1190	-
587	18519	45780	1190	-
587	18519	45780	1190	-
587	18519	45780	1190	-
587	18519	45780	1190	-
587	18519	45780	1190	-
587	18519	45780	1190	-
587	18519	45780	1190	-
14547	21708	45780	1190	-
587	18519	45780	1191	-
587	18519	45780	1191	-
587	18519	45780	1191	-
587	18519	45780	1191	-
587	18519	45780	1191	-
587	18519	45780	1191	-
587	18519	45780	1191	-
587	18519	45780	1191	-
587	18519	45780	1191	-
587	18519	45780	1191	-
587	18519	45780	1191	-
587	18519	45780	1191	-
587	18519	45780	1191	-
587	18519	45780	1191	-
18246	12434	45780	1192	-
18246	12434	45780	1192	-
18246	12434	45780	1192	-
18246	12434	45780	1192	-
18246	12434	45780	1192	-
18246	12434	45780	1192	-
18246	12434	45780	1192	-
18246	12434	45780	1193	-
18246	12434	45780	1193	-
18246	12434	45780	1193	-
18246	12434	45780	1193	-
18246	12434	45780	1193	-
18246	12434	45780	1193	-
18246	12434	45780	1193	-
18246	12434	45780	1193	-
18246	12434	45780	1193	-
5376	4800	45780	1194	snmpgetattack
23317	12431	45780	1194	snmpgetattack
14547	15394	45780	1194	-
23317	12431	45780	1199	snmpgetattack
5376	4800	45780	1199	snmpgetattack
3957	15394	45780	1200	-
3957	15394	45780	1200	-
6775	3461	45780	1200	-
6775	16531	45780	1200	-
3957	15394	45780	1201	-
6775	16593	45780	1201	-
3957	15394	45780	1202	-
3957	15394	45780	1203	-
7179	2843	45780	1203	-
23317	12431	45780	1204	snmpgetattack
5376	4800	45780	1204	snmpgetattack
7179	3461	45780	1204	-
3957	15394	45780	1205	-
3957	15394	45780	1205	-
3076	8452	45780	1205	portsweep
14547	3548	7974	1207	-
23317	12431	7974	1209	snmpgetattack
7782	5938	7974	1209	-
5376	4800	7974	1209	snmpgetattack
14547	9963	7974	1210	-
14547	9963	7974	1210	-
14547	9963	7974	1210	-
14547	9963	7974	1210	-
14547	9963	7974	1210	-
14547	9963	7974	1210	-
14547	9963	7974	1210	-
14547	9963	7974	1210	-
14547	9963	7974	1210	-
11001	21708	7974	1210	-
5376	4800	7974	1214	snmpgetattack
23317	12431	7974	1214	snmpgetattack
20367	19350	7974	1215	-
20367	19350	7974	1215	-
20367	19350	7974	1215	-
20367	19350	7974	1215	-
20367	19350	7974	1215	-
20367	19350	7974	1215	-
20367	19350	7974	1215	-
20367	19350	7974	1215	-
20367	19350	7974	1215	-
20367	19350	7974	1215	-
20367	19350	7974	1219	-
20367	19350	7974	1219	-
23317	12431	7974	1219	snmpgetattack
20367	19350	7974	1219	-
20367	19350	7974	1219	-
5376	4800	7974	1219	snmpgetattack
8048	3297	7974	1223	-
20367	19350	7974	1223	-
5376	4800	7974	1224	snmpgetattack
23317	12431	7974	1224	snmpgetattack
5376	4800	7974	1229	snmpgetattack
23317	12431	7974	1229	snmpgetattack
19603	16332	7974	1233	-
3957	15394	7974	1233	-
23317	12431	7974	1234	snmpgetattack
5376	4800	7974	1234	snmpgetattack
13993	13122	7974	1237	-
13993	15894	7974	1237	-
5376	4800	7974	1239	snmpgetattack
23317	12431	7974	1239	snmpgetattack
14547	3374	7974	1243	-
14547	3374	7974	1243	-
14547	3374	7974	1243	-
14547	3374	7974	1243	-
14547	3374	7974	1243	-
14547	3374	7974	1243	-
14547	3374	7974	1243	-
3076	8452	7974	1244	portsweep
18246	3698	7974	1247	-
587	18519	7974	1248	-
587	18519	7974	1248	-
20367	19350	7974	1249	-
5376	4800	7974	1249	snmpgetattack
23317	12431	7974	1249	snmpgetattack
3957	15394	7974	1249	-
20367	19350	7974	1249	-
8294	11780	7974	1254	nmap
8294	11780	7974	1254	nmap
3957	15394	7974	1258	-
3957	15394	7974	1258	-
882	16332	7974	1258	-
5376	4800	7974	1259	snmpgetattack
23317	12431	7974	1259	snmpgetattack
7179	3461	7974	1260	-
3957	15394	7974	1260	-
3957	15394	7974	1260	-
7179	4981	7974	1260	-
18246	10774	7974	1261	-
18246	10774	7974	1261	-
18246	10774	7974	1261	-
18246	10774	7974	1261	-
18246	10774	7974	1261	-
18246	10774	7974	1261	-
18246	10774	7974	1261	-
3957	15394	7974	1261	-
18246	10211	7974	1261	-
18246	10774	7974	1261	-
18246	10774	7974	1261	-
18246	10774	7974	1261	-
18246	10774	7974	1261	-
7179	16531	7974	1261	-
3957	15394	7974	1262	-
3957	15394	7974	1262	-
7179	8452	7974	1263	-
5376	4800	7974	1264	snmpgetattack
23317	12431	7974	1264	snmpgetattack
23317	12431	21665	1269	snmpgetattack
5376	4800	21665	1269	snmpgetattack
5376	4800	21665	1274	snmpgetattack
23317	12431	21665	1274	snmpgetattack
14547	9963	21665	1275	-
14547	9963	21665	1275	-
14547	9963	21665	1275	-
14547	9963	21665	1275	-
14547	9963	21665	1275	-
5376	4800	21665	1279	snmpgetattack
23317	12431	21665	1279	snmpgetattack
3076	8452	21665	1282	portsweep
3957	15394	21665	1283	-
3957	15394	21665	1283	-
5376	4800	21665	1284	snmpgetattack
23317	12431	21665	1284	snmpgetattack
3957	13122	21665	1284	-
5376	4800	21665	1289	snmpgetattack
23317	12431	21665	1289	snmpgetattack
3957	15394	21665	1289	-
3957	15394	21665	1289	-
3957	15894	21665	1289	-
5376	4800	21665	1294	snmpgetattack
23317	12431	21665	1294	snmpgetattack
3957	15394	21665	1294	-
3957	15394	21665	1294	-
3957	5938	21665	1294	-
3957	21708	21665	1299	-
3957	15394	21665	1299	-
3957	15394	21665	1299	-
5376	4800	21665	1299	snmpgetattack
23317	12431	21665	1299	snmpgetattack
14547	9963	21665	1301	-
14547	9963	21665	1301	-
14547	9963	21665	1301	-
14547	9963	21665	1301	-
14547	9963	21665	1301	-
14547	9963	21665	1301	-
14547	9963	21665	1301	-
14547	9963	21665	1301	-
3957	1633	21665	1304	-
3957	15394	21665	1304	-
3957	587	21665	1304	-
3957	15394	21665	1304	-
23317	12431	21665	1304	snmpgetattack
5376	4800	21665	1304	snmpgetattack
23317	12431	21665	1309	snmpgetattack
5376	4800	21665	1309	snmpgetattack
3957	15394	21665	1309	-
3957	15394	21665	1309	-
3957	15394	21665	1309	-
3957	15667	21665	1309	-
20312	16593	21665	1309	-
3957	22986	21665	1313	-
20367	19350	21665	1314	-
3957	15894	21665	1314	-
3957	13122	21665	1314	-
587	2528	21665	1315	-
587	2528	21665	1315	-
587	2528	21665	1315	-
587	2528	21665	1315	-
587	2528	21665	1315	-
587	2528	21665	1315	-
587	2528	21665	1315	-
23317	12431	21665	1315	snmpgetattack
5376	4800	21665	1315	snmpgetattack
587	2528	21665	1315	-
587	2528	21665	1315	-
587	2528	21665	1315	-
587	2528	21665	1315	-
587	2528	21665	1315	-
587	2528	21665	1315	-
587	2528	21665	1315	-
3957	5938	21665	1315	-
587	2528	21665	1315	-
3957	21708	21665	1315	-
587	2528	21665	1316	-
587	2528	21665	1316	-
587	2528	21665	1316	-
587	2528	21665	1316	-
587	2528	21665	1316	-
587	2528	21665	1316	-
587	2528	21665	1316	-
587	2528	21665	1316	-
587	2528	21665	1316	-
587	2528	21665	1316	-
587	2528	21665	1316	-
587	2528	21665	1316	-
587	2528	21665	1316	-
587	2528	21665	1316	-
3957	15667	21665	1316	-
3957	1633	21665	1316	-
3957	15394	21665	1318	-
3957	22986	21665	1318	-
16671	13122	21665	1319	-
3076	8452	21665	1320	portsweep
3957	15394	21665	1320	-
3957	15394	21665	1320	-
17624	14437	21665	1320	-
17624	7268	21665	1321	-
17624	9554	21665	1322	-
3957	15394	21665	1322	-
5376	4800	21665	1325	snmpgetattack
23317	12431	21665	1325	snmpgetattack
5376	4800	39127	1330	snmpgetattack
23317	12431	39127	1330	snmpgetattack
18246	3698	39127	1332	-
23317	12431	39127	1335	snmpgetattack
5376	4800	39127	1335	snmpgetattack
12985	15894	39127	1336	-
20367	19350	39127	1339	-
20367	19350	39127	1339	-
20367	19350	39127	1339	-
20367	19350	39127	1339	-
3957	15394	39127	1339	-
20367	19350	39127	1339	-
20367	19350	39127	1339	-
20367	19350	39127	1339	-
20367	19350	39127	1339	-
5376	4800	39127	1340	snmpgetattack
23317	12431	39127	1340	snmpgetattack
7215	11900	39127	1340	-
20367	19350	39127	1340	-
20367	19350	39127	1343	-
20367	19350	39127	1343	-
20367	19350	39127	1343	-
20367	19350	39127	1343	-
20367	19350	39127	1343	-
20367	19350	39127	1343	-
23317	12431	39127	1345	snmpgetattack
5376	4800	39127	1345	snmpgetattack
587	1509	39127	1346	-
5376	4800	39127	1350	snmpgetattack
23317	12431	39127	1350	snmpgetattack
5376	4800	39127	1355	snmpgetattack
23317	12431	39127	1355	snmpgetattack
14547	9963	39127	1355	-
14547	9963	39127	1355	-
14547	9963	39127	1355	-
14547	9963	39127	1355	-
14547	9963	39127	1355	-
14547	9963	39127	1355	-
14547	9963	39127	1355	-
14547	9963	39127	1355	-
14547	9963	39127	1355	-
14547	9963	39127	1355	-
14547	9963	39127	1355	-
3076	8452	39127	1358	portsweep
19531	3548	39127	1359	-
5376	4800	39127	1360	snmpgetattack
23317	12431	39127	1360	snmpgetattack
19531	3548	39127	1360	-
19531	3548	39127	1360	-
19531	3548	39127	1360	-
19531	3548	39127	1360	-
19531	3548	39127	1360	-
19531	3548	39127	1360	-
19531	3548	39127	1360	-
19531	3548	39127	1360	-
19531	3548	39127	1360	-
19531	3548	39127	1360	-
5376	4800	39127	1365	snmpgetattack
23317	12431	39127	1365	snmpgetattack
5376	4800	39127	1370	snmpgetattack
23317	12431	39127	1370	snmpgetattack
20367	19350	39127	1373	-
20367	19350	39127	1373	-
23317	12431	39127	1375	snmpgetattack
5376	4800	39127	1375	snmpgetattack
5376	4800	39127	1380	snmpgetattack
23317	12431	39127	1380	snmpgetattack
587	15394	39127	1383	-
5376	4800	39127	1385	snmpgetattack
23317	12431	39127	1385	snmpgetattack
23317	12431	921	1390	snmpgetattack
5376	4800	921	1390	snmpgetattack
23317	12431	921	1395	snmpgetattack
5376	4800	921	1395	snmpgetattack
3076	8452	921	1396	portsweep
14547	9118	921	1401	-
14547	9118	921	1401	-
14547	9118	921	1401	-
14547	9118	921	1401	-
14547	9118	921	1401	-
14547	9118	921	1401	-
14547	9118	921	1401	-
14547	9118	921	1401	-
14547	9118	921	1401	-
14547	9118	921	1401	-
14547	9118	921	1401	-
14547	9118	921	1401	-
14547	9118	921	1401	-
14547	9118	921	1401	-
14547	9118	921	1401	-
14547	9118	921	1401	-
14547	9118	921	1401	-
14547	9118	921	1401	-
14547	9118	921	1401	-
14547	9118	921	1401	-
5376	4800	921	1401	snmpgetattack
23317	12431	921	1401	snmpgetattack
14547	9118	921	1401	-
14547	9118	921	1401	-
14547	9118	921	1401	-
14547	9118	921	1401	-
14547	9118	921	1401	-
14547	9118	921	1401	-
14547	9118	921	1401	-
14547	9118	921	1401	-
14547	7674	921	1402	-
14547	9118	921	1402	-
8294	11780	921	1405	nmap
5376	4800	921	1406	snmpgetattack
23317	12431	921	1406	snmpgetattack
3957	15394	921	1407	-
3957	15394	921	1407	-
19603	16593	921	1407	-
12032	8452	921	1409	warez
12985	15197	921	1410	warez
23317	12431	921	1411	snmpgetattack
5376	4800	921	1411	snmpgetattack
12985	15197	921	1413	warez
10571	2843	921	1415	-
20367	19350	921	1416	-
23317	12431	921	1416	snmpgetattack
5376	4800	921	1416	snmpgetattack
10571	4981	921	1416	-
14547	9118	921	1417	-
3957	15394	921	1417	-
3957	15394	921	1417	-
14547	9118	921	1417	-
14547	9118	921	1417	-
14547	9118	921	1417	-
14547	9118	921	1417	-
14547	9118	921	1417	-
14547	9118	921	1417	-
14547	9118	921	1417	-
14547	9118	921	1418	-
14547	9118	921	1418	-
14547	9118	921	1418	-
14547	9118	921	1418	-
14547	9118	921	1418	-
14547	7674	921	1418	-
14547	9118	921	1418	-
14547	9118	921	1418	-
14547	9118	921	1418	-
5376	4800	921	1421	snmpgetattack
23317	12431	921	1421	snmpgetattack
19531	9118	921	1424	-
3957	15394	921	1426	-
5376	4800	921	1426	snmpgetattack
23317	12431	921	1426	snmpgetattack
3076	3297	921	1426	-
3957	15394	921	1426	-
3076	3461	921	1426	-
3957	15394	921	1427	-
3076	8452	921	1427	-
5376	4800	921	1431	snmpgetattack
23317	12431	921	1431	snmpgetattack
3076	8452	921	1436	portsweep
20367	3611	921	1441	dict
3957	15394	921	1443	-
20312	14437	921	1443	-
20312	3297	921	1443	-
3957	15394	921	1444	-
3957	15394	921	1444	-
20312	16332	921	1445	-
5376	4800	921	1446	snmpgetattack
23317	12431	921	1446	snmpgetattack
3957	15394	921	1446	-
14547	3374	37908	1448	-
14547	3374	37908	1448	-
3297	1001	37908	1449	-
5376	4800	37908	1451	snmpgetattack
23317	12431	37908	1451	snmpgetattack
14547	5938	37908	1453	-
14547	11900	37908	1453	-
5376	4800	37908	1456	snmpgetattack
23317	12431	37908	1456	snmpgetattack
18246	8161	37908	1461	-
18246	8161	37908	1461	-
5376	4800	37908	1461	snmpgetattack
23317	12431	37908	1461	snmpgetattack
18246	8161	37908	1461	-
18246	8161	37908	1461	-
18246	8161	37908	1461	-
18246	9200	37908	1461	-
20367	19350	37908	1463	-
20367	19350	37908	1463	-
20367	19350	37908	1463	-
20367	19350	37908	1463	-
19531	17005	37908	1463	-
5376	4800	37908	1466	snmpgetattack
23317	12431	37908	1466	snmpgetattack
23317	12431	37908	1471	snmpgetattack
5376	4800	37908	1471	snmpgetattack
3076	8452	37908	1474	portsweep
5376	4800	37908	1476	snmpgetattack
23317	12431	37908	1476	snmpgetattack
8048	7268	37908	1479	-
14547	12162	37908	1480	-
23317	12431	37908	1481	snmpgetattack
5376	4800	37908	1481	snmpgetattack
587	21720	37908	1483	-
23317	12431	37908	1486	snmpgetattack
5376	4800	37908	1486	snmpgetattack
14547	9118	37908	1488	-
14547	9118	37908	1488	-
14547	9118	37908	1488	-
14547	9118	37908	1488	-
14547	9118	37908	1488	-
14547	9118	37908	1488	-
14547	9118	37908	1488	-
14547	9118	37908	1488	-
14547	9118	37908	1488	-
14547	9118	37908	1488	-
14547	9118	37908	1488	-
14547	7674	37908	1488	-
14547	9118	37908	1488	-
14547	9118	37908	1488	-
14547	9118	37908	1488	-
14547	9118	37908	1488	-
14547	9118	37908	1488	-
14547	9118	37908	1488	-
14547	9118	37908	1488	-
14547	9118	37908	1488	-
14547	9118	37908	1488	-
14547	9118	37908	1488	-
23317	12431	37908	1491	snmpgetattack
3957	19531	37908	1491	-
5376	4800	37908	1491	snmpgetattack
7782	19531	37908	1492	-
7782	1633	37908	1492	-
12332	3297	37908	1493	-
20367	19350	37908	1493	-
20367	19350	37908	1493	-
20367	19350	37908	1493	-
20367	19350	37908	1493	-
3957	15394	37908	1493	-
7782	21708	37908	1493	-
5376	4800	37908	1496	snmpgetattack
23317	12431	37908	1496	snmpgetattack
23317	12431	37908	1502	snmpgetattack
5376	4800	37908	1502	snmpgetattack
14547	9118	37908	1506	-
14547	9118	37908	1506	-
14547	9118	37908	1506	-
14547	9118	37908	1506	-
14547	9118	37908	1506	-
14547	9118	37908	1506	-
14547	9118	37908	1506	-
14547	9118	37908	1506	-
14547	9118	37908	1506	-
14547	9118	37908	1506	-
14547	9118	37908	1506	-
14547	9118	37908	1506	-
14547	9118	37908	1506	-
14547	9118	37908	1506	-
14547	9118	37908	1506	-
14547	9118	37908	1506	-
14547	9118	37908	1506	-
14547	9118	37908	1506	-
14547	9118	37908	1506	-
14547	7674	37908	1506	-
14547	9118	37908	1506	-
23317	12431	44284	1507	snmpgetattack
20367	19350	44284	1507	-
8048	9554	44284	1507	-
5376	4800	44284	1507	snmpgetattack
3076	8452	44284	1512	portsweep
5376	4800	44284	1517	snmpgetattack
23317	12431	44284	1517	snmpgetattack
12985	19531	44284	1520	-
23317	12431	44284	1522	snmpgetattack
5376	4800	44284	1522	snmpgetattack
20367	19350	44284	1523	-
20367	19350	44284	1523	-
5376	4800	44284	1527	snmpgetattack
23317	12431	44284	1527	snmpgetattack
23317	12431	44284	1532	snmpgetattack
5376	4800	44284	1532	snmpgetattack
14547	445	44284	1534	-
14547	445	44284	1534	-
14547	445	44284	1535	-
14547	445	44284	1535	-
14547	445	44284	1535	-
14547	445	44284	1535	-
14547	445	44284	1535	-
14547	445	44284	1535	-
14547	445	44284	1535	-
14547	445	44284	1535	-
14547	445	44284	1535	-
14547	445	44284	1535	-
14547	445	44284	1535	-
14547	445	44284	1535	-
14547	445	44284	1535	-
5376	4800	44284	1537	snmpgetattack
23317	12431	44284	1537	snmpgetattack
10571	3297	44284	1540	-
3957	15394	44284	1540	-
5376	4800	44284	1542	snmpgetattack
23317	12431	44284	1542	snmpgetattack
5376	4800	44284	1547	snmpgetattack
23317	12431	44284	1547	snmpgetattack
3076	8452	44284	1550	portsweep
7538	15667	44284	1551	-
5376	4800	44284	1552	snmpgetattack
23317	12431	44284	1552	snmpgetattack
17624	7268	44284	1553	-
8294	11780	44284	1556	nmap
17624	7268	44284	1556	-
8294	11780	44284	1556	nmap
5376	4800	44284	1557	snmpgetattack
18246	8161	44284	1557	-
18246	8161	44284	1557	-
23317	12431	44284	1557	snmpgetattack
18246	8161	44284	1557	-
14547	2422	44284	1558	-
17624	7268	44284	1558	-
14547	2422	44284	1558	-
14547	2422	44284	1558	-
14547	2422	44284	1558	-
14547	2422	44284	1558	-
14547	2422	44284	1558	-
14547	2422	44284	1558	-
14547	2422	44284	1558	-
14547	2422	44284	1558	-
14547	2422	44284	1558	-
14547	2422	44284	1558	-
14547	2422	44284	1558	-
14547	2422	44284	1558	-
14547	2422	44284	1558	-
14547	2422	44284	1558	-
14547	2422	44284	1558	-
14547	2422	44284	1558	-
14547	2422	44284	1558	-
14547	2422	44284	1558	-
14547	2422	44284	1558	-
14547	2422	44284	1558	-
17624	7268	44284	1561	-
5376	4800	44284	1562	snmpgetattack
23317	12431	44284	1562	snmpgetattack
3957	15394	44284	1564	-
3076	9554	44284	1565	-
5376	4800	21364	1567	snmpgetattack
23317	12431	21364	1567	snmpgetattack
882	23167	21364	1569	-
18246	8161	21364	1570	-
18246	8161	21364	1570	-
18246	8161	21364	1570	-
5376	4800	21364	1572	snmpgetattack
23317	12431	21364	1572	snmpgetattack
882	23167	21364	1573	-
23317	12431	21364	1577	snmpgetattack
5376	4800	21364	1577	snmpgetattack
23317	12431	21364	1582	snmpgetattack
5376	4800	21364	1582	snmpgetattack
18246	8161	21364	1586	-
18246	8161	21364	1586	-
18246	8161	21364	1586	-
23317	12431	21364	1587	snmpgetattack
5376	4800	21364	1587	snmpgetattack
3076	8452	21364	1589	portsweep
14547	9963	21364	1591	-
14547	20271	21364	1591	-
14547	20271	21364	1592	-
14547	20271	21364	1592	-
14547	20271	21364	1592	-
14547	20271	21364	1592	-
14547	20271	21364	1592	-
14547	20271	21364	1592	-
14547	20271	21364	1592	-
14547	20271	21364	1592	-
14547	20271	21364	1592	-
14547	20271	21364	1592	-
14547	20271	21364	1592	-
14547	20271	21364	1592	-
14547	20271	21364	1592	-
14547	20271	21364	1592	-
14547	20271	21364	1592	-
14547	20271	21364	1592	-
14547	20271	21364	1592	-
14547	20271	21364	1592	-
5376	4800	21364	1592	snmpgetattack
23317	12431	21364	1592	snmpgetattack
14547	20271	21364	1592	-
14547	20271	21364	1592	-
14547	20271	21364	1593	-
14547	20271	21364	1594	-
14547	20271	21364	1594	-
14547	20271	21364	1594	-
14547	20271	21364	1594	-
14547	20271	21364	1594	-
14547	20271	21364	1594	-
14547	20271	21364	1594	-
14547	20271	21364	1594	-
14547	20271	21364	1594	-
14547	20271	21364	1594	-
14547	20271	21364	1594	-
14547	20271	21364	1594	-
14547	20271	21364	1594	-
14547	20271	21364	1594	-
14547	20271	21364	1594	-
14547	20271	21364	1594	-
19531	13479	21364	1595	-
19531	13479	21364	1595	-
14547	20271	21364	1596	-
18246	8161	21364	1597	-
18246	8161	21364	1597	-
18246	8161	21364	1597	-
14547	20271	21364	1597	-
14547	20271	21364	1597	-
14547	20271	21364	1597	-
14547	20271	21364	1597	-
14547	20271	21364	1597	-
14547	20271	21364	1597	-
14547	20271	21364	1597	-
14547	20271	21364	1597	-
14547	20271	21364	1597	-
14547	20271	21364	1597	-
14547	20271	21364	1597	-
14547	20271	21364	1597	-
14547	20271	21364	1597	-
14547	20271	21364	1597	-
14547	20271	21364	1597	-
14547	20271	21364	1597	-
14547	20271	21364	1597	-
14547	20271	21364	1597	-
23317	12431	21364	1597	snmpgetattack
5376	4800	21364	1597	snmpgetattack
14547	20271	21364	1597	-
14547	20271	21364	1597	-
10429	5938	21364	1598	-
10429	1633	21364	1598	-
10429	19531	21364	1599	-
10429	21708	21364	1601	-
5376	4800	21364	1602	snmpgetattack
23317	12431	21364	1602	snmpgetattack
5376	4800	21364	1607	snmpgetattack
23317	12431	21364	1607	snmpgetattack
19531	9118	21364	1609	-
19531	9118	21364	1609	-
19531	9118	21364	1609	-
19531	9118	21364	1609	-
19531	9118	21364	1609	-
19531	9118	21364	1609	-
19531	9118	21364	1609	-
19531	9118	21364	1609	-
19531	9118	21364	1609	-
19531	9118	21364	1609	-
19531	9118	21364	1609	-
19531	9118	21364	1609	-
19531	9118	21364	1609	-
19531	9118	21364	1609	-
19531	9118	21364	1609	-
19531	9118	21364	1610	-
19531	9118	21364	1610	-
5376	4800	21364	1612	snmpgetattack
23317	12431	21364	1612	snmpgetattack
20367	19350	21364	1613	-
20367	19350	21364	1613	-
20367	19350	21364	1613	-
20367	19350	21364	1613	-
14547	9118	21364	1614	-
14547	9118	21364	1614	-
14547	9118	21364	1614	-
14547	9118	21364	1614	-
14547	9118	21364	1614	-
14547	9118	21364	1614	-
14547	9118	21364	1614	-
14547	9118	21364	1614	-
14547	7674	21364	1614	-
14547	9118	21364	1614	-
14547	9118	21364	1614	-
14547	9118	21364	1614	-
14547	9118	21364	1614	-
14547	9118	21364	1614	-
14547	9118	21364	1614	-
14547	9118	21364	1614	-
14547	9118	21364	1614	-
14547	9118	21364	1614	-
14547	9118	21364	1614	-
14547	9118	21364	1614	-
14547	9118	21364	1614	-
5376	4800	21364	1617	snmpgetattack
23317	12431	21364	1617	snmpgetattack
5376	4800	21364	1622	snmpgetattack
23317	12431	21364	1622	snmpgetattack
20312	3297	21364	1625	-
18246	8161	21364	1626	-
18246	8161	21364	1626	-
18246	8161	21364	1626	-
3957	15394	36020	1627	-
20312	3297	36020	1627	-
3076	8452	36020	1627	portsweep
20312	16593	36020	1627	-
5376	4800	36020	1628	snmpgetattack
3957	15394	36020	1628	-
3957	15394	36020	1628	-
23317	12431	36020	1628	snmpgetattack
19531	11850	36020	1633	-
23317	12431	36020	1633	snmpgetattack
5376	4800	36020	1633	snmpgetattack
5376	4800	36020	1638	snmpgetattack
23317	12431	36020	1638	snmpgetattack
3957	15394	36020	1639	-
3957	15394	36020	1639	-
3076	2843	36020	1639	-
3076	3461	36020	1639	-
3957	15394	36020	1640	-
5376	4800	36020	1643	snmpgetattack
23317	12431	36020	1643	snmpgetattack
7179	3461	36020	1643	-
20367	19350	36020	1645	-
7179	16593	36020	1646	-
5376	4800	36020	1648	snmpgetattack
3957	15394	36020	1648	-
23317	12431	36020	1648	snmpgetattack
7179	8452	36020	1648	-
7179	14437	36020	1649	-
3957	15394	36020	1651	-
3957	15394	36020	1651	-
7179	3611	36020	1651	-
17624	16593	36020	1651	-
19839	15894	36020	1652	-
7179	23167	36020	1652	-
5376	4800	36020	1653	snmpgetattack
23317	12431	36020	1653	snmpgetattack
19531	9118	36020	1654	-
3957	15394	36020	1655	-
5376	4800	36020	1658	snmpgetattack
23317	12431	36020	1658	snmpgetattack
3957	15394	36020	1658	-
7179	3297	36020	1658	-
587	18332	36020	1660	-
20312	16332	36020	1662	-
3957	15394	36020	1663	-
3957	15394	36020	1663	-
23317	12431	36020	1663	snmpgetattack
5376	4800	36020	1663	snmpgetattack
7179	2843	36020	1663	-
3076	8452	36020	1665	portsweep
3611	15894	36020	1665	-
5376	4800	36020	1668	snmpgetattack
23317	12431	36020	1668	snmpgetattack
14547	19427	36020	1669	-
14547	19523	36020	1669	-
3297	15894	36020	1671	-
3297	21708	36020	1671	-
20312	4981	36020	1671	-
14547	20271	36020	1672	-
20367	19350	36020	1673	-
3957	15394	36020	1673	-
20367	19350	36020	1673	-
20367	19350	36020	1673	-
20367	19350	36020	1673	-
20367	19350	36020	1673	-
20367	19350	36020	1673	-
5376	4800	36020	1673	snmpgetattack
23317	12431	36020	1673	snmpgetattack
7179	4981	36020	1673	-
14547	20271	36020	1674	-
14547	20271	36020	1674	-
14547	20271	36020	1674	-
14547	20271	36020	1674	-
14547	20271	36020	1674	-
14547	20271	36020	1674	-
14547	20271	36020	1674	-
14547	20271	36020	1674	-
14547	20271	36020	1674	-
14547	20271	36020	1674	-
14547	20271	36020	1674	-
14547	20271	36020	1675	-
14547	20271	36020	1675	-
14547	20271	36020	1675	-
14547	20271	36020	1675	-
14547	20271	36020	1675	-
14547	20271	36020	1675	-
23317	882	36020	1675	-
14547	20271	36020	1675	-
15394	4800	36020	1675	-
14547	20271	36020	1675	-
14547	20271	36020	1675	-
3297	15667	36020	1677	-
23317	12431	36020	1678	snmpgetattack
5376	4800	36020	1678	snmpgetattack
3297	1633	36020	1678	-
3957	15394	36020	1681	-
3957	15394	36020	1681	-
19531	16340	36020	1682	-
23317	12431	36020	1683	snmpgetattack
5376	4800	36020	1683	snmpgetattack
10429	19531	36020	1685	-
3957	15394	36020	1686	-
3957	15394	36020	1686	-
19531	5938	36020	1686	-
3957	15394	38342	1687	-
17624	2843	38342	1687	-
23317	12431	38342	1688	snmpgetattack
5376	4800	38342	1688	snmpgetattack
7179	16531	38342	1688	-
7179	2843	38342	1688	-
14547	9963	38342	1690	-
14547	9963	38342	1690	-
14547	9963	38342	1690	-
14547	9963	38342	1690	-
14547	9963	38342	1690	-
14547	9963	38342	1690	-
14547	9963	38342	1690	-
14547	9963	38342	1690	-
14547	9963	38342	1690	-
14547	9963	38342	1690	-
14547	9963	38342	1690	-
3957	15394	38342	1691	-
20312	16332	38342	1691	-
19531	16340	38342	1692	-
19531	16340	38342	1692	-
19531	16340	38342	1692	-
19531	13635	38342	1692	-
19531	13635	38342	1692	-
3957	15394	38342	1692	-
3957	15394	38342	1692	-
19531	16340	38342	1692	-
19531	16340	38342	1692	-
19531	16340	38342	1692	-
19531	16340	38342	1692	-
19531	16340	38342	1692	-
19531	16340	38342	1692	-
19531	16340	38342	1692	-
19531	16340	38342	1692	-
19531	16340	38342	1692	-
19531	16340	38342	1692	-
19531	16340	38342	1692	-
19531	16340	38342	1692	-
19531	10211	38342	1692	-
17624	3611	38342	1692	-
7179	7268	38342	1692	-
19531	16340	38342	1693	-
19531	16340	38342	1693	-
19531	16340	38342	1693	-
19531	16340	38342	1693	-
14547	10311	38342	1693	-
19839	15667	38342	1693	-
14547	10311	38342	1693	-
14547	10311	38342	1693	-
19531	16340	38342	1693	-
14547	10311	38342	1693	-
14547	10311	38342	1693	-
14547	10311	38342	1693	-
14547	10311	38342	1693	-
14547	10311	38342	1693	-
5376	4800	38342	1693	snmpgetattack
23317	12431	38342	1693	snmpgetattack
14547	10311	38342	1693	-
14547	10311	38342	1693	-
7179	9554	38342	1693	-
17624	2843	38342	1693	-
11001	15894	38342	1694	-
14547	10311	38342	1694	-
14547	10311	38342	1694	-
14547	10311	38342	1694	-
14547	10311	38342	1694	-
14547	10311	38342	1694	-
14547	10311	38342	1694	-
14547	10311	38342	1694	-
14547	10311	38342	1694	-
14547	10311	38342	1694	-
14547	10311	38342	1694	-
14547	10311	38342	1694	-
14547	10311	38342	1694	-
14547	10311	38342	1694	-
14547	10311	38342	1694	-
14547	10311	38342	1694	-
14547	10311	38342	1694	-
19531	10211	38342	1695	-
19531	16340	38342	1695	-
19531	16340	38342	1695	-
19531	16340	38342	1695	-
19531	16340	38342	1695	-
19531	16340	38342	1695	-
3957	15394	38342	1695	-
19531	16340	38342	1695	-
19531	16340	38342	1695	-
19531	16340	38342	1695	-
19531	16340	38342	1695	-
19531	16340	38342	1695	-
19531	16340	38342	1695	-
19531	16340	38342	1695	-
19531	16340	38342	1695	-
19531	16340	38342	1695	-
7179	16593	38342	1696	-
20367	19350	38342	1699	-
23317	12431	38342	1699	snmpgetattack
5376	4800	38342	1699	snmpgetattack
14547	9118	38342	1700	-
14547	9118	38342	1700	-
14547	9118	38342	1700	-
14547	9118	38342	1700	-
14547	9118	38342	1700	-
14547	9118	38342	1700	-
14547	9118	38342	1700	-
14547	9118	38342	1701	-
3957	15394	38342	1701	-
3957	15394	38342	1701	-
14547	9118	38342	1701	-
14547	9118	38342	1701	-
14547	7674	38342	1701	-
14547	9118	38342	1701	-
8048	9554	38342	1701	-
7179	16332	38342	1701	-
3957	15394	38342	1703	-
20367	19350	38342	1703	-
20367	19350	38342	1703	-
3076	8452	38342	1703	portsweep
20367	19350	38342	1703	-
20367	19350	38342	1703	-
5376	4800	38342	1704	snmpgetattack
23317	12431	38342	1704	snmpgetattack
3957	15394	38342	1705	-
17624	3297	38342	1705	-
8294	11780	38342	1707	nmap
3611	22986	38342	1708	-
3611	15667	38342	1708	-
8048	9554	38342	1708	-
5376	4800	38342	1709	snmpgetattack
23317	12431	38342	1709	snmpgetattack
3957	15394	38342	1709	-
3957	15394	38342	1709	-
7179	9554	38342	1710	-
3957	15394	38342	1711	-
3957	15394	38342	1713	-
5376	4800	38342	1714	snmpgetattack
23317	12431	38342	1714	snmpgetattack
5376	4800	38342	1719	snmpgetattack
13993	22986	38342	1719	-
23317	12431	38342	1719	snmpgetattack
13993	15667	38342	1719	-
3957	15394	38342	1723	-
3957	15394	38342	1723	-
3957	15394	38342	1723	-
3957	15394	38342	1723	-
5376	4800	38342	1724	snmpgetattack
23317	12431	38342	1724	snmpgetattack
8048	16531	38342	1725	-
3957	15394	38342	1726	-
19603	16332	38342	1726	-
11001	19834	38342	1727	-
3957	15394	38342	1728	-
3957	15394	38342	1728	-
3957	15394	38342	1728	-
5376	4800	38342	1729	snmpgetattack
23317	12431	38342	1729	snmpgetattack
13993	1633	38342	1730	-
13993	1633	38342	1732	-
7215	15894	38342	1732	-
7215	1633	38342	1732	-
20367	19350	38342	1733	-
20367	19350	38342	1733	-
20367	19350	38342	1733	-
20367	19350	38342	1733	-
20367	19350	38342	1733	-
20367	19350	38342	1733	-
20367	19350	38342	1733	-
587	772	38342	1733	-
587	772	38342	1734	-
5376	4800	38342	1734	snmpgetattack
23317	12431	38342	1734	snmpgetattack
13993	1633	38342	1734	-
20367	19350	38342	1734	-
20367	19350	38342	1734	-
587	772	38342	1734	-
587	772	38342	1734	-
587	772	38342	1734	-
587	772	38342	1734	-
587	772	38342	1734	-
7215	15667	38342	1734	-
14547	9118	38342	1736	-
13993	1633	38342	1737	-
14547	9118	38342	1737	-
14547	9118	38342	1737	-
14547	9118	38342	1737	-
14547	9118	38342	1737	-
14547	9118	38342	1737	-
14547	9118	38342	1737	-
14547	9118	38342	1737	-
14547	9118	38342	1737	-
14547	9118	38342	1737	-
14547	9118	38342	1737	-
14547	9118	38342	1737	-
14547	9118	38342	1737	-
14547	9118	38342	1737	-
14547	9118	38342	1737	-
14547	9118	38342	1737	-
14547	9118	38342	1737	-
14547	9118	38342	1737	-
14547	7674	38342	1737	-
14547	9118	38342	1737	-
14547	9118	38342	1737	-
5376	4800	38342	1739	snmpgetattack
23317	12431	38342	1739	snmpgetattack
12332	16332	38342	1741	-
20367	19350	38342	1741	-
3076	8452	38342	1742	portsweep
5376	4800	38342	1744	snmpgetattack
23317	12431	38342	1744	snmpgetattack
14547	9118	21704	1748	-
14547	9963	21704	1749	-
23317	12431	21704	1749	snmpgetattack
5376	4800	21704	1749	snmpgetattack
20312	3461	21704	1749	-
14547	9963	21704	1750	-
14547	9963	21704	1750	-
14547	9963	21704	1750	-
14547	9963	21704	1750	-
14547	9963	21704	1750	-
14547	9963	21704	1750	-
14547	9963	21704	1750	-
3957	15394	21704	1751	-
20312	16332	21704	1751	-
14547	9118	21704	1753	-
14547	9118	21704	1753	-
14547	9118	21704	1753	-
14547	9118	21704	1753	-
14547	9118	21704	1753	-
14547	9118	21704	1753	-
14547	9118	21704	1753	-
14547	9118	21704	1753	-
14547	9118	21704	1753	-
14547	9118	21704	1753	-
14547	9118	21704	1753	-
14547	9118	21704	1753	-
14547	9118	21704	1753	-
14547	9118	21704	1753	-
14547	9118	21704	1754	-
14547	7674	21704	1754	-
5376	4800	21704	1754	snmpgetattack
23317	12431	21704	1754	snmpgetattack
14547	9118	21704	1754	-
14547	9118	21704	1754	-
14547	9118	21704	1754	-
14547	9118	21704	1754	-
18246	9353	21704	1755	-
18246	9353	21704	1755	-
3957	15394	21704	1755	-
3957	15394	21704	1755	-
18246	9353	21704	1755	-
18246	9353	21704	1755	-
18246	9353	21704	1755	-
18246	9353	21704	1755	-
18246	9353	21704	1755	-
18246	9353	21704	1755	-
18246	9353	21704	1755	-
18246	9353	21704	1755	-
18246	9353	21704	1755	-
18246	9353	21704	1755	-
18246	9353	21704	1755	-
14547	9118	21704	1756	-
14547	10311	21704	1756	-
14547	10311	21704	1756	-
18246	9353	21704	1756	-
18246	9353	21704	1756	-
14547	10311	21704	1756	-
14547	10311	21704	1756	-
14547	9118	21704	1756	-
14547	9118	21704	1757	-
14547	9118	21704	1757	-
14547	9118	21704	1757	-
14547	9118	21704	1757	-
14547	10311	21704	1757	-
14547	10311	21704	1757	-
14547	10311	21704	1757	-
14547	10311	21704	1757	-
14547	10311	21704	1757	-
14547	9118	21704	1757	-
14547	10311	21704	1757	-
14547	9118	21704	1757	-
14547	10311	21704	1757	-
14547	9118	21704	1757	-
14547	9118	21704	1757	-
14547	10311	21704	1757	-
14547	10311	21704	1757	-
14547	9118	21704	1757	-
14547	9118	21704	1757	-
14547	10311	21704	1757	-
14547	9118	21704	1757	-
14547	9118	21704	1757	-
14547	10311	21704	1757	-
14547	9118	21704	1757	-
14547	9118	21704	1757	-
14547	9118	21704	1758	-
14547	9963	21704	1758	-
14547	9118	21704	1758	-
14547	9118	21704	1758	-
14547	9118	21704	1758	-
14547	9118	21704	1758	-
14547	9118	21704	1758	-
14547	9118	21704	1758	-
14547	9118	21704	1758	-
14547	9118	21704	1758	-
14547	9118	21704	1758	-
14547	9118	21704	1758	-
14547	9118	21704	1758	-
14547	9118	21704	1758	-
14547	9118	21704	1758	-
14547	9963	21704	1758	-
14547	9963	21704	1758	-
14547	9963	21704	1758	-
14547	9963	21704	1758	-
5376	4800	21704	1759	snmpgetattack
23317	12431	21704	1759	snmpgetattack
14547	9963	21704	1759	-
14547	9963	21704	1759	-
14547	9963	21704	1759	-
3957	11900	21704	1760	-
587	1544	21704	1763	-
587	1544	21704	1763	-
587	1544	21704	1763	-
587	1544	21704	1763	-
587	1544	21704	1763	-
587	1544	21704	1763	-
587	1544	21704	1763	-
587	1544	21704	1764	-
587	1544	21704	1764	-
587	1544	21704	1764	-
587	1544	21704	1764	-
587	1544	21704	1764	-
587	1544	21704	1764	-
587	1544	21704	1764	-
587	1544	21704	1764	-
587	1544	21704	1764	-
587	1544	21704	1764	-
587	1544	21704	1764	-
587	1544	21704	1764	-
587	1544	21704	1764	-
23317	12431	21704	1764	snmpgetattack
5376	4800	21704	1764	snmpgetattack
20367	19350	21704	1765	-
20367	19350	21704	1765	-
12985	22986	21704	1765	-
20367	19350	21704	1765	-
14547	9118	21704	1765	-
3611	19834	21704	1768	-
3611	15667	21704	1768	-
5376	4800	21704	1769	snmpgetattack
23317	12431	21704	1769	snmpgetattack
5376	4800	21704	1775	snmpgetattack
23317	12431	21704	1775	snmpgetattack
3076	8452	21704	1780	portsweep
14547	17005	21704	1782	-
5376	4800	21704	1785	snmpgetattack
23317	12431	21704	1785	snmpgetattack
23317	12431	21704	1790	snmpgetattack
5376	4800	21704	1790	snmpgetattack
5376	4800	21704	1795	snmpgetattack
23317	12431	21704	1795	snmpgetattack
14547	15894	21704	1795	-
20367	19350	21704	1795	-
20367	19350	21704	1795	-
20367	19350	21704	1795	-
