20312	4800	36200	0	-
20312	4800	36200	2	-
20312	4800	4646	4	-
12332	4981	4646	7	-
20312	4800	4646	9	-
13993	21387	4646	10	-
13993	21387	4646	10	-
13993	21387	4646	10	-
13993	21387	4646	10	-
13993	21387	4646	10	-
13993	21387	4646	10	-
13993	21387	4646	10	-
13993	21387	4646	10	-
13993	21387	4646	10	-
13993	21387	4646	10	-
13993	21387	4646	10	-
20312	4800	4646	11	-
20312	4800	4646	13	-
15506	19350	4646	14	-
14267	8825	4646	14	-
13993	18246	4646	14	-
13993	21387	4646	14	-
14267	22668	4646	14	-
13993	21387	4646	14	-
13993	21387	4646	14	-
14267	8825	4646	14	-
13993	21387	4646	14	-
14267	8825	4646	14	-
23317	5938	4646	15	-
23317	5938	4646	15	-
23317	5938	4646	15	-
23317	5938	4646	15	-
23317	5938	4646	15	-
23317	5938	4646	15	-
23317	5938	4646	15	-
23317	5938	4646	15	-
23317	5938	4646	15	-
13993	21387	4646	15	-
20312	4800	4646	18	-
23317	5938	4646	18	-
14267	23123	4646	18	-
14267	8825	4646	18	-
14267	8825	4646	18	-
14267	8825	4646	18	-
14267	8825	4646	18	-
14267	8825	4646	18	-
14267	8825	4646	18	-
14267	8825	4646	18	-
14267	8825	4646	18	-
14267	8825	4646	18	-
14267	8825	4646	18	-
14267	8825	4646	18	-
14267	8825	4646	18	-
14267	8825	4646	18	-
14267	8825	4646	18	-
14267	8825	4646	18	-
14267	8825	4646	18	-
14267	8825	4646	18	-
14267	8825	4646	18	-
11001	150	4646	19	-
11001	150	4646	19	-
11001	150	4646	19	-
11001	150	4646	19	-
11001	150	4646	19	-
11001	150	4646	19	-
11001	150	4646	19	-
11001	150	4646	19	-
11001	150	4646	19	-
11001	150	4646	19	-
11001	150	4646	20	-
11001	150	4646	20	-
11001	150	4646	20	-
11001	150	4646	20	-
11001	150	4646	20	-
23317	5938	4646	24	-
20312	4800	4646	24	-
20312	4800	4646	29	-
23317	5938	4646	29	-
20312	4800	4646	34	-
23317	5938	4646	34	-
20312	4800	4646	39	-
23317	5938	4646	39	-
3957	15894	4646	41	-
20367	19350	4646	41	-
3297	3076	4646	43	-
20312	4800	4646	44	-
23317	5938	4646	44	-
3297	3076	4646	44	-
3297	3076	4646	44	-
3297	3076	4646	44	-
3297	3076	4646	44	-
3297	3076	4646	44	-
3297	3076	4646	44	-
3297	3076	4646	44	-
3297	3076	4646	44	-
3297	3076	4646	44	-
3297	3076	4646	44	-
3297	3076	4646	44	-
3297	3076	4646	44	-
3297	3076	4646	44	-
3297	3076	4646	44	-
3297	3076	4646	44	-
3297	3076	4646	44	-
3297	3076	4646	44	-
3297	3076	4646	44	-
3297	3076	4646	44	-
3297	3076	4646	44	-
3297	3076	4646	45	-
3297	3076	4646	45	-
20312	4800	4646	49	-
23317	5938	4646	49	-
20312	4800	4646	54	-
23317	5938	4646	54	-
3185	7268	4646	56	portsweep
7782	15894	4646	56	-
8048	3611	4646	58	-
8048	3611	4646	58	-
8048	3611	4646	58	-
20312	4800	4646	59	-
23317	5938	4646	59	-
8048	3611	4646	59	-
8048	3611	4646	59	-
8048	3611	4646	59	-
8048	3611	4646	59	-
20312	4800	6785	64	-
23317	5938	6785	64	-
3297	6157	6785	68	-
20312	4800	6785	69	-
23317	5938	6785	69	-
12332	7268	6785	70	-
12985	1633	6785	70	-
3297	6157	6785	71	-
3297	6157	6785	71	-
3297	6157	6785	71	-
3297	14263	6785	71	-
3297	6157	6785	71	-
3297	6157	6785	71	-
3297	6157	6785	71	-
3297	6157	6785	71	-
3297	6157	6785	71	-
3297	6157	6785	71	-
3297	6157	6785	71	-
3297	14263	6785	71	-
3297	6157	6785	71	-
3297	14263	6785	71	-
12985	13122	6785	71	-
3297	3858	6785	72	-
3297	6157	6785	72	-
3297	6157	6785	72	-
3297	6157	6785	72	-
3297	6157	6785	72	-
3297	6157	6785	72	-
3297	6157	6785	72	-
3297	6157	6785	72	-
16671	1633	6785	73	-
12985	15894	6785	73	-
3611	21231	6785	74	-
3611	21231	6785	74	-
3611	21231	6785	74	-
3611	21231	6785	74	-
3611	21231	6785	74	-
3611	21231	6785	74	-
3611	21231	6785	74	-
3611	21231	6785	74	-
3611	21231	6785	74	-
3611	21231	6785	75	-
3611	21231	6785	75	-
23317	5938	6785	75	-
3611	21231	6785	75	-
20312	4800	6785	75	-
16671	21708	6785	75	-
3611	4815	6785	77	-
20312	4800	6785	80	-
20312	4800	6785	82	-
20312	4800	6785	84	-
19181	3611	6785	87	satan
20312	4800	6785	89	-
19181	3611	6785	90	satan
20312	4800	6785	91	-
19181	3611	6785	92	satan
20312	4800	6785	93	-
19181	3611	6785	95	satan
3611	4815	6785	95	-
12985	21708	6785	97	-
20312	4800	6785	98	-
20312	4800	6785	100	-
12985	21708	6785	100	-
3611	4815	6785	101	-
3611	4815	6785	101	-
3611	4815	6785	101	-
3297	1633	6785	101	-
20312	4800	6785	102	-
7782	18459	6785	104	-
7782	18459	6785	104	-
12985	15667	6785	104	-
23317	5938	6785	105	-
23317	5938	6785	105	-
23317	5938	6785	105	-
23317	5938	6785	105	-
23317	5938	6785	105	-
23317	5938	6785	105	-
23317	5938	6785	106	-
23317	5938	6785	106	-
23317	5938	6785	106	-
3611	21231	6785	106	-
3611	21231	6785	106	-
20312	4800	6785	107	-
23317	5938	6785	107	-
3611	21231	6785	107	-
3611	21231	6785	107	-
3611	21231	6785	107	-
3611	21231	6785	107	-
3611	9057	6785	107	-
3611	21231	6785	107	-
3611	21231	6785	107	-
3611	21231	6785	107	-
3611	21231	6785	107	-
3611	21231	6785	107	-
3297	13122	6785	107	-
3297	1633	6785	109	-
7782	18459	6785	110	-
7782	18459	6785	110	-
7782	18459	6785	110	-
20312	4800	6785	112	-
23317	5938	6785	112	-
17624	8452	6785	113	-
14267	9186	6785	114	-
14267	9186	6785	114	-
14267	9186	6785	114	-
14267	9186	6785	114	-
14267	9186	6785	114	-
14267	9186	6785	114	-
14267	9186	6785	114	-
14267	9186	6785	114	-
14267	9186	6785	114	-
14267	9186	6785	114	-
14267	9186	6785	114	-
17624	8452	6785	115	-
20312	4800	6785	117	-
23317	5938	6785	117	-
11001	150	6785	117	-
11001	150	6785	117	-
13993	12448	6785	117	-
11001	150	6785	117	-
11001	150	6785	117	-
11001	150	6785	117	-
11001	150	6785	117	-
11001	150	6785	117	-
11001	150	6785	117	-
11001	150	6785	117	-
11001	150	6785	117	-
11001	150	6785	117	-
11001	150	6785	117	-
17624	8452	6785	117	-
13993	6195	6785	118	-
13993	9332	6785	118	-
17624	8452	6785	120	-
14267	22668	6785	120	-
20312	4800	6785	122	-
23317	5938	6785	122	-
3611	10375	6785	122	-
3611	10375	6785	122	-
3611	10375	6785	122	-
3611	10375	6785	122	-
3611	10375	6785	122	-
3611	10375	6785	122	-
17624	8452	6785	122	-
8048	7268	6785	123	-
8048	9554	6785	123	-
8048	16332	6785	123	-
17624	8452	38789	125	-
3611	10522	38789	125	-
17624	8452	38789	128	-
17624	8452	38789	128	-
17624	8452	38789	128	-
17624	8452	38789	128	-
3611	10370	38789	128	-
17624	8452	38789	128	-
17624	8452	38789	128	-
23317	5938	38789	128	-
20312	4800	38789	128	-
17624	8452	38789	128	-
3611	10375	38789	128	-
3611	10375	38789	129	-
17624	8452	38789	129	-
3611	10375	38789	129	-
3611	11044	38789	132	-
20312	4800	38789	133	-
23317	5938	38789	133	-
20312	4800	38789	138	-
23317	5938	38789	138	-
12985	1633	38789	140	-
7782	15894	38789	141	-
12985	11900	38789	141	-
23317	5938	38789	143	-
20312	4800	38789	143	-
7782	21708	38789	145	-
23317	5938	38789	148	-
20312	4800	38789	148	-
7215	19709	38789	151	-
7215	19709	38789	151	-
7215	19709	38789	151	-
7215	19709	38789	151	-
7215	19709	38789	151	-
7215	19709	38789	151	-
7215	19709	38789	152	-
7215	19709	38789	152	-
7215	19709	38789	152	-
7215	19709	38789	152	-
20312	4800	38789	153	-
3611	22668	38789	153	-
3611	8825	38789	153	-
3611	8825	38789	153	-
3611	23123	38789	153	-
3611	8825	38789	153	-
3611	8825	38789	153	-
23317	5938	38789	153	-
3611	8825	38789	153	-
3611	8825	38789	153	-
3611	8825	38789	154	-
3611	8825	38789	154	-
3611	8825	38789	154	-
3611	8825	38789	154	-
3611	8825	38789	154	-
3611	8825	38789	154	-
3611	8825	38789	154	-
3611	8825	38789	154	-
3611	8825	38789	154	-
3611	8825	38789	154	-
3611	8825	38789	154	-
3611	8825	38789	154	-
3611	8825	38789	154	-
3611	8825	38789	154	-
3611	8825	38789	154	-
7215	23317	38789	156	-
23317	5938	38789	158	-
20312	4800	38789	158	-
7782	19531	38789	158	-
6775	16593	38789	158	-
7215	20367	38789	159	-
7782	1633	38789	159	-
7782	1909	38789	161	-
23317	5938	38789	163	-
20312	4800	38789	163	-
3297	12702	38789	166	-
3297	10812	38789	166	-
23317	5938	38789	168	-
20312	4800	38789	168	-
7215	23317	38789	172	-
7215	20367	38789	173	-
20312	4800	38789	173	-
20312	4800	38789	175	-
20312	4800	38789	177	-
7215	19709	38789	179	-
7215	19709	38789	179	-
7215	19709	38789	179	-
7215	19709	38789	179	-
7215	19709	38789	179	-
7215	19709	38789	179	-
7215	19709	38789	179	-
7215	19709	38789	179	-
7215	19709	38789	179	-
7215	19709	38789	179	-
20312	4800	38789	182	-
20312	4800	29890	184	-
3611	10375	29890	186	-
3611	10375	29890	186	-
3611	10375	29890	186	-
3611	10375	29890	186	-
3611	10375	29890	186	-
3611	10375	29890	186	-
3611	10375	29890	186	-
3611	10375	29890	186	-
20312	4800	29890	186	-
3611	10375	29890	186	-
3611	10375	29890	186	-
3611	10375	29890	187	-
3611	10375	29890	187	-
3611	10375	29890	187	-
12985	1633	29890	189	-
20312	4800	29890	192	-
20312	4800	29890	194	-
23317	5938	29890	195	-
20312	4800	29890	195	-
23317	5938	29890	196	-
23317	5938	29890	196	-
23317	5938	29890	196	-
20312	4800	29890	196	-
23317	5938	29890	196	-
23317	5938	29890	196	-
23317	5938	29890	196	-
23317	5938	29890	196	-
23317	5938	29890	196	-
20312	4800	29890	201	-
23317	5938	29890	201	-
3297	13412	29890	205	-
3297	13412	29890	205	-
3297	13412	29890	205	-
3297	13412	29890	205	-
3297	13412	29890	205	-
3297	13412	29890	205	-
3297	13412	29890	205	-
3297	13412	29890	205	-
3297	13412	29890	205	-
3297	13412	29890	205	-
23317	5938	29890	206	-
20312	4800	29890	206	-
14547	1633	29890	208	-
3297	8524	29890	208	-
3297	13412	29890	208	-
3297	13412	29890	209	-
3297	13412	29890	209	-
3297	13412	29890	209	-
3297	13412	29890	209	-
20312	4800	29890	211	-
23317	5938	29890	211	-
3611	8825	29890	212	-
3611	22668	29890	212	-
3611	8825	29890	212	-
3611	8825	29890	212	-
3611	8825	29890	213	-
3611	8825	29890	213	-
3611	23123	29890	213	-
3611	8825	29890	213	-
3611	8825	29890	213	-
3611	8825	29890	213	-
3611	8825	29890	213	-
3611	8825	29890	213	-
3611	8825	29890	213	-
3611	8825	29890	213	-
3611	8825	29890	213	-
3611	8825	29890	213	-
3611	8825	29890	213	-
3611	8825	29890	213	-
3611	8825	29890	213	-
3611	8825	29890	213	-
3611	8825	29890	213	-
3611	8825	29890	213	-
3611	8825	29890	213	-
20312	4800	29890	216	-
23317	5938	29890	216	-
11001	6157	29890	218	-
11001	18718	29890	218	-
11001	6157	29890	220	-
11001	14263	29890	220	-
11001	6157	29890	220	-
11001	6157	29890	220	-
11001	14263	29890	220	-
13993	20672	29890	220	-
20312	4800	29890	221	-
23317	5938	29890	221	-
11001	6157	29890	221	-
11001	6157	29890	221	-
13993	20672	29890	221	-
11001	6157	29890	221	-
13993	20672	29890	221	-
11001	6157	29890	221	-
11001	6157	29890	221	-
13993	20672	29890	221	-
11001	6157	29890	221	-
13993	20672	29890	221	-
3611	8825	29890	221	-
11001	6157	29890	221	-
13993	20672	29890	221	-
11001	6157	29890	221	-
3611	8825	29890	221	-
11001	6157	29890	221	-
13993	20672	29890	221	-
3611	8825	29890	221	-
11001	6157	29890	221	-
3611	8825	29890	221	-
11001	14263	29890	221	-
3611	8825	29890	221	-
11001	3858	29890	221	-
3611	8825	29890	221	-
11001	6157	29890	221	-
3611	8825	29890	221	-
11001	6157	29890	221	-
3611	8825	29890	222	-
11001	6157	29890	222	-
11001	6157	29890	222	-
3611	8825	29890	222	-
11001	6157	29890	222	-
3611	8825	29890	222	-
3611	8825	29890	222	-
3611	8825	29890	222	-
3611	8825	29890	222	-
3611	8825	29890	222	-
3611	8825	29890	222	-
3611	8825	29890	222	-
3611	8825	29890	222	-
3611	8825	29890	222	-
3611	8825	29890	222	-
3611	8825	29890	222	-
3611	8825	29890	222	-
20312	4800	29890	226	-
23317	5938	29890	226	-
20312	4800	29890	231	-
23317	5938	29890	231	-
7215	19709	29890	233	-
7215	19709	29890	233	-
7215	19709	29890	233	-
7215	19709	29890	233	-
7215	19709	29890	233	-
7215	19709	29890	233	-
7215	19709	29890	233	-
7215	19709	29890	233	-
7215	19709	29890	233	-
7215	19709	29890	233	-
7215	19709	29890	233	-
7215	19709	29890	233	-
20312	4800	29890	236	-
23317	5938	29890	236	-
3297	6157	29890	236	-
7215	19709	29890	237	-
7215	19709	29890	237	-
7215	19709	29890	237	-
7215	19709	29890	237	-
7215	19709	29890	237	-
7215	19709	29890	237	-
7215	19709	29890	237	-
7215	19709	29890	237	-
7215	19709	29890	237	-
7215	19709	29890	237	-
7215	19709	29890	237	-
7215	19709	29890	237	-
7215	19709	29890	237	-
7215	19709	29890	237	-
7215	19709	29890	238	-
7215	19709	29890	238	-
7215	19709	29890	238	-
7215	19709	29890	238	-
3297	6157	29890	239	-
3297	6157	29890	239	-
3297	6157	29890	239	-
3297	6157	29890	239	-
3297	6157	29890	239	-
3297	6157	29890	239	-
3297	14263	29890	239	-
3297	6157	29890	239	-
3297	6157	29890	239	-
3297	6157	29890	239	-
3297	6157	29890	239	-
3297	6157	29890	239	-
3297	6157	29890	239	-
3297	6157	29890	239	-
3297	14263	29890	239	-
3297	6157	29890	239	-
3297	14263	29890	239	-
3297	3858	29890	239	-
3297	6157	29890	239	-
3297	6157	29890	239	-
3297	6157	29890	239	-
3297	6157	29890	239	-
13993	20672	29890	240	-
13993	20672	29890	241	-
13993	20672	29890	241	-
13993	20672	29890	241	-
20312	4800	29890	241	-
23317	5938	29890	241	-
13993	20672	29890	241	-
13993	20672	29890	242	-
13993	20672	29890	242	-
20312	4800	17623	246	-
23317	5938	17623	246	-
23317	5938	17623	252	-
20312	4800	17623	252	-
20312	4800	17623	257	-
23317	5938	17623	257	-
20312	4800	17623	262	-
20312	4800	17623	264	-
20312	4800	17623	266	-
20312	4800	17623	271	-
20312	4800	17623	273	-
20312	4800	17623	275	-
20312	4800	17623	280	-
20312	4800	17623	282	-
20312	4800	17623	284	-
11001	10812	17623	284	-
3611	15394	17623	284	-
3611	15394	17623	284	-
23317	5938	17623	285	-
23317	5938	17623	285	-
23317	5938	17623	285	-
23317	5938	17623	285	-
23317	5938	17623	285	-
23317	5938	17623	285	-
23317	5938	17623	285	-
23317	5938	17623	285	-
23317	5938	17623	285	-
3611	8902	17623	287	-
11001	1057	17623	287	-
3611	8902	17623	287	-
3611	8902	17623	287	-
11001	1057	17623	287	-
3611	8902	17623	287	-
11001	1057	17623	287	-
11001	1057	17623	287	-
3611	8902	17623	287	-
3611	8902	17623	287	-
11001	1057	17623	287	-
11001	1057	17623	287	-
3611	8902	17623	287	-
11001	1057	17623	287	-
11001	1057	17623	288	-
3611	8902	17623	288	-
11001	1057	17623	288	-
3611	8902	17623	288	-
11001	1057	17623	288	-
3611	8902	17623	288	-
11001	1057	17623	288	-
3611	8902	17623	288	-
11001	1057	17623	288	-
3611	8902	17623	288	-
11001	1057	17623	288	-
3611	8902	17623	288	-
11001	1057	17623	288	-
11001	1057	17623	288	-
11001	1057	17623	288	-
11001	1057	17623	288	-
11001	1057	17623	288	-
11001	1057	17623	288	-
11001	1057	17623	288	-
20312	4800	17623	289	-
23317	5938	17623	289	-
20312	4800	17623	294	-
23317	5938	17623	294	-
3297	10812	17623	295	-
3297	7471	17623	295	-
7782	22207	17623	295	-
20312	4800	17623	299	-
23317	5938	17623	299	-
3185	7268	17623	300	portsweep
17624	16531	17623	300	-
20312	4800	42196	304	-
23317	5938	42196	304	-
13993	15667	42196	305	-
13993	15667	42196	307	-
3297	13936	42196	308	-
3297	7471	42196	308	-
3611	8902	42196	308	-
3611	8902	42196	308	-
3611	8902	42196	308	-
3611	8902	42196	308	-
3611	8902	42196	308	-
20312	4800	42196	309	-
23317	5938	42196	309	-
3611	8902	42196	309	-
3611	8902	42196	309	-
3611	8902	42196	309	-
3611	8902	42196	309	-
3611	8902	42196	309	-
13993	15667	42196	309	-
3611	8902	42196	309	-
3611	8902	42196	309	-
13993	15667	42196	311	-
20312	4800	42196	314	-
23317	5938	42196	314	-
13993	15667	42196	314	-
13993	15667	42196	316	-
20312	4800	42196	319	-
23317	5938	42196	319	-
13993	15667	42196	319	-
13993	15667	42196	319	-
13993	15667	42196	319	-
13993	15667	42196	319	-
13993	15667	42196	319	-
13993	15667	42196	319	-
13993	15667	42196	319	-
13993	15667	42196	319	-
13993	15667	42196	320	-
13993	15667	42196	320	-
13993	15667	42196	320	-
13993	15667	42196	320	-
13993	15667	42196	320	-
13993	15667	42196	320	-
13993	15667	42196	320	-
13993	15667	42196	320	-
13993	15667	42196	320	-
13993	15667	42196	320	-
11001	1057	42196	323	-
11001	1057	42196	323	-
11001	1057	42196	323	-
11001	1057	42196	323	-
11001	1057	42196	323	-
11001	1057	42196	323	-
11001	1057	42196	323	-
11001	1057	42196	323	-
11001	1057	42196	323	-
11001	1057	42196	323	-
11001	1057	42196	323	-
11001	1057	42196	323	-
11001	1057	42196	323	-
11001	1057	42196	323	-
11001	1057	42196	323	-
13993	20672	42196	324	-
13993	20672	42196	324	-
11001	1057	42196	324	-
11001	1057	42196	324	-
11001	1057	42196	324	-
11001	1057	42196	324	-
23317	5938	42196	324	-
20312	4800	42196	324	-
13993	20672	42196	324	-
13993	20672	42196	324	-
13993	20672	42196	324	-
13993	20672	42196	324	-
11001	1057	42196	324	-
13993	20672	42196	324	-
11001	1057	42196	324	-
14267	4273	42196	327	-
14267	4273	42196	327	-
14267	4273	42196	327	-
14267	4273	42196	327	-
14267	4273	42196	327	-
14267	4273	42196	327	-
14267	4273	42196	327	-
14267	4273	42196	327	-
14267	4273	42196	327	-
14267	4273	42196	327	-
14267	4273	42196	327	-
14267	4273	42196	327	-
14267	4273	42196	327	-
14267	4273	42196	327	-
14267	4273	42196	327	-
14267	4273	42196	327	-
14267	4273	42196	327	-
14267	4273	42196	327	-
14267	4273	42196	327	-
14267	4273	42196	327	-
14267	4273	42196	327	-
14267	4273	42196	327	-
14267	4273	42196	327	-
14267	4273	42196	327	-
14267	4273	42196	327	-
14267	4273	42196	327	-
14267	4273	42196	327	-
14267	4273	42196	327	-
14267	4273	42196	327	-
14267	4273	42196	328	-
14267	4273	42196	328	-
14267	4273	42196	328	-
14267	4273	42196	328	-
14267	4273	42196	328	-
14267	4273	42196	328	-
14267	4273	42196	328	-
14267	4273	42196	328	-
14267	4273	42196	328	-
14267	4273	42196	328	-
14267	4273	42196	328	-
14267	4273	42196	328	-
14267	4273	42196	328	-
14267	4273	42196	328	-
14267	4273	42196	328	-
14267	4273	42196	328	-
14267	4273	42196	328	-
14267	4273	42196	328	-
14267	4273	42196	328	-
14267	4273	42196	328	-
14267	4273	42196	328	-
14267	4273	42196	328	-
14267	4273	42196	328	-
20312	4800	42196	329	-
23317	5938	42196	330	-
7782	18459	42196	334	-
7782	18459	42196	334	-
7782	18459	42196	334	-
8048	3611	42196	335	-
20312	4800	42196	335	-
23317	5938	42196	335	-
8048	3611	42196	335	-
8048	3611	42196	335	-
8048	3611	42196	335	-
8048	3611	42196	335	-
8048	3611	42196	335	-
8048	3611	42196	335	-
11001	1057	42196	336	-
11001	1057	42196	336	-
11001	1057	42196	336	-
11001	1057	42196	336	-
11001	1057	42196	336	-
11001	1057	42196	336	-
11001	1057	42196	336	-
11001	1057	42196	336	-
11001	1057	42196	336	-
11001	1057	42196	337	-
11001	1057	42196	337	-
11001	1057	42196	337	-
11001	1057	42196	337	-
11001	1057	42196	337	-
11001	1057	42196	337	-
11001	1057	42196	337	-
11001	1057	42196	337	-
11001	1057	42196	337	-
11001	1057	42196	337	-
11001	1057	42196	337	-
3611	8825	42196	339	-
3611	8825	42196	339	-
3611	8825	42196	339	-
3611	8825	42196	339	-
3611	8825	42196	339	-
3611	8825	42196	339	-
3611	8825	42196	339	-
3611	8825	42196	339	-
3611	8825	42196	339	-
3611	8825	42196	339	-
3611	8825	42196	340	-
20312	4800	42196	340	-
23317	5938	42196	340	-
3611	8825	42196	340	-
3611	8825	42196	340	-
3611	8825	42196	340	-
3611	8825	42196	340	-
3611	8825	42196	340	-
3611	8825	42196	340	-
23317	5938	42196	345	-
13993	1633	42196	345	-
20312	4800	42196	345	-
20312	4800	42196	350	-
13993	1633	42196	351	-
20312	4800	42196	352	-
20312	4800	42196	354	-
3611	8902	42196	357	-
3611	8902	42196	357	-
3611	8902	42196	357	-
3611	8902	42196	357	-
3611	8902	42196	357	-
3611	8902	42196	357	-
3611	8902	42196	357	-
3611	8902	42196	357	-
3611	8902	42196	358	-
3611	8902	42196	358	-
3611	8902	42196	358	-
3611	8902	42196	358	-
20312	4800	42196	359	-
20312	4800	42196	361	-
20312	4800	42196	363	-
20312	4800	14028	368	-
20312	4800	14028	370	-
20312	4800	14028	372	-
7215	17906	14028	374	-
11001	17410	14028	374	-
23317	5938	14028	375	-
15394	4800	14028	375	-
23317	882	14028	375	-
23317	5938	14028	375	-
23317	5938	14028	376	-
23317	5938	14028	376	-
23317	5938	14028	376	-
23317	5938	14028	376	-
23317	5938	14028	376	-
23317	5938	14028	376	-
23317	5938	14028	376	-
20312	4800	14028	377	-
23317	5938	14028	377	-
7215	12519	14028	378	-
7215	12519	14028	378	-
7215	12519	14028	378	-
7215	12519	14028	378	-
7215	12519	14028	378	-
7215	12519	14028	378	-
7215	12519	14028	378	-
7215	12519	14028	378	-
7215	12519	14028	378	-
7215	12519	14028	378	-
7215	12519	14028	378	-
7215	12519	14028	378	-
7215	12519	14028	378	-
7215	12519	14028	378	-
7215	12519	14028	378	-
7215	12519	14028	378	-
20312	4800	14028	382	-
23317	5938	14028	382	-
7782	7594	14028	384	-
7782	7594	14028	384	-
7782	7594	14028	384	-
7782	7594	14028	384	-
7782	7594	14028	384	-
7782	7594	14028	384	-
7782	7594	14028	384	-
7782	7594	14028	384	-
7782	7594	14028	384	-
7782	7594	14028	384	-
7782	7594	14028	384	-
7782	7594	14028	384	-
7782	7594	14028	384	-
7782	7594	14028	384	-
7782	7594	14028	385	-
7782	7594	14028	385	-
7782	7594	14028	385	-
7782	7594	14028	385	-
7782	7594	14028	385	-
7782	7594	14028	385	-
7782	7594	14028	385	-
7782	7594	14028	385	-
7782	7594	14028	385	-
7782	7594	14028	385	-
20312	4800	14028	387	-
23317	5938	14028	387	-
7782	7340	14028	388	-
7782	7594	14028	388	-
7782	7594	14028	388	-
7782	7594	14028	388	-
7782	7594	14028	388	-
7782	7594	14028	388	-
7782	7594	14028	389	-
7782	7594	14028	389	-
7782	7594	14028	389	-
7782	7594	14028	389	-
7782	7594	14028	389	-
7782	7594	14028	389	-
7782	7594	14028	389	-
7782	7594	14028	389	-
7782	7594	14028	389	-
7782	7594	14028	389	-
7782	7594	14028	389	-
7782	7594	14028	389	-
7782	7340	14028	389	-
7782	7594	14028	389	-
7782	7594	14028	389	-
7782	7594	14028	389	-
7782	7594	14028	389	-
7782	7594	14028	389	-
7782	7594	14028	389	-
7782	7594	14028	389	-
7782	7594	14028	389	-
7782	7594	14028	389	-
7782	7594	14028	389	-
7782	7594	14028	389	-
7782	7594	14028	389	-
7782	7594	14028	389	-
7782	7594	14028	389	-
7782	7594	14028	389	-
7782	7594	14028	389	-
11001	15894	14028	391	-
20312	4800	14028	392	-
23317	5938	14028	392	-
13993	20672	14028	392	-
7782	10038	14028	392	-
7782	7594	14028	392	-
7782	7594	14028	392	-
7782	7594	14028	392	-
7782	7594	14028	393	-
13993	20672	14028	393	-
13993	20672	14028	393	-
13993	20672	14028	393	-
13993	20672	14028	393	-
13993	20672	14028	393	-
13993	20672	14028	393	-
20312	4800	14028	397	-
23317	5938	14028	397	-
20312	4800	14028	402	-
23317	5938	14028	402	-
20312	4800	14028	407	-
23317	5938	14028	408	-
20312	4800	14028	413	-
23317	5938	14028	413	-
7782	7594	14028	415	-
7782	7594	14028	415	-
7782	7594	14028	415	-
7782	7594	14028	415	-
7782	7594	14028	415	-
7782	7594	14028	415	-
7782	7594	14028	415	-
7782	7594	14028	416	-
7782	7594	14028	416	-
7782	7594	14028	416	-
7782	7594	14028	416	-
7782	7594	14028	416	-
7782	7594	14028	416	-
13993	20672	14028	417	-
13993	20672	14028	418	-
13993	20672	14028	418	-
13993	20672	14028	418	-
13993	20672	14028	418	-
13993	20672	14028	418	-
13993	20672	14028	418	-
14267	19104	14028	422	-
14267	19104	14028	422	-
14267	19104	14028	422	-
14267	19104	14028	422	-
14267	19104	14028	422	-
14267	19104	14028	422	-
14267	19104	14028	422	-
23317	5938	14028	423	-
14267	19104	14028	423	-
14267	19104	14028	423	-
14267	19104	14028	423	-
14267	19104	14028	423	-
14267	19104	14028	423	-
14267	19104	14028	423	-
14267	19104	14028	423	-
20312	4800	14028	423	-
14267	19104	14028	423	-
14267	19104	14028	423	-
14267	19104	14028	423	-
14267	19104	14028	423	-
14267	19104	14028	423	-
14267	19104	14028	423	-
14267	19104	14028	423	-
14267	19104	14028	423	-
14267	19104	14028	423	-
20312	4800	34900	428	-
23317	5938	34900	428	-
23317	5938	34900	433	-
20312	4800	34900	433	-
20312	4800	34900	438	-
23317	5938	34900	438	-
20312	4800	34900	443	-
20312	4800	34900	445	-
20312	4800	34900	447	-
20312	4800	34900	452	-
20312	4800	34900	454	-
20312	4800	34900	456	-
882	16332	34900	458	-
20312	4800	34900	461	-
20312	4800	34900	463	-
7782	7594	34900	464	-
7782	7594	34900	464	-
3611	8902	34900	464	-
3611	8902	34900	464	-
7782	7594	34900	464	-
12985	15894	34900	464	-
7782	7594	34900	464	-
3611	8902	34900	464	-
7782	7594	34900	464	-
7782	7594	34900	464	-
3611	8902	34900	464	-
7782	7594	34900	464	-
7782	7594	34900	464	-
7782	7594	34900	464	-
3611	8902	34900	464	-
12985	21708	34900	464	-
23317	5938	34900	465	-
3611	8902	34900	465	-
7782	7594	34900	465	-
3611	8902	34900	465	-
3611	8902	34900	465	-
3611	8902	34900	465	-
3611	8902	34900	465	-
23317	5938	34900	465	-
20312	4800	34900	465	-
23317	5938	34900	465	-
23317	5938	34900	465	-
23317	5938	34900	465	-
23317	5938	34900	465	-
23317	5938	34900	465	-
23317	5938	34900	465	-
23317	5938	34900	465	-
7782	7594	34900	465	-
3611	8902	34900	465	-
7782	7594	34900	465	-
3611	8902	34900	465	-
3611	8902	34900	465	-
3611	8902	34900	465	-
7782	7594	34900	465	-
7782	7594	34900	465	-
3611	8902	34900	465	-
7782	7594	34900	466	-
7782	7594	34900	466	-
7782	7594	34900	466	-
7782	7594	34900	466	-
7782	7594	34900	466	-
7782	7594	34900	466	-
7782	7594	34900	466	-
7782	7594	34900	466	-
7782	7594	34900	466	-
7782	7594	34900	466	-
7782	7340	34900	466	-
7782	7594	34900	467	-
7782	7340	34900	467	-
7782	7594	34900	467	-
7782	7594	34900	467	-
7782	7594	34900	467	-
7782	7594	34900	467	-
7782	7594	34900	467	-
7782	7594	34900	467	-
7782	7594	34900	467	-
7782	7594	34900	467	-
7782	7594	34900	467	-
7782	7594	34900	467	-
7782	7594	34900	467	-
7782	7594	34900	467	-
7782	7594	34900	467	-
7782	7594	34900	467	-
7782	7594	34900	467	-
7782	7594	34900	467	-
7782	7594	34900	467	-
7782	7594	34900	468	-
7782	7594	34900	468	-
7782	7594	34900	468	-
7782	7594	34900	468	-
7782	7594	34900	468	-
7782	7594	34900	468	-
7782	10038	34900	468	-
7782	7594	34900	468	-
7782	7594	34900	468	-
7782	7594	34900	468	-
7782	7594	34900	468	-
7782	7594	34900	468	-
7782	7594	34900	468	-
7782	7594	34900	468	-
7782	7594	34900	468	-
7782	7594	34900	468	-
7782	7594	34900	468	-
7782	7594	34900	468	-
7782	7594	34900	468	-
7782	7594	34900	468	-
23317	5938	34900	470	-
20312	4800	34900	470	-
882	16332	34900	470	-
20312	4800	34900	475	-
23317	5938	34900	475	-
20312	4800	34900	481	-
23317	5938	34900	481	-
20312	4800	26148	486	-
23317	5938	26148	486	-
14267	19104	26148	487	-
14267	19104	26148	487	-
14267	19104	26148	487	-
20312	4800	26148	491	-
23317	5938	26148	491	-
7782	7594	26148	492	-
7782	9847	26148	495	-
23317	5938	26148	496	-
20312	4800	26148	496	-
3297	16051	26148	497	-
23317	5938	26148	501	-
20312	4800	26148	501	-
23317	5938	26148	506	-
20312	4800	26148	506	-
3297	3076	26148	507	-
3297	3076	26148	507	-
3297	3076	26148	508	-
3297	3076	26148	508	-
3297	3076	26148	508	-
3297	3076	26148	508	-
3297	3076	26148	508	-
3297	3076	26148	508	-
3297	3076	26148	508	-
3297	3076	26148	508	-
3297	3076	26148	508	-
3297	3076	26148	508	-
3297	3076	26148	508	-
3297	3076	26148	508	-
3297	3076	26148	508	-
3297	3076	26148	508	-
3297	3076	26148	508	-
3297	3076	26148	508	-
3297	3076	26148	508	-
3297	3076	26148	508	-
3297	3076	26148	508	-
3297	3076	26148	508	-
3297	3076	26148	508	-
20312	4800	26148	511	-
23317	5938	26148	511	-
3185	7268	26148	514	portsweep
8048	2843	26148	514	-
8048	3297	26148	515	-
20312	4800	26148	516	-
23317	5938	26148	516	-
14267	19104	26148	517	-
14267	19104	26148	517	-
8048	3461	26148	517	-
23317	5938	26148	521	-
20312	4800	26148	521	-
8048	4981	26148	521	-
3611	9186	26148	524	-
3611	9186	26148	524	-
3611	9186	26148	524	-
3611	9186	26148	524	-
3611	9186	26148	524	-
3611	9186	26148	524	-
3611	9186	26148	524	-
3611	9186	26148	524	-
3611	9186	26148	524	-
3611	9186	26148	524	-
3611	9186	26148	524	-
3611	9186	26148	524	-
3611	9186	26148	524	-
3611	9186	26148	525	-
3611	9186	26148	525	-
3611	9186	26148	525	-
3611	9186	26148	525	-
3611	9186	26148	525	-
3611	9186	26148	525	-
8048	16593	26148	525	-
14267	4553	26148	526	-
23317	5938	26148	526	-
14267	4553	26148	526	-
14267	4553	26148	526	-
20312	4800	26148	526	-
14267	4553	26148	526	-
14267	4553	26148	527	-
14267	4553	26148	527	-
14267	4553	26148	527	-
14267	4553	26148	527	-
14267	4553	26148	527	-
14267	4553	26148	527	-
11001	2869	26148	528	-
11001	2869	26148	528	-
8048	16332	26148	528	-
20312	4800	26148	531	-
20312	4800	26148	533	-
20312	4800	26148	535	-
20312	4800	26148	540	-
20312	4800	26148	542	-
20312	4800	35093	544	-
3297	3076	35093	545	-
3297	3076	35093	545	-
3297	3076	35093	545	-
3297	3076	35093	545	-
3297	3076	35093	545	-
3297	3076	35093	545	-
3297	3076	35093	545	-
3297	3076	35093	545	-
3297	3076	35093	545	-
3297	3076	35093	545	-
3297	3076	35093	545	-
3297	3076	35093	545	-
20312	4800	35093	549	-
20312	4800	35093	551	-
7782	9847	35093	553	-
20312	4800	35093	553	-
7782	9847	35093	554	-
7782	9847	35093	554	-
7782	9847	35093	554	-
11001	13893	35093	554	-
7782	9847	35093	554	-
7782	9847	35093	554	-
7782	9847	35093	554	-
11001	13893	35093	554	-
7782	9847	35093	554	-
7782	9847	35093	554	-
7782	9847	35093	554	-
7782	9847	35093	554	-
11001	13893	35093	554	-
7782	9847	35093	554	-
16671	21708	35093	554	-
23317	5938	35093	555	-
23317	5938	35093	555	-
23317	5938	35093	555	-
23317	5938	35093	555	-
23317	5938	35093	555	-
23317	5938	35093	555	-
23317	5938	35093	555	-
23317	5938	35093	555	-
23317	5938	35093	556	-
19531	15894	35093	556	-
7782	9847	35093	557	-
7782	9847	35093	557	-
7782	9847	35093	557	-
7782	9847	35093	557	-
7782	9847	35093	557	-
7782	9847	35093	557	-
7782	16201	35093	557	-
7782	9847	35093	557	-
7782	9847	35093	558	-
19531	1633	35093	558	-
23317	5938	35093	559	-
20312	4800	35093	559	-
7215	19709	35093	562	-
7215	19709	35093	562	-
7215	19709	35093	563	-
7215	19709	35093	563	-
7215	19709	35093	563	-
7215	19709	35093	563	-
11001	17410	35093	563	-
7215	19709	35093	563	-
7215	19709	35093	563	-
7215	19709	35093	563	-
7215	19709	35093	563	-
7215	19709	35093	563	-
7215	19709	35093	563	-
7215	19709	35093	563	-
7215	19709	35093	563	-
7215	19709	35093	563	-
7215	19709	35093	563	-
7215	19709	35093	563	-
23317	5938	35093	564	-
7215	19709	35093	564	-
20312	4800	35093	564	-
3611	9186	35093	565	-
3611	9186	35093	565	-
3611	9186	35093	565	-
3611	9186	35093	565	-
12332	3461	35093	567	-
20312	4800	35093	569	-
23317	5938	35093	569	-
20312	4800	35093	574	-
23317	5938	35093	574	-
8048	3611	35093	575	-
8048	3611	35093	575	-
3611	9186	35093	575	-
8048	3611	35093	575	-
8048	3611	35093	575	-
3611	9186	35093	575	-
8048	3611	35093	575	-
8048	3611	35093	575	-
8048	3611	35093	575	-
3611	9186	35093	575	-
3611	9186	35093	576	-
3611	9186	35093	576	-
3611	9186	35093	576	-
3611	9186	35093	576	-
3611	9186	35093	576	-
3611	9186	35093	576	-
3611	9186	35093	576	-
3611	9186	35093	576	-
3611	5003	35093	578	-
3611	5003	35093	578	-
3611	5003	35093	578	-
3297	445	35093	578	-
3611	5003	35093	578	-
3611	5003	35093	578	-
23317	5938	35093	579	-
20312	4800	35093	579	-
20312	4800	35093	584	-
23317	5938	35093	584	-
7215	19709	35093	585	-
7215	19709	35093	585	-
7215	19709	35093	585	-
7215	19709	35093	585	-
7215	19709	35093	585	-
7215	19709	35093	585	-
7215	19709	35093	585	-
7215	19709	35093	585	-
7215	19709	35093	585	-
7215	19709	35093	585	-
7215	19709	35093	585	-
7215	19709	35093	585	-
7215	19709	35093	585	-
7215	19709	35093	585	-
7215	19709	35093	585	-
7215	19709	35093	585	-
7215	19709	35093	585	-
7215	19709	35093	586	-
7215	19709	35093	586	-
7215	19709	35093	586	-
7215	19709	35093	586	-
7782	7352	35093	588	-
23317	5938	35093	589	-
7782	7352	35093	589	-
7782	7352	35093	589	-
20312	4800	35093	589	-
7782	22986	35093	590	-
7782	7352	35093	592	-
7782	7352	35093	592	-
7782	7352	35093	592	-
7782	7352	35093	592	-
7782	7352	35093	592	-
7782	7352	35093	592	-
7782	7352	35093	592	-
7782	7352	35093	592	-
7782	7352	35093	592	-
7782	7352	35093	592	-
7782	7352	35093	592	-
7782	7352	35093	592	-
7782	7352	35093	592	-
7782	7352	35093	592	-
7782	540	35093	592	-
7782	7352	35093	592	-
7782	7352	35093	593	-
7782	7352	35093	593	-
7782	7352	35093	593	-
7782	904	35093	593	-
7782	7352	35093	593	-
7782	7352	35093	593	-
7782	7352	35093	593	-
7782	7352	35093	593	-
7782	7352	35093	593	-
23317	5938	35093	594	-
20312	4800	35093	594	-
23317	5938	35093	599	-
20312	4800	35093	599	-
23317	5938	14495	605	-
20312	4800	14495	605	-
3297	3076	14495	607	-
3297	3076	14495	607	-
3297	3076	14495	607	-
3297	3076	14495	607	-
3297	3076	14495	607	-
3297	3076	14495	607	-
3297	3076	14495	607	-
3297	3076	14495	607	-
3297	3076	14495	607	-
3297	3076	14495	608	-
3297	3076	14495	608	-
3297	3076	14495	608	-
3297	3076	14495	608	-
3297	3076	14495	608	-
3297	3076	14495	608	-
3297	3076	14495	608	-
3297	3076	14495	608	-
3297	3076	14495	608	-
3297	3076	14495	608	-
3297	3076	14495	608	-
3297	3076	14495	608	-
3297	3076	14495	608	-
3297	3076	14495	608	-
3297	3076	14495	608	-
3297	3076	14495	608	-
3297	3076	14495	608	-
3297	3076	14495	608	-
3297	3076	14495	608	-
23317	5938	14495	610	-
3611	13755	14495	610	-
20312	4800	14495	610	-
3297	4394	14495	614	-
3297	4394	14495	614	-
23317	5938	14495	615	-
20312	4800	14495	615	-
19350	13122	14495	615	-
20312	4800	14495	620	-
20312	4800	14495	622	-
20312	4800	14495	624	-
20312	4800	14495	629	-
20312	4800	14495	631	-
20312	4800	14495	633	-
20312	4800	14495	638	-
20312	4800	14495	640	-
19603	4981	14495	641	-
20312	4800	14495	642	-
14267	4553	14495	644	-
14267	4553	14495	644	-
14267	4553	14495	644	-
23317	5938	14495	645	-
23317	5938	14495	645	-
23317	5938	14495	645	-
23317	5938	14495	645	-
23317	5938	14495	645	-
23317	5938	14495	645	-
23317	5938	14495	645	-
23317	5938	14495	645	-
19603	4800	14495	645	-
20312	4800	14495	645	-
882	4800	14495	645	-
23317	5938	14495	645	-
23317	5938	14495	647	-
20312	4800	14495	647	-
20312	4800	14495	652	-
23317	5938	14495	652	-
20312	4800	14495	657	-
23317	5938	14495	657	-
7782	15894	14495	661	-
20312	4800	14495	662	-
23317	5938	14495	662	-
7782	15667	14495	662	-
11001	22473	40853	666	-
11001	22473	40853	666	-
11001	22473	40853	666	-
11001	22473	40853	666	-
11001	22473	40853	666	-
20312	4800	40853	667	-
23317	5938	40853	667	-
11001	22473	40853	667	-
11001	22473	40853	667	-
11001	22473	40853	667	-
11001	22473	40853	667	-
11001	22473	40853	667	-
11001	22473	40853	667	-
11001	22473	40853	667	-
11001	22473	40853	667	-
11001	22473	40853	667	-
11001	22473	40853	667	-
3297	19621	40853	667	-
3297	19621	40853	667	-
3297	19621	40853	668	-
3297	19621	40853	668	-
3297	19621	40853	668	-
3297	19621	40853	668	-
3297	19621	40853	668	-
3297	19621	40853	668	-
3297	19621	40853	668	-
3297	19621	40853	668	-
3297	19621	40853	668	-
3297	19621	40853	668	-
3297	19621	40853	668	-
3297	19621	40853	668	-
8048	3611	40853	669	-
3297	8524	40853	669	-
8048	3611	40853	669	-
8048	3611	40853	669	-
8048	3611	40853	669	-
8048	3611	40853	669	-
8048	3611	40853	669	-
8048	3611	40853	669	-
23317	5938	40853	673	-
20312	4800	40853	673	-
20312	4800	40853	678	-
23317	5938	40853	678	-
3297	19621	40853	681	-
3297	19621	40853	681	-
3297	19621	40853	681	-
3297	19621	40853	681	-
3297	19621	40853	681	-
3297	19621	40853	681	-
3297	19621	40853	681	-
3297	19621	40853	681	-
3297	19621	40853	681	-
3297	19621	40853	681	-
3297	19621	40853	681	-
3297	19621	40853	681	-
3297	19621	40853	681	-
3297	19621	40853	681	-
3611	15667	40853	681	-
7782	8059	40853	683	-
7782	8059	40853	683	-
7782	8059	40853	683	-
7782	8059	40853	683	-
7782	8059	40853	683	-
17624	2843	40853	683	-
7782	8059	40853	683	-
7782	8059	40853	683	-
7782	8059	40853	683	-
7782	8059	40853	683	-
7782	8059	40853	683	-
7782	8059	40853	683	-
7782	8059	40853	683	-
20312	4800	40853	683	-
23317	5938	40853	683	-
7782	8059	40853	683	-
8048	16593	40853	683	-
7782	8059	40853	683	-
17624	2843	40853	685	-
23317	5938	40853	688	-
17624	2843	40853	688	-
20312	4800	40853	688	-
17624	2843	40853	690	-
17624	2843	40853	692	-
23317	5938	40853	693	-
20312	4800	40853	693	-
3185	7268	40853	694	portsweep
17624	2843	40853	694	-
20312	4800	40853	698	-
17624	2843	40853	698	-
17624	2843	40853	698	-
17624	2843	40853	698	-
23317	5938	40853	698	-
17624	2843	40853	698	-
17624	2843	40853	698	-
17624	2843	40853	698	-
17624	2843	40853	698	-
17624	2843	40853	698	-
17624	2843	40853	698	-
17624	2843	40853	698	-
17624	2843	40853	698	-
17624	2843	40853	698	-
17624	2843	40853	698	-
17624	2843	40853	698	-
17624	2843	40853	698	-
17624	2843	40853	698	-
23317	5938	40853	703	-
20312	4800	40853	703	-
3611	8825	40853	705	-
3611	8825	40853	705	-
3611	22668	40853	705	-
3611	8825	40853	705	-
3611	8825	40853	705	-
3611	23123	40853	705	-
3611	8825	40853	705	-
3611	8825	40853	705	-
3611	8825	40853	705	-
3611	8825	40853	705	-
3611	8825	40853	705	-
3611	8825	40853	705	-
3611	8825	40853	705	-
3611	8825	40853	706	-
3611	8825	40853	706	-
3611	8825	40853	706	-
3611	8825	40853	706	-
3611	8825	40853	706	-
3611	8825	40853	706	-
3611	8825	40853	706	-
3611	8825	40853	706	-
3611	8825	40853	706	-
3611	8825	40853	706	-
13993	20672	40853	707	-
23317	5938	40853	708	-
20312	4800	40853	708	-
13993	20672	40853	708	-
13993	20672	40853	708	-
13993	20672	40853	708	-
13993	20672	40853	708	-
13993	20672	40853	708	-
13993	20672	40853	708	-
3297	19621	40853	711	-
20312	4800	40853	713	-
20312	4800	40853	715	-
3611	15394	40853	716	-
20312	4800	40853	717	-
8048	3611	40853	718	-
8048	3611	40853	718	-
8048	3611	40853	718	-
8048	3611	40853	718	-
8048	3611	40853	718	-
8048	3611	40853	718	-
8048	3611	40853	718	-
13993	20672	40853	721	-
20312	4800	40853	722	-
13993	20672	40853	722	-
13993	20672	40853	722	-
13993	20672	40853	723	-
13993	20672	40853	723	-
13993	20672	40853	723	-
13993	20672	40853	723	-
20312	4800	5166	724	-
20312	4800	5166	726	-
20312	4800	5166	731	-
20312	4800	5166	733	-
7782	8059	5166	734	-
3297	1215	5166	734	-
19531	587	5166	734	-
11001	22473	5166	734	-
11001	22473	5166	734	-
3297	1215	5166	734	-
17923	14437	5166	734	-
14267	4553	5166	734	-
3297	14775	5166	734	-
11001	13482	5166	734	-
23317	5938	5166	735	-
20312	4800	5166	735	-
3297	14775	5166	735	-
14267	4553	5166	735	-
14267	4553	5166	735	-
14267	4553	5166	735	-
14267	4553	5166	735	-
14267	4553	5166	735	-
23317	5938	5166	736	-
23317	5938	5166	736	-
23317	5938	5166	736	-
23317	5938	5166	736	-
23317	5938	5166	736	-
23317	5938	5166	736	-
23317	5938	5166	736	-
23317	5938	5166	736	-
3611	2226	5166	737	-
3611	2226	5166	737	-
3611	2226	5166	737	-
23317	5938	5166	740	-
20312	4800	5166	740	-
882	3297	5166	740	-
3611	9186	5166	741	-
3611	9186	5166	741	-
3611	9186	5166	741	-
3611	9186	5166	741	-
3611	9186	5166	741	-
3611	9186	5166	741	-
3611	9186	5166	741	-
3611	9186	5166	741	-
3611	9186	5166	741	-
3611	9186	5166	741	-
3611	9186	5166	741	-
882	3461	5166	741	-
7782	15084	5166	742	-
3957	587	5166	743	-
882	16531	5166	743	-
23317	5938	5166	745	-
20312	4800	5166	745	-
882	16593	5166	749	-
20312	4800	5166	750	-
23317	5938	5166	751	-
882	16332	5166	752	-
23317	5938	5166	756	-
20312	4800	5166	756	-
16671	15667	5166	760	-
23317	5938	5166	761	-
20312	4800	5166	761	-
16671	1633	5166	761	-
7215	10577	5166	764	-
7215	10577	5166	764	-
7215	10577	5166	764	-
7215	10577	5166	764	-
7215	10577	5166	764	-
7215	10577	5166	764	-
7215	10577	5166	764	-
7215	10577	5166	764	-
7215	10577	5166	764	-
7215	10577	5166	764	-
7215	10577	5166	764	-
7215	10577	5166	764	-
7215	10577	5166	764	-
3611	1633	5166	765	-
20312	4800	5166	766	-
23317	5938	5166	766	-
23317	5938	5166	771	-
20312	4800	5166	771	-
3611	22668	5166	773	-
3611	1633	5166	773	-
20312	4800	5166	776	-
23317	5938	5166	776	-
20312	4800	5166	781	-
23317	5938	5166	781	-
23317	5938	6560	786	-
20312	4800	6560	786	-
23317	5938	6560	791	-
20312	4800	6560	791	-
8048	3611	6560	791	-
8048	3611	6560	791	-
7782	7352	6560	791	-
7782	7352	6560	791	-
7782	7352	6560	792	-
7782	7352	6560	792	-
7782	7352	6560	792	-
7782	540	6560	792	-
7782	7352	6560	792	-
7782	7352	6560	792	-
7782	7352	6560	792	-
7782	7352	6560	792	-
7782	7352	6560	792	-
7782	904	6560	792	-
7782	7352	6560	792	-
7782	7352	6560	792	-
7782	7352	6560	792	-
7782	7352	6560	792	-
7782	7352	6560	792	-
7782	7352	6560	792	-
7782	7352	6560	792	-
7782	7352	6560	792	-
7782	7352	6560	792	-
7782	7352	6560	792	-
7782	7352	6560	792	-
7782	7352	6560	792	-
7782	7352	6560	792	-
7782	7352	6560	792	-
7782	7352	6560	792	-
7782	7352	6560	793	-
23317	5938	6560	796	-
20312	4800	6560	796	-
7782	14140	6560	798	-
7782	14140	6560	798	-
7782	14140	6560	798	-
7782	14140	6560	798	-
7782	14140	6560	798	-
7782	14140	6560	798	-
7782	14140	6560	798	-
7782	14140	6560	799	-
7782	14140	6560	799	-
7782	14140	6560	799	-
7782	14140	6560	799	-
7782	14140	6560	799	-
7782	14140	6560	799	-
7782	14140	6560	799	-
20312	4800	6560	801	-
20312	4800	6560	803	-
20312	4800	6560	805	-
20312	4800	6560	810	-
20312	4800	6560	812	-
20312	4800	6560	815	-
20312	4800	6560	820	-
20312	4800	6560	822	-
3297	4003	6560	824	-
3611	4273	6560	824	-
3297	10370	6560	824	-
3611	4273	6560	824	-
3611	4273	6560	824	-
3611	4273	6560	824	-
3611	4273	6560	824	-
3611	4273	6560	824	-
3611	4273	6560	824	-
3611	4273	6560	824	-
3611	4273	6560	824	-
3297	4003	6560	824	-
3611	4273	6560	824	-
20312	4800	6560	824	-
3297	4003	6560	824	-
3611	4273	6560	824	-
3611	4273	6560	824	-
16671	21708	6560	824	-
3297	15894	6560	824	-
23317	5938	6560	825	-
23317	5938	6560	825	-
3611	4273	6560	825	-
3611	4273	6560	825	-
3611	4273	6560	825	-
3611	4273	6560	825	-
3611	4273	6560	825	-
3611	4273	6560	825	-
3611	4273	6560	825	-
3611	4273	6560	825	-
3611	4273	6560	825	-
3611	4273	6560	825	-
3611	4273	6560	825	-
3611	4273	6560	825	-
3611	4273	6560	825	-
23317	5938	6560	825	-
23317	5938	6560	825	-
23317	5938	6560	825	-
23317	5938	6560	825	-
3611	4273	6560	825	-
23317	5938	6560	825	-
23317	5938	6560	825	-
23317	5938	6560	825	-
3611	4273	6560	825	-
3611	4273	6560	825	-
3611	4273	6560	825	-
3611	4273	6560	825	-
3611	4273	6560	825	-
3611	4273	6560	825	-
3611	4273	6560	825	-
3611	4273	6560	825	-
3611	4273	6560	825	-
3611	4273	6560	825	-
3611	4273	6560	825	-
3611	4273	6560	825	-
3611	4273	6560	825	-
3611	4273	6560	825	-
3611	4273	6560	825	-
3611	4273	6560	825	-
3611	4273	6560	826	-
3611	4273	6560	826	-
3611	4273	6560	826	-
3611	4273	6560	826	-
3611	4273	6560	826	-
3611	4273	6560	826	-
3611	4273	6560	826	-
3611	4273	6560	826	-
3611	4273	6560	826	-
3611	4273	6560	826	-
7782	14140	6560	829	-
7782	14140	6560	829	-
7782	14140	6560	829	-
7782	14140	6560	829	-
7782	14140	6560	829	-
7782	14140	6560	829	-
20312	4800	6560	829	-
7782	14140	6560	829	-
7782	14140	6560	829	-
7782	14140	6560	829	-
23317	5938	6560	829	-
7782	14140	6560	829	-
3297	7741	6560	830	-
3297	7741	6560	830	-
3297	7741	6560	830	-
3297	7741	6560	830	-
3297	7741	6560	831	-
3297	7741	6560	831	-
3297	7741	6560	831	-
3297	7741	6560	831	-
3297	7741	6560	831	-
20312	4800	6560	834	-
23317	5938	6560	834	-
23317	5938	6560	839	-
20312	4800	6560	839	-
6775	16593	6560	841	-
23317	5938	31273	844	-
20312	4800	31273	844	-
6775	16593	31273	846	-
20312	4800	31273	849	-
23317	5938	31273	849	-
13993	20672	31273	851	-
13993	20672	31273	851	-
13993	20672	31273	851	-
13993	20672	31273	851	-
13993	20672	31273	851	-
13993	20672	31273	851	-
13993	20672	31273	851	-
23317	5938	31273	854	-
20312	4800	31273	854	-
23317	5938	31273	859	-
20312	4800	31273	859	-
7215	10577	31273	860	-
20312	4800	31273	864	-
23317	5938	31273	864	-
13993	18332	31273	867	-
20312	4800	31273	869	-
23317	5938	31273	869	-
3185	7268	31273	874	portsweep
7782	14140	31273	877	-
7782	14140	31273	877	-
7782	14140	31273	877	-
7782	14140	31273	877	-
7782	14140	31273	877	-
7782	14140	31273	877	-
7782	14140	31273	877	-
3611	19571	31273	878	-
7782	14140	31273	878	-
7782	14140	31273	878	-
20312	4800	31273	879	-
23317	5938	31273	879	-
20312	4800	31273	884	-
23317	5938	31273	885	-
7782	9947	31273	887	-
7782	14140	31273	888	-
7782	14140	31273	888	-
7782	14140	31273	888	-
7782	14140	31273	888	-
7782	14140	31273	888	-
7782	14140	31273	888	-
7782	14140	31273	888	-
7782	14140	31273	888	-
7782	14140	31273	888	-
7782	14140	31273	888	-
7782	14140	31273	889	-
7782	14140	31273	889	-
7782	14140	31273	889	-
7782	14140	31273	889	-
7782	14140	31273	889	-
7782	14140	31273	889	-
7782	14140	31273	889	-
7782	14140	31273	889	-
20312	4800	31273	890	-
20312	4800	31273	892	-
20312	4800	31273	894	-
20312	4800	31273	899	-
20312	4800	31273	901	-
20312	4800	31273	903	-
20312	4800	42292	908	-
20312	4800	42292	910	-
3076	9554	42292	910	-
20312	4800	42292	912	-
12293	14437	42292	913	-
7782	21708	42292	914	-
7215	15894	42292	914	-
10429	22986	42292	914	-
23317	5938	42292	915	-
23317	5938	42292	916	-
23317	5938	42292	916	-
23317	5938	42292	916	-
23317	5938	42292	916	-
23317	5938	42292	916	-
23317	5938	42292	916	-
23317	5938	42292	916	-
23317	5938	42292	916	-
12293	3461	42292	916	-
20312	4800	42292	917	-
23317	5938	42292	917	-
7782	22986	42292	918	-
7782	22603	42292	919	-
7782	22603	42292	919	-
7782	22603	42292	919	-
7782	22603	42292	919	-
7782	22603	42292	919	-
7782	22603	42292	919	-
7782	22603	42292	919	-
7782	22603	42292	919	-
7782	22603	42292	919	-
7782	22603	42292	919	-
7782	22603	42292	919	-
7782	22603	42292	919	-
7782	22603	42292	919	-
7782	22603	42292	919	-
7782	22603	42292	919	-
7782	22603	42292	919	-
7782	22603	42292	919	-
7782	22603	42292	919	-
7782	22603	42292	920	-
7782	22603	42292	920	-
7782	22603	42292	920	-
7782	22603	42292	920	-
7782	22603	42292	920	-
7782	22603	42292	920	-
7782	22603	42292	920	-
10429	15894	42292	920	-
7782	22603	42292	920	-
20312	4800	42292	922	-
23317	5938	42292	922	-
8048	3611	42292	922	-
8048	3611	42292	922	-
8048	3611	42292	922	-
8048	3611	42292	922	-
8048	3611	42292	922	-
20367	587	42292	922	-
8048	3611	42292	922	-
8048	3611	42292	922	-
8048	3611	42292	922	-
6775	4981	42292	922	-
8048	3611	42292	922	-
7782	15894	42292	924	-
20312	4800	42292	927	-
23317	5938	42292	927	-
7782	19531	42292	930	-
20312	4800	42292	932	-
23317	5938	42292	932	-
3297	20780	42292	933	-
3297	20780	42292	933	-
3297	20780	42292	933	-
3297	20780	42292	933	-
3297	20780	42292	933	-
3297	20780	42292	933	-
3297	20780	42292	933	-
3297	20780	42292	933	-
7782	1633	42292	934	-
3611	18714	42292	935	-
3611	20600	42292	935	-
3611	20600	42292	935	-
3611	20600	42292	935	-
3611	20600	42292	935	-
3611	20600	42292	935	-
3611	20600	42292	935	-
3611	20600	42292	935	-
3611	20600	42292	935	-
3611	20600	42292	935	-
3611	20600	42292	935	-
3611	20600	42292	935	-
3611	20600	42292	935	-
3611	20600	42292	935	-
3611	20600	42292	935	-
3611	20600	42292	935	-
3611	20600	42292	935	-
3611	20600	42292	935	-
3611	20600	42292	935	-
3611	20600	42292	935	-
3611	20600	42292	935	-
20312	4800	42292	938	-
23317	5938	42292	938	-
7782	15667	42292	938	-
20312	4800	42292	943	-
23317	5938	42292	943	-
3611	11900	42292	945	-
3611	19104	42292	947	-
3611	19104	42292	947	-
3611	19104	42292	947	-
3611	19104	42292	947	-
3611	19104	42292	947	-
3611	19104	42292	947	-
3611	19104	42292	947	-
3611	19104	42292	947	-
3611	19104	42292	947	-
3611	19104	42292	947	-
3611	19104	42292	947	-
3611	19104	42292	947	-
3611	19104	42292	947	-
3611	19104	42292	947	-
3611	19104	42292	947	-
3611	19104	42292	947	-
3611	19104	42292	947	-
3611	19104	42292	947	-
3611	19104	42292	947	-
3611	19104	42292	947	-
3611	19104	42292	947	-
3611	19104	42292	947	-
3611	19104	42292	947	-
20312	4800	42292	948	-
23317	5938	42292	948	-
3611	21708	42292	949	-
3611	14294	42292	951	-
3611	14294	42292	951	-
3611	14294	42292	951	-
3611	14294	42292	951	-
3611	14294	42292	951	-
3611	14294	42292	952	-
20312	4800	42292	954	-
23317	5938	42292	954	-
14267	4553	42292	954	-
7215	11097	42292	956	-
7215	11097	42292	956	-
7215	11097	42292	956	-
7215	11097	42292	956	-
7215	11097	42292	956	-
7215	11097	42292	956	-
7215	11097	42292	956	-
7215	11097	42292	956	-
7215	11097	42292	956	-
7215	11097	42292	956	-
14267	4553	42292	957	-
14267	4553	42292	957	-
14267	4553	42292	957	-
14267	4553	42292	957	-
14267	4553	42292	957	-
14267	4553	42292	957	-
14267	4553	42292	958	-
14267	4553	42292	958	-
14267	4553	42292	958	-
14267	4553	42292	958	-
14267	4553	42292	958	-
20312	4800	42292	959	-
23317	5938	42292	959	-
8048	3611	42292	961	-
8048	3611	42292	961	-
8048	3611	42292	961	-
8048	3611	42292	961	-
8048	3611	42292	961	-
8048	3611	42292	961	-
8048	3611	42292	961	-
14547	22986	42292	962	-
20312	4800	19758	964	-
23317	5938	19758	964	-
15506	19350	19758	968	-
20312	4800	19758	969	-
23317	5938	19758	969	-
20312	4800	19758	974	-
23317	5938	19758	974	-
15394	4800	19758	975	-
23317	882	19758	975	-
3611	13227	19758	977	-
20312	4800	19758	979	-
20312	4800	19758	981	-
20312	4800	19758	983	-
20312	4800	19758	988	-
3611	19104	19758	989	-
3611	19104	19758	989	-
3611	19104	19758	989	-
20312	4800	19758	990	-
8048	3611	19758	990	-
20312	4800	19758	992	-
20312	4800	19758	997	-
20312	4800	19758	999	-
20312	4800	19758	1001	-
882	23167	19758	1001	-
7782	14140	19758	1004	-
7782	14140	19758	1004	-
7782	14140	19758	1004	-
7782	14140	19758	1004	-
7782	14140	19758	1004	-
882	2843	19758	1004	-
23317	5938	19758	1005	-
23317	5938	19758	1005	-
23317	5938	19758	1005	-
23317	5938	19758	1005	-
7782	14140	19758	1005	-
7782	14140	19758	1005	-
7782	14140	19758	1005	-
7782	14140	19758	1005	-
7782	14140	19758	1005	-
7782	14140	19758	1005	-
7782	14140	19758	1005	-
7782	14140	19758	1005	-
7782	14140	19758	1005	-
7782	14140	19758	1005	-
7782	14140	19758	1005	-
7782	14140	19758	1005	-
7782	14140	19758	1005	-
23317	5938	19758	1006	-
23317	5938	19758	1006	-
23317	5938	19758	1006	-
23317	5938	19758	1006	-
20312	4800	19758	1006	-
23317	5938	19758	1006	-
20312	4800	19758	1006	-
23317	5938	19758	1006	-
882	8452	19758	1006	-
882	16332	19758	1007	-
3957	15894	19758	1010	-
20367	19350	19758	1010	-
23317	5938	19758	1011	-
20312	4800	19758	1011	-
23317	5938	19758	1016	-
20312	4800	19758	1016	-
7782	15667	19758	1020	-
3297	4394	19758	1021	-
3297	22986	19758	1021	-
7782	21708	19758	1021	-
23317	5938	19758	1022	-
20312	4800	19758	1022	-
3611	11186	8360	1024	-
3297	15894	8360	1024	-
23317	5938	8360	1027	-
20312	4800	8360	1027	-
23317	5938	8360	1032	-
20312	4800	8360	1032	-
13993	22986	8360	1034	-
13993	21708	8360	1034	-
23317	5938	8360	1037	-
20312	4800	8360	1037	-
3957	22986	8360	1040	-
20312	4800	8360	1042	-
7782	14140	8360	1042	-
7782	14140	8360	1042	-
7782	14140	8360	1042	-
7782	14140	8360	1042	-
7782	14140	8360	1042	-
7782	14140	8360	1042	-
7782	14140	8360	1042	-
23317	5938	8360	1042	-
23317	5938	8360	1047	-
20312	4800	8360	1047	-
3611	11186	8360	1050	-
3611	11186	8360	1050	-
23317	5938	8360	1052	-
20312	4800	8360	1052	-
20312	4800	8360	1057	-
23317	5938	8360	1057	-
20312	4800	8360	1062	-
14267	4553	8360	1062	-
23317	5938	8360	1063	-
7215	4553	8360	1067	-
7215	4553	8360	1067	-
7215	4553	8360	1067	-
7215	4553	8360	1067	-
7215	4553	8360	1067	-
7215	4553	8360	1067	-
7215	4553	8360	1067	-
7215	4553	8360	1067	-
7215	4553	8360	1067	-
7215	4553	8360	1067	-
23317	5938	8360	1068	-
20312	4800	8360	1068	-
3185	7268	8360	1070	portsweep
12985	15894	8360	1070	-
20312	4800	8360	1073	-
14547	22986	8360	1073	-
20312	4800	8360	1075	-
20312	4800	8360	1077	-
20312	4800	8360	1082	-
20312	4800	29521	1084	-
20312	4800	29521	1086	-
20312	4800	29521	1091	-
20312	4800	29521	1093	-
14267	9211	29521	1094	-
3611	19104	29521	1094	-
3611	19104	29521	1094	-
3611	19104	29521	1094	-
14267	9211	29521	1094	-
14267	9211	29521	1094	-
14267	9211	29521	1094	-
12985	22986	29521	1094	-
23317	5938	29521	1095	-
23317	5938	29521	1095	-
23317	5938	29521	1095	-
23317	5938	29521	1095	-
20312	4800	29521	1095	-
23317	5938	29521	1095	-
23317	5938	29521	1095	-
23317	5938	29521	1095	-
23317	5938	29521	1095	-
14267	9211	29521	1095	-
14267	23123	29521	1095	-
14267	9211	29521	1095	-
14267	9211	29521	1095	-
14267	9211	29521	1095	-
14267	17807	29521	1095	-
14267	9211	29521	1095	-
14267	9211	29521	1095	-
14267	9211	29521	1095	-
14267	9211	29521	1095	-
23317	5938	29521	1095	-
14267	9211	29521	1095	-
14267	9211	29521	1096	-
14267	9211	29521	1096	-
14267	9211	29521	1096	-
14267	17807	29521	1096	-
14267	9211	29521	1096	-
14267	17807	29521	1096	-
14547	19834	29521	1099	-
20312	4800	29521	1100	-
23317	5938	29521	1100	-
12985	1633	29521	1101	-
3297	2205	29521	1105	-
23317	5938	29521	1105	-
20312	4800	29521	1105	-
23317	5938	29521	1110	-
20312	4800	29521	1110	-
20312	4800	29521	1115	-
23317	5938	29521	1115	-
17624	3611	29521	1116	-
17624	3611	29521	1116	-
7782	14140	29521	1120	-
20312	4800	29521	1120	-
7782	14140	29521	1120	-
7782	14140	29521	1120	-
7782	14140	29521	1120	-
7782	14140	29521	1120	-
7782	14140	29521	1120	-
7782	14140	29521	1120	-
7782	14140	29521	1120	-
7782	14140	29521	1120	-
7782	14140	29521	1120	-
7782	14140	29521	1120	-
7782	14140	29521	1120	-
7782	14140	29521	1120	-
7782	14140	29521	1120	-
7782	14140	29521	1120	-
7782	14140	29521	1120	-
7782	14140	29521	1121	-
23317	5938	29521	1121	-
7782	14140	29521	1121	-
23317	5938	29521	1126	-
20312	4800	29521	1126	-
3611	4553	29521	1130	-
3611	4553	29521	1130	-
3611	4553	29521	1130	-
3611	4553	29521	1130	-
3611	4553	29521	1130	-
23317	5938	29521	1131	-
20312	4800	29521	1131	-
3297	4085	29521	1131	-
3611	4553	29521	1131	-
3611	4553	29521	1131	-
3611	4553	29521	1131	-
3611	4553	29521	1131	-
3611	4553	29521	1131	-
3297	4085	29521	1131	-
3297	4085	29521	1131	-
3297	4085	29521	1131	-
3297	4085	29521	1131	-
3297	4085	29521	1131	-
3297	4085	29521	1131	-
3297	4085	29521	1131	-
3297	4085	29521	1131	-
3297	4085	29521	1131	-
3297	4085	29521	1131	-
3297	4085	29521	1131	-
3297	4085	29521	1131	-
3297	4085	29521	1131	-
3297	4085	29521	1131	-
3297	4085	29521	1131	-
3297	4085	29521	1131	-
23317	5938	29521	1136	-
20312	4800	29521	1136	-
3297	19120	29521	1140	-
3297	19120	29521	1140	-
3297	19120	29521	1140	-
3297	19120	29521	1140	-
3297	19120	29521	1140	-
3297	19120	29521	1140	-
3297	19120	29521	1140	-
3297	19120	29521	1140	-
3297	19120	29521	1140	-
23317	5938	29521	1141	-
20312	4800	29521	1141	-
17624	3611	29521	1143	-
17624	3611	29521	1143	-
17624	3611	29521	1143	-
17624	3611	29521	1143	-
17624	3611	29521	1143	-
17624	3611	29521	1143	-
17624	3611	29521	1143	-
23317	5938	8257	1146	-
20312	4800	8257	1146	-
10429	15894	8257	1148	-
23317	5938	8257	1151	-
20312	4800	8257	1151	-
23317	5938	8257	1156	-
20312	4800	8257	1156	-
20312	4800	8257	1161	-
20312	4800	8257	1163	-
20312	4800	8257	1165	-
20312	4800	8257	1170	-
20312	4800	8257	1172	-
20312	4800	8257	1174	-
20312	4800	8257	1179	-
20312	4800	8257	1181	-
16671	15894	8257	1181	-
12332	3611	8257	1181	-
20312	4800	8257	1183	-
8048	3611	8257	1184	-
16671	1633	8257	1184	-
23317	5938	8257	1185	-
23317	5938	8257	1185	-
23317	5938	8257	1185	-
23317	5938	8257	1185	-
23317	5938	8257	1185	-
12332	3611	8257	1185	-
8048	3611	8257	1185	-
23317	5938	8257	1186	-
23317	5938	8257	1186	-
23317	5938	8257	1186	-
23317	5938	8257	1186	-
3297	13122	8257	1187	-
20312	4800	8257	1188	-
23317	5938	8257	1188	-
20312	4800	8257	1193	-
23317	5938	8257	1193	-
23317	5938	8257	1198	-
20312	4800	8257	1198	-
7782	15692	8257	1199	-
14547	13122	8257	1200	-
7782	17516	8257	1202	-
7782	17516	8257	1202	-
7782	17516	8257	1202	-
20312	4800	45706	1204	-
23317	5938	45706	1204	-
6775	23167	45706	1204	-
6775	16332	45706	1205	-
7782	9716	45706	1207	-
7782	9716	45706	1207	-
7782	9716	45706	1207	-
7782	9716	45706	1207	-
7782	9716	45706	1207	-
7782	9716	45706	1207	-
23317	5938	45706	1209	-
20312	4800	45706	1209	-
23317	5938	45706	1214	-
20312	4800	45706	1214	-
20312	4800	45706	1219	-
23317	5938	45706	1219	-
20312	4800	45706	1224	-
23317	5938	45706	1224	-
7782	14140	45706	1228	-
7782	14140	45706	1228	-
7782	14140	45706	1228	-
7782	14140	45706	1228	-
7782	14140	45706	1228	-
7782	14140	45706	1228	-
7782	14140	45706	1228	-
7782	14140	45706	1228	-
20312	4800	45706	1229	-
23317	5938	45706	1229	-
7782	14140	45706	1229	-
7782	14140	45706	1229	-
7782	14140	45706	1229	-
7215	4553	45706	1232	-
7215	4553	45706	1232	-
7215	4553	45706	1232	-
23317	5938	45706	1234	-
20312	4800	45706	1234	-
23317	5938	45706	1239	-
20312	4800	45706	1239	-
20312	4800	45706	1244	-
23317	5938	45706	1244	-
8048	3611	45706	1245	-
20312	4800	45706	1249	-
20312	4800	45706	1251	-
20312	4800	45706	1253	-
3611	4553	45706	1257	-
3185	7268	45706	1258	portsweep
20312	4800	45706	1260	-
20312	4800	45706	1262	-
20312	4800	14530	1267	-
7215	4553	14530	1268	-
7215	4553	14530	1268	-
7215	4553	14530	1268	-
7215	4553	14530	1268	-
7215	4553	14530	1268	-
7215	4553	14530	1268	-
7215	4553	14530	1268	-
7215	4553	14530	1268	-
7215	4553	14530	1268	-
7215	4553	14530	1268	-
20312	4800	14530	1269	-
14267	4553	14530	1270	-
20312	4800	14530	1271	-
3611	4553	14530	1274	-
3611	4553	14530	1274	-
4800	5938	14530	1274	-
12332	3611	14530	1274	-
23317	5938	14530	1275	-
23317	5938	14530	1275	-
23317	5938	14530	1275	-
23317	5938	14530	1276	-
23317	5938	14530	1276	-
23317	5938	14530	1276	-
23317	5938	14530	1276	-
23317	5938	14530	1276	-
23317	5938	14530	1276	-
20312	4800	14530	1276	-
23317	5938	14530	1276	-
12332	3611	14530	1276	-
12332	3611	14530	1276	-
12332	3611	14530	1276	-
12332	3611	14530	1276	-
12332	3611	14530	1276	-
12332	3611	14530	1276	-
12332	3611	14530	1276	-
20312	4800	14530	1282	-
23317	5938	14530	1282	-
20312	4800	14530	1287	-
23317	5938	14530	1287	-
14267	11936	14530	1289	-
14267	11936	14530	1289	-
14267	11936	14530	1289	-
14267	11936	14530	1289	-
14267	11936	14530	1289	-
14267	11936	14530	1289	-
14267	11936	14530	1289	-
14267	11936	14530	1289	-
14267	11936	14530	1289	-
14267	11936	14530	1289	-
14267	11936	14530	1289	-
14267	11936	14530	1289	-
20312	4800	14530	1292	-
23317	5938	14530	1292	-
7782	14140	14530	1294	-
7782	14140	14530	1294	-
7782	14140	14530	1294	-
7782	14140	14530	1294	-
7782	14140	14530	1294	-
7782	14140	14530	1294	-
7782	14140	14530	1294	-
7782	14140	14530	1294	-
7782	14140	14530	1294	-
7782	14140	14530	1294	-
7782	14140	14530	1294	-
7782	14140	14530	1294	-
7782	14140	14530	1294	-
20312	4800	14530	1297	-
23317	5938	14530	1297	-
7782	17005	14530	1297	-
8048	3611	14530	1298	-
8048	3611	14530	1298	-
8048	3611	14530	1298	-
8048	3611	14530	1298	-
8048	3611	14530	1298	-
8048	3611	14530	1298	-
8048	3611	14530	1298	-
8048	3611	14530	1298	-
8048	3611	14530	1298	-
20312	4800	14530	1302	-
23317	5938	14530	1302	-
14267	11936	14530	1305	-
20312	4800	14530	1307	-
23317	5938	14530	1307	-
20312	4800	14530	1312	-
23317	5938	14530	1312	-
12332	3611	14530	1315	-
12332	3611	14530	1315	-
20312	4800	14530	1317	-
23317	5938	14530	1317	-
20312	4800	14530	1322	-
23317	5938	14530	1322	-
20312	4800	15348	1327	-
23317	5938	15348	1327	-
14267	4553	15348	1327	-
20312	4800	15348	1332	-
23317	5938	15348	1332	-
7782	7215	15348	1334	-
7782	7215	15348	1335	-
7782	7215	15348	1335	-
7782	7215	15348	1335	-
7782	7215	15348	1335	-
7782	7215	15348	1335	-
7782	7215	15348	1335	-
7782	7215	15348	1335	-
7782	7215	15348	1335	-
7782	7215	15348	1335	-
7782	7215	15348	1335	-
20312	4800	15348	1337	-
23317	5938	15348	1337	-
20312	4800	15348	1342	-
20312	4800	15348	1344	-
20312	4800	15348	1346	-
20312	4800	15348	1352	-
20312	4800	15348	1354	-
20312	4800	15348	1356	-
20312	4800	15348	1361	-
7782	7215	15348	1362	-
20312	4800	15348	1363	-
3611	4553	15348	1364	-
3297	4085	15348	1364	-
3297	4085	15348	1364	-
3611	4553	15348	1364	-
3297	4085	15348	1364	-
3297	4085	15348	1364	-
3611	4553	15348	1364	-
13993	22986	15348	1364	-
3297	4085	15348	1364	-
3611	4553	15348	1364	-
3297	4085	15348	1365	-
3297	4085	15348	1365	-
3297	4085	15348	1365	-
3297	4085	15348	1365	-
3297	4085	15348	1365	-
3297	4085	15348	1365	-
3297	4085	15348	1365	-
3297	4085	15348	1365	-
3297	4085	15348	1365	-
3611	4553	15348	1365	-
3297	4085	15348	1365	-
3611	4553	15348	1365	-
3297	4085	15348	1365	-
23317	5938	15348	1365	-
3297	4085	15348	1365	-
20312	4800	15348	1365	-
13993	15894	15348	1365	-
23317	5938	15348	1366	-
23317	5938	15348	1366	-
23317	5938	15348	1366	-
23317	5938	15348	1366	-
23317	5938	15348	1366	-
23317	5938	15348	1366	-
23317	5938	15348	1366	-
23317	5938	15348	1366	-
7782	3374	15348	1366	-
7782	3374	15348	1366	-
7782	3374	15348	1366	-
7782	3374	15348	1366	-
7782	3374	15348	1366	-
7782	3374	15348	1366	-
7782	3374	15348	1366	-
13993	19531	15348	1368	-
20312	4800	15348	1370	-
23317	5938	15348	1370	-
20312	4800	15348	1375	-
23317	5938	15348	1375	-
20312	4800	15348	1380	-
23317	5938	15348	1380	-
8048	3611	20687	1384	-
8048	3611	20687	1384	-
8048	3611	20687	1384	-
8048	3611	20687	1384	-
8048	3611	20687	1384	-
8048	3611	20687	1384	-
8048	3611	20687	1384	-
20312	4800	20687	1385	-
23317	5938	20687	1385	-
17624	3611	20687	1386	-
17624	3611	20687	1386	-
7782	18316	20687	1386	-
17624	3611	20687	1386	-
17624	3611	20687	1386	-
17624	3611	20687	1386	-
7782	18316	20687	1386	-
17624	3611	20687	1386	-
7782	18316	20687	1386	-
17624	3611	20687	1386	-
17624	3611	20687	1386	-
17624	3611	20687	1386	-
7782	18316	20687	1386	-
7179	3297	20687	1388	-
20312	4800	20687	1391	-
23317	5938	20687	1391	-
14267	18332	20687	1392	-
20312	4800	20687	1396	-
23317	5938	20687	1396	-
20312	4800	20687	1401	-
23317	5938	20687	1401	-
14547	15894	20687	1401	-
14267	4553	20687	1401	-
14267	4553	20687	1401	-
14267	4553	20687	1401	-
14267	4553	20687	1401	-
14267	4553	20687	1401	-
14267	4553	20687	1401	-
14267	4553	20687	1401	-
14267	4553	20687	1401	-
14267	4553	20687	1401	-
14267	4553	20687	1401	-
14267	4553	20687	1401	-
14267	4553	20687	1401	-
14547	1633	20687	1401	-
14547	21708	20687	1403	-
3297	18332	20687	1405	-
20312	4800	20687	1406	-
23317	5938	20687	1406	-
20312	4800	20687	1411	-
23317	5938	20687	1411	-
10429	13412	20687	1412	-
10429	13412	20687	1413	-
10429	13412	20687	1413	-
10429	13412	20687	1413	-
10429	13412	20687	1413	-
10429	13412	20687	1413	-
10429	13412	20687	1413	-
10429	13412	20687	1413	-
10429	8524	20687	1413	-
10429	13412	20687	1413	-
10429	13412	20687	1413	-
10429	13412	20687	1413	-
10429	13412	20687	1413	-
10429	13412	20687	1413	-
10429	13412	20687	1413	-
10429	13412	20687	1413	-
20312	4800	20687	1416	-
23317	5938	20687	1416	-
3611	4553	20687	1420	-
3611	4553	20687	1420	-
3611	4553	20687	1420	-
3611	4553	20687	1420	-
3611	4553	20687	1420	-
3611	4553	20687	1420	-
3611	4553	20687	1420	-
3611	4553	20687	1420	-
3611	4553	20687	1420	-
3611	4553	20687	1420	-
3611	4553	20687	1420	-
3611	4553	20687	1420	-
20312	4800	20687	1421	-
23317	5938	20687	1421	-
20312	4800	20687	1426	-
23317	5938	20687	1426	-
20312	4800	20687	1432	-
20312	4800	20687	1434	-
20312	4800	20687	1436	-
20312	4800	20687	1441	-
20312	4800	20687	1443	-
20312	4800	45055	1445	-
20312	4800	45055	1450	-
20312	4800	45055	1452	-
20312	4800	45055	1454	-
7782	18316	45055	1454	-
7782	18316	45055	1454	-
7782	18316	45055	1454	-
7782	18316	45055	1454	-
23317	5938	45055	1455	-
23317	5938	45055	1455	-
23317	5938	45055	1455	-
23317	5938	45055	1455	-
23317	5938	45055	1455	-
23317	5938	45055	1455	-
23317	5938	45055	1455	-
23317	5938	45055	1455	-
23317	5938	45055	1455	-
8048	3611	45055	1455	-
20312	4800	45055	1455	-
8048	3611	45055	1455	-
8048	3611	45055	1455	-
8048	3611	45055	1455	-
8048	3611	45055	1455	-
8048	3611	45055	1455	-
8048	3611	45055	1455	-
8048	3611	45055	1455	-
8048	3611	45055	1455	-
8048	3611	45055	1455	-
8048	3611	45055	1455	-
8048	3611	45055	1455	-
8048	3611	45055	1455	-
3185	7268	45055	1455	portsweep
3611	4553	45055	1456	-
20312	4800	45055	1459	-
23317	5938	45055	1459	-
20312	4800	45055	1464	-
23317	5938	45055	1464	-
20312	4800	45055	1469	-
23317	5938	45055	1469	-
3297	9054	45055	1471	-
3297	9054	45055	1471	-
3297	9054	45055	1471	-
3297	9054	45055	1471	-
3297	9054	45055	1471	-
3297	9054	45055	1471	-
3297	9054	45055	1471	-
3297	9054	45055	1471	-
3297	9054	45055	1471	-
3297	9054	45055	1472	-
3297	9054	45055	1472	-
3297	9054	45055	1472	-
3297	9054	45055	1472	-
3297	9054	45055	1472	-
3297	9054	45055	1472	-
3297	9054	45055	1472	-
3297	9054	45055	1472	-
3297	9054	45055	1472	-
3297	9054	45055	1472	-
3297	9054	45055	1472	-
3297	9054	45055	1472	-
3297	9054	45055	1472	-
3297	9054	45055	1472	-
3297	9054	45055	1472	-
3297	9054	45055	1472	-
3297	9054	45055	1472	-
3297	9054	45055	1472	-
3297	9054	45055	1472	-
3297	9054	45055	1472	-
3297	9054	45055	1472	-
3297	9054	45055	1472	-
3297	9054	45055	1473	-
3297	9054	45055	1473	-
3297	9054	45055	1473	-
3297	9054	45055	1473	-
3297	9054	45055	1473	-
3297	9054	45055	1473	-
3297	9054	45055	1473	-
3297	9054	45055	1473	-
20312	4800	45055	1474	-
23317	5938	45055	1474	-
14267	4553	45055	1474	-
14267	4553	45055	1474	-
14267	4553	45055	1474	-
14267	4553	45055	1474	-
14267	4553	45055	1474	-
14267	4553	45055	1474	-
14267	4553	45055	1474	-
14267	4553	45055	1474	-
14267	4553	45055	1474	-
14267	4553	45055	1474	-
14267	4553	45055	1474	-
14267	11592	45055	1474	-
14267	4553	45055	1474	-
20312	16593	45055	1478	-
20312	4800	45055	1479	-
23317	5938	45055	1479	-
20312	4800	45055	1484	-
23317	5938	45055	1484	-
7215	4553	45055	1486	-
7215	4553	45055	1486	-
7215	4553	45055	1487	-
7215	4553	45055	1487	-
7215	4553	45055	1487	-
7215	4553	45055	1487	-
6775	3611	45055	1488	-
20312	4800	45055	1489	-
23317	5938	45055	1489	-
19839	13122	45055	1489	-
6775	23167	45055	1490	-
20312	4800	45055	1494	-
23317	5938	45055	1494	-
20312	4800	45055	1499	-
23317	5938	45055	1499	-
20312	4800	35086	1504	-
23317	5938	35086	1504	-
17624	3611	35086	1504	-
8048	3611	35086	1504	-
8048	3611	35086	1504	-
8048	3611	35086	1504	-
8048	3611	35086	1504	-
8048	3611	35086	1504	-
8048	3611	35086	1504	-
8048	3611	35086	1504	-
3611	9211	35086	1505	-
3611	9211	35086	1506	-
3611	9211	35086	1506	-
3611	9211	35086	1506	-
3611	9211	35086	1506	-
3611	23123	35086	1507	-
3611	9211	35086	1507	-
3611	9211	35086	1507	-
3611	9211	35086	1507	-
3611	17807	35086	1507	-
3611	9211	35086	1507	-
3611	9211	35086	1507	-
3611	9211	35086	1507	-
3611	9211	35086	1507	-
3611	9211	35086	1507	-
3611	17807	35086	1507	-
3611	9211	35086	1507	-
3611	9211	35086	1507	-
3611	9211	35086	1507	-
3611	17807	35086	1507	-
3611	9211	35086	1507	-
7215	4553	35086	1508	-
20312	4800	35086	1509	-
23317	5938	35086	1510	-
7215	763	35086	1511	-
7215	763	35086	1511	-
7215	763	35086	1511	-
7215	763	35086	1511	-
7215	763	35086	1511	-
7215	763	35086	1511	-
7215	763	35086	1511	-
20312	4800	35086	1515	-
23317	5938	35086	1515	-
7782	13710	35086	1515	-
7782	13710	35086	1515	-
7782	13710	35086	1515	-
7782	13710	35086	1515	-
20312	4800	35086	1520	-
20312	4800	35086	1522	-
20312	4800	35086	1524	-
20312	4800	35086	1529	-
20312	4800	35086	1531	-
20312	4800	35086	1533	-
20312	4800	35086	1538	-
20312	4800	35086	1540	-
12332	3611	35086	1541	-
8048	3611	35086	1541	-
20312	4800	35086	1542	-
7782	3374	35086	1544	-
7782	3374	35086	1544	-
7782	3374	35086	1544	-
14267	4553	35086	1544	-
14267	4553	35086	1544	-
14267	4553	35086	1544	-
14267	4553	35086	1544	-
14267	4553	35086	1544	-
8048	3611	35086	1544	-
14267	4553	35086	1544	-
14267	4553	35086	1544	-
14267	4553	35086	1544	-
8048	3611	35086	1544	-
12332	3611	35086	1544	-
12332	3611	35086	1544	-
12332	3611	35086	1544	-
12332	3611	35086	1544	-
14267	4553	35086	1544	-
12332	3611	35086	1544	-
12332	3611	35086	1544	-
12332	3611	35086	1544	-
12332	3611	35086	1544	-
12332	3611	35086	1544	-
14267	4553	35086	1544	-
12332	3611	35086	1544	-
14267	4553	35086	1544	-
12332	3611	35086	1544	-
14267	4553	35086	1544	-
12332	3611	35086	1544	-
8048	3611	35086	1544	-
12332	3611	35086	1544	-
12332	3611	35086	1544	-
8048	3611	35086	1544	-
12332	3611	35086	1545	-
23317	5938	35086	1545	-
23317	5938	35086	1545	-
23317	5938	35086	1545	-
23317	5938	35086	1545	-
23317	5938	35086	1545	-
23317	5938	35086	1545	-
23317	5938	35086	1545	-
23317	5938	35086	1545	-
23317	5938	35086	1545	-
12332	3611	35086	1545	-
12332	3611	35086	1545	-
12332	3611	35086	1545	-
12332	3611	35086	1545	-
12332	3611	35086	1545	-
12332	3611	35086	1545	-
12332	3611	35086	1545	-
12332	3611	35086	1545	-
20312	4800	35086	1547	-
23317	5938	35086	1547	-
7782	13710	35086	1551	-
7782	13710	35086	1551	-
23317	5938	35086	1552	-
20312	4800	35086	1552	-
12332	3611	35086	1555	-
12332	3611	35086	1556	-
12332	3611	35086	1556	-
12332	3611	35086	1556	-
12332	3611	35086	1556	-
12332	3611	35086	1556	-
12332	3611	35086	1556	-
3611	4553	35086	1557	-
20312	4800	35086	1557	-
23317	5938	35086	1557	-
7215	4553	35086	1562	-
20312	4800	35086	1562	-
23317	5938	35086	1562	-
7215	4553	35086	1562	-
7215	4553	35086	1562	-
7215	4553	35086	1562	-
7215	4553	35086	1562	-
7215	4553	35086	1562	-
7782	3374	35086	1563	-
7782	3374	35086	1563	-
7782	3374	13603	1564	-
7782	3374	13603	1564	-
7782	3374	13603	1564	-
7782	3374	13603	1564	-
7782	3374	13603	1564	-
23317	5938	13603	1567	-
20312	4800	13603	1567	-
23317	5938	13603	1572	-
20312	4800	13603	1572	-
3297	9054	13603	1574	-
3297	9054	13603	1574	-
3297	9054	13603	1574	-
3297	9054	13603	1574	-
3297	9054	13603	1574	-
3297	9054	13603	1574	-
3297	9054	13603	1574	-
3297	9054	13603	1574	-
3297	9054	13603	1574	-
3297	9054	13603	1574	-
3297	9054	13603	1574	-
3297	9054	13603	1574	-
3297	9054	13603	1574	-
3297	9054	13603	1574	-
3297	9054	13603	1574	-
3297	9054	13603	1574	-
3297	9054	13603	1574	-
3297	9054	13603	1574	-
3297	9054	13603	1574	-
3297	9054	13603	1574	-
3297	9054	13603	1574	-
3297	9054	13603	1574	-
3297	9054	13603	1574	-
3297	9054	13603	1574	-
3297	9054	13603	1574	-
3297	9054	13603	1574	-
3297	9054	13603	1574	-
3297	9054	13603	1574	-
3297	9054	13603	1574	-
15394	4800	13603	1575	-
23317	882	13603	1575	-
10429	15894	13603	1575	-
8048	3611	13603	1576	-
20312	4800	13603	1577	-
23317	5938	13603	1577	-
19531	15894	13603	1581	-
20312	4800	13603	1582	-
23317	5938	13603	1582	-
20312	4800	13603	1587	-
23317	5938	13603	1588	-
7782	13710	13603	1589	-
7782	13710	13603	1589	-
7782	13710	13603	1589	-
7782	13710	13603	1589	-
7782	13710	13603	1589	-
12332	3611	13603	1590	-
12332	3611	13603	1590	-
3611	11936	13603	1590	-
12332	3611	13603	1590	-
12332	3611	13603	1590	-
3611	11936	13603	1591	-
3611	11936	13603	1591	-
3611	11936	13603	1591	-
3611	11936	13603	1591	-
3611	11936	13603	1591	-
3611	11936	13603	1591	-
3611	11936	13603	1591	-
3611	11936	13603	1591	-
3611	11936	13603	1591	-
3611	11936	13603	1591	-
3611	11936	13603	1591	-
10429	13412	13603	1592	-
10429	13412	13603	1592	-
10429	13412	13603	1592	-
10429	13412	13603	1592	-
20312	4800	13603	1593	-
23317	5938	13603	1593	-
10429	13412	13603	1593	-
10429	13412	13603	1593	-
10429	13412	13603	1593	-
10429	13412	13603	1593	-
10429	13412	13603	1593	-
10429	13412	13603	1593	-
10429	13412	13603	1593	-
10429	13412	13603	1593	-
10429	8524	13603	1593	-
10429	13412	13603	1593	-
10429	13412	13603	1593	-
10429	13412	13603	1593	-
10429	13412	13603	1593	-
10429	13412	13603	1593	-
10429	13412	13603	1593	-
10429	13412	13603	1593	-
10429	13412	13603	1593	-
10429	13412	13603	1593	-
10429	13412	13603	1593	-
10429	9579	13603	1593	-
7215	4553	13603	1595	-
7215	4553	13603	1595	-
7215	4553	13603	1595	-
7215	4553	13603	1595	-
7215	4553	13603	1595	-
7215	4553	13603	1595	-
7215	4553	13603	1595	-
7215	4553	13603	1595	-
7215	4553	13603	1595	-
7215	4553	13603	1595	-
7215	4553	13603	1596	-
7215	4553	13603	1596	-
20312	4800	13603	1598	-
23317	5938	13603	1598	-
7782	3374	13603	1598	-
7782	3374	13603	1598	-
20312	4800	13603	1603	-
23317	5938	13603	1603	-
23317	5938	13603	1608	-
20312	4800	13603	1608	-
7782	13710	13603	1610	-
7782	13710	13603	1610	-
7782	13710	13603	1610	-
7782	13710	13603	1610	-
7782	13710	13603	1610	-
7782	13710	13603	1610	-
7782	13710	13603	1610	-
20312	4800	13603	1613	-
7782	15894	13603	1613	-
20312	4800	13603	1615	-
10429	13412	13603	1616	-
10429	13412	13603	1616	-
10429	13412	13603	1616	-
10429	13412	13603	1616	-
10429	13412	13603	1616	-
10429	8524	13603	1616	-
10429	13412	13603	1616	-
10429	13412	13603	1616	-
10429	13412	13603	1616	-
10429	13412	13603	1616	-
10429	13412	13603	1616	-
10429	13412	13603	1616	-
10429	13412	13603	1616	-
10429	13412	13603	1616	-
20312	4800	13603	1617	-
7215	4553	13603	1621	-
7215	4553	13603	1621	-
7215	4553	13603	1621	-
7215	4553	13603	1621	-
7215	4553	13603	1621	-
7215	4553	13603	1621	-
7215	4553	13603	1621	-
7215	4553	13603	1621	-
7215	4553	13603	1621	-
7215	4553	13603	1621	-
20312	4800	13603	1622	-
20312	4800	44914	1624	-
20312	4800	44914	1626	-
20312	4800	44914	1631	-
20312	4800	44914	1633	-
3611	11936	44914	1634	-
23317	5938	44914	1635	-
20312	4800	44914	1635	-
23317	5938	44914	1635	-
23317	5938	44914	1635	-
23317	5938	44914	1635	-
23317	5938	44914	1635	-
23317	5938	44914	1635	-
23317	5938	44914	1635	-
23317	5938	44914	1636	-
23317	5938	44914	1636	-
14267	4553	44914	1638	-
14267	4553	44914	1638	-
14267	4553	44914	1638	-
14267	4553	44914	1638	-
14267	4553	44914	1638	-
14267	4553	44914	1638	-
14267	4553	44914	1638	-
14267	4553	44914	1638	-
14267	4553	44914	1638	-
14267	4553	44914	1638	-
14267	4553	44914	1638	-
14267	11592	44914	1638	-
14267	4553	44914	1638	-
20312	4800	44914	1640	-
23317	5938	44914	1640	-
3297	9054	44914	1640	-
3297	9054	44914	1640	-
3297	9054	44914	1640	-
3297	9054	44914	1640	-
3297	9054	44914	1640	-
7215	1442	44914	1640	-
3297	9054	44914	1640	-
3297	9054	44914	1640	-
3297	9054	44914	1640	-
7215	1442	44914	1640	-
3297	9054	44914	1640	-
7215	1442	44914	1640	-
3297	9054	44914	1640	-
3297	9054	44914	1640	-
7215	1442	44914	1640	-
3297	9054	44914	1640	-
7215	1442	44914	1640	-
3297	9054	44914	1640	-
7215	1442	44914	1640	-
3297	9054	44914	1640	-
3297	9054	44914	1640	-
7215	1442	44914	1640	-
3297	9054	44914	1640	-
7215	1442	44914	1640	-
3297	9054	44914	1640	-
7215	1442	44914	1640	-
3297	9054	44914	1640	-
7215	1442	44914	1640	-
3297	9054	44914	1640	-
7215	1442	44914	1641	-
3297	9054	44914	1641	-
7215	1442	44914	1641	-
3297	9054	44914	1641	-
7215	1442	44914	1641	-
3297	9054	44914	1641	-
7215	1442	44914	1641	-
3297	9054	44914	1641	-
3297	9054	44914	1641	-
3297	9054	44914	1641	-
3297	9054	44914	1641	-
3297	9054	44914	1641	-
3297	9054	44914	1641	-
3297	9054	44914	1641	-
3297	9054	44914	1641	-
3185	7268	44914	1642	portsweep
3297	13122	44914	1642	-
20312	4800	44914	1645	-
23317	5938	44914	1645	-
20312	4800	44914	1651	-
23317	5938	44914	1651	-
20312	4800	44914	1656	-
23317	5938	44914	1656	-
20312	4800	44914	1661	-
23317	5938	44914	1661	-
20312	4800	44914	1666	-
23317	5938	44914	1666	-
10429	13412	44914	1666	-
10429	13412	44914	1666	-
10429	8524	44914	1666	-
10429	13412	44914	1666	-
10429	13412	44914	1666	-
10429	13412	44914	1666	-
10429	13412	44914	1666	-
10429	13412	44914	1666	-
10429	13412	44914	1667	-
10429	13412	44914	1667	-
10429	13412	44914	1667	-
10429	13412	44914	1667	-
10429	13412	44914	1667	-
10429	13412	44914	1667	-
20312	4800	44914	1671	-
23317	5938	44914	1671	-
3611	4553	44914	1673	-
8048	3611	44914	1673	-
8048	3611	44914	1673	-
8048	3611	44914	1673	-
8048	3611	44914	1673	-
8048	3611	44914	1673	-
8048	3611	44914	1673	-
8048	3611	44914	1673	-
23317	5938	44914	1676	-
20312	4800	44914	1676	-
3297	9054	44914	1678	-
23317	5938	44914	1681	-
20312	4800	44914	1681	-
23317	5938	35185	1686	-
20312	4800	35185	1686	-
14267	4553	35185	1689	-
23317	5938	35185	1691	-
20312	4800	35185	1691	-
23317	5938	35185	1696	-
3957	15394	35185	1696	-
20312	4800	35185	1696	-
8048	3611	35185	1698	-
8048	3611	35185	1698	-
8048	3611	35185	1698	-
8048	3611	35185	1699	-
8048	3611	35185	1699	-
8048	3611	35185	1699	-
8048	3611	35185	1699	-
20312	4800	35185	1701	-
20312	4800	35185	1703	-
20312	4800	35185	1705	-
20312	4800	35185	1710	-
20312	4800	35185	1712	-
20312	4800	35185	1714	-
14267	4553	35185	1714	-
14267	4553	35185	1714	-
14267	4553	35185	1714	-
14267	4553	35185	1714	-
14267	4553	35185	1714	-
14267	4553	35185	1714	-
14267	4553	35185	1714	-
14267	4553	35185	1714	-
14267	4553	35185	1714	-
14267	4553	35185	1714	-
14267	4553	35185	1714	-
20312	4800	35185	1719	-
20312	4800	35185	1721	-
20312	4800	35185	1723	-
10429	13412	35185	1724	-
7782	13710	35185	1724	-
14267	11592	35185	1724	-
14267	4553	35185	1724	-
14267	11592	35185	1724	-
7215	1442	35185	1724	-
10429	13412	35185	1724	-
7215	1442	35185	1724	-
10429	13412	35185	1724	-
7215	1442	35185	1724	-
10429	13412	35185	1724	-
7215	1442	35185	1724	-
10429	13412	35185	1724	-
7215	1442	35185	1724	-
10429	13412	35185	1724	-
7215	1442	35185	1724	-
10429	13412	35185	1724	-
23317	5938	35185	1725	-
23317	5938	35185	1725	-
23317	5938	35185	1725	-
23317	5938	35185	1725	-
23317	5938	35185	1725	-
23317	5938	35185	1725	-
23317	5938	35185	1725	-
23317	5938	35185	1725	-
23317	5938	35185	1725	-
7215	1442	35185	1725	-
10429	13412	35185	1725	-
7215	1442	35185	1725	-
10429	13412	35185	1725	-
7215	1442	35185	1725	-
10429	13412	35185	1725	-
10429	13412	35185	1725	-
10429	8524	35185	1725	-
10429	13412	35185	1725	-
20312	4800	35185	1728	-
23317	5938	35185	1729	-
17624	3611	35185	1730	-
3957	587	35185	1730	-
12332	3611	35185	1730	-
12332	3611	35185	1730	-
12332	3611	35185	1730	-
12332	3611	35185	1730	-
12332	3611	35185	1730	-
12332	3611	35185	1730	-
12332	3611	35185	1730	-
17624	3611	35185	1730	-
7782	13710	35185	1731	-
12332	3611	35185	1731	-
7782	13710	35185	1731	-
7782	13710	35185	1731	-
7782	13710	35185	1731	-
7782	13710	35185	1731	-
7782	13710	35185	1731	-
7782	13710	35185	1731	-
23317	5938	35185	1734	-
20312	4800	35185	1734	-
20312	4800	35185	1739	-
23317	5938	35185	1739	-
23317	5938	4237	1744	-
20312	4800	4237	1744	-
11001	15667	4237	1748	-
20312	4800	4237	1749	-
23317	5938	4237	1749	-
20312	4800	4237	1754	-
23317	5938	4237	1754	-
14267	6816	4237	1759	-
20312	4800	4237	1759	-
23317	5938	4237	1759	-
14267	6816	4237	1759	-
23317	5938	4237	1764	-
20312	4800	4237	1764	-
7215	1442	4237	1766	-
7215	1442	4237	1766	-
7215	1442	4237	1766	-
7215	1442	4237	1766	-
20312	4800	4237	1769	-
23317	5938	4237	1769	-
23317	5938	4237	1774	-
20312	4800	4237	1774	-
20312	4800	4237	1779	-
23317	5938	4237	1779	-
20312	4800	4237	1784	-
23317	5938	4237	1784	-
7782	20668	4237	1786	-
7782	20668	4237	1787	-
7782	20668	4237	1787	-
7782	20668	4237	1787	-
7782	20668	4237	1787	-
7782	20668	4237	1787	-
7782	20668	4237	1787	-
7782	20668	4237	1787	-
7782	20668	4237	1787	-
7782	20668	4237	1787	-
7782	20668	4237	1787	-
20312	4800	4237	1789	-
20312	4800	4237	1791	-
12332	8452	4237	1792	-
20312	4800	4237	1793	-
7782	13710	4237	1795	-
7782	13710	4237	1795	-
7782	13710	4237	1795	-
7782	13710	4237	1795	-
7782	13710	4237	1795	-
