20312	4800	13448	0	-
23317	5938	13448	0	-
21708	19699	13448	3	-
20312	4800	13448	5	-
23317	5938	13448	5	-
20312	4800	545	10	-
20312	4800	545	12	-
20312	4800	545	14	-
20312	4800	545	19	-
20312	4800	545	21	-
20312	4800	545	23	-
20312	4800	545	29	-
23317	5938	545	29	-
23317	5938	545	29	-
23317	5938	545	29	-
23317	5938	545	29	-
23317	5938	545	29	-
23317	5938	545	29	-
23317	5938	545	29	-
20312	4800	545	34	-
23317	5938	545	34	-
21708	16362	545	34	-
20312	4800	545	40	-
23317	5938	545	40	-
20312	4800	545	45	-
23317	5938	545	45	-
20312	4800	545	50	-
23317	5938	545	50	-
20312	4800	545	55	-
23317	5938	545	55	-
20312	4800	545	60	-
23317	5938	545	60	-
20312	4800	545	65	-
23317	5938	545	65	-
20312	4800	41140	70	-
23317	5938	41140	70	-
20312	4800	41140	75	-
23317	5938	41140	75	-
20312	4800	41140	80	-
23317	5938	41140	80	-
23317	5938	41140	85	-
20312	4800	41140	85	-
20312	4800	41140	90	-
23317	5938	41140	90	-
20312	4800	41140	95	-
23317	5938	41140	95	-
15506	19350	41140	97	-
20312	4800	41140	100	-
20312	4800	41140	102	-
20312	4800	41140	105	-
3957	15394	41140	108	-
21708	15394	41140	108	-
20367	587	41140	108	-
20312	4800	41140	110	-
20312	4800	41140	112	-
20312	4800	41140	114	-
20312	4800	41140	119	-
23317	5938	41140	119	-
23317	5938	41140	119	-
23317	5938	41140	119	-
23317	5938	41140	119	-
23317	5938	41140	119	-
23317	5938	41140	119	-
23317	5938	41140	119	-
20312	4800	41140	124	-
23317	5938	41140	125	-
20312	4800	22163	130	-
23317	5938	22163	130	-
21708	13070	22163	130	-
20312	4800	22163	135	-
23317	5938	22163	135	-
20312	4800	22163	140	-
23317	5938	22163	140	-
20312	4800	22163	145	-
23317	5938	22163	145	-
20312	4800	22163	150	-
23317	5938	22163	150	-
21708	15394	22163	151	-
21708	3422	22163	154	-
20312	4800	22163	155	-
23317	5938	22163	155	-
20312	4800	22163	160	-
23317	5938	22163	160	-
20312	4800	22163	165	-
23317	5938	22163	165	-
20312	4800	22163	170	-
23317	5938	22163	170	-
20312	4800	22163	175	-
23317	5938	22163	175	-
20312	4800	22163	180	-
23317	5938	22163	180	-
20312	4800	22163	185	-
23317	5938	22163	185	-
20312	4800	46356	191	-
20312	4800	46356	193	-
20312	4800	46356	195	-
20312	4800	46356	200	-
20312	4800	46356	202	-
20312	4800	46356	204	-
20312	4800	46356	209	-
23317	5938	46356	209	-
23317	5938	46356	209	-
23317	5938	46356	209	-
23317	5938	46356	209	-
23317	5938	46356	209	-
23317	5938	46356	209	-
23317	5938	46356	209	-
21708	19866	46356	213	-
20312	4800	46356	214	-
23317	5938	46356	214	-
20312	4800	46356	220	-
23317	5938	46356	220	-
20312	4800	46356	225	-
23317	5938	46356	225	-
20312	4800	46356	230	-
23317	5938	46356	230	-
20312	4800	46356	235	-
23317	5938	46356	235	-
15394	4800	46356	239	-
23317	882	46356	239	-
20312	4800	46356	240	-
23317	5938	46356	240	-
20312	4800	46356	245	-
23317	5938	46356	245	-
20312	4800	15585	250	-
23317	5938	15585	250	-
20312	4800	15585	255	-
23317	5938	15585	255	-
20312	4800	15585	260	-
23317	5938	15585	260	-
20312	4800	15585	265	-
23317	5938	15585	265	-
20312	4800	15585	270	-
23317	5938	15585	270	-
20312	4800	15585	275	-
23317	5938	15585	275	-
20312	4800	15585	280	-
20312	4800	15585	282	-
20312	4800	15585	285	-
20312	4800	15585	290	-
20312	4800	15585	292	-
20312	4800	15585	294	-
23317	5938	15585	299	-
23317	5938	15585	299	-
20312	4800	15585	299	-
23317	5938	15585	299	-
23317	5938	15585	299	-
23317	5938	15585	299	-
20312	4800	15585	299	-
23317	5938	15585	299	-
23317	5938	15585	299	-
21708	4791	15585	302	-
21708	19866	15585	304	-
20312	4800	15585	304	-
23317	5938	15585	305	-
23317	5938	4759	310	-
20312	4800	4759	310	-
21708	19866	4759	313	-
20312	4800	4759	315	-
23317	5938	4759	315	-
20312	4800	4759	320	-
23317	5938	4759	320	-
20312	4800	4759	325	-
23317	5938	4759	325	-
20312	4800	4759	330	-
23317	5938	4759	330	-
20312	4800	4759	335	-
23317	5938	4759	335	-
20312	4800	4759	340	-
23317	5938	4759	340	-
20312	4800	4759	345	-
23317	5938	4759	345	-
20312	4800	4759	350	-
23317	5938	4759	350	-
20312	4800	4759	355	-
23317	5938	4759	355	-
20312	4800	4759	360	-
23317	5938	4759	360	-
20312	4800	4759	365	-
23317	5938	4759	365	-
20312	4800	35132	371	-
20312	4800	35132	373	-
20312	4800	35132	375	-
20312	4800	35132	380	-
20312	4800	35132	382	-
20312	4800	35132	384	-
21708	19866	35132	386	-
20312	4800	35132	389	-
23317	5938	35132	389	-
23317	5938	35132	389	-
23317	5938	35132	389	-
23317	5938	35132	389	-
23317	5938	35132	389	-
23317	5938	35132	389	-
23317	5938	35132	389	-
20312	4800	35132	394	-
23317	5938	35132	394	-
20312	4800	35132	399	-
23317	5938	35132	399	-
20312	4800	35132	405	-
23317	5938	35132	405	-
20312	4800	35132	410	-
23317	5938	35132	410	-
20312	4800	35132	415	-
23317	5938	35132	415	-
20312	4800	35132	420	-
23317	5938	35132	420	-
20312	4800	35132	425	-
23317	5938	35132	425	-
20312	4800	27536	430	-
23317	5938	27536	430	-
20312	4800	27536	435	-
23317	5938	27536	435	-
20312	4800	27536	440	-
23317	5938	27536	440	-
20312	4800	27536	445	-
23317	5938	27536	445	-
20312	4800	27536	450	-
23317	5938	27536	450	-
20312	4800	27536	455	-
23317	5938	27536	455	-
20312	4800	27536	460	-
20312	4800	27536	462	-
20312	4800	27536	464	-
20312	4800	27536	469	-
20312	4800	27536	471	-
20312	4800	27536	473	-
20312	4800	27536	479	-
23317	5938	27536	479	-
23317	5938	27536	479	-
23317	5938	27536	479	-
23317	5938	27536	479	-
23317	5938	27536	479	-
23317	5938	27536	479	-
23317	5938	27536	479	-
20312	4800	27536	484	-
23317	5938	27536	484	-
20312	4800	30738	489	-
23317	5938	30738	489	-
20312	4800	30738	495	-
23317	5938	30738	495	-
20312	4800	30738	500	-
23317	5938	30738	500	-
20312	4800	30738	505	-
23317	5938	30738	505	-
20312	4800	30738	510	-
23317	5938	30738	510	-
20312	4800	30738	515	-
23317	5938	30738	515	-
20312	4800	30738	520	-
23317	5938	30738	520	-
20312	4800	30738	525	-
23317	5938	30738	525	-
20312	4800	30738	530	-
23317	5938	30738	530	-
20312	4800	30738	535	-
23317	5938	30738	535	-
23317	5938	30738	540	-
20312	4800	30738	540	-
20312	4800	30738	545	-
23317	5938	30738	545	-
20312	4800	8243	550	-
20312	4800	8243	552	-
20312	4800	8243	554	-
20312	4800	8243	559	-
20312	4800	8243	561	-
20312	4800	8243	563	-
20312	4800	8243	569	-
23317	5938	8243	569	-
23317	5938	8243	569	-
23317	5938	8243	569	-
23317	5938	8243	569	-
23317	5938	8243	569	-
23317	5938	8243	569	-
23317	5938	8243	569	-
23317	5938	8243	574	-
20312	4800	8243	574	-
23317	5938	8243	579	-
20312	4800	8243	579	-
5106	7268	8243	580	portsweep
20312	4800	8243	585	-
23317	5938	8243	585	-
20312	4800	8243	590	-
23317	5938	8243	590	-
23317	5938	8243	595	-
20312	4800	8243	595	-
23317	5938	8243	600	-
20312	4800	8243	600	-
23317	5938	8243	605	-
20312	4800	8243	605	-
23317	5938	35492	610	-
20312	4800	35492	610	-
23317	5938	35492	615	-
20312	4800	35492	615	-
23317	5938	35492	620	-
20312	4800	35492	620	-
23317	5938	35492	625	-
20312	4800	35492	625	-
23317	5938	35492	630	-
20312	4800	35492	630	-
20312	4800	35492	635	-
23317	5938	35492	635	-
20312	4800	35492	640	-
20312	4800	35492	642	-
20312	4800	35492	644	-
20312	4800	35492	649	-
20312	4800	35492	651	-
20312	4800	35492	653	-
23317	5938	35492	659	-
23317	5938	35492	659	-
23317	5938	35492	659	-
23317	5938	35492	659	-
23317	5938	35492	659	-
23317	5938	35492	659	-
23317	5938	35492	659	-
20312	4800	35492	659	-
23317	5938	35492	664	-
20312	4800	35492	664	-
20312	4800	44661	669	-
23317	5938	44661	670	-
20312	4800	44661	675	-
23317	5938	44661	675	-
23317	5938	44661	680	-
20312	4800	44661	680	-
20312	4800	44661	685	-
23317	5938	44661	685	-
23317	5938	44661	690	-
20312	4800	44661	690	-
23317	5938	44661	695	-
20312	4800	44661	695	-
23317	5938	44661	700	-
20312	4800	44661	700	-
23317	5938	44661	705	-
20312	4800	44661	705	-
23317	5938	44661	710	-
20312	4800	44661	710	-
20312	4800	44661	715	-
23317	5938	44661	715	-
23317	5938	44661	720	-
20312	4800	44661	720	-
23317	5938	44661	725	-
20312	4800	44661	725	-
20312	4800	6612	730	-
20312	4800	6612	732	-
20312	4800	6612	734	-
20312	4800	6612	739	-
20312	4800	6612	741	-
20312	4800	6612	743	-
23317	5938	6612	749	-
20312	4800	6612	749	-
23317	5938	6612	749	-
23317	5938	6612	749	-
23317	5938	6612	749	-
23317	5938	6612	749	-
23317	5938	6612	749	-
20312	4800	6612	749	-
23317	5938	6612	749	-
23317	5938	6612	754	-
20312	4800	6612	754	-
23317	5938	6612	759	-
20312	4800	6612	759	-
23317	5938	6612	765	-
20312	4800	6612	765	-
20312	4800	6612	770	-
23317	5938	6612	770	-
23317	5938	6612	775	-
20312	4800	6612	775	-
20312	4800	6612	780	-
23317	5938	6612	780	-
20312	4800	6612	785	-
23317	5938	6612	785	-
23317	5938	11750	790	-
20312	4800	11750	790	-
20312	4800	11750	795	-
23317	5938	11750	795	-
23317	5938	11750	800	-
20312	4800	11750	800	-
23317	5938	11750	805	-
20312	4800	11750	805	-
23317	5938	11750	810	-
20312	4800	11750	810	-
23317	5938	11750	815	-
20312	4800	11750	815	-
20312	4800	11750	820	-
20312	4800	11750	822	-
20312	4800	11750	824	-
20312	4800	11750	829	-
20312	4800	11750	831	-
20312	4800	11750	833	-
20312	4800	11750	839	-
23317	5938	11750	839	-
23317	5938	11750	839	-
23317	5938	11750	839	-
23317	5938	11750	839	-
23317	5938	11750	839	-
23317	5938	11750	839	-
23317	5938	11750	839	-
15394	4800	11750	839	-
23317	882	11750	839	-
23317	5938	11750	844	-
20312	4800	11750	844	-
20312	4800	28853	849	-
23317	5938	28853	850	-
23317	5938	28853	855	-
20312	4800	28853	855	-
23317	5938	28853	860	-
20312	4800	28853	860	-
20312	4800	28853	865	-
23317	5938	28853	865	-
21708	19866	28853	867	-
20312	4800	28853	870	-
23317	5938	28853	870	-
20312	4800	28853	875	-
23317	5938	28853	875	-
20312	4800	28853	880	-
23317	5938	28853	880	-
23317	5938	28853	885	-
20312	4800	28853	885	-
23317	5938	28853	890	-
20312	4800	28853	890	-
23317	5938	28853	895	-
20312	4800	28853	895	-
20312	4800	28853	900	-
23317	5938	28853	900	-
23317	5938	28853	905	-
3957	15394	28853	905	-
20312	4800	28853	905	-
20312	4800	27701	910	-
20312	4800	27701	912	-
21708	19866	27701	913	-
20312	4800	27701	914	-
20312	4800	27701	919	-
20312	4800	27701	921	-
21708	19866	27701	923	-
20312	4800	27701	924	-
23317	5938	27701	929	-
20312	4800	27701	929	-
23317	5938	27701	929	-
23317	5938	27701	929	-
23317	5938	27701	929	-
23317	5938	27701	929	-
23317	5938	27701	929	-
23317	5938	27701	929	-
23317	5938	27701	934	-
20312	4800	27701	934	-
20312	4800	27701	940	-
23317	5938	27701	940	-
23317	5938	27701	945	-
20312	4800	27701	945	-
23317	5938	27701	950	-
20312	4800	27701	950	-
23317	5938	27701	955	-
20312	4800	27701	955	-
23317	5938	27701	960	-
20312	4800	27701	960	-
23317	5938	27701	965	-
20312	4800	27701	965	-
20312	4800	24200	970	-
23317	5938	24200	970	-
23317	5938	24200	975	-
20312	4800	24200	975	-
23317	5938	24200	980	-
20312	4800	24200	980	-
20312	4800	24200	985	-
23317	5938	24200	985	-
23317	5938	24200	990	-
20312	4800	24200	990	-
20312	4800	24200	995	-
23317	5938	24200	995	-
20312	4800	24200	1000	-
20312	4800	24200	1002	-
20312	4800	24200	1005	-
20312	4800	24200	1010	-
20312	4800	24200	1012	-
20312	4800	24200	1014	-
23317	5938	24200	1019	-
20312	4800	24200	1019	-
23317	5938	24200	1019	-
23317	5938	24200	1019	-
23317	5938	24200	1019	-
23317	5938	24200	1019	-
23317	5938	24200	1019	-
23317	5938	24200	1019	-
23317	5938	24200	1024	-
20312	4800	24200	1024	-
20312	4800	39042	1029	-
23317	5938	39042	1029	-
15506	19350	39042	1031	-
23317	5938	39042	1035	-
20312	4800	39042	1035	-
23317	5938	39042	1040	-
20312	4800	39042	1040	-
20312	4800	39042	1045	-
23317	5938	39042	1045	-
20312	4800	39042	1050	-
23317	5938	39042	1050	-
20312	4800	39042	1055	-
23317	5938	39042	1055	-
20312	4800	39042	1060	-
23317	5938	39042	1060	-
20312	4800	39042	1065	-
23317	5938	39042	1065	-
20312	4800	39042	1070	-
23317	5938	39042	1070	-
20312	4800	39042	1075	-
21708	19866	39042	1075	-
23317	5938	39042	1075	-
23317	5938	39042	1080	-
20312	4800	39042	1080	-
23317	5938	39042	1085	-
20312	4800	39042	1085	-
20312	4800	12961	1090	-
21708	19866	12961	1091	-
20312	4800	12961	1092	-
20312	4800	12961	1094	-
20312	4800	12961	1099	-
20312	4800	12961	1101	-
20312	4800	12961	1103	-
23317	5938	12961	1109	-
20312	4800	12961	1109	-
23317	5938	12961	1109	-
23317	5938	12961	1109	-
23317	5938	12961	1109	-
23317	5938	12961	1109	-
23317	5938	12961	1109	-
23317	5938	12961	1109	-
20312	4800	12961	1114	-
23317	5938	12961	1114	-
23317	5938	12961	1119	-
20312	4800	12961	1119	-
23317	5938	12961	1125	-
20312	4800	12961	1125	-
20312	4800	12961	1130	-
23317	5938	12961	1130	-
23317	5938	12961	1135	-
20312	4800	12961	1135	-
20312	4800	12961	1140	-
23317	5938	12961	1140	-
23317	5938	12961	1145	-
20312	4800	12961	1145	-
20312	4800	2065	1150	-
23317	5938	2065	1150	-
23317	5938	2065	1155	-
20312	4800	2065	1155	-
23317	5938	2065	1160	-
20312	4800	2065	1160	-
20312	4800	2065	1165	-
23317	5938	2065	1165	-
23317	5938	2065	1170	-
20312	4800	2065	1170	-
20312	4800	2065	1175	-
23317	5938	2065	1175	-
20312	4800	2065	1180	-
20312	4800	2065	1182	-
20312	4800	2065	1184	-
20312	4800	2065	1189	-
20312	4800	2065	1191	-
20312	4800	2065	1193	-
23317	5938	2065	1199	-
20312	4800	2065	1199	-
20312	4800	2065	1199	-
23317	5938	2065	1199	-
23317	5938	2065	1199	-
23317	5938	2065	1199	-
23317	5938	2065	1199	-
23317	5938	2065	1199	-
23317	5938	2065	1199	-
20312	4800	2065	1204	-
23317	5938	2065	1204	-
23317	5938	35138	1209	-
20312	4800	35138	1209	-
23317	5938	35138	1215	-
20312	4800	35138	1215	-
23317	5938	35138	1220	-
20312	4800	35138	1220	-
23317	5938	35138	1225	-
20312	4800	35138	1225	-
23317	5938	35138	1230	-
20312	4800	35138	1230	-
20312	4800	35138	1235	-
23317	5938	35138	1235	-
23317	5938	35138	1240	-
20312	4800	35138	1240	-
23317	5938	35138	1245	-
20312	4800	35138	1245	-
23317	5938	35138	1250	-
20312	4800	35138	1250	-
21708	19866	35138	1252	-
23317	5938	35138	1255	-
20312	4800	35138	1255	-
20312	4800	35138	1260	-
23317	5938	35138	1260	-
23317	5938	35138	1265	-
20312	4800	35138	1265	-
20312	4800	9445	1270	-
20312	4800	9445	1272	-
20312	4800	9445	1274	-
20312	4800	9445	1279	-
20312	4800	9445	1281	-
20312	4800	9445	1283	-
20312	4800	9445	1289	-
23317	5938	9445	1289	-
23317	5938	9445	1289	-
23317	5938	9445	1289	-
23317	5938	9445	1289	-
23317	5938	9445	1289	-
23317	5938	9445	1289	-
23317	5938	9445	1289	-
23317	5938	9445	1294	-
20312	4800	9445	1294	-
23317	5938	9445	1299	-
20312	4800	9445	1299	-
23317	5938	9445	1305	-
20312	4800	9445	1305	-
20312	4800	9445	1310	-
23317	5938	9445	1310	-
20312	4800	9445	1315	-
23317	5938	9445	1315	-
20312	4800	9445	1320	-
23317	5938	9445	1320	-
20312	4800	9445	1325	-
23317	5938	9445	1325	-
20312	4800	5220	1330	-
23317	5938	5220	1330	-
21708	19866	5220	1334	-
20312	4800	5220	1335	-
23317	5938	5220	1335	-
20312	4800	5220	1340	-
23317	5938	5220	1340	-
23317	5938	5220	1345	-
20312	4800	5220	1345	-
20312	4800	5220	1350	-
23317	5938	5220	1350	-
20312	4800	5220	1355	-
23317	5938	5220	1355	-
20312	4800	5220	1360	-
20312	4800	5220	1362	-
20312	4800	5220	1364	-
20312	4800	5220	1370	-
20312	4800	5220	1372	-
20312	4800	5220	1374	-
20312	4800	5220	1379	-
23317	5938	5220	1379	-
23317	5938	5220	1379	-
23317	5938	5220	1379	-
23317	5938	5220	1379	-
23317	5938	5220	1379	-
23317	5938	5220	1379	-
23317	5938	5220	1379	-
20312	4800	5220	1384	-
23317	5938	5220	1384	-
20312	4800	21134	1389	-
23317	5938	21134	1390	-
20312	4800	21134	1395	-
23317	5938	21134	1395	-
5106	7268	21134	1400	portsweep
20312	4800	21134	1405	-
23317	5938	21134	1405	-
21708	19866	21134	1407	-
20312	4800	21134	1410	-
23317	5938	21134	1410	-
20312	4800	21134	1415	-
23317	5938	21134	1415	-
20312	4800	21134	1420	-
23317	5938	21134	1420	-
20312	4800	21134	1425	-
23317	5938	21134	1425	-
20312	4800	21134	1430	-
23317	5938	21134	1430	-
20312	4800	21134	1435	-
23317	5938	21134	1435	-
15394	4800	21134	1439	-
23317	882	21134	1439	-
20312	4800	21134	1440	-
23317	5938	21134	1440	-
20312	4800	21134	1445	-
23317	5938	21134	1445	-
20312	4800	32630	1450	-
20312	4800	32630	1452	-
20312	4800	32630	1454	-
20312	4800	32630	1459	-
20312	4800	32630	1461	-
20312	4800	32630	1464	-
20312	4800	32630	1469	-
23317	5938	32630	1469	-
23317	5938	32630	1469	-
23317	5938	32630	1469	-
23317	5938	32630	1469	-
23317	5938	32630	1469	-
23317	5938	32630	1469	-
23317	5938	32630	1469	-
20312	4800	32630	1474	-
23317	5938	32630	1474	-
20312	4800	32630	1479	-
23317	5938	32630	1479	-
20312	4800	32630	1485	-
23317	5938	32630	1485	-
20312	4800	32630	1490	-
23317	5938	32630	1490	-
20312	4800	32630	1495	-
23317	5938	32630	1495	-
20312	4800	32630	1500	-
23317	5938	32630	1500	-
20312	4800	32630	1505	-
23317	5938	32630	1505	-
21708	19866	17208	1509	-
20312	4800	17208	1510	-
23317	5938	17208	1510	-
20312	4800	17208	1515	-
23317	5938	17208	1515	-
3957	587	17208	1515	-
21708	9145	17208	1518	-
20312	4800	17208	1520	-
23317	5938	17208	1520	-
20312	4800	17208	1525	-
23317	5938	17208	1525	-
20312	4800	17208	1530	-
23317	5938	17208	1530	-
20312	4800	17208	1535	-
23317	5938	17208	1535	-
20312	4800	17208	1540	-
20312	4800	17208	1542	-
20312	4800	17208	1544	-
20312	4800	17208	1549	-
20312	4800	17208	1551	-
20312	4800	17208	1553	-
23317	5938	17208	1559	-
23317	5938	17208	1559	-
23317	5938	17208	1559	-
23317	5938	17208	1559	-
20312	4800	17208	1559	-
23317	5938	17208	1559	-
23317	5938	17208	1559	-
23317	5938	17208	1559	-
20312	4800	17208	1564	-
21708	9145	17208	1564	-
23317	5938	17208	1564	-
23317	5938	21164	1569	-
20312	4800	21164	1569	-
23317	5938	21164	1575	-
20312	4800	21164	1575	-
21708	6909	21164	1579	-
23317	5938	21164	1580	-
20312	4800	21164	1580	-
20312	4800	21164	1585	-
23317	5938	21164	1585	-
20312	4800	21164	1590	-
23317	5938	21164	1590	-
23317	5938	21164	1595	-
20312	4800	21164	1595	-
15506	15394	21164	1597	-
20367	587	21164	1597	-
20312	4800	21164	1600	-
23317	5938	21164	1600	-
23317	5938	21164	1605	-
20312	4800	21164	1605	-
23317	5938	21164	1610	-
20312	4800	21164	1610	-
23317	5938	21164	1615	-
20312	4800	21164	1615	-
20312	4800	21164	1620	-
23317	5938	21164	1620	-
20312	4800	21164	1625	-
23317	5938	21164	1625	-
20312	4800	8172	1630	-
20312	4800	8172	1632	-
20312	4800	8172	1634	-
20312	4800	8172	1639	-
20312	4800	8172	1641	-
20312	4800	8172	1643	-
20367	19350	8172	1648	-
3957	22986	8172	1648	-
23317	5938	8172	1649	-
23317	5938	8172	1649	-
20312	4800	8172	1649	-
23317	5938	8172	1649	-
23317	5938	8172	1649	-
23317	5938	8172	1649	-
23317	5938	8172	1649	-
23317	5938	8172	1649	-
20312	4800	8172	1649	-
23317	5938	8172	1654	-
20312	4800	8172	1654	-
20312	4800	8172	1659	-
23317	5938	8172	1660	-
20312	4800	8172	1665	-
23317	5938	8172	1665	-
5376	3611	8172	1666	rootkit
23317	5938	8172	1670	-
20312	4800	8172	1670	-
5376	3611	8172	1671	rootkit
19839	12431	8172	1671	rootkit
5376	3611	8172	1671	rootkit
19839	12431	8172	1671	rootkit
20312	4800	8172	1675	-
23317	5938	8172	1675	-
5376	3611	8172	1676	-
19839	12431	8172	1676	rootkit
23317	5938	8172	1680	-
20312	4800	8172	1680	-
20312	4800	8172	1685	-
23317	5938	8172	1685	-
23317	5938	46148	1690	-
20312	4800	46148	1690	-
23317	5938	46148	1695	-
20312	4800	46148	1695	-
3957	15667	46148	1699	-
20312	4800	46148	1700	-
23317	5938	46148	1700	-
20312	4800	46148	1705	-
23317	5938	46148	1705	-
20312	4800	46148	1710	-
23317	5938	46148	1710	-
23317	5938	46148	1715	-
20312	4800	46148	1715	-
20312	4800	46148	1720	-
20312	4800	46148	1722	-
20312	4800	46148	1724	-
20312	4800	46148	1729	-
20312	4800	46148	1731	-
20312	4800	46148	1734	-
23317	5938	46148	1739	-
23317	5938	46148	1739	-
20312	4800	46148	1739	-
23317	5938	46148	1739	-
23317	5938	46148	1739	-
23317	5938	46148	1739	-
23317	5938	46148	1739	-
23317	5938	46148	1739	-
23317	5938	46148	1744	-
20312	4800	46148	1744	-
20312	4800	24101	1749	-
23317	5938	24101	1750	-
23317	5938	24101	1755	-
20312	4800	24101	1755	-
20312	4800	24101	1760	-
23317	5938	24101	1760	-
23317	5938	24101	1765	-
20312	4800	24101	1765	-
3957	21708	24101	1768	-
23317	5938	24101	1770	-
20312	4800	24101	1770	-
20312	4800	24101	1775	-
23317	5938	24101	1775	-
15506	15394	24101	1777	-
15506	15394	24101	1777	-
23317	5938	24101	1780	-
20312	4800	24101	1780	-
23317	5938	24101	1785	-
20312	4800	24101	1785	-
20312	4800	24101	1790	-
23317	5938	24101	1790	-
23317	5938	24101	1795	-
20312	4800	24101	1795	-
