16409	2973	19179	0	-
19603	3611	19179	2	-
19839	19531	19179	2	-
19603	23167	19179	2	-
3957	15394	38539	11	-
3957	5938	38539	11	-
16409	9572	38539	24	-
16409	395	38539	24	-
16409	2973	38539	29	-
16409	2973	38539	29	-
15737	13154	38539	39	-
3076	14437	38539	49	-
3076	14437	38539	53	-
3957	22986	38539	53	-
3076	3461	38539	53	-
3076	16593	38539	56	-
13993	18770	25151	76	-
15737	23390	25151	76	-
15737	7617	25151	79	-
15737	23390	25151	79	-
15737	23390	25151	79	-
15737	23390	25151	79	-
15737	23390	25151	79	-
15737	23390	25151	79	-
15737	23390	25151	79	-
15737	23390	25151	79	-
15737	23390	25151	79	-
15737	7617	25151	79	-
15737	23390	25151	79	-
15737	23390	25151	79	-
15737	23390	25151	79	-
15737	23390	25151	79	-
15737	23390	25151	80	-
15737	23390	25151	80	-
15737	23390	25151	80	-
15737	7617	25151	80	-
15737	23390	25151	80	-
15737	23390	25151	80	-
15737	23390	25151	80	-
15737	23390	25151	80	-
15737	23390	25151	80	-
15737	23390	25151	80	-
16409	2973	25151	87	-
16409	2973	25151	87	-
11001	21708	25151	89	-
16671	14547	25151	98	-
16671	14547	25151	98	-
16671	14547	25151	98	-
16671	14547	25151	98	-
16671	14547	25151	98	-
16671	14547	25151	98	-
16671	14547	25151	98	-
16671	14547	25151	98	-
16671	14547	25151	98	-
16671	14547	25151	98	-
16671	14547	25151	98	-
16671	14547	25151	98	-
16671	14547	25151	98	-
16671	14547	25151	98	-
16671	14547	25151	98	-
16409	15307	25151	104	-
16409	11909	25151	104	-
16409	15307	25151	104	-
16409	15307	25151	104	-
16409	11909	25151	105	-
16409	11909	25151	105	-
16409	11909	25151	105	-
16409	11909	25151	105	-
16409	11909	25151	105	-
16409	11909	25151	105	-
16409	11909	25151	105	-
16409	11909	25151	105	-
16409	11909	25151	105	-
16409	11909	25151	105	-
16409	11909	25151	105	-
16409	11909	25151	105	-
16409	11909	25151	105	-
16409	11909	25151	105	-
16409	11909	25151	105	-
16409	11909	25151	105	-
16409	11909	25151	105	-
16409	11909	25151	105	-
16409	11909	25151	105	-
16409	11909	25151	105	-
16409	11909	25151	105	-
16409	11909	25151	105	-
16409	11909	25151	105	-
16409	11909	25151	105	-
16409	11909	25151	105	-
16409	11909	25151	105	-
16409	11909	25151	105	-
16409	11909	25151	105	-
16409	11909	25151	105	-
16409	11909	25151	105	-
16409	11909	25151	105	-
16409	11909	25151	105	-
19531	19531	25151	121	-
16409	15307	25151	122	-
16409	15307	25151	122	-
11001	12331	25151	123	-
11001	12331	25151	123	-
11001	12331	25151	123	-
11001	12331	25151	123	-
11001	12331	25151	123	-
11001	12331	25151	123	-
11001	23317	25151	123	-
11001	12331	25151	123	-
13993	15307	27281	134	-
13993	15307	27281	135	-
13993	15307	27281	135	-
13993	15307	27281	135	-
13993	15307	27281	135	-
13993	15307	27281	135	-
12985	11900	27281	136	-
12985	19834	27281	137	-
12985	15667	27281	137	-
882	8452	27281	140	-
16409	3076	27281	142	-
16409	3076	27281	142	-
13993	15307	27281	142	-
16409	18807	27281	142	-
16409	18807	27281	142	-
16409	18807	27281	142	-
16409	3076	27281	142	-
16409	3076	27281	142	-
16409	3076	27281	142	-
16409	3076	27281	142	-
16409	3076	27281	142	-
16409	3076	27281	142	-
16409	3076	27281	142	-
16409	3076	27281	142	-
16409	18807	27281	142	-
13993	15307	27281	143	-
13993	15307	27281	143	-
13993	15307	27281	143	-
13993	15307	27281	143	-
13993	15307	27281	143	-
13993	15307	27281	143	-
13993	15307	27281	143	-
13993	15307	27281	143	-
13993	15307	27281	143	-
13993	15307	27281	143	-
13993	15307	27281	143	-
13993	15307	27281	143	-
13993	15307	27281	143	-
13993	15307	27281	143	-
13993	15307	27281	146	-
13993	21708	27281	147	-
15737	23390	27281	153	-
15737	23390	27281	153	-
15737	23390	27281	153	-
15737	23390	27281	153	-
15737	23390	27281	153	-
15737	7617	27281	153	-
15737	7617	27281	153	-
15737	7617	27281	153	-
15737	23390	27281	153	-
15737	23390	27281	153	-
3297	19531	27281	158	-
16409	11909	27281	169	-
16409	11909	27281	169	-
16409	11909	27281	170	-
16409	11909	27281	170	-
16409	11909	27281	170	-
16409	11909	27281	170	-
16409	11909	27281	170	-
16409	11909	27281	170	-
16409	11909	27281	170	-
16409	11909	27281	170	-
16409	11909	27281	170	-
16409	11909	27281	170	-
16409	11909	27281	170	-
16409	11909	27281	170	-
16409	11909	27281	170	-
16409	11909	27281	170	-
16409	11909	27281	170	-
16409	11909	27281	170	-
16409	11909	27281	170	-
16409	11909	27281	170	-
16409	11909	27281	170	-
16409	11909	27281	170	-
16409	11909	27281	170	-
16409	11909	27281	170	-
16409	11909	27281	170	-
16409	11909	27281	170	-
16409	11909	27281	171	-
16409	11909	27281	171	-
16409	11909	27281	171	-
16409	11909	27281	171	-
16409	11909	27281	171	-
16409	11909	27281	171	-
16409	11909	27281	171	-
16409	15307	27281	180	-
16409	15307	27281	180	-
16409	15307	27281	180	-
16409	15307	27281	180	-
16409	15307	27281	180	-
16409	15307	27281	180	-
16409	15307	27281	180	-
16409	15307	27281	180	-
16409	15307	27281	180	-
16409	15307	27281	180	-
16409	15307	27281	180	-
16409	15307	27281	180	-
16409	15307	27281	180	-
16409	15307	27281	180	-
16409	15307	27281	181	-
16409	15307	27281	181	-
16409	15307	27281	181	-
16409	15307	27281	181	-
16409	15307	27281	181	-
16409	15307	27281	181	-
16409	15307	27281	181	-
16409	15307	27281	181	-
16409	15307	27281	181	-
16409	15307	27281	181	-
16409	15307	27281	181	-
16409	15307	27281	181	-
16409	15307	27281	181	-
16409	15307	27281	181	-
16409	15307	27281	181	-
16409	15307	27281	181	-
16409	15307	27281	181	-
16409	15307	27281	181	-
16409	15307	27281	181	-
16409	15307	27281	181	-
16409	15307	27281	181	-
16409	15307	27281	181	-
16409	15307	27281	181	-
16409	15307	27281	181	-
16409	15307	27281	181	-
16409	15307	27281	181	-
16409	4055	27281	181	-
16409	15307	27281	181	-
16409	15307	27281	181	-
16409	15307	27281	181	-
16409	15307	27281	181	-
16409	15307	27281	181	-
16409	15307	27281	181	-
16409	15307	27281	181	-
16409	15307	27281	181	-
16409	15307	27281	182	-
16409	15307	27281	182	-
16409	15307	27281	182	-
16409	15307	27281	182	-
16409	15307	27281	182	-
16409	15307	27281	182	-
16409	15307	27281	182	-
16409	15307	27281	182	-
16409	15307	27281	182	-
16409	13754	27281	182	-
16409	15510	27281	182	-
16409	15307	27281	182	-
16409	15307	27281	182	-
16409	15307	27281	182	-
16409	15307	27281	182	-
16409	15307	27281	182	-
16409	15307	27281	182	-
16409	15307	27281	182	-
16409	15307	27281	182	-
16409	15307	27281	182	-
16409	15307	27281	182	-
16409	15307	27281	182	-
16409	15307	27281	182	-
16409	15307	27281	182	-
16409	15307	27281	182	-
16409	15307	27281	182	-
16409	15307	27281	182	-
16409	15307	27281	182	-
16409	15307	27281	182	-
16409	15307	27281	182	-
16409	15307	27281	183	-
16409	15307	27281	183	-
16409	15307	27281	183	-
16409	15307	27281	183	-
16409	15307	27281	183	-
16409	15307	27281	183	-
16409	15307	27281	183	-
16409	15307	27281	183	-
16409	15307	27281	183	-
16409	15307	27281	183	-
16409	13754	27281	183	-
16409	15307	27281	183	-
16409	15307	27281	183	-
16409	15307	27281	183	-
16409	15307	27281	183	-
16409	15307	27281	183	-
16409	15307	27281	183	-
16409	15307	27281	183	-
16409	15307	27281	183	-
16409	15307	27281	183	-
16409	15307	27281	183	-
16409	15307	27281	183	-
16409	15307	27281	183	-
16409	15307	27281	183	-
16409	15307	27281	183	-
16409	15307	27281	183	-
16409	15307	27281	183	-
16409	15307	27281	183	-
16409	15307	27281	183	-
16409	15307	27281	183	-
16409	11011	27281	183	-
16409	15307	27281	183	-
16409	15307	27281	183	-
16409	15307	27281	183	-
16409	15307	27281	183	-
16409	15307	27281	183	-
16409	15307	27281	183	-
16409	7662	27281	183	-
16409	15307	27281	183	-
16409	15307	27281	183	-
16409	15307	21092	184	-
16409	15307	21092	184	-
16409	15307	21092	184	-
16409	15307	21092	184	-
16409	15307	21092	184	-
16409	15307	21092	184	-
16409	15307	21092	184	-
16409	15307	21092	184	-
16409	15307	21092	184	-
16409	15307	21092	184	-
16409	15307	21092	184	-
16409	15307	21092	184	-
16409	11011	21092	184	-
16409	15307	21092	184	-
16409	15307	21092	184	-
16409	9852	21092	184	-
16409	15307	21092	184	-
16409	15307	21092	184	-
16409	15307	21092	184	-
16409	15307	21092	184	-
16409	15307	21092	184	-
16409	15307	21092	184	-
16409	7980	21092	195	-
6775	8452	21092	196	-
16409	12942	21092	198	-
16409	12942	21092	198	-
16409	12942	21092	198	-
16409	12942	21092	198	-
16409	12942	21092	198	-
16409	12942	21092	198	-
16409	12942	21092	198	-
16409	12942	21092	198	-
16409	12942	21092	198	-
16409	12942	21092	198	-
16409	12942	21092	198	-
16409	12942	21092	198	-
16409	12942	21092	198	-
16671	14547	21092	204	-
16671	14547	21092	204	-
16671	14547	21092	204	-
16671	14547	21092	204	-
16671	14547	21092	204	-
16671	14547	21092	204	-
16671	14547	21092	204	-
16671	14547	21092	204	-
16671	14547	21092	204	-
16671	14547	21092	204	-
16671	14547	21092	204	-
16671	14547	21092	204	-
16671	14547	21092	204	-
16671	14547	21092	204	-
16671	14547	21092	204	-
11001	12331	21092	206	-
11001	12331	21092	206	-
11001	12331	21092	206	-
11001	12331	21092	206	-
11001	23317	21092	206	-
11001	12331	21092	206	-
11001	12331	21092	206	-
3957	15394	21092	212	-
16671	7215	21092	221	-
16671	7215	21092	221	-
16671	7215	21092	221	-
16671	7215	21092	221	-
16671	7215	21092	221	-
16671	7215	21092	221	-
16671	7215	21092	221	-
16671	7215	21092	221	-
16671	7215	21092	221	-
16671	7215	21092	221	-
16671	7215	21092	222	-
15737	7617	21092	223	-
15737	7617	21092	223	-
15737	7617	21092	223	-
15737	7617	21092	223	-
8048	14437	21092	223	-
15737	7617	21092	223	-
15737	7617	21092	224	-
15737	7617	21092	224	-
15737	7617	21092	224	-
15737	7617	21092	224	-
15737	7617	21092	224	-
15737	7617	21092	224	-
15737	7617	21092	224	-
15737	7617	21092	224	-
15737	7617	21092	224	-
3957	19531	21092	226	-
16409	12942	21092	226	-
16409	12942	21092	226	-
16409	12942	21092	226	-
16409	12942	21092	226	-
16409	12942	21092	226	-
16409	12942	21092	226	-
16409	12942	21092	226	-
19531	15667	21092	232	-
19531	1633	21092	232	-
16409	3076	21092	233	-
16409	3076	21092	233	-
16409	3076	21092	233	-
16409	3076	21092	233	-
16409	3076	21092	233	-
16409	3076	21092	233	-
16409	3076	21092	233	-
16409	3076	21092	233	-
16409	3076	21092	233	-
16409	3076	21092	233	-
16409	3076	21092	233	-
16409	3076	21092	233	-
16409	3076	21092	233	-
16409	3076	21092	233	-
16409	3076	21092	234	-
16409	3076	21092	234	-
16409	3076	21092	234	-
16409	3076	21092	234	-
16409	3076	21092	234	-
16409	3076	21092	234	-
16409	3076	21092	234	-
16409	3076	21092	234	-
16409	3076	21092	234	-
16409	3076	21092	234	-
16409	3076	21092	234	-
16409	3076	21092	234	-
16409	3076	21092	234	-
16409	3076	21092	234	-
882	3611	14420	257	-
19839	19834	14420	257	-
882	4981	14420	258	-
882	16332	14420	258	-
12332	16531	14420	260	-
11001	12331	14420	262	-
11001	12331	14420	262	-
11001	12331	14420	262	-
11001	23317	14420	263	-
11001	12331	14420	263	-
11001	12331	14420	263	-
11001	12331	14420	263	-
16409	12942	14420	270	-
16409	12942	14420	270	-
16409	12942	14420	270	-
16409	12942	14420	270	-
16409	12942	14420	270	-
16409	12942	14420	270	-
16409	12942	14420	270	-
16409	12942	14420	270	-
16409	12942	14420	270	-
16409	12942	14420	270	-
16409	12942	14420	270	-
16409	12942	14420	270	-
16409	12582	14420	272	-
16409	12582	14420	272	-
16409	12582	14420	272	-
16409	12582	14420	272	-
16409	12582	14420	272	-
16409	12582	14420	272	-
16409	12582	14420	272	-
16409	12582	14420	272	-
16409	12582	14420	272	-
16409	12582	14420	272	-
16409	7570	14420	272	-
16409	12582	14420	272	-
15737	7617	14420	287	-
15737	7617	14420	287	-
13993	13122	14420	293	-
13993	15894	14420	293	-
13993	19531	14420	294	-
11001	9987	14420	296	-
13993	21708	14420	296	-
11001	9987	14420	296	-
11001	9987	14420	296	-
11001	9987	14420	296	-
11001	9987	14420	296	-
11001	9987	14420	296	-
11001	9987	14420	296	-
11001	9987	14420	296	-
11001	9987	14420	296	-
11001	9987	14420	296	-
12985	1633	14420	303	-
12985	13122	14420	303	-
12985	15667	14420	303	-
12985	5938	14420	303	-
16409	15506	14420	303	-
12985	11900	26898	305	-
11001	10953	26898	306	-
11001	10953	26898	306	-
11001	10953	26898	306	-
11001	10953	26898	306	-
11001	10953	26898	306	-
11001	10953	26898	306	-
11001	10953	26898	306	-
11001	10953	26898	306	-
11001	9987	26898	306	-
11001	10953	26898	306	-
16671	7215	26898	308	-
16671	7215	26898	308	-
16671	7215	26898	308	-
12985	13122	26898	310	-
12985	19834	26898	310	-
15737	9948	26898	322	-
15737	9948	26898	322	-
15737	9948	26898	322	-
15737	9948	26898	322	-
15737	9948	26898	322	-
15737	9948	26898	322	-
15737	9948	26898	322	-
15737	9948	26898	322	-
15737	9948	26898	322	-
15737	9948	26898	322	-
15737	9948	26898	322	-
17624	14437	26898	322	-
15737	9948	26898	322	-
15737	9948	26898	322	-
15737	9948	26898	322	-
15737	9948	26898	323	-
15737	9948	26898	323	-
15737	9948	26898	323	-
15737	9948	26898	323	-
15737	9948	26898	323	-
15737	9948	26898	323	-
15737	9948	26898	323	-
15737	7617	26898	323	-
16671	6157	26898	324	-
16671	6157	26898	324	-
16671	6157	26898	324	-
16671	6157	26898	324	-
16671	3858	26898	324	-
16671	6157	26898	324	-
16671	6157	26898	325	-
16671	18682	26898	325	-
16671	6157	26898	325	-
16671	6157	26898	325	-
16671	6157	26898	325	-
16671	6157	26898	325	-
16671	6157	26898	325	-
16671	6157	26898	325	-
16671	6157	26898	325	-
16671	6157	26898	325	-
16671	6157	26898	325	-
16671	6157	26898	325	-
16671	6157	26898	325	-
16671	6157	26898	325	-
16671	6157	26898	325	-
16671	6157	26898	325	-
16671	6157	26898	325	-
16671	6157	26898	325	-
16671	6157	26898	325	-
17624	14437	26898	325	-
16671	6157	26898	325	-
16671	6157	26898	325	-
16671	18718	26898	325	-
16671	6157	26898	325	-
16671	6157	26898	325	-
7179	16531	26898	325	-
16671	6157	26898	325	-
16671	6157	26898	325	-
16671	6157	26898	326	-
16671	6157	26898	326	-
16671	6157	26898	326	-
16671	6157	26898	326	-
16671	6157	26898	326	-
16671	6157	26898	326	-
16671	6157	26898	326	-
16671	18682	26898	326	-
16409	20961	26898	350	-
16409	20961	26898	351	-
16409	20961	26898	351	-
16409	20961	26898	354	-
16409	20961	26898	354	-
16409	20961	26898	354	-
16409	20961	26898	354	-
16409	20961	26898	354	-
16409	20961	26898	354	-
16409	10429	26898	354	-
16409	20961	26898	354	-
16409	20961	26898	355	-
16409	20961	26898	355	-
16409	20961	26898	355	-
16409	20961	26898	355	-
16409	20961	26898	355	-
16409	20961	26898	355	-
16409	20961	26898	355	-
16409	20961	26898	355	-
16409	20961	26898	355	-
16409	20961	26898	355	-
16409	20961	26898	355	-
16409	20961	26898	355	-
16409	20961	26898	355	-
16409	20961	26898	355	-
16409	20961	26898	355	-
16409	20961	26898	355	-
16409	20961	26898	355	-
16409	20961	26898	355	-
16409	20961	26898	355	-
16409	20961	26898	355	-
16409	20961	26898	355	-
16409	20961	26898	355	-
16409	11909	26898	355	-
16409	20961	26898	355	-
16409	20961	26898	355	-
16409	20961	26898	355	-
16409	20961	42089	366	-
16409	20961	42089	367	-
16409	20961	42089	367	-
16409	20961	42089	367	-
16409	20961	42089	367	-
16409	20961	42089	367	-
16409	20961	42089	367	-
16409	20961	42089	367	-
16409	20961	42089	367	-
16409	20961	42089	367	-
16409	20961	42089	367	-
16409	20961	42089	367	-
16409	20961	42089	367	-
16409	20961	42089	367	-
16409	20961	42089	367	-
16409	20961	42089	367	-
16409	20961	42089	367	-
16409	20961	42089	367	-
16409	20961	42089	367	-
16409	20961	42089	367	-
16409	20961	42089	367	-
16409	20961	42089	367	-
16409	20961	42089	367	-
3957	19834	42089	375	-
882	16332	42089	375	-
882	16531	42089	375	-
16409	12582	42089	388	-
16409	12582	42089	388	-
16409	12582	42089	388	-
16409	12582	42089	388	-
16409	12582	42089	388	-
16409	20961	42089	390	-
16409	20961	42089	390	-
16409	20961	42089	390	-
16409	20961	42089	390	-
16409	20961	42089	390	-
16409	20961	42089	390	-
16409	20961	42089	390	-
16409	20961	42089	390	-
16409	20961	42089	390	-
16409	20961	42089	390	-
16409	20961	42089	390	-
16409	20961	42089	390	-
16409	20961	42089	390	-
16409	20961	42089	390	-
16671	6157	42089	390	-
16409	20961	42089	390	-
16409	20961	42089	390	-
16671	6157	42089	391	-
16671	6157	42089	391	-
16671	6157	42089	391	-
16671	6157	42089	391	-
16671	6157	42089	391	-
16671	6157	42089	391	-
16671	6157	42089	391	-
16409	20961	42089	391	-
16671	6157	42089	391	-
16671	6157	42089	391	-
16671	6157	42089	391	-
16671	18682	42089	392	-
16671	6157	42089	392	-
16671	6157	42089	392	-
16671	6157	42089	392	-
16671	6157	42089	392	-
16671	6157	42089	392	-
16671	6157	42089	392	-
16671	6157	42089	392	-
16671	6157	42089	392	-
16671	6157	42089	392	-
16671	6157	42089	392	-
16671	6157	42089	392	-
16671	6157	42089	392	-
16671	6157	42089	392	-
16671	6157	42089	392	-
16671	6157	42089	392	-
16671	6157	42089	392	-
16671	6157	42089	392	-
16671	6157	42089	392	-
16671	6157	42089	392	-
16671	18682	42089	392	-
16671	18682	42089	392	-
16671	6157	42089	392	-
16671	6157	42089	392	-
16671	6157	42089	392	-
16671	6157	42089	392	-
16671	6157	42089	392	-
16671	6157	42089	392	-
16671	6157	42089	392	-
16671	6157	42089	392	-
16671	6157	42089	392	-
16671	6157	42089	392	-
16671	18718	42089	392	-
16671	6157	42089	392	-
16671	6157	42089	392	-
16671	6157	42089	392	-
16671	6157	42089	393	-
16671	6157	42089	393	-
16671	6157	42089	393	-
16671	18682	42089	393	-
16671	6157	42089	393	-
16671	6157	42089	393	-
19531	15667	42089	394	-
16409	12582	42089	394	-
16409	6796	42089	394	-
16409	6796	42089	394	-
16409	6796	42089	394	-
16671	15818	42089	394	-
15737	7617	42089	395	-
15737	9948	42089	395	-
16671	15613	42089	398	-
16671	15613	42089	398	-
16671	15613	42089	398	-
16671	12786	42089	401	-
16671	15613	42089	401	-
16671	6157	42089	403	-
16671	6157	42089	403	-
16671	6157	42089	404	-
16671	3858	42089	404	-
16671	6157	42089	404	-
16671	6157	42089	404	-
16671	18682	42089	404	-
16671	6157	42089	404	-
16671	6157	42089	404	-
16671	6157	42089	404	-
16671	6157	42089	404	-
16671	6157	42089	404	-
16671	6157	42089	404	-
16671	6157	42089	404	-
16671	6157	42089	404	-
16671	6157	42089	404	-
16671	6157	42089	404	-
16671	6157	42089	404	-
16671	6157	42089	404	-
16671	6157	42089	404	-
16671	6157	42089	404	-
16671	6157	42089	404	-
16671	6157	42089	404	-
16671	6157	42089	404	-
16671	6157	42089	404	-
16671	5190	42089	404	-
16671	6157	42089	404	-
16671	6157	42089	404	-
16671	6157	42089	404	-
16671	18718	42089	404	-
16671	6157	42089	404	-
16671	6157	42089	404	-
16671	6157	42089	404	-
16671	6157	42089	404	-
16671	6157	42089	404	-
16671	6157	42089	404	-
16671	6157	42089	404	-
16671	6157	42089	404	-
16671	6157	42089	404	-
16671	18682	42089	404	-
16671	6157	42089	404	-
10429	13122	16057	431	-
10429	19834	16057	432	-
16409	6796	16057	434	-
16409	6796	16057	434	-
16409	6796	16057	434	-
16409	6796	16057	434	-
16409	6796	16057	434	-
16409	6796	16057	434	-
16409	6796	16057	434	-
16409	6796	16057	434	-
16409	6796	16057	434	-
16409	6796	16057	434	-
16409	6796	16057	434	-
16409	6796	16057	434	-
16409	6796	16057	434	-
16409	6796	16057	434	-
16409	6796	16057	434	-
16409	6796	16057	434	-
16409	6796	16057	434	-
16409	6796	16057	434	-
16409	6796	16057	434	-
16409	6796	16057	434	-
16409	6796	16057	435	-
16409	6796	16057	435	-
16409	6796	16057	435	-
16409	6796	16057	435	-
16671	6157	16057	438	-
23317	882	16057	440	-
16409	17696	16057	441	-
16409	17696	16057	441	-
16671	2560	16057	441	-
16409	17696	16057	441	-
16409	17696	16057	441	-
16671	6157	16057	441	-
16409	17696	16057	441	-
16671	6157	16057	441	-
16409	17696	16057	441	-
16671	7179	16057	441	-
16409	17696	16057	441	-
16671	7179	16057	441	-
16409	17696	16057	441	-
16671	6157	16057	441	-
16409	17696	16057	441	-
16671	6157	16057	441	-
16409	17696	16057	441	-
16671	6157	16057	441	-
16409	17696	16057	441	-
16671	6157	16057	441	-
16671	6157	16057	441	-
16409	17696	16057	441	-
16671	6157	16057	441	-
16671	6157	16057	441	-
16409	17696	16057	441	-
16671	7179	16057	441	-
16409	17696	16057	441	-
16671	6157	16057	441	-
16409	17696	16057	441	-
16409	17696	16057	441	-
16671	6157	16057	441	-
16409	17696	16057	441	-
16671	6157	16057	441	-
16409	17696	16057	441	-
16671	6157	16057	441	-
16671	6157	16057	441	-
16409	17696	16057	441	-
16671	6157	16057	441	-
16671	6157	16057	441	-
16409	17696	16057	441	-
16671	7179	16057	441	-
16671	7179	16057	441	-
16409	17696	16057	442	-
16409	17696	16057	442	-
16409	17696	16057	442	-
16671	2560	16057	445	-
16671	2560	16057	445	-
16671	2560	16057	445	-
16671	2560	16057	445	-
16671	2560	16057	445	-
16671	7179	16057	445	-
16671	2560	16057	445	-
16671	2560	16057	445	-
16671	2560	16057	445	-
16671	2560	16057	445	-
16671	2560	16057	445	-
16671	2560	16057	445	-
16671	2560	16057	446	-
16671	6157	16057	446	-
16671	2560	16057	446	-
16671	2560	16057	446	-
16671	18682	16057	446	-
16671	2560	16057	446	-
16409	20961	16057	464	-
16409	20961	16057	464	-
16409	20961	16057	464	-
16409	20961	16057	464	-
16409	20961	16057	464	-
16409	20961	16057	464	-
16409	20961	16057	464	-
16409	20961	16057	465	-
16409	20961	16057	465	-
16409	20961	16057	465	-
16409	20961	16057	465	-
16409	20961	16057	465	-
15737	19859	16057	468	-
15737	19859	16057	468	-
15737	19859	16057	468	-
15737	19859	16057	468	-
15737	19859	16057	468	-
15737	7617	16057	468	-
15737	19859	16057	468	-
13993	853	16057	470	-
11001	10953	16057	472	-
11001	10953	16057	472	-
11001	10953	16057	472	-
11001	9987	16057	472	-
11001	10953	16057	472	-
11001	10953	16057	472	-
11001	10953	16057	472	-
11001	10953	16057	472	-
11001	10953	16057	472	-
11001	10953	16057	472	-
13993	7774	16057	473	-
13993	853	16057	473	-
13993	853	16057	473	-
13993	853	16057	473	-
13993	853	16057	473	-
13993	853	16057	473	-
13993	853	16057	473	-
13993	853	16057	473	-
13993	853	16057	473	-
13993	853	16057	473	-
13993	853	16057	473	-
13993	853	16057	473	-
13993	853	16057	473	-
13993	853	16057	473	-
15506	19350	16057	473	-
13993	853	16057	474	-
13993	853	16057	474	-
13993	853	16057	474	-
13993	853	16057	474	-
13993	853	16057	474	-
13993	853	16057	474	-
13993	853	16057	474	-
13993	853	16057	474	-
13993	853	16057	474	-
13993	853	16057	474	-
13993	853	16057	474	-
13993	853	16057	474	-
13993	853	16057	474	-
13993	853	16057	474	-
13993	853	16057	474	-
13993	14166	16057	477	-
13993	853	16057	477	-
13993	853	16057	477	-
13993	853	16057	477	-
13993	853	16057	478	-
13993	853	16057	478	-
13993	853	16057	478	-
13993	853	16057	478	-
13993	853	16057	478	-
13993	853	16057	478	-
13993	853	16057	478	-
13993	853	16057	478	-
13993	853	16057	478	-
13993	853	16057	478	-
13993	853	16057	478	-
13993	853	16057	478	-
13993	853	16057	478	-
13993	853	16057	478	-
13993	853	16057	478	-
13993	853	16057	478	-
13993	853	16057	478	-
16671	15967	40906	489	-
16671	15967	40906	489	-
16671	15967	40906	489	-
16671	15967	40906	489	-
16671	15967	40906	489	-
16671	15967	40906	489	-
16671	15967	40906	489	-
13993	13268	40906	491	-
13993	10553	40906	491	-
16671	6157	40906	493	-
16671	6157	40906	494	-
16671	6157	40906	494	-
16671	3858	40906	494	-
16671	6157	40906	494	-
16671	6157	40906	494	-
16671	18682	40906	494	-
16671	6157	40906	494	-
16671	6157	40906	494	-
16671	6157	40906	494	-
16671	6157	40906	494	-
16671	6157	40906	494	-
16671	6157	40906	494	-
16671	6157	40906	494	-
16671	6157	40906	494	-
16671	6157	40906	494	-
16671	6157	40906	494	-
16671	6157	40906	494	-
16671	6157	40906	494	-
16671	6157	40906	494	-
16671	6157	40906	494	-
16671	6157	40906	494	-
16671	6157	40906	494	-
16671	6157	40906	494	-
16671	6157	40906	494	-
16671	6157	40906	494	-
16671	6157	40906	494	-
16671	6157	40906	494	-
16671	18718	40906	494	-
16671	6157	40906	494	-
16671	6157	40906	494	-
16671	6157	40906	494	-
16671	6157	40906	494	-
16671	6157	40906	494	-
16671	6157	40906	494	-
16671	6157	40906	494	-
16671	6157	40906	494	-
16671	6157	40906	494	-
16671	18682	40906	495	-
16671	6157	40906	495	-
7215	1633	40906	532	-
13993	18748	40906	536	-
16409	22203	40906	536	-
16409	22203	40906	537	-
16409	22203	40906	537	-
16409	22203	40906	537	-
16409	22203	40906	537	-
16409	22203	40906	537	-
16409	22203	40906	537	-
16409	22203	40906	537	-
16409	22203	40906	537	-
16409	22203	40906	537	-
16409	22203	40906	537	-
16409	22203	40906	537	-
16409	22203	40906	537	-
16409	22203	40906	537	-
16409	22203	40906	537	-
16409	22203	40906	537	-
16409	22203	40906	537	-
16409	22203	40906	537	-
16409	22203	40906	537	-
16409	22203	40906	537	-
16409	22203	40906	537	-
16409	22203	40906	537	-
16409	22203	40906	537	-
13993	18748	40906	538	-
13993	18748	40906	538	-
13993	5145	40906	538	-
7215	13122	40906	538	-
13993	18748	40906	538	-
7215	1633	40906	539	-
11001	10953	26795	546	-
6775	16332	26795	547	-
11001	14264	26795	549	-
11001	10953	26795	549	-
7782	15667	26795	551	-
11001	9987	26795	552	-
11001	9987	26795	553	-
11001	9987	26795	553	-
11001	9987	26795	553	-
11001	9987	26795	553	-
11001	9987	26795	553	-
11001	9987	26795	553	-
11001	9987	26795	553	-
11001	9987	26795	553	-
11001	9987	26795	553	-
16671	22986	26795	579	-
16671	6157	26795	581	-
16671	5190	26795	601	-
16409	22203	26795	602	-
882	3297	33876	607	-
19531	22986	33876	609	-
20367	19350	33876	611	-
882	3297	33876	611	-
4800	12815	33876	623	-
4800	12815	33876	626	-
4800	12815	33876	626	-
4800	12815	33876	626	-
4800	12815	33876	626	-
4800	12815	33876	626	-
4800	12815	33876	626	-
4800	12815	33876	627	-
4800	12815	33876	627	-
4800	12815	33876	627	-
4800	12815	33876	627	-
4800	12815	33876	627	-
4800	12815	33876	627	-
4800	12815	33876	627	-
4800	12815	33876	627	-
4800	12815	33876	627	-
4800	12815	33876	627	-
4800	12815	33876	627	-
4800	12815	33876	627	-
16671	15967	33876	634	-
16671	15967	33876	634	-
16671	15967	33876	634	-
16671	15967	33876	634	-
16671	15967	33876	634	-
16671	15967	33876	634	-
13993	7348	33876	648	-
13993	7348	33876	648	-
13993	7348	33876	648	-
13993	7348	33876	648	-
13993	7348	33876	648	-
13993	7348	33876	649	-
13993	7348	33876	649	-
13993	7348	33876	649	-
13993	7348	33876	649	-
13993	5145	33876	649	-
13993	7348	33876	649	-
13993	7348	33876	649	-
13993	7348	33876	649	-
16409	3327	33876	652	-
16409	3327	33876	652	-
16409	3327	33876	652	-
16409	3327	33876	652	-
16671	6157	35523	664	-
4800	12332	35523	664	-
4800	12332	35523	665	-
4800	12332	35523	665	-
4800	12332	35523	665	-
4800	12332	35523	665	-
4800	12332	35523	665	-
4800	12332	35523	665	-
4800	12332	35523	665	-
4800	12332	35523	665	-
4800	12332	35523	665	-
4800	12332	35523	665	-
4800	12332	35523	665	-
4800	12332	35523	665	-
4800	12332	35523	665	-
4800	12332	35523	665	-
4800	12332	35523	665	-
4800	12332	35523	665	-
4800	12332	35523	665	-
4800	12332	35523	665	-
4800	12332	35523	665	-
4800	12332	35523	665	-
16409	22203	35523	666	-
16671	10812	35523	667	-
16671	15278	35523	670	-
16671	6157	35523	670	-
16671	6157	35523	670	-
16671	6157	35523	670	-
16671	6157	35523	670	-
16671	6157	35523	670	-
16671	6157	35523	670	-
16671	6157	35523	670	-
16671	6157	35523	670	-
16671	15278	35523	670	-
16671	6157	35523	670	-
14547	19834	35523	673	-
16409	147	35523	688	-
16409	147	35523	688	-
16409	147	35523	688	-
16409	147	35523	688	-
16409	147	35523	688	-
16409	147	35523	688	-
16409	147	35523	688	-
16409	147	35523	688	-
16409	147	35523	688	-
16409	147	35523	688	-
16409	147	35523	688	-
16409	147	35523	688	-
16409	147	35523	688	-
16409	147	35523	688	-
16409	147	35523	688	-
16409	147	35523	688	-
16409	147	35523	688	-
16409	147	35523	688	-
4800	19839	35523	693	-
7179	3461	35523	696	-
882	7268	35523	696	-
882	14437	35523	696	-
7179	16593	35523	699	-
16671	18998	35523	701	-
16671	15967	35523	702	-
7179	14437	35523	703	-
882	4981	35523	703	-
7179	23167	35523	706	-
882	3461	35523	709	-
16671	15613	35523	709	-
16671	15613	35523	709	-
7179	3297	35523	709	-
16671	15613	35523	709	-
16671	12786	35523	709	-
16671	5190	35523	710	-
16671	15613	35523	710	-
882	16531	35523	718	-
7179	2843	35523	720	-
882	7268	5009	729	-
7179	16531	5009	734	-
7179	9554	5009	738	-
20312	3461	5009	741	-
7179	16332	5009	741	-
3957	5938	5009	744	-
20312	16593	5009	744	-
16671	15613	5009	745	-
11001	9987	5009	750	-
11001	9987	5009	750	-
11001	9987	5009	750	-
11001	9987	5009	750	-
11001	9987	5009	750	-
11001	9987	5009	750	-
11001	9987	5009	750	-
11001	9987	5009	750	-
11001	9987	5009	750	-
11001	9987	5009	751	-
20312	8452	5009	754	-
11001	9987	5009	755	-
11001	9987	5009	755	-
11001	9987	5009	755	-
11001	9987	5009	755	-
11001	9987	5009	755	-
20312	23167	5009	755	-
11001	9987	5009	755	-
11001	9987	5009	756	-
11001	9987	5009	756	-
11001	9987	5009	756	-
11001	9987	5009	756	-
11001	9987	5009	756	-
11001	15854	5009	759	-
20312	2843	5009	761	-
20312	16531	5009	766	-
20312	9554	5009	771	-
20312	16332	5009	775	-
11001	15667	5009	781	-
16409	147	5009	781	-
16409	147	5009	781	-
16409	147	5009	781	-
16409	147	5009	781	-
16409	147	5009	781	-
16409	147	5009	781	-
16409	147	5009	781	-
16409	147	5009	781	-
16409	147	5009	781	-
16409	147	5009	781	-
13993	7348	5009	782	-
13993	7348	5009	783	-
13993	7348	5009	783	-
13993	7348	5009	783	-
13993	7348	5009	783	-
13993	7348	5009	783	-
13993	7348	5009	783	-
13993	7348	5009	783	-
13993	5145	5009	783	-
13993	7348	5009	783	-
13993	7348	5009	783	-
16409	17695	5009	783	-
16409	17695	5009	783	-
16409	17695	5009	783	-
13993	7348	5009	783	-
13993	7348	5009	783	-
11001	10953	39540	785	-
11001	10953	39540	785	-
11001	10953	39540	786	-
11001	10953	39540	786	-
11001	10953	39540	786	-
11001	10953	39540	786	-
11001	10953	39540	786	-
11001	9987	39540	786	-
11001	10953	39540	786	-
11001	10953	39540	786	-
13993	5145	39540	789	-
13993	7348	39540	789	-
16409	22060	39540	789	-
16409	22060	39540	789	-
16409	22060	39540	789	-
16409	22060	39540	789	-
16409	22060	39540	789	-
16409	22060	39540	789	-
16409	22060	39540	789	-
16409	22060	39540	789	-
16409	22060	39540	789	-
16409	22060	39540	789	-
16409	22060	39540	789	-
16409	22060	39540	789	-
16409	22060	39540	789	-
16409	22060	39540	789	-
16409	22060	39540	789	-
16409	22060	39540	789	-
13993	7348	39540	789	-
16409	22060	39540	790	-
16409	22060	39540	790	-
16409	22060	39540	790	-
15737	7617	39540	792	-
15737	19859	39540	792	-
15737	19859	39540	792	-
16409	20577	39540	800	-
16409	20577	39540	800	-
16409	20577	39540	800	-
16409	20577	39540	800	-
16409	20577	39540	800	-
16409	20577	39540	800	-
16409	20577	39540	800	-
16409	20577	39540	800	-
16409	20577	39540	801	-
16409	20577	39540	801	-
13993	7348	39540	807	-
13993	5145	39540	807	-
13993	7348	39540	807	-
13993	7348	39540	820	-
13993	7348	39540	820	-
13993	7348	39540	820	-
13993	5145	39540	820	-
15737	19859	39540	822	-
15737	19859	39540	822	-
15737	19859	39540	822	-
11001	22986	39540	827	-
16409	22060	39540	830	-
16409	17296	39540	830	-
16409	10791	39540	831	-
16409	20577	39540	831	-
13993	5938	39540	842	-
13993	15894	39540	842	-
11001	15894	18892	846	-
15737	19859	18892	855	-
3297	5938	18892	859	-
16409	17916	18892	861	-
16409	17916	18892	861	-
16409	17916	18892	861	-
16409	17916	18892	861	-
16409	17916	18892	861	-
16409	17916	18892	861	-
16409	17916	18892	861	-
16409	17916	18892	861	-
16409	17916	18892	861	-
16409	17916	18892	862	-
16409	17916	18892	862	-
16409	17916	18892	862	-
16409	17916	18892	862	-
16409	17916	18892	862	-
16409	17916	18892	862	-
16409	17916	18892	862	-
16409	17916	18892	862	-
16409	17916	18892	862	-
16409	17916	18892	862	-
16409	17916	18892	862	-
16409	17916	18892	862	-
16409	17916	18892	862	-
4800	12332	18892	863	-
4800	12332	18892	864	-
4800	12332	18892	864	-
4800	12332	18892	864	-
4800	12332	18892	864	-
4800	12332	18892	864	-
4800	12332	18892	864	-
4800	12332	18892	864	-
4800	12332	18892	864	-
4800	12332	18892	864	-
4800	12332	18892	864	-
4800	12332	18892	864	-
4800	12332	18892	864	-
4800	12332	18892	865	-
4800	12332	18892	865	-
4800	12332	18892	865	-
4800	12332	18892	865	-
4800	12332	18892	865	-
4800	12332	18892	865	-
4800	12332	18892	865	-
4800	12332	18892	865	-
12985	5938	18892	882	-
3957	587	18892	886	-
13993	7348	18892	887	-
13993	5145	18892	887	-
13993	7348	18892	887	-
13993	7348	18892	887	-
13993	7348	18892	887	-
13993	7348	18892	887	-
13993	7348	18892	887	-
7782	5938	18892	892	-
16409	445	18892	898	-
16409	445	18892	898	-
16409	445	18892	898	-
16409	445	18892	898	-
16409	445	18892	898	-
16409	445	18892	898	-
16409	445	18892	898	-
16409	445	18892	898	-
16409	445	18892	898	-
16409	445	18892	898	-
16409	445	18892	898	-
16409	445	18892	898	-
16409	445	18892	898	-
16409	445	18892	898	-
16409	445	18892	898	-
16409	445	18892	898	-
16409	445	18892	899	-
16409	445	18892	899	-
16409	445	18892	899	-
15737	13149	18892	902	-
16409	3397	9980	913	-
16409	3397	9980	914	-
16409	3397	9980	914	-
11001	7215	9980	914	-
16409	3397	9980	914	-
11001	7215	9980	914	-
11001	7215	9980	914	-
16409	3397	9980	914	-
11001	7215	9980	914	-
16409	3397	9980	914	-
11001	7215	9980	914	-
16409	3397	9980	914	-
16409	3397	9980	914	-
11001	7215	9980	914	-
16409	3397	9980	914	-
11001	7215	9980	914	-
16409	3397	9980	914	-
11001	7215	9980	914	-
11001	7215	9980	914	-
16409	3397	9980	914	-
11001	7215	9980	914	-
16409	3397	9980	914	-
11001	7215	9980	914	-
16409	3397	9980	914	-
16409	3397	9980	914	-
16409	3397	9980	914	-
16409	3397	9980	914	-
16409	3397	9980	914	-
3957	19834	9980	919	-
3957	15394	9980	919	-
15737	4747	9980	922	-
15737	4747	9980	922	-
15737	4747	9980	922	-
15737	4747	9980	922	-
15737	4747	9980	922	-
15737	4747	9980	922	-
15737	4747	9980	922	-
15737	4747	9980	922	-
15737	4747	9980	922	-
15737	4747	9980	922	-
15737	4747	9980	922	-
15737	4747	9980	922	-
13993	7348	9980	923	-
13993	7348	9980	923	-
13993	7348	9980	923	-
13993	7348	9980	923	-
13993	7348	9980	923	-
13993	7348	9980	923	-
13993	7348	9980	923	-
11001	7215	9980	925	-
11001	7215	9980	925	-
11001	7215	9980	925	-
19531	15667	9980	928	-
7782	15894	9980	929	-
16409	17920	9980	934	-
16409	17920	9980	934	-
16409	17920	9980	934	-
16409	17920	9980	934	-
16409	17920	9980	934	-
16409	17920	9980	934	-
7179	16531	9980	948	-
3957	15894	9980	948	-
4800	17923	9980	955	-
4800	17923	9980	955	-
4800	17923	9980	956	-
4800	17923	9980	956	-
4800	17923	9980	956	-
4800	17923	9980	956	-
4800	17923	9980	956	-
4800	17923	9980	956	-
3611	15894	9980	963	-
15737	4747	42054	966	-
15737	4747	42054	966	-
15737	4747	42054	966	-
15737	4747	42054	966	-
15737	4747	42054	966	-
15737	4747	42054	966	-
15737	4747	42054	966	-
15737	4747	42054	966	-
15737	4747	42054	966	-
3611	15894	42054	970	-
11001	3374	42054	981	-
11001	3374	42054	981	-
20312	16531	42054	984	-
15737	10755	42054	990	-
15737	10755	42054	990	-
15737	10755	42054	990	-
15737	10755	42054	990	-
15737	10755	42054	990	-
15737	10755	42054	990	-
15737	10755	42054	990	-
15737	10755	42054	990	-
15737	10755	42054	993	-
15737	10755	42054	993	-
15737	10755	42054	993	-
15737	10755	42054	993	-
16409	16181	42054	1001	-
16409	16181	42054	1001	-
16409	16181	42054	1001	-
11001	10200	42054	1001	-
11001	10200	42054	1002	-
11001	10200	42054	1002	-
11001	10200	42054	1002	-
11001	10200	42054	1002	-
11001	10200	42054	1002	-
11001	10200	42054	1002	-
11001	10200	42054	1002	-
11001	10200	42054	1002	-
11001	10200	42054	1002	-
11001	10200	42054	1002	-
11001	10200	42054	1002	-
11001	10200	42054	1002	-
11001	10200	42054	1002	-
11001	10200	42054	1002	-
11001	10200	42054	1002	-
11001	10200	42054	1002	-
11001	10200	42054	1002	-
11001	10200	42054	1002	-
3957	15667	42054	1003	-
16409	445	42054	1007	-
16409	445	42054	1007	-
16409	445	42054	1007	-
16409	445	42054	1007	-
16409	445	42054	1007	-
16409	445	42054	1007	-
16409	445	42054	1007	-
16409	445	42054	1007	-
16409	445	42054	1007	-
3957	15394	42054	1008	-
3957	15667	42054	1008	-
11001	10200	42054	1015	-
11001	10200	42054	1015	-
11001	10200	42054	1015	-
11001	10200	42054	1015	-
11001	10200	42054	1015	-
11001	10200	42054	1015	-
11001	10200	42054	1015	-
11001	10200	42054	1015	-
11001	10200	42054	1015	-
11001	10200	42054	1015	-
16671	15613	19941	1031	-
16409	17920	19941	1036	-
16409	17920	19941	1036	-
16409	17920	19941	1036	-
16409	17920	19941	1036	-
16409	17920	19941	1036	-
16409	17920	19941	1036	-
23317	882	19941	1040	-
16671	15894	19941	1040	-
16671	15894	19941	1045	-
3611	12332	19941	1050	-
3611	12332	19941	1051	-
3611	12332	19941	1051	-
3611	12332	19941	1051	-
3611	12332	19941	1051	-
3611	12332	19941	1051	-
3611	12332	19941	1051	-
3611	12332	19941	1051	-
3611	12332	19941	1051	-
3611	12332	19941	1051	-
3611	12332	19941	1052	-
3611	12332	19941	1052	-
3611	12332	19941	1052	-
3611	12332	19941	1052	-
3611	12332	19941	1052	-
3611	12332	19941	1052	-
3611	12332	19941	1052	-
3611	12332	19941	1052	-
3611	12332	19941	1052	-
3611	12332	19941	1052	-
3611	12332	19941	1052	-
15737	10755	19941	1079	-
15737	10755	19941	1080	-
15737	10755	19941	1080	-
15737	10755	19941	1080	-
15737	10755	19941	1080	-
15737	10755	19941	1080	-
15737	10755	19941	1080	-
15737	10755	19941	1080	-
15737	10755	19941	1080	-
15737	10755	19941	1080	-
6775	16531	11074	1087	-
3957	13122	11074	1087	-
4800	7215	11074	1093	-
4800	7215	11074	1093	-
4800	7215	11074	1093	-
4800	7215	11074	1093	-
4800	7215	11074	1093	-
4800	7215	11074	1093	-
4800	7215	11074	1093	-
4800	7215	11074	1093	-
4800	7215	11074	1093	-
4800	7215	11074	1093	-
4800	7215	11074	1093	-
11001	1442	11074	1098	-
11001	1442	11074	1098	-
11001	1442	11074	1098	-
11001	1442	11074	1098	-
11001	1442	11074	1098	-
11001	1442	11074	1098	-
11001	1442	11074	1098	-
11001	1442	11074	1098	-
11001	1442	11074	1098	-
11001	1442	11074	1098	-
11001	1442	11074	1098	-
11001	1442	11074	1098	-
11001	1442	11074	1098	-
11001	20405	11074	1101	-
11001	1442	11074	1102	-
7215	22986	11074	1114	-
7215	15667	11074	1115	-
7215	21708	11074	1116	-
4800	7215	11074	1122	-
4800	7215	11074	1122	-
4800	7215	11074	1122	-
4800	7215	11074	1122	-
4800	7215	11074	1122	-
4800	7215	11074	1122	-
4800	7215	11074	1122	-
4800	7215	11074	1122	-
4800	7215	11074	1122	-
4800	7215	11074	1122	-
4800	7215	11074	1122	-
15737	10755	11074	1124	-
15737	10755	11074	1124	-
15737	10755	11074	1124	-
15737	10755	11074	1124	-
15737	10755	11074	1124	-
16671	15613	11074	1127	-
7215	19834	11074	1129	-
13993	19834	11074	1132	-
16409	7956	11074	1132	-
16409	7956	11074	1132	-
16409	7956	11074	1132	-
16409	7956	11074	1132	-
16409	7956	11074	1132	-
16409	7956	11074	1132	-
16409	7956	11074	1132	-
16409	7956	11074	1132	-
16409	7956	11074	1132	-
16409	7956	11074	1132	-
16409	7956	11074	1132	-
16409	7956	11074	1132	-
3611	12332	11074	1133	-
3611	12332	11074	1133	-
3611	12332	11074	1133	-
3611	12332	11074	1133	-
3611	12332	11074	1133	-
3611	10429	11074	1133	-
3611	12332	11074	1133	-
3611	12332	11074	1133	-
3611	12332	11074	1133	-
3611	12332	11074	1133	-
3611	12332	11074	1133	-
15737	10755	11074	1141	-
15737	10755	11074	1141	-
15737	10755	11074	1141	-
15737	10755	11074	1141	-
14547	15894	11074	1143	-
16671	15613	12270	1149	-
3957	15394	12270	1172	-
16409	3397	12270	1173	-
16409	3397	12270	1173	-
16409	3397	12270	1173	-
16409	3397	12270	1173	-
16409	3397	12270	1173	-
16409	3397	12270	1173	-
16409	3397	12270	1174	-
16409	3397	12270	1174	-
16409	3397	12270	1174	-
16409	3397	12270	1174	-
16409	3397	12270	1174	-
16409	3397	12270	1174	-
16409	3397	12270	1174	-
16409	3397	12270	1174	-
16409	3397	12270	1174	-
16409	3397	12270	1174	-
16409	3397	12270	1174	-
15737	17609	12270	1178	-
15737	17609	12270	1178	-
15737	17609	12270	1178	-
15737	17609	12270	1178	-
11001	9572	12270	1179	-
11001	9572	12270	1179	-
13993	19581	12270	1184	-
13993	19581	12270	1184	-
13993	19581	12270	1184	-
13993	19581	12270	1184	-
13993	19581	12270	1184	-
13993	19581	12270	1184	-
13993	19581	12270	1184	-
13993	19581	12270	1184	-
16671	19834	12270	1199	-
15737	5389	37158	1210	-
15737	17609	37158	1210	-
16671	15613	37158	1224	-
3611	3077	37158	1231	-
3611	23203	37158	1234	-
16409	3397	37158	1239	-
16409	3397	37158	1242	-
16409	3397	37158	1242	-
16409	3397	37158	1242	-
16409	3397	37158	1242	-
16409	3397	37158	1242	-
16409	3397	37158	1242	-
16409	3397	37158	1242	-
16409	3397	37158	1242	-
16409	3397	37158	1242	-
16409	3397	37158	1243	-
16409	3397	37158	1243	-
4800	7215	37158	1243	-
4800	7215	37158	1243	-
4800	7215	37158	1244	-
4800	7215	37158	1244	-
4800	7215	37158	1244	-
3611	7215	37158	1257	-
3611	7215	37158	1258	-
3611	7215	37158	1258	-
3611	7215	37158	1258	-
3611	7215	37158	1258	-
3611	7215	37158	1258	-
3611	7215	37158	1258	-
3611	7215	37158	1258	-
3611	7215	37158	1258	-
3611	7215	37158	1258	-
3611	7215	37158	1258	-
4800	7215	37158	1259	-
4800	7215	37158	1259	-
4800	7215	37158	1259	-
4800	7215	37158	1259	-
4800	7215	37158	1259	-
15737	8879	37158	1259	-
15737	8879	37158	1259	-
15737	8879	37158	1259	-
15737	8879	37158	1259	-
13993	17442	13311	1274	-
13993	17442	13311	1274	-
13993	17442	13311	1274	-
13993	17442	13311	1274	-
13993	17442	13311	1274	-
13993	17442	13311	1274	-
13993	17442	13311	1274	-
13993	17442	13311	1274	-
13993	17442	13311	1274	-
13993	17442	13311	1274	-
13993	17442	13311	1274	-
13993	17442	13311	1274	-
13993	17442	13311	1275	-
15737	8879	13311	1282	-
13993	7477	13311	1284	-
13993	7477	13311	1284	-
13993	7477	13311	1284	-
13993	7477	13311	1284	-
13993	7477	13311	1284	-
13993	7477	13311	1284	-
13993	7477	13311	1284	-
13993	7477	13311	1284	-
15737	8879	13311	1306	-
15737	8879	13311	1306	-
15737	8879	13311	1306	-
4800	9869	13311	1311	-
4800	9869	13311	1311	-
4800	9869	13311	1311	-
4800	9869	13311	1311	-
4800	9869	13311	1311	-
4800	9869	13311	1311	-
4800	9869	13311	1311	-
4800	9869	13311	1311	-
4800	9869	13311	1311	-
4800	9869	13311	1311	-
4800	9869	13311	1312	-
4800	9869	13311	1312	-
4800	9869	13311	1312	-
16671	15613	13311	1313	-
16671	15818	10196	1326	-
16409	3397	10196	1327	-
16409	3397	10196	1328	-
16409	3397	10196	1328	-
16409	3397	10196	1328	-
16409	3397	10196	1328	-
16409	3397	10196	1328	-
16409	3397	10196	1328	-
16409	3397	10196	1328	-
16409	3397	10196	1328	-
16409	3397	10196	1328	-
16409	3397	10196	1328	-
3611	7215	10196	1329	-
3611	7215	10196	1329	-
3611	7215	10196	1329	-
3611	7215	10196	1329	-
3611	7215	10196	1329	-
3611	7215	10196	1329	-
3611	7215	10196	1329	-
3611	7215	10196	1329	-
3611	7215	10196	1329	-
3611	7215	10196	1329	-
3611	7215	10196	1329	-
12332	3611	10196	1333	-
3957	21708	10196	1333	-
19839	21708	10196	1333	-
17624	7268	10196	1336	-
16671	20911	10196	1336	-
16671	20911	10196	1336	-
16671	20911	10196	1336	-
16671	20911	10196	1336	-
16671	20911	10196	1336	-
16671	20911	10196	1336	-
4800	10200	10196	1340	-
4800	10200	10196	1340	-
4800	10200	10196	1340	-
4800	10200	10196	1340	-
4800	10200	10196	1340	-
4800	10200	10196	1340	-
4800	10200	10196	1340	-
4800	10200	10196	1340	-
4800	10200	10196	1340	-
4800	10200	10196	1340	-
4800	10200	10196	1340	-
4800	10200	10196	1340	-
4800	10200	10196	1340	-
4800	10200	10196	1340	-
4800	10200	10196	1340	-
4800	10200	10196	1341	-
4800	10200	10196	1341	-
4800	10200	10196	1341	-
4800	10200	10196	1341	-
15737	8879	10196	1357	-
16671	7868	10196	1375	-
16671	7868	10196	1375	-
16671	7868	10196	1375	-
16671	7868	10196	1375	-
16671	7868	10196	1376	-
16671	7868	10196	1376	-
16671	7868	10196	1376	-
16671	7868	10196	1376	-
16671	7868	10196	1376	-
16671	7868	10196	1376	-
16671	7868	10196	1376	-
16671	7868	10196	1376	-
16671	7868	10196	1376	-
16671	7868	10196	1376	-
16671	7868	10196	1376	-
16671	7868	10196	1376	-
16671	7868	10196	1376	-
16671	7868	10196	1376	-
16671	7868	10196	1376	-
16671	18265	44910	1384	-
16671	18265	44910	1384	-
16671	18265	44910	1384	-
16671	18265	44910	1384	-
16671	18265	44910	1384	-
16671	18265	44910	1384	-
16671	18265	44910	1384	-
16671	18265	44910	1384	-
16671	18265	44910	1384	-
16671	18265	44910	1384	-
16671	18265	44910	1384	-
15737	12291	44910	1389	-
15737	12291	44910	1389	-
15506	19350	44910	1433	-
19839	22986	44910	1436	-
19839	22986	44910	1438	-
3957	22986	44910	1438	-
3076	3611	44910	1438	-
3611	7215	40408	1446	-
15506	15394	40408	1462	-
16409	2992	40408	1484	-
16409	2992	40408	1484	-
16409	20495	40408	1484	-
16409	2992	40408	1484	-
16409	20495	40408	1484	-
16409	2992	40408	1484	-
16409	2992	40408	1484	-
16409	2992	40408	1484	-
16409	20495	40408	1484	-
16409	2992	40408	1484	-
16409	2992	40408	1484	-
16409	2992	40408	1484	-
16409	2992	40408	1484	-
16409	2992	40408	1484	-
16409	2992	40408	1484	-
16409	2992	40408	1484	-
16409	2992	40408	1484	-
16409	2992	40408	1484	-
16409	20495	40408	1484	-
16409	2992	40408	1484	-
16409	2992	40408	1484	-
16409	2992	40408	1484	-
16409	2992	40408	1484	-
16409	2992	40408	1484	-
16409	20495	40408	1484	-
16409	2992	40408	1484	-
16409	2992	40408	1484	-
16409	2992	40408	1485	-
16409	2992	40408	1485	-
3611	7215	40408	1493	-
16409	2992	45367	1539	-
16409	2992	45367	1539	-
16409	2992	45367	1539	-
16409	2992	45367	1539	-
16409	2992	45367	1539	-
16409	2992	45367	1539	-
16409	2992	45367	1539	-
16409	2992	45367	1539	-
16409	2992	45367	1539	-
16409	2992	45367	1539	-
16409	2992	45367	1539	-
16409	2992	45367	1539	-
16409	2992	45367	1539	-
16409	2992	45367	1539	-
16409	2992	45367	1539	-
16409	2992	45367	1539	-
16409	20495	45367	1539	-
16409	2992	45367	1539	-
16409	2992	45367	1539	-
16409	2992	45367	1539	-
16409	2992	45367	1539	-
16409	2992	45367	1539	-
20367	19350	45367	1540	-
3957	19834	45367	1540	-
882	3461	45367	1540	-
882	16593	45367	1541	-
882	23167	45367	1544	-
882	8452	45367	1544	-
882	2843	45367	1546	-
882	4981	45367	1552	-
15506	15394	45367	1552	-
4800	12942	45367	1553	-
4800	12942	45367	1553	-
4800	12942	45367	1553	-
4800	12942	45367	1553	-
4800	12942	45367	1553	-
4800	12942	45367	1553	-
4800	12942	45367	1553	-
4800	12942	45367	1553	-
4800	12942	45367	1554	-
4800	12942	45367	1554	-
4800	12942	45367	1554	-
4800	12942	45367	1554	-
4800	12942	45367	1554	-
4800	12942	45367	1554	-
4800	12942	45367	1554	-
4800	12942	45367	1554	-
4800	12942	45367	1554	-
4800	12942	45367	1554	-
4800	12942	45367	1554	-
4800	12942	45367	1554	-
4800	12942	45367	1554	-
882	16531	45367	1557	-
882	9554	45367	1561	-
15737	11568	45367	1562	-
15737	11568	45367	1562	-
15737	11568	45367	1562	-
15737	11568	45367	1562	-
882	16332	8463	1564	-
10429	5938	8463	1570	-
3611	7215	8463	1572	-
10429	5938	8463	1576	-
13993	4301	8463	1576	-
13993	4301	8463	1576	-
13993	4301	8463	1576	-
13993	4301	8463	1576	-
13993	4301	8463	1576	-
13993	4301	8463	1576	-
13993	4301	8463	1576	-
13993	4301	8463	1576	-
13993	4301	8463	1577	-
13993	4301	8463	1577	-
13993	4301	8463	1577	-
13993	4301	8463	1577	-
13993	4301	8463	1577	-
13993	4301	8463	1577	-
13993	4301	8463	1577	-
13993	4301	8463	1577	-
13993	4301	8463	1577	-
13993	4301	8463	1577	-
13993	4301	8463	1577	-
10429	21708	8463	1578	-
4800	12942	8463	1585	-
4800	12942	8463	1585	-
4800	12942	8463	1585	-
4800	12942	8463	1585	-
4800	12942	8463	1585	-
4800	12942	8463	1585	-
16409	2992	8463	1588	-
3611	7215	8463	1598	-
13993	4301	8463	1617	-
13993	4301	8463	1617	-
13993	4301	8463	1617	-
13993	4301	8463	1617	-
13993	4301	39000	1628	-
13993	4301	39000	1628	-
13993	4301	39000	1628	-
13993	4301	39000	1628	-
13993	4301	39000	1628	-
13993	4301	39000	1628	-
13993	4301	39000	1628	-
13993	4301	39000	1628	-
13993	4301	39000	1628	-
13993	4301	39000	1628	-
13993	4301	39000	1628	-
13993	4301	39000	1628	-
13993	4301	39000	1628	-
13993	4301	39000	1628	-
13993	4301	39000	1628	-
13993	4301	39000	1628	-
13993	4301	39000	1628	-
13993	4301	39000	1629	-
13993	4301	39000	1629	-
20312	16332	39000	1630	-
7782	21708	39000	1639	-
7782	11900	39000	1639	-
23317	882	39000	1640	-
3957	5938	39000	1644	-
16409	6943	39000	1652	-
16409	6943	39000	1653	-
16409	6943	39000	1653	-
16409	6943	39000	1653	-
4800	2582	39000	1664	-
4800	12942	39000	1664	-
15737	11568	39000	1664	-
15737	11568	39000	1664	-
15737	11568	39000	1664	-
15737	11568	39000	1664	-
15737	11568	39000	1664	-
15737	11568	39000	1664	-
15737	11568	39000	1664	-
15737	11568	39000	1664	-
15737	11568	39000	1664	-
19603	16531	39000	1675	-
3957	19531	39000	1675	-
3611	19834	39000	1683	-
4800	12942	11259	1706	-
4800	12942	11259	1706	-
4800	12942	11259	1706	-
4800	12942	11259	1706	-
4800	12942	11259	1706	-
4800	12942	11259	1706	-
4800	12942	11259	1706	-
3611	6157	11259	1708	-
3611	6157	11259	1709	-
3611	6157	11259	1709	-
3611	6157	11259	1709	-
3611	6157	11259	1709	-
3611	6157	11259	1709	-
3611	6157	11259	1709	-
3611	6157	11259	1709	-
3611	6157	11259	1709	-
3611	6157	11259	1709	-
3611	6157	11259	1709	-
3611	18682	11259	1709	-
3611	6157	11259	1709	-
3611	6157	11259	1709	-
3611	6157	11259	1709	-
3611	6157	11259	1709	-
3611	6157	11259	1709	-
3611	6157	11259	1709	-
3611	6157	11259	1709	-
3611	6157	11259	1709	-
3611	18682	11259	1710	-
3611	6157	11259	1710	-
3611	6157	11259	1710	-
3611	6157	11259	1710	-
3611	6157	11259	1710	-
3611	6157	11259	1710	-
3611	6157	11259	1710	-
3611	6157	11259	1710	-
3611	6157	11259	1710	-
3611	6157	11259	1710	-
3611	6157	11259	1710	-
3611	18718	11259	1710	-
3611	6157	11259	1710	-
3611	6157	11259	1710	-
3611	6157	11259	1710	-
3611	6157	11259	1710	-
3611	6157	11259	1710	-
3611	6157	11259	1710	-
3611	6157	11259	1710	-
3297	11900	11259	1728	-
15506	15394	11259	1732	-
15506	15394	11259	1732	-
3297	11900	11259	1733	-
