19181	7268	35594	0	portsweep
15506	19350	35594	10	-
19181	7268	35594	20	portsweep
19181	7268	35594	40	portsweep
19181	7268	19351	60	portsweep
19181	7268	19351	80	portsweep
19181	7268	19351	100	portsweep
19181	7268	11678	120	portsweep
19181	7268	11678	140	portsweep
19181	7268	11678	160	portsweep
19181	7268	38177	180	portsweep
19181	7268	38177	200	portsweep
23317	882	38177	201	-
15394	4800	38177	201	-
19181	7268	38177	220	portsweep
19181	7268	32908	240	portsweep
19181	7268	32908	260	portsweep
19181	7268	32908	280	portsweep
19181	7268	42090	300	portsweep
19181	7268	42090	320	portsweep
19181	7268	42090	340	portsweep
19181	7268	3111	360	portsweep
19181	7268	3111	380	portsweep
17923	15394	3111	391	-
17923	15394	3111	391	-
17923	15394	3111	391	-
17923	15394	3111	391	-
17923	15394	3111	391	-
17923	15394	3111	391	-
17923	15394	3111	391	-
17923	15394	3111	391	-
17923	15394	3111	391	-
17923	15394	3111	391	-
17923	15394	3111	391	-
17923	15394	3111	391	-
17923	15394	3111	391	-
17923	15394	3111	391	-
17923	15394	3111	391	-
17923	15394	3111	391	-
17923	15394	3111	391	-
17923	15394	3111	391	-
17923	15394	3111	391	-
17923	15394	3111	391	-
17923	15394	3111	391	-
17923	15394	3111	391	-
17923	15394	3111	391	-
17923	15394	3111	391	-
17923	15394	3111	391	-
17923	15394	3111	391	-
17923	15394	3111	391	-
17923	15394	3111	391	-
17923	15394	3111	391	-
17923	15394	3111	391	-
17923	15394	3111	391	-
17923	15394	3111	391	-
17923	15394	3111	391	-
17923	15394	3111	391	-
17923	15394	3111	391	-
17923	15394	3111	391	-
17923	15394	3111	391	-
17923	15394	3111	391	-
17923	15394	3111	391	-
17923	15394	3111	391	-
17923	15394	3111	391	-
17923	15394	3111	391	-
17923	15394	3111	391	-
17923	15394	3111	391	-
17923	15394	3111	391	-
17923	15394	3111	391	-
17923	15394	3111	391	-
17923	15394	3111	391	-
17923	15394	3111	391	-
17923	15394	3111	391	-
17923	15394	3111	391	-
17923	15394	3111	391	-
17923	15394	3111	391	-
17923	15394	3111	391	-
17923	15394	3111	391	-
17923	15394	3111	391	-
17923	15394	3111	391	-
17923	15394	3111	391	-
17923	15394	3111	391	-
17923	15394	3111	391	-
17923	15394	3111	391	-
17923	15394	3111	391	-
17923	15394	3111	391	-
17923	15394	3111	391	-
17923	15394	3111	391	-
20367	587	3111	391	-
17923	15394	3111	391	-
17923	15394	3111	391	-
17923	15394	3111	391	-
17923	15394	3111	391	-
17923	15394	3111	392	-
17923	15394	3111	392	-
17923	15394	3111	392	-
17923	15394	3111	392	-
17923	15394	3111	392	-
17923	15394	3111	392	-
17923	15394	3111	392	-
17923	15394	3111	392	-
17923	15394	3111	392	-
17923	15394	3111	392	-
17923	15394	3111	397	-
17923	15394	3111	397	-
19181	7268	3111	400	portsweep
17923	15394	3111	402	-
17923	15394	3111	402	-
17923	15394	3111	402	-
17923	15394	3111	402	-
17923	15394	3111	402	-
17923	15394	3111	402	-
17923	15394	3111	402	-
17923	15394	3111	402	-
17923	15394	3111	402	-
17923	15394	3111	402	-
17923	15394	3111	402	-
17923	15394	3111	402	-
17923	15394	3111	402	-
17923	15394	3111	402	-
17923	15394	3111	402	-
17923	15394	3111	402	-
17923	15394	3111	402	-
17923	15394	3111	402	-
17923	15394	3111	402	-
17923	15394	3111	402	-
17923	15394	3111	402	-
17923	15394	3111	402	-
17923	15394	3111	402	-
17923	15394	3111	402	-
17923	15394	3111	402	-
17923	15394	3111	402	-
17923	15394	3111	402	-
17923	15394	3111	402	-
17923	15394	3111	402	-
17923	15394	3111	402	-
17923	15394	3111	402	-
17923	15394	3111	402	-
17923	15394	3111	402	-
17923	15394	3111	402	-
17923	15394	3111	402	-
17923	15394	3111	402	-
17923	15394	3111	402	-
17923	15394	3111	402	-
17923	15394	3111	402	-
17923	15394	3111	402	-
17923	15394	3111	402	-
17923	15394	3111	402	-
17923	15394	3111	402	-
17923	15394	3111	402	-
17923	15394	3111	402	-
17923	15394	3111	402	-
17923	15394	3111	402	-
17923	15394	3111	402	-
17923	15394	3111	402	-
17923	15394	3111	402	-
17923	15394	3111	402	-
17923	15394	3111	402	-
17923	15394	3111	402	-
17923	15394	3111	402	-
17923	15394	3111	402	-
17923	15394	3111	402	-
17923	15394	3111	402	-
17923	15394	3111	402	-
17923	15394	3111	402	-
17923	15394	3111	402	-
17923	15394	3111	402	-
17923	15394	3111	402	-
17923	15394	3111	402	-
17923	15394	3111	402	-
17923	15394	3111	402	-
17923	15394	3111	402	-
17923	15394	3111	402	-
17923	15394	3111	402	-
17923	15394	3111	402	-
17923	15394	3111	402	-
17923	15394	3111	402	-
17923	15394	3111	402	-
17923	15394	3111	402	-
17923	15394	3111	402	-
17923	15394	3111	402	-
17923	15394	3111	402	-
17923	15394	3111	402	-
17923	15394	3111	402	-
17923	15394	3111	402	-
17923	15394	3111	402	-
3957	587	3111	405	-
3957	15394	3111	405	-
20367	19350	3111	407	-
17923	15394	3111	407	-
17923	15394	3111	407	-
17923	15394	3111	407	-
3957	15394	3111	407	-
17923	15394	3111	412	-
17923	15394	3111	412	-
17923	15394	3111	412	-
17923	15394	3111	412	-
17923	15394	3111	412	-
17923	15394	3111	412	-
17923	15394	3111	412	-
17923	15394	3111	412	-
17923	15394	3111	412	-
17923	15394	3111	412	-
17923	15394	3111	412	-
17923	15394	3111	412	-
17923	15394	3111	412	-
17923	15394	3111	412	-
17923	15394	3111	412	-
17923	15394	3111	412	-
17923	15394	3111	412	-
17923	15394	3111	412	-
17923	15394	3111	412	-
17923	15394	3111	412	-
17923	15394	3111	412	-
17923	15394	3111	412	-
17923	15394	3111	412	-
17923	15394	3111	412	-
17923	15394	3111	412	-
17923	15394	3111	412	-
17923	15394	3111	412	-
17923	15394	3111	412	-
17923	15394	3111	412	-
17923	15394	3111	412	-
17923	15394	3111	412	-
17923	15394	3111	412	-
17923	15394	3111	412	-
17923	15394	3111	412	-
17923	15394	3111	412	-
17923	15394	3111	412	-
17923	15394	3111	412	-
17923	15394	3111	412	-
17923	15394	3111	413	-
17923	15394	3111	413	-
17923	15394	3111	413	-
17923	15394	3111	413	-
17923	15394	3111	413	-
17923	15394	3111	413	-
17923	15394	3111	413	-
17923	15394	3111	413	-
17923	15394	3111	413	-
17923	15394	3111	413	-
17923	15394	3111	413	-
17923	15394	3111	413	-
17923	15394	3111	413	-
17923	15394	3111	413	-
17923	15394	3111	413	-
17923	15394	3111	413	-
17923	15394	3111	413	-
17923	15394	3111	413	-
17923	15394	3111	413	-
17923	15394	3111	413	-
17923	15394	3111	413	-
17923	15394	3111	413	-
17923	15394	3111	413	-
17923	15394	3111	413	-
17923	15394	3111	413	-
17923	15394	3111	413	-
17923	15394	3111	413	-
17923	15394	3111	413	-
17923	15394	3111	413	-
17923	15394	3111	413	-
17923	15394	3111	413	-
17923	15394	3111	413	-
17923	15394	3111	413	-
17923	15394	3111	413	-
17923	15394	3111	413	-
17923	15394	3111	413	-
17923	15394	3111	413	-
17923	15394	3111	413	-
17923	15394	3111	413	-
17923	15394	3111	413	-
17923	15394	3111	413	-
17923	15394	3111	413	-
17923	15394	19360	418	-
17923	15394	19360	418	-
17923	15394	19360	423	-
17923	15394	19360	423	-
17923	15394	19360	423	-
17923	15394	19360	423	-
17923	15394	19360	423	-
17923	15394	19360	423	-
17923	15394	19360	423	-
17923	15394	19360	423	-
17923	15394	19360	423	-
17923	15394	19360	423	-
17923	15394	19360	423	-
17923	15394	19360	423	-
17923	15394	19360	423	-
17923	15394	19360	423	-
17923	15394	19360	423	-
17923	15394	19360	423	-
17923	15394	19360	423	-
17923	15394	19360	423	-
17923	15394	19360	423	-
17923	15394	19360	423	-
17923	15394	19360	423	-
17923	15394	19360	423	-
17923	15394	19360	423	-
17923	15394	19360	423	-
17923	15394	19360	423	-
17923	15394	19360	423	-
17923	15394	19360	423	-
17923	15394	19360	423	-
17923	15394	19360	423	-
17923	15394	19360	423	-
17923	15394	19360	423	-
17923	15394	19360	423	-
17923	15394	19360	423	-
17923	15394	19360	423	-
17923	15394	19360	423	-
17923	15394	19360	423	-
17923	15394	19360	423	-
17923	15394	19360	423	-
17923	15394	19360	423	-
17923	15394	19360	423	-
17923	15394	19360	423	-
17923	15394	19360	423	-
17923	15394	19360	423	-
17923	15394	19360	423	-
17923	15394	19360	423	-
17923	15394	19360	423	-
17923	15394	19360	423	-
17923	15394	19360	423	-
17923	15394	19360	423	-
17923	15394	19360	423	-
17923	15394	19360	423	-
17923	15394	19360	423	-
17923	15394	19360	423	-
17923	15394	19360	423	-
17923	15394	19360	423	-
17923	15394	19360	423	-
17923	15394	19360	423	-
17923	15394	19360	423	-
17923	15394	19360	423	-
17923	15394	19360	423	-
17923	15394	19360	423	-
17923	15394	19360	423	-
17923	15394	19360	423	-
17923	15394	19360	423	-
17923	15394	19360	423	-
17923	15394	19360	423	-
17923	15394	19360	423	-
17923	15394	19360	423	-
17923	15394	19360	423	-
17923	15394	19360	423	-
17923	15394	19360	423	-
17923	15394	19360	423	-
17923	15394	19360	423	-
17923	15394	19360	423	-
17923	15394	19360	423	-
17923	15394	19360	423	-
17923	15394	19360	423	-
17923	15394	19360	423	-
17923	15394	19360	423	-
17923	15394	19360	423	-
19181	7268	19360	427	portsweep
17923	15394	19360	428	-
17923	15394	19360	428	-
17923	15394	19360	433	-
17923	15394	19360	433	-
17923	15394	19360	433	-
17923	15394	19360	433	-
17923	15394	19360	433	-
17923	15394	19360	433	-
17923	15394	19360	433	-
17923	15394	19360	433	-
17923	15394	19360	433	-
17923	15394	19360	434	-
17923	15394	19360	434	-
17923	15394	19360	434	-
17923	15394	19360	434	-
17923	15394	19360	434	-
17923	15394	19360	434	-
17923	15394	19360	434	-
17923	15394	19360	434	-
17923	15394	19360	434	-
17923	15394	19360	434	-
17923	15394	19360	434	-
17923	15394	19360	434	-
17923	15394	19360	434	-
17923	15394	19360	434	-
17923	15394	19360	434	-
17923	15394	19360	434	-
17923	15394	19360	434	-
17923	15394	19360	434	-
17923	15394	19360	434	-
17923	15394	19360	434	-
17923	15394	19360	434	-
17923	15394	19360	434	-
17923	15394	19360	434	-
17923	15394	19360	434	-
17923	15394	19360	434	-
17923	15394	19360	434	-
17923	15394	19360	434	-
17923	15394	19360	434	-
17923	15394	19360	434	-
17923	15394	19360	434	-
17923	15394	19360	434	-
17923	15394	19360	434	-
17923	15394	19360	434	-
17923	15394	19360	434	-
17923	15394	19360	434	-
17923	15394	19360	434	-
17923	15394	19360	434	-
17923	15394	19360	434	-
17923	15394	19360	434	-
17923	15394	19360	434	-
17923	15394	19360	434	-
17923	15394	19360	434	-
17923	15394	19360	434	-
17923	15394	19360	434	-
17923	15394	19360	434	-
17923	15394	19360	434	-
17923	15394	19360	434	-
17923	15394	19360	434	-
17923	15394	19360	434	-
17923	15394	19360	434	-
17923	15394	19360	434	-
17923	15394	19360	434	-
17923	15394	19360	434	-
17923	15394	19360	434	-
17923	15394	19360	434	-
17923	15394	19360	434	-
17923	15394	19360	434	-
17923	15394	19360	434	-
17923	15394	19360	434	-
17923	15394	19360	434	-
17923	15394	19360	434	-
17923	15394	19360	434	-
17923	15394	19360	434	-
17923	15394	19360	434	-
17923	15394	19360	434	-
17923	15394	19360	434	-
17923	15394	19360	434	-
17923	15394	19360	434	-
17923	15394	19360	434	-
17923	15394	19360	434	-
17923	15394	19360	434	-
17923	15394	19360	439	-
17923	15394	19360	439	-
17923	15394	19360	444	-
17923	15394	19360	444	-
17923	15394	19360	444	-
17923	15394	19360	444	-
17923	15394	19360	444	-
17923	15394	19360	444	-
17923	15394	19360	444	-
17923	15394	19360	444	-
17923	15394	19360	444	-
17923	15394	19360	444	-
17923	15394	19360	444	-
17923	15394	19360	444	-
17923	15394	19360	444	-
17923	15394	19360	444	-
17923	15394	19360	444	-
17923	15394	19360	444	-
17923	15394	19360	444	-
17923	15394	19360	444	-
17923	15394	19360	444	-
17923	15394	19360	444	-
17923	15394	19360	444	-
17923	15394	19360	444	-
17923	15394	19360	444	-
17923	15394	19360	444	-
17923	15394	19360	444	-
17923	15394	19360	444	-
17923	15394	19360	444	-
17923	15394	19360	444	-
17923	15394	19360	444	-
17923	15394	19360	444	-
17923	15394	19360	444	-
17923	15394	19360	444	-
17923	15394	19360	444	-
17923	15394	19360	444	-
17923	15394	19360	444	-
17923	15394	19360	444	-
17923	15394	19360	444	-
17923	15394	19360	444	-
17923	15394	19360	444	-
17923	15394	19360	444	-
17923	15394	19360	444	-
17923	15394	19360	444	-
17923	15394	19360	444	-
17923	15394	19360	444	-
17923	15394	19360	444	-
17923	15394	19360	444	-
17923	15394	19360	444	-
17923	15394	19360	444	-
17923	15394	19360	444	-
17923	15394	19360	444	-
17923	15394	19360	444	-
17923	15394	19360	444	-
17923	15394	19360	444	-
17923	15394	19360	444	-
17923	15394	19360	444	-
17923	15394	19360	444	-
17923	15394	19360	444	-
17923	15394	19360	444	-
17923	15394	19360	444	-
17923	15394	19360	444	-
17923	15394	19360	444	-
17923	15394	19360	444	-
17923	15394	19360	444	-
17923	15394	19360	444	-
17923	15394	19360	444	-
17923	15394	19360	444	-
17923	15394	19360	445	-
17923	15394	19360	445	-
17923	15394	19360	445	-
17923	15394	19360	445	-
17923	15394	19360	445	-
17923	15394	19360	445	-
17923	15394	19360	445	-
17923	15394	19360	445	-
17923	15394	19360	445	-
17923	15394	19360	445	-
17923	15394	19360	445	-
17923	15394	19360	445	-
17923	15394	19360	445	-
17923	15394	19360	445	-
19181	7268	19360	447	portsweep
17923	15394	19360	450	-
17923	15394	19360	450	-
17923	15394	19360	455	-
17923	15394	19360	455	-
17923	15394	19360	455	-
17923	15394	19360	455	-
17923	15394	19360	455	-
17923	15394	19360	455	-
17923	15394	19360	455	-
17923	15394	19360	455	-
17923	15394	19360	455	-
17923	15394	19360	455	-
17923	15394	19360	455	-
17923	15394	19360	455	-
17923	15394	19360	455	-
17923	15394	19360	455	-
17923	15394	19360	455	-
17923	15394	19360	455	-
17923	15394	19360	455	-
17923	15394	19360	455	-
17923	15394	19360	455	-
17923	15394	19360	455	-
19181	7268	19360	467	portsweep
19181	7268	6953	487	portsweep
19181	7268	6953	507	portsweep
19181	7268	6953	527	portsweep
19181	7268	20967	547	portsweep
19181	7268	20967	567	portsweep
19181	7268	20967	587	portsweep
19181	7268	32362	607	portsweep
19181	7268	32362	640	portsweep
19181	7268	29977	660	portsweep
19181	7268	29977	680	portsweep
19181	7268	29977	700	portsweep
19181	7268	20719	720	portsweep
19181	7268	20719	740	portsweep
19181	7268	20719	760	portsweep
19181	7268	3531	780	portsweep
19181	7268	3531	800	portsweep
15394	4800	3531	801	-
23317	882	3531	801	-
19181	7268	3531	820	portsweep
19181	7268	12957	840	portsweep
19181	7268	12957	860	portsweep
19181	7268	12957	880	portsweep
3957	15394	45417	898	-
19181	7268	45417	900	portsweep
19181	7268	45417	920	portsweep
19181	7268	45417	940	portsweep
19181	7268	31843	960	portsweep
19181	7268	31843	980	portsweep
19181	7268	31843	1000	portsweep
19181	7268	5429	1020	portsweep
15506	19350	5429	1036	-
19181	7268	5429	1040	portsweep
19181	7268	5429	1060	portsweep
19181	7268	19414	1080	portsweep
19181	7268	19414	1100	portsweep
19181	7268	19414	1120	portsweep
19181	7268	41918	1140	portsweep
19181	7268	41918	1160	portsweep
19181	7268	41918	1180	portsweep
19181	7268	11624	1200	portsweep
19181	7268	11624	1220	portsweep
19181	7268	11624	1240	portsweep
19181	7268	32998	1260	portsweep
19181	7268	32998	1280	portsweep
19181	7268	32998	1300	portsweep
19181	7268	16236	1320	portsweep
19181	7268	16236	1340	portsweep
19181	7268	16236	1360	portsweep
19181	7268	40645	1380	portsweep
19181	7268	40645	1400	portsweep
23317	882	40645	1401	-
15394	4800	40645	1401	-
19181	7268	40645	1420	portsweep
19181	7268	45978	1440	portsweep
19181	7268	45978	1460	portsweep
19181	7268	45978	1480	portsweep
19181	7268	43782	1500	portsweep
19181	7268	43782	1540	portsweep
19181	7268	14275	1560	portsweep
19181	7268	14275	1580	portsweep
19181	7268	14275	1600	portsweep
19181	7268	29681	1620	portsweep
19181	7268	29681	1640	portsweep
19181	7268	29681	1660	portsweep
19181	7268	22818	1680	portsweep
19181	7268	22818	1700	portsweep
19181	7268	22818	1720	portsweep
19181	7268	13538	1740	portsweep
19181	7268	13538	1760	portsweep
19181	7268	13538	1780	portsweep
