11001	8109	26902	0	-
11001	8109	26902	0	-
11001	8109	26902	0	-
11001	8109	26902	0	-
11001	8109	26902	0	-
11001	8109	26902	0	-
11001	8109	26902	0	-
11001	8109	26902	0	-
11001	8109	26902	1	-
11001	8109	26902	1	-
11001	8109	26902	1	-
11001	8109	26902	1	-
11001	8109	26902	1	-
11001	8109	26902	1	-
11001	8109	26902	1	-
20312	4800	26902	3	-
23317	5938	26902	3	-
5376	4800	26902	3	snmpgetattack
23317	12431	26902	3	snmpgetattack
23317	5938	35923	9	-
5376	4800	35923	9	snmpgetattack
23317	12431	35923	9	snmpgetattack
20312	4800	35923	9	-
23317	5938	35923	14	-
5376	4800	35923	14	snmpgetattack
23317	12431	35923	14	snmpgetattack
20312	4800	35923	14	-
23317	5938	35923	19	-
5376	4800	35923	19	snmpgetattack
20312	4800	35923	19	-
23317	12431	35923	19	snmpgetattack
11001	1398	35923	20	-
11001	17697	35923	23	-
11001	1398	35923	23	-
11001	17697	35923	23	-
11001	17697	35923	23	-
11001	1398	35923	23	-
11001	17697	35923	23	-
5376	4800	35923	24	snmpgetattack
23317	12431	35923	24	snmpgetattack
20312	4800	35923	24	-
23317	5938	35923	24	-
5376	4800	35923	29	snmpgetattack
23317	12431	35923	29	snmpgetattack
20312	4800	35923	29	-
23317	5938	35923	29	-
5376	4800	35923	34	snmpgetattack
23317	12431	35923	34	snmpgetattack
20312	4800	35923	34	-
23317	5938	35923	34	-
20312	4800	35923	39	-
23317	5938	35923	39	-
5376	4800	35923	39	snmpgetattack
23317	12431	35923	39	snmpgetattack
20312	4800	35923	44	-
23317	5938	35923	44	-
5376	4800	35923	44	snmpgetattack
23317	12431	35923	44	snmpgetattack
20312	4800	35923	49	-
23317	5938	35923	49	-
5376	4800	35923	49	snmpgetattack
23317	12431	35923	49	snmpgetattack
20312	4800	35923	54	-
23317	5938	35923	54	-
5376	4800	35923	54	snmpgetattack
23317	12431	35923	54	snmpgetattack
20312	4800	35923	60	-
23317	5938	35923	60	-
5376	4800	35923	60	snmpgetattack
23317	12431	35923	60	snmpgetattack
20312	4800	35923	65	-
23317	5938	35923	65	-
5376	4800	35923	65	snmpgetattack
23317	12431	35923	65	snmpgetattack
11001	8421	2711	69	-
11001	8421	2711	69	-
11001	8421	2711	69	-
11001	8421	2711	69	-
11001	8421	2711	69	-
11001	8421	2711	69	-
11001	8421	2711	69	-
11001	8421	2711	69	-
11001	8421	2711	69	-
11001	8421	2711	69	-
11001	8421	2711	69	-
5376	4800	2711	70	snmpgetattack
23317	12431	2711	70	snmpgetattack
20312	4800	2711	70	-
23317	5938	2711	70	-
5376	4800	2711	75	snmpgetattack
23317	12431	2711	75	snmpgetattack
20312	4800	2711	75	-
23317	5938	2711	75	-
5376	4800	2711	80	snmpgetattack
23317	12431	2711	80	snmpgetattack
20312	4800	2711	80	-
23317	5938	2711	80	-
5376	4800	2711	85	snmpgetattack
23317	12431	2711	85	snmpgetattack
20312	4800	2711	85	-
23317	5938	2711	85	-
5376	4800	2711	90	snmpgetattack
23317	12431	2711	90	snmpgetattack
20312	4800	2711	90	-
23317	5938	2711	90	-
5376	4800	2711	95	snmpgetattack
23317	12431	2711	95	snmpgetattack
23317	5938	2711	95	-
20312	4800	2711	95	-
5376	4800	2711	100	snmpgetattack
23317	12431	2711	100	snmpgetattack
20312	4800	2711	100	-
23317	5938	2711	100	-
5376	4800	2711	105	snmpgetattack
23317	12431	2711	105	snmpgetattack
20312	4800	2711	105	-
23317	5938	2711	105	-
5376	4800	2711	111	snmpgetattack
23317	12431	2711	111	snmpgetattack
20312	4800	2711	111	-
23317	5938	2711	111	-
5376	4800	2711	116	snmpgetattack
23317	12431	2711	116	snmpgetattack
20312	4800	2711	116	-
23317	5938	2711	116	-
5376	4800	2711	121	snmpgetattack
23317	12431	2711	121	snmpgetattack
20312	4800	2711	121	-
23317	5938	2711	121	-
5376	4800	2711	126	snmpgetattack
23317	12431	2711	126	snmpgetattack
23317	5938	2711	126	-
20312	4800	2711	126	-
23317	5938	18537	131	-
20312	4800	18537	131	-
23317	12431	18537	131	snmpgetattack
5376	4800	18537	131	snmpgetattack
23317	12431	18537	136	snmpgetattack
5376	4800	18537	136	snmpgetattack
23317	5938	18537	136	-
20312	4800	18537	136	-
11001	8421	18537	141	-
11001	8421	18537	141	-
11001	8421	18537	141	-
11001	8421	18537	141	-
11001	8421	18537	141	-
23317	12431	18537	141	snmpgetattack
11001	8421	18537	141	-
20312	4800	18537	141	-
11001	8421	18537	141	-
11001	8421	18537	141	-
5376	4800	18537	141	snmpgetattack
11001	8421	18537	141	-
11001	8421	18537	141	-
23317	5938	18537	141	-
20312	4800	18537	146	-
23317	5938	18537	146	-
5376	4800	18537	146	snmpgetattack
23317	12431	18537	146	snmpgetattack
20312	4800	18537	151	-
23317	5938	18537	151	-
5376	4800	18537	151	snmpgetattack
23317	12431	18537	151	snmpgetattack
20312	4800	18537	156	-
23317	5938	18537	156	-
5376	4800	18537	156	snmpgetattack
23317	12431	18537	156	snmpgetattack
20312	4800	18537	162	-
23317	5938	18537	162	-
5376	4800	18537	162	snmpgetattack
23317	12431	18537	162	snmpgetattack
20312	4800	18537	167	-
23317	5938	18537	167	-
5376	4800	18537	167	snmpgetattack
23317	12431	18537	167	snmpgetattack
15394	4800	18537	168	-
23317	882	18537	168	-
20312	4800	18537	172	-
23317	5938	18537	172	-
5376	4800	18537	172	snmpgetattack
23317	12431	18537	172	snmpgetattack
20312	4800	18537	177	-
23317	5938	18537	177	-
5376	4800	18537	177	snmpgetattack
23317	12431	18537	177	snmpgetattack
5376	4800	18537	182	snmpgetattack
23317	12431	18537	182	snmpgetattack
20312	4800	18537	182	-
23317	5938	18537	182	-
5376	4800	40162	187	snmpgetattack
23317	12431	40162	187	snmpgetattack
20312	4800	40162	187	-
23317	5938	40162	187	-
5376	4800	40162	192	snmpgetattack
23317	12431	40162	192	snmpgetattack
20312	4800	40162	192	-
23317	5938	40162	192	-
20312	4800	40162	197	-
23317	5938	40162	197	-
5376	4800	40162	197	snmpgetattack
23317	12431	40162	197	snmpgetattack
20312	4800	40162	202	-
23317	5938	40162	202	-
5376	4800	40162	202	snmpgetattack
23317	12431	40162	202	snmpgetattack
20312	4800	40162	207	-
23317	5938	40162	207	-
5376	4800	40162	207	snmpgetattack
23317	12431	40162	207	snmpgetattack
20312	4800	40162	212	-
23317	5938	40162	212	-
5376	4800	40162	212	snmpgetattack
23317	12431	40162	212	snmpgetattack
20312	4800	40162	217	-
23317	5938	40162	217	-
5376	4800	40162	217	snmpgetattack
23317	12431	40162	217	snmpgetattack
23317	5938	40162	222	-
20312	4800	40162	222	-
23317	12431	40162	222	snmpgetattack
5376	4800	40162	222	snmpgetattack
20312	4800	40162	227	-
23317	5938	40162	227	-
5376	4800	40162	227	snmpgetattack
23317	12431	40162	227	snmpgetattack
5376	4800	40162	233	snmpgetattack
23317	12431	40162	233	snmpgetattack
20312	4800	40162	233	-
23317	5938	40162	233	-
20312	4800	40162	238	-
23317	5938	40162	238	-
5376	4800	40162	238	snmpgetattack
23317	12431	40162	238	snmpgetattack
5376	4800	40162	243	snmpgetattack
23317	12431	40162	243	snmpgetattack
20312	4800	40162	243	-
23317	5938	40162	243	-
5376	4800	4358	248	snmpgetattack
23317	12431	4358	248	snmpgetattack
20312	4800	4358	248	-
23317	5938	4358	248	-
5376	4800	4358	253	snmpgetattack
23317	12431	4358	253	snmpgetattack
20312	4800	4358	253	-
23317	5938	4358	253	-
11001	8421	4358	254	-
11001	8421	4358	254	-
11001	8421	4358	254	-
11001	8421	4358	254	-
11001	8421	4358	254	-
11001	8421	4358	254	-
11001	8421	4358	254	-
11001	8421	4358	254	-
11001	8421	4358	254	-
11001	8421	4358	254	-
11001	8421	4358	254	-
11001	8421	4358	254	-
11001	8421	4358	254	-
11001	8421	4358	254	-
11001	8421	4358	254	-
11001	8421	4358	254	-
20312	4800	4358	258	-
23317	5938	4358	258	-
5376	4800	4358	258	snmpgetattack
23317	12431	4358	258	snmpgetattack
23317	5938	4358	263	-
20312	4800	4358	263	-
23317	12431	4358	263	snmpgetattack
5376	4800	4358	263	snmpgetattack
11001	8421	4358	268	-
11001	8421	4358	268	-
11001	8421	4358	268	-
20312	4800	4358	268	-
23317	5938	4358	268	-
5376	4800	4358	268	snmpgetattack
23317	12431	4358	268	snmpgetattack
11001	8421	4358	268	-
11001	8421	4358	268	-
11001	8421	4358	268	-
11001	8421	4358	268	-
11001	8421	4358	268	-
11001	8421	4358	268	-
11001	8421	4358	268	-
5376	4800	4358	273	snmpgetattack
23317	5938	4358	273	-
20312	4800	4358	273	-
23317	12431	4358	273	snmpgetattack
20312	4800	4358	278	-
5376	4800	4358	278	snmpgetattack
23317	12431	4358	278	snmpgetattack
23317	5938	4358	278	-
20312	4800	4358	283	-
23317	5938	4358	283	-
5376	4800	4358	283	snmpgetattack
23317	12431	4358	283	snmpgetattack
23317	5938	4358	288	-
5376	4800	4358	288	snmpgetattack
23317	12431	4358	288	snmpgetattack
20312	4800	4358	288	-
5376	4800	4358	293	snmpgetattack
23317	12431	4358	293	snmpgetattack
23317	5938	4358	293	-
20312	4800	4358	293	-
23317	12431	4358	298	snmpgetattack
20312	4800	4358	298	-
23317	5938	4358	298	-
5376	4800	4358	298	snmpgetattack
23317	12431	4358	303	snmpgetattack
5376	4800	4358	303	snmpgetattack
20312	4800	4358	303	-
23317	5938	4358	303	-
23317	12431	5127	308	snmpgetattack
5376	4800	5127	308	snmpgetattack
23317	5938	5127	308	-
20312	4800	5127	308	-
5376	4800	5127	314	snmpgetattack
20312	4800	5127	314	-
23317	5938	5127	314	-
23317	12431	5127	314	snmpgetattack
20312	4800	5127	319	-
23317	5938	5127	319	-
5376	4800	5127	319	snmpgetattack
23317	12431	5127	319	snmpgetattack
3158	8452	5127	320	warez
12985	21950	5127	321	warez
12985	21950	5127	321	warez
5376	4800	5127	324	snmpgetattack
23317	5938	5127	324	-
23317	12431	5127	324	snmpgetattack
20312	4800	5127	324	-
23317	5938	5127	329	-
20312	4800	5127	329	-
23317	12431	5127	329	snmpgetattack
5376	4800	5127	329	snmpgetattack
5376	4800	5127	334	snmpgetattack
23317	12431	5127	334	snmpgetattack
20312	4800	5127	334	-
23317	5938	5127	334	-
20312	4800	5127	339	-
23317	5938	5127	339	-
23317	12431	5127	339	snmpgetattack
5376	4800	5127	339	snmpgetattack
23317	12431	5127	344	snmpgetattack
20312	4800	5127	344	-
23317	5938	5127	344	-
5376	4800	5127	344	snmpgetattack
20312	4800	5127	349	-
23317	5938	5127	349	-
5376	4800	5127	349	snmpgetattack
23317	12431	5127	349	snmpgetattack
23317	12431	5127	354	snmpgetattack
5376	4800	5127	354	snmpgetattack
23317	5938	5127	354	-
20312	4800	5127	354	-
5376	4800	5127	359	snmpgetattack
23317	12431	5127	359	snmpgetattack
20312	4800	5127	359	-
23317	5938	5127	359	-
5376	4800	5127	364	snmpgetattack
23317	12431	5127	364	snmpgetattack
23317	5938	5127	364	-
20312	4800	5127	364	-
23317	12431	29415	369	snmpgetattack
5376	4800	29415	369	snmpgetattack
20312	4800	29415	369	-
23317	5938	29415	369	-
23317	5938	29415	374	-
20312	4800	29415	374	-
5376	4800	29415	374	snmpgetattack
23317	12431	29415	374	snmpgetattack
23317	12431	29415	379	snmpgetattack
23317	5938	29415	379	-
20312	4800	29415	379	-
5376	4800	29415	379	snmpgetattack
20312	4800	29415	384	-
5376	4800	29415	384	snmpgetattack
23317	12431	29415	384	snmpgetattack
23317	5938	29415	384	-
23317	12431	29415	389	snmpgetattack
20312	4800	29415	389	-
23317	5938	29415	389	-
5376	4800	29415	389	snmpgetattack
20312	4800	29415	394	-
23317	5938	29415	394	-
23317	12431	29415	394	snmpgetattack
5376	4800	29415	394	snmpgetattack
5376	4800	29415	400	snmpgetattack
23317	12431	29415	400	snmpgetattack
23317	5938	29415	400	-
20312	4800	29415	400	-
20312	4800	29415	405	-
23317	5938	29415	405	-
5376	4800	29415	405	snmpgetattack
23317	12431	29415	405	snmpgetattack
23317	5938	29415	410	-
23317	12431	29415	410	snmpgetattack
20312	4800	29415	410	-
5376	4800	29415	410	snmpgetattack
23317	5938	29415	415	-
5376	4800	29415	415	snmpgetattack
23317	12431	29415	415	snmpgetattack
20312	4800	29415	415	-
23317	12431	29415	420	snmpgetattack
5376	4800	29415	420	snmpgetattack
20312	4800	29415	420	-
23317	5938	29415	420	-
23317	5938	29415	425	-
20312	4800	29415	425	-
23317	12431	29415	425	snmpgetattack
5376	4800	29415	425	snmpgetattack
20312	4800	13725	430	-
23317	5938	13725	430	-
23317	12431	13725	430	snmpgetattack
5376	4800	13725	430	snmpgetattack
20312	4800	13725	435	-
23317	12431	13725	435	snmpgetattack
5376	4800	13725	435	snmpgetattack
23317	5938	13725	435	-
11001	8421	13725	440	-
11001	8421	13725	440	-
11001	8421	13725	440	-
11001	8421	13725	440	-
11001	8421	13725	440	-
5376	4800	13725	440	snmpgetattack
23317	12431	13725	440	snmpgetattack
20312	4800	13725	440	-
23317	5938	13725	440	-
11001	8421	13725	440	-
11001	8421	13725	440	-
11001	8421	13725	440	-
11001	8421	13725	440	-
11001	8421	13725	440	-
11001	8421	13725	440	-
11001	8421	13725	440	-
11001	8421	13725	440	-
11001	8421	13725	440	-
11001	8421	13725	440	-
11001	8421	13725	441	-
11001	8421	13725	441	-
11001	8421	13725	441	-
11001	8421	13725	441	-
11001	8421	13725	441	-
11001	8421	13725	441	-
11001	8421	13725	441	-
11001	8421	13725	441	-
5376	4800	13725	445	snmpgetattack
23317	12431	13725	445	snmpgetattack
23317	5938	13725	445	-
20312	4800	13725	445	-
11001	8421	13725	446	-
11001	8421	13725	446	-
11001	8421	13725	446	-
11001	8421	13725	446	-
11001	8421	13725	446	-
11001	8421	13725	446	-
11001	8421	13725	446	-
11001	8421	13725	446	-
11001	8421	13725	446	-
11001	8421	13725	446	-
23317	5938	13725	450	-
20312	4800	13725	450	-
5376	4800	13725	450	snmpgetattack
23317	12431	13725	450	snmpgetattack
23317	12431	13725	455	snmpgetattack
5376	4800	13725	455	snmpgetattack
20312	4800	13725	455	-
23317	5938	13725	455	-
5376	4800	13725	460	snmpgetattack
20312	4800	13725	460	-
23317	5938	13725	460	-
23317	12431	13725	460	snmpgetattack
20312	4800	13725	465	-
23317	12431	13725	465	snmpgetattack
23317	5938	13725	465	-
5376	4800	13725	465	snmpgetattack
23317	12431	13725	470	snmpgetattack
5376	4800	13725	470	snmpgetattack
20312	4800	13725	470	-
23317	5938	13725	470	-
5376	4800	13725	475	snmpgetattack
23317	5938	13725	475	-
20312	4800	13725	475	-
23317	12431	13725	475	snmpgetattack
5376	4800	13725	480	snmpgetattack
23317	12431	13725	480	snmpgetattack
20312	4800	13725	480	-
23317	5938	13725	480	-
5376	4800	13725	486	snmpgetattack
23317	12431	13725	486	snmpgetattack
23317	5938	13725	486	-
20312	4800	13725	486	-
5376	4800	29109	491	snmpgetattack
23317	12431	29109	491	snmpgetattack
20312	4800	29109	491	-
23317	5938	29109	491	-
5376	4800	29109	496	snmpgetattack
23317	12431	29109	496	snmpgetattack
20312	4800	29109	496	-
23317	5938	29109	496	-
23317	5938	29109	501	-
5376	4800	29109	501	snmpgetattack
23317	12431	29109	501	snmpgetattack
20312	4800	29109	501	-
23317	5938	29109	506	-
20312	4800	29109	506	-
23317	12431	29109	506	snmpgetattack
5376	4800	29109	506	snmpgetattack
23317	12431	29109	511	snmpgetattack
5376	4800	29109	511	snmpgetattack
20312	4800	29109	511	-
23317	5938	29109	511	-
5376	4800	29109	516	snmpgetattack
23317	12431	29109	516	snmpgetattack
20312	4800	29109	516	-
23317	5938	29109	516	-
23317	12431	29109	521	snmpgetattack
5376	4800	29109	521	snmpgetattack
20312	4800	29109	521	-
23317	5938	29109	521	-
23317	12431	29109	526	snmpgetattack
20312	4800	29109	526	-
5376	4800	29109	526	snmpgetattack
23317	5938	29109	526	-
5376	4800	29109	531	snmpgetattack
20312	4800	29109	531	-
23317	5938	29109	531	-
23317	12431	29109	531	snmpgetattack
5376	4800	29109	536	snmpgetattack
23317	12431	29109	536	snmpgetattack
20312	4800	29109	536	-
23317	5938	29109	536	-
23317	12431	29109	541	snmpgetattack
20312	4800	29109	541	-
5376	4800	29109	541	snmpgetattack
23317	5938	29109	541	-
23317	5938	29109	546	-
20312	4800	29109	546	-
5376	4800	29109	546	snmpgetattack
23317	12431	29109	546	snmpgetattack
23317	12431	36891	551	snmpgetattack
23317	5938	36891	551	-
5376	4800	36891	551	snmpgetattack
20312	4800	36891	551	-
23317	12431	36891	556	snmpgetattack
20312	4800	36891	556	-
23317	5938	36891	556	-
5376	4800	36891	556	snmpgetattack
23317	5938	36891	561	-
5376	4800	36891	561	snmpgetattack
23317	12431	36891	561	snmpgetattack
20312	4800	36891	561	-
20312	4800	36891	567	-
23317	5938	36891	567	-
5376	4800	36891	567	snmpgetattack
23317	12431	36891	567	snmpgetattack
20312	4800	36891	572	-
23317	5938	36891	572	-
5376	4800	36891	572	snmpgetattack
23317	12431	36891	572	snmpgetattack
20312	4800	36891	577	-
23317	5938	36891	577	-
5376	4800	36891	577	snmpgetattack
23317	12431	36891	577	snmpgetattack
5376	4800	36891	582	snmpgetattack
23317	12431	36891	582	snmpgetattack
20312	4800	36891	582	-
23317	5938	36891	582	-
5376	4800	36891	587	snmpgetattack
23317	12431	36891	587	snmpgetattack
20312	4800	36891	587	-
23317	5938	36891	587	-
11001	8421	36891	588	-
11001	8421	36891	588	-
11001	8421	36891	589	-
11001	8421	36891	589	-
11001	8421	36891	589	-
11001	8421	36891	589	-
11001	8421	36891	589	-
11001	8421	36891	589	-
11001	8421	36891	589	-
11001	8421	36891	589	-
11001	8421	36891	589	-
11001	8421	36891	589	-
11001	8421	36891	589	-
11001	8421	36891	589	-
11001	8421	36891	589	-
11001	8421	36891	589	-
20312	4800	36891	592	-
23317	5938	36891	592	-
23317	12431	36891	592	snmpgetattack
5376	4800	36891	592	snmpgetattack
20312	4800	36891	597	-
23317	5938	36891	597	-
5376	4800	36891	597	snmpgetattack
23317	12431	36891	597	snmpgetattack
3957	15394	36891	599	-
5376	4800	36891	602	snmpgetattack
23317	12431	36891	602	snmpgetattack
20312	4800	36891	602	-
23317	5938	36891	602	-
5376	4800	21104	607	snmpgetattack
23317	12431	21104	607	snmpgetattack
20312	4800	21104	607	-
23317	5938	21104	607	-
5376	4800	21104	612	snmpgetattack
23317	12431	21104	612	snmpgetattack
20312	4800	21104	612	-
23317	5938	21104	612	-
20312	4800	21104	617	-
23317	5938	21104	617	-
5376	4800	21104	617	snmpgetattack
23317	12431	21104	617	snmpgetattack
20312	4800	21104	622	-
23317	5938	21104	622	-
5376	4800	21104	622	snmpgetattack
23317	12431	21104	622	snmpgetattack
11001	8421	21104	622	-
11001	8421	21104	622	-
11001	8421	21104	622	-
11001	8421	21104	622	-
11001	8421	21104	622	-
11001	8421	21104	622	-
11001	8421	21104	622	-
11001	8421	21104	622	-
11001	8421	21104	622	-
11001	8421	21104	622	-
16671	19531	21104	622	-
11001	8421	21104	626	-
11001	8421	21104	626	-
11001	8421	21104	626	-
11001	8421	21104	626	-
11001	8421	21104	626	-
11001	8421	21104	626	-
11001	8421	21104	626	-
11001	8421	21104	626	-
11001	8421	21104	626	-
11001	8421	21104	626	-
11001	8421	21104	626	-
11001	8421	21104	626	-
11001	8421	21104	626	-
11001	8421	21104	626	-
11001	8421	21104	626	-
11001	8421	21104	626	-
20312	4800	21104	627	-
23317	5938	21104	627	-
5376	4800	21104	627	snmpgetattack
23317	12431	21104	627	snmpgetattack
16671	15667	21104	628	-
20312	4800	21104	632	-
23317	5938	21104	632	-
5376	4800	21104	632	snmpgetattack
23317	12431	21104	632	snmpgetattack
20312	4800	21104	637	-
23317	5938	21104	637	-
5376	4800	21104	637	snmpgetattack
23317	12431	21104	637	snmpgetattack
23317	5938	21104	642	-
20312	4800	21104	642	-
23317	12431	21104	642	snmpgetattack
5376	4800	21104	642	snmpgetattack
20312	4800	21104	647	-
23317	5938	21104	647	-
5376	4800	21104	647	snmpgetattack
23317	12431	21104	647	snmpgetattack
17923	15394	21104	649	-
20312	4800	21104	653	-
23317	5938	21104	653	-
5376	4800	21104	653	snmpgetattack
23317	12431	21104	653	snmpgetattack
5376	4800	21104	658	snmpgetattack
23317	12431	21104	658	snmpgetattack
20312	4800	21104	658	-
23317	5938	21104	658	-
20312	4800	21104	663	-
23317	5938	21104	663	-
5376	4800	21104	663	snmpgetattack
23317	12431	21104	663	snmpgetattack
5376	4800	3154	668	snmpgetattack
23317	12431	3154	668	snmpgetattack
20312	4800	3154	668	-
23317	5938	3154	668	-
5376	4800	3154	673	snmpgetattack
23317	12431	3154	673	snmpgetattack
20312	4800	3154	673	-
23317	5938	3154	673	-
20312	4800	3154	678	-
23317	5938	3154	678	-
5376	4800	3154	678	snmpgetattack
23317	12431	3154	678	snmpgetattack
5376	4800	3154	683	snmpgetattack
23317	12431	3154	683	snmpgetattack
20312	4800	3154	683	-
23317	5938	3154	683	-
5376	4800	3154	688	snmpgetattack
23317	12431	3154	688	snmpgetattack
20312	4800	3154	688	-
23317	5938	3154	688	-
11001	3957	3154	689	-
11001	3957	3154	689	-
11001	3957	3154	689	-
20312	4800	3154	693	-
23317	5938	3154	693	-
5376	4800	3154	693	snmpgetattack
23317	12431	3154	693	snmpgetattack
20312	4800	3154	698	-
23317	5938	3154	698	-
5376	4800	3154	698	snmpgetattack
23317	12431	3154	698	snmpgetattack
5376	4800	3154	703	snmpgetattack
23317	12431	3154	703	snmpgetattack
20312	4800	3154	703	-
23317	5938	3154	703	-
5376	4800	3154	708	snmpgetattack
20312	4800	3154	708	-
23317	5938	3154	708	-
5376	4800	3154	710	snmpgetattack
23317	12431	3154	710	snmpgetattack
20312	4800	3154	713	-
23317	5938	3154	713	-
5376	4800	3154	715	snmpgetattack
23317	12431	3154	715	snmpgetattack
20312	4800	3154	718	-
23317	5938	3154	718	-
5376	4800	3154	720	snmpgetattack
23317	12431	3154	720	snmpgetattack
20312	4800	3154	723	-
23317	5938	3154	723	-
5376	4800	3154	725	snmpgetattack
23317	12431	3154	725	snmpgetattack
18601	8452	16431	728	warez
12985	12751	16431	729	warez
12985	12751	16431	729	warez
5376	4800	16431	730	snmpgetattack
23317	12431	16431	730	snmpgetattack
20312	4800	16431	733	-
23317	5938	16431	733	-
5376	4800	16431	735	snmpgetattack
23317	12431	16431	735	snmpgetattack
11001	9758	16431	736	-
11001	9758	16431	736	-
20312	4800	16431	738	-
23317	5938	16431	738	-
5376	4800	16431	740	snmpgetattack
23317	12431	16431	740	snmpgetattack
20312	4800	16431	743	-
23317	5938	16431	743	-
5376	4800	16431	746	snmpgetattack
23317	12431	16431	746	snmpgetattack
20312	4800	16431	749	-
23317	5938	16431	749	-
5376	4800	16431	751	snmpgetattack
23317	12431	16431	751	snmpgetattack
20312	4800	16431	754	-
23317	5938	16431	754	-
11001	20045	16431	755	-
11001	20045	16431	755	-
11001	20045	16431	755	-
5376	4800	16431	756	snmpgetattack
23317	12431	16431	756	snmpgetattack
20312	4800	16431	759	-
23317	5938	16431	759	-
5376	4800	16431	761	snmpgetattack
23317	12431	16431	761	snmpgetattack
20312	4800	16431	764	-
23317	5938	16431	764	-
5376	4800	16431	766	snmpgetattack
23317	12431	16431	766	snmpgetattack
15394	4800	16431	768	-
23317	882	16431	768	-
23317	5938	16431	769	-
20312	4800	16431	769	-
5376	4800	16431	771	snmpgetattack
23317	12431	16431	771	snmpgetattack
20312	4800	16431	774	-
23317	5938	16431	774	-
5376	4800	16431	776	snmpgetattack
23317	12431	16431	776	snmpgetattack
20312	4800	16431	779	-
23317	5938	16431	779	-
5376	4800	16431	781	snmpgetattack
23317	12431	16431	781	snmpgetattack
20312	4800	16431	784	-
23317	5938	16431	784	-
5376	4800	16431	786	snmpgetattack
23317	12431	16431	786	snmpgetattack
20312	4800	12025	789	-
23317	5938	12025	789	-
5376	4800	12025	791	snmpgetattack
23317	12431	12025	791	snmpgetattack
20312	4800	12025	794	-
23317	5938	12025	794	-
5376	4800	12025	796	snmpgetattack
23317	12431	12025	796	snmpgetattack
20312	4800	12025	799	-
23317	5938	12025	799	-
5376	4800	12025	801	snmpgetattack
23317	12431	12025	801	snmpgetattack
20312	4800	12025	804	-
23317	5938	12025	804	-
5376	4800	12025	806	snmpgetattack
23317	12431	12025	806	snmpgetattack
20312	4800	12025	809	-
23317	5938	12025	809	-
5376	4800	12025	811	snmpgetattack
23317	12431	12025	811	snmpgetattack
20312	4800	12025	814	-
23317	5938	12025	814	-
5376	4800	12025	816	snmpgetattack
23317	12431	12025	816	snmpgetattack
20312	4800	12025	819	-
23317	5938	12025	819	-
5376	4800	12025	821	snmpgetattack
23317	12431	12025	821	snmpgetattack
20312	4800	12025	824	-
23317	5938	12025	824	-
5376	4800	12025	826	snmpgetattack
23317	12431	12025	826	snmpgetattack
20312	4800	12025	829	-
23317	5938	12025	829	-
5376	4800	12025	831	snmpgetattack
23317	12431	12025	831	snmpgetattack
20312	4800	12025	834	-
23317	5938	12025	834	-
5376	4800	12025	836	snmpgetattack
23317	12431	12025	836	snmpgetattack
11001	5954	12025	837	-
20312	4800	12025	839	-
23317	5938	12025	839	-
11001	21548	12025	840	-
11001	21548	12025	840	-
11001	21548	12025	840	-
11001	21548	12025	840	-
11001	21548	12025	840	-
11001	21548	12025	840	-
11001	21548	12025	840	-
5376	4800	12025	841	snmpgetattack
23317	12431	12025	841	snmpgetattack
20312	4800	12025	844	-
23317	5938	12025	844	-
5376	4800	12025	846	snmpgetattack
23317	12431	12025	846	snmpgetattack
20312	4800	426	849	-
23317	5938	426	849	-
5376	4800	426	851	snmpgetattack
23317	12431	426	851	snmpgetattack
20312	4800	426	854	-
23317	5938	426	854	-
5376	4800	426	856	snmpgetattack
23317	12431	426	856	snmpgetattack
20312	4800	426	859	-
23317	5938	426	859	-
5376	4800	426	861	snmpgetattack
23317	12431	426	861	snmpgetattack
20312	4800	426	864	-
23317	5938	426	864	-
5376	4800	426	866	snmpgetattack
23317	12431	426	866	snmpgetattack
20312	4800	426	869	-
23317	5938	426	869	-
5376	4800	426	872	snmpgetattack
23317	12431	426	872	snmpgetattack
20312	4800	426	875	-
23317	5938	426	875	-
5376	4800	426	877	snmpgetattack
23317	12431	426	877	snmpgetattack
20312	4800	426	880	-
23317	5938	426	880	-
5376	4800	426	882	snmpgetattack
23317	12431	426	882	snmpgetattack
20312	4800	426	885	-
23317	5938	426	885	-
5376	4800	426	887	snmpgetattack
23317	12431	426	887	snmpgetattack
20312	4800	426	890	-
23317	5938	426	890	-
5376	4800	426	892	snmpgetattack
23317	12431	426	892	snmpgetattack
20312	4800	426	895	-
23317	5938	426	895	-
23317	12431	426	897	snmpgetattack
5376	4800	426	897	snmpgetattack
20312	4800	426	900	-
23317	5938	426	900	-
5376	4800	426	902	snmpgetattack
23317	12431	426	902	snmpgetattack
20312	4800	426	905	-
23317	5938	426	905	-
5376	4800	41960	907	snmpgetattack
23317	12431	41960	907	snmpgetattack
20312	4800	41960	910	-
23317	5938	41960	910	-
5376	4800	41960	912	snmpgetattack
23317	12431	41960	912	snmpgetattack
11001	745	41960	914	-
11001	745	41960	914	-
11001	745	41960	914	-
11001	745	41960	914	-
11001	745	41960	914	-
11001	745	41960	914	-
11001	745	41960	914	-
11001	745	41960	914	-
11001	745	41960	914	-
11001	745	41960	914	-
11001	745	41960	914	-
11001	745	41960	914	-
11001	745	41960	914	-
11001	745	41960	914	-
20312	4800	41960	915	-
23317	5938	41960	915	-
5376	4800	41960	917	snmpgetattack
23317	12431	41960	917	snmpgetattack
20312	4800	41960	920	-
23317	5938	41960	920	-
5376	4800	41960	922	snmpgetattack
23317	12431	41960	922	snmpgetattack
20312	4800	41960	925	-
23317	5938	41960	925	-
23317	12431	41960	927	snmpgetattack
5376	4800	41960	927	snmpgetattack
20312	4800	41960	930	-
23317	5938	41960	930	-
5376	4800	41960	932	snmpgetattack
23317	12431	41960	932	snmpgetattack
20312	4800	41960	935	-
23317	5938	41960	935	-
5376	4800	41960	937	snmpgetattack
23317	12431	41960	937	snmpgetattack
11001	16785	41960	939	-
11001	16785	41960	940	-
11001	16785	41960	940	-
20312	4800	41960	940	-
23317	5938	41960	940	-
11001	16785	41960	940	-
11001	16785	41960	940	-
11001	16785	41960	940	-
11001	16785	41960	940	-
11001	16785	41960	940	-
11001	16785	41960	940	-
11001	16785	41960	940	-
11001	16785	41960	940	-
11001	16785	41960	940	-
11001	16785	41960	940	-
11001	16785	41960	940	-
11001	16785	41960	940	-
11001	16785	41960	940	-
5376	4800	41960	942	snmpgetattack
23317	12431	41960	942	snmpgetattack
11001	19651	41960	944	-
11001	19651	41960	944	-
11001	19651	41960	944	-
11001	19651	41960	944	-
11001	19651	41960	944	-
11001	19651	41960	944	-
23317	5938	41960	945	-
20312	4800	41960	945	-
5376	4800	41960	947	snmpgetattack
23317	12431	41960	947	snmpgetattack
20312	4800	41960	950	-
23317	5938	41960	950	-
5376	4800	41960	952	snmpgetattack
23317	12431	41960	952	snmpgetattack
23317	5938	41960	955	-
20312	4800	41960	955	-
23317	12431	41960	957	snmpgetattack
5376	4800	41960	957	snmpgetattack
23317	5938	41960	960	-
20312	4800	41960	960	-
5376	4800	41960	962	snmpgetattack
23317	12431	41960	962	snmpgetattack
20312	4800	41960	965	-
23317	5938	41960	965	-
23317	12431	40612	967	snmpgetattack
5376	4800	40612	967	snmpgetattack
23317	5938	40612	970	-
20312	4800	40612	970	-
5376	4800	40612	972	snmpgetattack
23317	12431	40612	972	snmpgetattack
20312	4800	40612	975	-
23317	5938	40612	975	-
5376	4800	40612	977	snmpgetattack
23317	12431	40612	977	snmpgetattack
23317	5938	40612	980	-
20312	4800	40612	980	-
5376	4800	40612	982	snmpgetattack
23317	12431	40612	982	snmpgetattack
20312	4800	40612	985	-
23317	5938	40612	985	-
23317	12431	40612	987	snmpgetattack
5376	4800	40612	987	snmpgetattack
20312	4800	40612	990	-
23317	5938	40612	990	-
5376	4800	40612	992	snmpgetattack
23317	12431	40612	992	snmpgetattack
20312	4800	40612	995	-
23317	5938	40612	995	-
5376	4800	40612	998	snmpgetattack
23317	12431	40612	998	snmpgetattack
23317	5938	40612	1001	-
20312	4800	40612	1001	-
23317	12431	40612	1003	snmpgetattack
5376	4800	40612	1003	snmpgetattack
20312	4800	40612	1006	-
23317	5938	40612	1006	-
5376	4800	40612	1008	snmpgetattack
23317	12431	40612	1008	snmpgetattack
23317	5938	40612	1011	-
20312	4800	40612	1011	-
23317	12431	40612	1013	snmpgetattack
5376	4800	40612	1013	snmpgetattack
20312	4800	40612	1016	-
23317	5938	40612	1016	-
5376	4800	40612	1018	snmpgetattack
23317	12431	40612	1018	snmpgetattack
23317	5938	40612	1021	-
20312	4800	40612	1021	-
23317	12431	40612	1023	snmpgetattack
5376	4800	40612	1023	snmpgetattack
20312	4800	40612	1026	-
23317	5938	40612	1026	-
5376	4800	14403	1028	snmpgetattack
23317	12431	14403	1028	snmpgetattack
20312	4800	14403	1031	-
23317	5938	14403	1031	-
23317	12431	14403	1033	snmpgetattack
5376	4800	14403	1033	snmpgetattack
20312	4800	14403	1036	-
23317	5938	14403	1036	-
5376	4800	14403	1038	snmpgetattack
23317	12431	14403	1038	snmpgetattack
20312	4800	14403	1041	-
23317	5938	14403	1041	-
5376	4800	14403	1043	snmpgetattack
23317	12431	14403	1043	snmpgetattack
23317	5938	14403	1046	-
20312	4800	14403	1046	-
23317	12431	14403	1048	snmpgetattack
5376	4800	14403	1048	snmpgetattack
23317	5938	14403	1051	-
20312	4800	14403	1051	-
5376	4800	14403	1053	snmpgetattack
23317	12431	14403	1053	snmpgetattack
20312	4800	14403	1056	-
23317	5938	14403	1056	-
5376	4800	14403	1058	snmpgetattack
23317	12431	14403	1058	snmpgetattack
20312	4800	14403	1061	-
23317	5938	14403	1061	-
23317	12431	14403	1063	snmpgetattack
5376	4800	14403	1063	snmpgetattack
23317	5938	14403	1066	-
20312	4800	14403	1066	-
23317	12431	14403	1068	snmpgetattack
5376	4800	14403	1068	snmpgetattack
20312	4800	14403	1071	-
23317	5938	14403	1071	-
23317	12431	14403	1073	snmpgetattack
5376	4800	14403	1073	snmpgetattack
20312	4800	14403	1076	-
23317	5938	14403	1076	-
5376	4800	14403	1078	snmpgetattack
23317	12431	14403	1078	snmpgetattack
20312	4800	14403	1081	-
23317	5938	14403	1081	-
5376	4800	14403	1083	snmpgetattack
23317	12431	14403	1083	snmpgetattack
23317	5938	14403	1086	-
20312	4800	14403	1086	-
5376	4800	30747	1088	snmpgetattack
23317	12431	30747	1088	snmpgetattack
20312	4800	30747	1091	-
23317	5938	30747	1091	-
23317	12431	30747	1093	snmpgetattack
5376	4800	30747	1093	snmpgetattack
20312	4800	30747	1096	-
23317	5938	30747	1096	-
5376	4800	30747	1098	snmpgetattack
23317	12431	30747	1098	snmpgetattack
23317	5938	30747	1101	-
20312	4800	30747	1101	-
5376	4800	30747	1103	snmpgetattack
23317	12431	30747	1103	snmpgetattack
23317	5938	30747	1106	-
20312	4800	30747	1106	-
23317	12431	30747	1108	snmpgetattack
5376	4800	30747	1108	snmpgetattack
23317	5938	30747	1111	-
20312	4800	30747	1111	-
5376	4800	30747	1113	snmpgetattack
23317	12431	30747	1113	snmpgetattack
20312	4800	30747	1116	-
23317	5938	30747	1116	-
23317	12431	30747	1118	snmpgetattack
5376	4800	30747	1118	snmpgetattack
23317	5938	30747	1121	-
20312	4800	30747	1121	-
23317	12431	30747	1124	snmpgetattack
5376	4800	30747	1124	snmpgetattack
23317	5938	30747	1127	-
20312	4800	30747	1127	-
5376	4800	30747	1129	snmpgetattack
23317	12431	30747	1129	snmpgetattack
20312	4800	30747	1132	-
23317	5938	30747	1132	-
5376	4800	30747	1134	snmpgetattack
23317	12431	30747	1134	snmpgetattack
20312	4800	30747	1137	-
23317	5938	30747	1137	-
23317	12431	30747	1139	snmpgetattack
5376	4800	30747	1139	snmpgetattack
11001	19651	30747	1140	-
11001	19651	30747	1140	-
11001	19651	30747	1140	-
11001	19651	30747	1140	-
23317	5938	30747	1142	-
20312	4800	30747	1142	-
5376	4800	30747	1144	snmpgetattack
23317	12431	30747	1144	snmpgetattack
23317	5938	3865	1147	-
20312	4800	3865	1147	-
5376	4800	3865	1149	snmpgetattack
23317	12431	3865	1149	snmpgetattack
20312	4800	3865	1152	-
23317	5938	3865	1152	-
5376	4800	3865	1154	snmpgetattack
23317	12431	3865	1154	snmpgetattack
23317	5938	3865	1157	-
20312	4800	3865	1157	-
5376	4800	3865	1159	snmpgetattack
23317	12431	3865	1159	snmpgetattack
20312	4800	3865	1162	-
23317	5938	3865	1162	-
5376	4800	3865	1164	snmpgetattack
23317	12431	3865	1164	snmpgetattack
20312	4800	3865	1167	-
23317	5938	3865	1167	-
23317	12431	3865	1169	snmpgetattack
5376	4800	3865	1169	snmpgetattack
20312	4800	3865	1172	-
23317	5938	3865	1172	-
23317	12431	3865	1174	snmpgetattack
5376	4800	3865	1174	snmpgetattack
23317	5938	3865	1177	-
20312	4800	3865	1177	-
23317	12431	3865	1179	snmpgetattack
5376	4800	3865	1179	snmpgetattack
20312	4800	3865	1182	-
23317	5938	3865	1182	-
5376	4800	3865	1184	snmpgetattack
23317	12431	3865	1184	snmpgetattack
20312	4800	3865	1187	-
23317	5938	3865	1187	-
5376	4800	3865	1189	snmpgetattack
23317	12431	3865	1189	snmpgetattack
20312	4800	3865	1192	-
23317	5938	3865	1192	-
5376	4800	3865	1194	snmpgetattack
23317	12431	3865	1194	snmpgetattack
20312	4800	3865	1197	-
23317	5938	3865	1197	-
5376	4800	3865	1199	snmpgetattack
23317	12431	3865	1199	snmpgetattack
20312	4800	3865	1202	-
23317	5938	3865	1202	-
23317	12431	3865	1204	snmpgetattack
5376	4800	3865	1204	snmpgetattack
20312	4800	6324	1207	-
23317	5938	6324	1207	-
5376	4800	6324	1209	snmpgetattack
23317	12431	6324	1209	snmpgetattack
20312	4800	6324	1212	-
23317	5938	6324	1212	-
5376	4800	6324	1214	snmpgetattack
23317	12431	6324	1214	snmpgetattack
3957	587	6324	1216	-
104	8452	6324	1216	warez
12985	6626	6324	1217	warez
12985	6626	6324	1217	warez
23317	12431	6324	1219	snmpgetattack
5376	4800	6324	1219	snmpgetattack
23317	5938	6324	1222	-
20312	4800	6324	1222	-
5376	4800	6324	1224	snmpgetattack
23317	12431	6324	1224	snmpgetattack
20312	4800	6324	1227	-
23317	5938	6324	1227	-
5376	4800	6324	1229	snmpgetattack
23317	12431	6324	1229	snmpgetattack
23317	5938	6324	1232	-
20312	4800	6324	1232	-
23317	12431	6324	1234	snmpgetattack
11001	19651	6324	1234	-
11001	19651	6324	1234	-
11001	19651	6324	1234	-
11001	19651	6324	1234	-
11001	19651	6324	1234	-
11001	19651	6324	1234	-
11001	19651	6324	1234	-
11001	19651	6324	1234	-
5376	4800	6324	1234	snmpgetattack
11001	19651	6324	1234	-
11001	19651	6324	1235	-
11001	19651	6324	1235	-
11001	19651	6324	1235	-
11001	19651	6324	1235	-
11001	19651	6324	1235	-
20312	4800	6324	1237	-
23317	5938	6324	1237	-
5376	4800	6324	1239	snmpgetattack
23317	12431	6324	1239	snmpgetattack
20312	4800	6324	1242	-
23317	5938	6324	1242	-
5376	4800	6324	1245	snmpgetattack
23317	12431	6324	1245	snmpgetattack
20312	4800	6324	1247	-
23317	5938	6324	1247	-
5376	4800	6324	1250	snmpgetattack
23317	12431	6324	1250	snmpgetattack
20312	4800	6324	1253	-
23317	5938	6324	1253	-
5376	4800	6324	1255	snmpgetattack
23317	12431	6324	1255	snmpgetattack
20312	4800	6324	1258	-
23317	5938	6324	1258	-
5376	4800	6324	1260	snmpgetattack
23317	12431	6324	1260	snmpgetattack
11001	19651	6324	1262	-
11001	19651	6324	1262	-
11001	19651	6324	1262	-
11001	19651	6324	1262	-
11001	19651	6324	1262	-
11001	19651	6324	1262	-
11001	19651	6324	1262	-
20312	4800	6324	1263	-
23317	5938	6324	1263	-
5376	4800	6324	1265	snmpgetattack
23317	12431	6324	1265	snmpgetattack
20312	4800	3694	1268	-
23317	5938	3694	1268	-
5376	4800	3694	1270	snmpgetattack
23317	12431	3694	1270	snmpgetattack
20312	4800	3694	1273	-
23317	5938	3694	1273	-
5376	4800	3694	1275	snmpgetattack
23317	12431	3694	1275	snmpgetattack
20312	4800	3694	1278	-
23317	5938	3694	1278	-
5376	4800	3694	1280	snmpgetattack
23317	12431	3694	1280	snmpgetattack
20312	4800	3694	1283	-
23317	5938	3694	1283	-
5376	4800	3694	1285	snmpgetattack
23317	12431	3694	1285	snmpgetattack
20312	4800	3694	1288	-
23317	5938	3694	1288	-
5376	4800	3694	1290	snmpgetattack
23317	12431	3694	1290	snmpgetattack
20312	4800	3694	1293	-
23317	5938	3694	1293	-
5376	4800	3694	1295	snmpgetattack
23317	12431	3694	1295	snmpgetattack
20312	4800	3694	1298	-
23317	5938	3694	1298	-
5376	4800	3694	1300	snmpgetattack
23317	12431	3694	1300	snmpgetattack
20312	4800	3694	1303	-
23317	5938	3694	1303	-
23317	12431	3694	1305	snmpgetattack
5376	4800	3694	1305	snmpgetattack
20312	4800	3694	1308	-
23317	5938	3694	1308	-
5376	4800	3694	1310	snmpgetattack
23317	12431	3694	1310	snmpgetattack
23317	5938	3694	1313	-
20312	4800	3694	1313	-
5376	4800	3694	1315	snmpgetattack
23317	12431	3694	1315	snmpgetattack
20312	4800	3694	1318	-
23317	5938	3694	1318	-
5376	4800	3694	1320	snmpgetattack
23317	12431	3694	1320	snmpgetattack
20312	4800	3694	1323	-
23317	5938	3694	1323	-
23317	12431	3694	1325	snmpgetattack
5376	4800	3694	1325	snmpgetattack
23317	5938	1752	1328	-
20312	4800	1752	1328	-
5376	4800	1752	1330	snmpgetattack
23317	12431	1752	1330	snmpgetattack
20312	4800	1752	1333	-
23317	5938	1752	1333	-
5376	4800	1752	1335	snmpgetattack
23317	12431	1752	1335	snmpgetattack
20312	4800	1752	1338	-
23317	5938	1752	1338	-
5376	4800	1752	1340	snmpgetattack
23317	12431	1752	1340	snmpgetattack
20312	4800	1752	1343	-
23317	5938	1752	1343	-
5376	4800	1752	1345	snmpgetattack
23317	12431	1752	1345	snmpgetattack
20312	4800	1752	1348	-
23317	5938	1752	1348	-
5376	4800	1752	1350	snmpgetattack
23317	12431	1752	1350	snmpgetattack
11001	19651	1752	1351	-
11001	19651	1752	1351	-
11001	19651	1752	1351	-
11001	19651	1752	1351	-
20312	4800	1752	1353	-
23317	5938	1752	1353	-
5376	4800	1752	1355	snmpgetattack
23317	12431	1752	1355	snmpgetattack
20312	4800	1752	1358	-
23317	5938	1752	1359	-
23317	12431	1752	1360	snmpgetattack
5376	4800	1752	1360	snmpgetattack
20312	4800	1752	1364	-
23317	5938	1752	1364	-
5376	4800	1752	1365	snmpgetattack
23317	12431	1752	1365	snmpgetattack
23317	882	1752	1368	-
15394	4800	1752	1368	-
20312	4800	1752	1369	-
23317	5938	1752	1369	-
5376	4800	1752	1371	snmpgetattack
23317	12431	1752	1371	snmpgetattack
23317	5938	1752	1374	-
20312	4800	1752	1374	-
23317	12431	1752	1376	snmpgetattack
5376	4800	1752	1376	snmpgetattack
23317	5938	1752	1379	-
20312	4800	1752	1379	-
5376	4800	1752	1381	snmpgetattack
23317	12431	1752	1381	snmpgetattack
20312	4800	1752	1384	-
23317	5938	1752	1384	-
5376	4800	1752	1386	snmpgetattack
23317	12431	1752	1386	snmpgetattack
23317	5938	790	1389	-
20312	4800	790	1389	-
23317	12431	790	1391	snmpgetattack
5376	4800	790	1391	snmpgetattack
20312	4800	790	1394	-
23317	5938	790	1394	-
5376	4800	790	1396	snmpgetattack
23317	12431	790	1396	snmpgetattack
20312	4800	790	1399	-
23317	5938	790	1399	-
5376	4800	790	1401	snmpgetattack
23317	12431	790	1401	snmpgetattack
20312	4800	790	1404	-
23317	5938	790	1404	-
23317	12431	790	1406	snmpgetattack
5376	4800	790	1406	snmpgetattack
23317	5938	790	1409	-
20312	4800	790	1409	-
23317	12431	790	1411	snmpgetattack
5376	4800	790	1411	snmpgetattack
20312	4800	790	1414	-
23317	5938	790	1414	-
23317	12431	790	1416	snmpgetattack
5376	4800	790	1416	snmpgetattack
23317	5938	790	1419	-
20312	4800	790	1419	-
5376	4800	790	1421	snmpgetattack
23317	12431	790	1421	snmpgetattack
23317	5938	790	1424	-
20312	4800	790	1424	-
23317	12431	790	1426	snmpgetattack
5376	4800	790	1426	snmpgetattack
20312	4800	790	1429	-
23317	5938	790	1429	-
5376	4800	790	1431	snmpgetattack
23317	12431	790	1431	snmpgetattack
23317	5938	790	1434	-
20312	4800	790	1434	-
5376	4800	790	1436	snmpgetattack
23317	12431	790	1436	snmpgetattack
20312	4800	790	1439	-
23317	5938	790	1439	-
23317	12431	790	1441	snmpgetattack
5376	4800	790	1441	snmpgetattack
23317	5938	790	1444	-
20312	4800	790	1444	-
5376	4800	790	1446	snmpgetattack
23317	12431	790	1446	snmpgetattack
20312	4800	18290	1449	-
23317	5938	18290	1449	-
5376	4800	18290	1451	snmpgetattack
23317	12431	18290	1451	snmpgetattack
20312	4800	18290	1454	-
23317	5938	18290	1454	-
23317	12431	18290	1456	snmpgetattack
5376	4800	18290	1456	snmpgetattack
23317	5938	18290	1459	-
20312	4800	18290	1459	-
5376	4800	18290	1461	snmpgetattack
23317	12431	18290	1461	snmpgetattack
20312	4800	18290	1464	-
23317	5938	18290	1464	-
5376	4800	18290	1466	snmpgetattack
23317	12431	18290	1466	snmpgetattack
23317	5938	18290	1469	-
20312	4800	18290	1469	-
23317	12431	18290	1471	snmpgetattack
5376	4800	18290	1471	snmpgetattack
20312	4800	18290	1474	-
23317	5938	18290	1474	-
23317	12431	18290	1476	snmpgetattack
5376	4800	18290	1476	snmpgetattack
23317	5938	18290	1479	-
20312	4800	18290	1479	-
5376	4800	18290	1481	snmpgetattack
23317	12431	18290	1481	snmpgetattack
20312	4800	18290	1484	-
23317	5938	18290	1485	-
5376	4800	18290	1486	snmpgetattack
23317	12431	18290	1486	snmpgetattack
23317	5938	18290	1490	-
20312	4800	18290	1490	-
5376	4800	18290	1491	snmpgetattack
23317	12431	18290	1491	snmpgetattack
20312	4800	18290	1495	-
23317	5938	18290	1495	-
5376	4800	18290	1497	snmpgetattack
23317	12431	18290	1497	snmpgetattack
11001	19651	18290	1498	-
11001	19651	18290	1498	-
11001	19651	18290	1498	-
11001	19651	18290	1498	-
23317	5938	18290	1500	-
20312	4800	18290	1500	-
11001	9450	18290	1502	-
5376	4800	18290	1502	snmpgetattack
23317	12431	18290	1502	snmpgetattack
11001	9450	18290	1502	-
11001	9450	18290	1502	-
11001	9450	18290	1502	-
20312	4800	18290	1505	-
23317	5938	18290	1505	-
23317	12431	2056	1507	snmpgetattack
5376	4800	2056	1507	snmpgetattack
23317	5938	2056	1510	-
20312	4800	2056	1510	-
5376	4800	2056	1512	snmpgetattack
23317	12431	2056	1512	snmpgetattack
20312	4800	2056	1515	-
23317	5938	2056	1515	-
5376	4800	2056	1517	snmpgetattack
23317	12431	2056	1517	snmpgetattack
20312	4800	2056	1520	-
23317	5938	2056	1520	-
5376	4800	2056	1522	snmpgetattack
23317	12431	2056	1522	snmpgetattack
20312	4800	2056	1525	-
23317	5938	2056	1525	-
5376	4800	2056	1527	snmpgetattack
23317	12431	2056	1527	snmpgetattack
20312	4800	2056	1530	-
23317	5938	2056	1530	-
5376	4800	2056	1532	snmpgetattack
23317	12431	2056	1532	snmpgetattack
20312	4800	2056	1535	-
23317	5938	2056	1535	-
5376	4800	2056	1537	snmpgetattack
23317	12431	2056	1537	snmpgetattack
23317	5938	2056	1540	-
20312	4800	2056	1540	-
5376	4800	2056	1542	snmpgetattack
23317	12431	2056	1542	snmpgetattack
11001	3249	2056	1544	-
11001	3249	2056	1544	-
11001	3249	2056	1544	-
11001	3249	2056	1544	-
11001	3249	2056	1544	-
11001	3249	2056	1544	-
11001	3249	2056	1544	-
11001	3249	2056	1544	-
11001	3249	2056	1544	-
11001	3249	2056	1544	-
20312	4800	2056	1545	-
23317	5938	2056	1545	-
11001	3249	2056	1545	-
11001	3249	2056	1545	-
11001	3249	2056	1545	-
11001	3249	2056	1545	-
11001	3249	2056	1545	-
11001	3249	2056	1545	-
11001	3249	2056	1545	-
11001	3249	2056	1545	-
5376	4800	2056	1547	snmpgetattack
23317	12431	2056	1547	snmpgetattack
23317	5938	2056	1550	-
20312	4800	2056	1550	-
11001	3249	2056	1551	-
11001	3249	2056	1551	-
11001	3249	2056	1551	-
5376	4800	2056	1552	snmpgetattack
23317	12431	2056	1552	snmpgetattack
20312	4800	2056	1555	-
23317	5938	2056	1555	-
23317	12431	2056	1557	snmpgetattack
5376	4800	2056	1557	snmpgetattack
20312	4800	2056	1560	-
23317	5938	2056	1560	-
5376	4800	2056	1562	snmpgetattack
23317	12431	2056	1562	snmpgetattack
20312	4800	2056	1565	-
23317	5938	2056	1565	-
5376	4800	7634	1567	snmpgetattack
23317	12431	7634	1567	snmpgetattack
20312	4800	7634	1570	-
23317	5938	7634	1570	-
23317	12431	7634	1572	snmpgetattack
5376	4800	7634	1572	snmpgetattack
23317	5938	7634	1575	-
20312	4800	7634	1575	-
5376	4800	7634	1577	snmpgetattack
23317	12431	7634	1577	snmpgetattack
20312	4800	7634	1580	-
23317	5938	7634	1580	-
5376	4800	7634	1582	snmpgetattack
23317	12431	7634	1582	snmpgetattack
20312	4800	7634	1585	-
23317	5938	7634	1585	-
5376	4800	7634	1587	snmpgetattack
23317	12431	7634	1587	snmpgetattack
23317	5938	7634	1590	-
20312	4800	7634	1590	-
5376	4800	7634	1592	snmpgetattack
23317	12431	7634	1592	snmpgetattack
20312	4800	7634	1595	-
23317	5938	7634	1595	-
5376	4800	7634	1597	snmpgetattack
23317	12431	7634	1597	snmpgetattack
20312	4800	7634	1600	-
23317	5938	7634	1600	-
5376	4800	7634	1602	snmpgetattack
23317	12431	7634	1602	snmpgetattack
23317	5938	7634	1605	-
20312	4800	7634	1605	-
23317	12431	7634	1607	snmpgetattack
5376	4800	7634	1607	snmpgetattack
23317	5938	7634	1611	-
20312	4800	7634	1611	-
5376	4800	7634	1612	snmpgetattack
23317	12431	7634	1612	snmpgetattack
20312	4800	7634	1616	-
23317	5938	7634	1616	-
5376	4800	7634	1617	snmpgetattack
23317	12431	7634	1617	snmpgetattack
20312	4800	7634	1621	-
23317	5938	7634	1621	-
5376	4800	7634	1623	snmpgetattack
3957	15394	7634	1623	-
23317	12431	7634	1623	snmpgetattack
23317	5938	7634	1626	-
20312	4800	7634	1626	-
23317	12431	19202	1628	snmpgetattack
5376	4800	19202	1628	snmpgetattack
23317	5938	19202	1631	-
20312	4800	19202	1631	-
5376	4800	19202	1633	snmpgetattack
23317	12431	19202	1633	snmpgetattack
20312	4800	19202	1636	-
23317	5938	19202	1636	-
11001	6737	19202	1637	-
11001	6737	19202	1637	-
5376	4800	19202	1638	snmpgetattack
23317	12431	19202	1638	snmpgetattack
11001	6737	19202	1640	-
11001	5106	19202	1640	-
11001	5106	19202	1640	-
11001	6737	19202	1640	-
11001	5106	19202	1640	-
11001	5106	19202	1640	-
11001	5106	19202	1641	-
20312	4800	19202	1641	-
11001	6737	19202	1641	-
11001	5106	19202	1641	-
23317	5938	19202	1641	-
11001	6737	19202	1641	-
11001	6737	19202	1641	-
11001	5106	19202	1641	-
11001	6737	19202	1641	-
11001	5106	19202	1641	-
11001	6737	19202	1641	-
11001	6737	19202	1641	-
11001	5106	19202	1641	-
5376	4800	19202	1643	snmpgetattack
23317	12431	19202	1643	snmpgetattack
20312	4800	19202	1646	-
23317	5938	19202	1646	-
23317	12431	19202	1648	snmpgetattack
5376	4800	19202	1648	snmpgetattack
23317	5938	19202	1651	-
20312	4800	19202	1651	-
23317	12431	19202	1653	snmpgetattack
5376	4800	19202	1653	snmpgetattack
23317	5938	19202	1656	-
20312	4800	19202	1656	-
23317	12431	19202	1658	snmpgetattack
5376	4800	19202	1658	snmpgetattack
23317	5938	19202	1661	-
20312	4800	19202	1661	-
5376	4800	19202	1663	snmpgetattack
23317	12431	19202	1663	snmpgetattack
23317	5938	19202	1666	-
20312	4800	19202	1666	-
5376	4800	19202	1668	snmpgetattack
23317	12431	19202	1668	snmpgetattack
20312	4800	19202	1671	-
23317	5938	19202	1671	-
5376	4800	19202	1673	snmpgetattack
23317	12431	19202	1673	snmpgetattack
23317	5938	19202	1676	-
20312	4800	19202	1676	-
23317	12431	19202	1678	snmpgetattack
5376	4800	19202	1678	snmpgetattack
11001	6737	19202	1679	-
11001	5106	19202	1679	-
11001	5106	19202	1679	-
11001	6737	19202	1679	-
11001	5106	19202	1679	-
11001	6737	19202	1679	-
20312	4800	19202	1681	-
23317	5938	19202	1681	-
23317	12431	19202	1683	snmpgetattack
5376	4800	19202	1683	snmpgetattack
23317	5938	19202	1686	-
20312	4800	19202	1686	-
23317	12431	24920	1688	snmpgetattack
5376	4800	24920	1688	snmpgetattack
20312	4800	24920	1691	-
23317	5938	24920	1691	-
5376	4800	24920	1693	snmpgetattack
23317	12431	24920	1693	snmpgetattack
20312	4800	24920	1696	-
23317	5938	24920	1696	-
5376	4800	24920	1698	snmpgetattack
23317	12431	24920	1698	snmpgetattack
23317	5938	24920	1701	-
20312	4800	24920	1701	-
5376	4800	24920	1703	snmpgetattack
23317	12431	24920	1703	snmpgetattack
20312	4800	24920	1706	-
23317	5938	24920	1706	-
5376	4800	24920	1709	snmpgetattack
23317	12431	24920	1709	snmpgetattack
20312	4800	24920	1711	-
23317	5938	24920	1711	-
5376	4800	24920	1714	snmpgetattack
23317	12431	24920	1714	snmpgetattack
23317	5938	24920	1716	-
20312	4800	24920	1716	-
23317	12431	24920	1719	snmpgetattack
5376	4800	24920	1719	snmpgetattack
23317	5938	24920	1721	-
20312	4800	24920	1721	-
11001	6737	24920	1724	-
5376	4800	24920	1724	snmpgetattack
23317	12431	24920	1724	snmpgetattack
11001	5106	24920	1724	-
11001	5106	24920	1725	-
11001	6737	24920	1725	-
11001	6737	24920	1725	-
11001	5106	24920	1725	-
20312	4800	24920	1726	-
23317	5938	24920	1726	-
5376	4800	24920	1729	snmpgetattack
23317	12431	24920	1729	snmpgetattack
20312	4800	24920	1731	-
23317	5938	24920	1731	-
23317	12431	24920	1734	snmpgetattack
5376	4800	24920	1734	snmpgetattack
23317	5938	24920	1737	-
20312	4800	24920	1737	-
5376	4800	24920	1739	snmpgetattack
23317	12431	24920	1739	snmpgetattack
20312	4800	24920	1742	-
23317	5938	24920	1742	-
5376	4800	24920	1744	snmpgetattack
23317	12431	24920	1744	snmpgetattack
20312	4800	44607	1747	-
23317	5938	44607	1747	-
5376	4800	44607	1749	snmpgetattack
23317	12431	44607	1749	snmpgetattack
23317	5938	44607	1752	-
20312	4800	44607	1752	-
23317	12431	44607	1754	snmpgetattack
5376	4800	44607	1754	snmpgetattack
20312	4800	44607	1757	-
23317	5938	44607	1757	-
5376	4800	44607	1759	snmpgetattack
23317	12431	44607	1759	snmpgetattack
20312	4800	44607	1762	-
23317	5938	44607	1762	-
5376	4800	44607	1764	snmpgetattack
23317	12431	44607	1764	snmpgetattack
23317	5938	44607	1767	-
20312	4800	44607	1767	-
11001	6737	44607	1769	-
5376	4800	44607	1769	snmpgetattack
23317	12431	44607	1769	snmpgetattack
11001	5106	44607	1769	-
11001	5106	44607	1769	-
11001	5106	44607	1769	-
11001	6737	44607	1769	-
11001	6737	44607	1769	-
11001	6737	44607	1769	-
23317	5938	44607	1772	-
20312	4800	44607	1772	-
5376	4800	44607	1775	snmpgetattack
23317	12431	44607	1775	snmpgetattack
20312	4800	44607	1777	-
23317	5938	44607	1777	-
23317	12431	44607	1780	snmpgetattack
5376	4800	44607	1780	snmpgetattack
23317	5938	44607	1782	-
20312	4800	44607	1782	-
5376	4800	44607	1785	snmpgetattack
23317	12431	44607	1785	snmpgetattack
20312	4800	44607	1787	-
23317	5938	44607	1787	-
5376	4800	44607	1790	snmpgetattack
23317	12431	44607	1790	snmpgetattack
20312	4800	44607	1792	-
23317	5938	44607	1792	-
23317	12431	44607	1795	snmpgetattack
5376	4800	44607	1795	snmpgetattack
23317	5938	44607	1797	-
20312	4800	44607	1797	-
