20312	4800	23767	0	-
23317	5938	23767	0	-
5376	4800	23767	0	snmpgetattack
23317	12431	23767	0	snmpgetattack
23317	12431	43743	5	snmpgetattack
20312	4800	43743	5	-
23317	5938	43743	5	-
5376	4800	43743	5	snmpgetattack
23317	5938	43743	10	-
5376	4800	43743	10	snmpgetattack
23317	12431	43743	10	snmpgetattack
20312	4800	43743	10	-
23317	5938	43743	15	-
20312	4800	43743	15	-
5376	4800	43743	15	snmpgetattack
23317	12431	43743	15	snmpgetattack
14267	17698	43743	17	-
14267	17698	43743	17	-
14267	6768	43743	18	-
23317	12431	43743	20	snmpgetattack
20312	4800	43743	20	-
23317	5938	43743	20	-
5376	4800	43743	20	snmpgetattack
23317	5938	43743	26	-
5376	4800	43743	26	snmpgetattack
20312	4800	43743	26	-
23317	12431	43743	26	snmpgetattack
23317	12431	43743	31	snmpgetattack
20312	4800	43743	31	-
23317	5938	43743	31	-
5376	4800	43743	31	snmpgetattack
23317	5938	43743	36	-
5376	4800	43743	36	snmpgetattack
23317	12431	43743	36	snmpgetattack
20312	4800	43743	36	-
23317	5938	43743	41	-
20312	4800	43743	41	-
5376	4800	43743	41	snmpgetattack
23317	12431	43743	41	snmpgetattack
5376	4800	43743	46	snmpgetattack
23317	5938	43743	46	-
23317	12431	43743	46	snmpgetattack
20312	4800	43743	46	-
23317	12431	43743	51	snmpgetattack
20312	4800	43743	51	-
23317	5938	43743	51	-
5376	4800	43743	51	snmpgetattack
5376	4800	43743	56	snmpgetattack
23317	12431	43743	56	snmpgetattack
20312	4800	43743	56	-
23317	5938	43743	56	-
20312	4800	43743	61	-
23317	5938	43743	61	-
5376	4800	43743	61	snmpgetattack
23317	12431	43743	61	snmpgetattack
5376	4800	14301	66	snmpgetattack
23317	12431	14301	66	snmpgetattack
23317	5938	14301	66	-
20312	4800	14301	66	-
23317	12431	14301	71	snmpgetattack
5376	4800	14301	71	snmpgetattack
20312	4800	14301	71	-
23317	5938	14301	71	-
20312	4800	14301	76	-
23317	5938	14301	76	-
5376	4800	14301	76	snmpgetattack
23317	12431	14301	76	snmpgetattack
23317	12431	14301	81	snmpgetattack
20312	4800	14301	81	-
23317	5938	14301	81	-
5376	4800	14301	81	snmpgetattack
8294	11780	14301	86	nmap
8294	11780	14301	86	nmap
20312	4800	14301	91	-
23317	5938	14301	91	-
5376	4800	14301	91	snmpgetattack
23317	12431	14301	91	snmpgetattack
23317	5938	14301	96	-
5376	4800	14301	96	snmpgetattack
23317	12431	14301	96	snmpgetattack
20312	4800	14301	96	-
20312	4800	14301	101	-
23317	12431	14301	101	snmpgetattack
23317	5938	14301	101	-
5376	4800	14301	101	snmpgetattack
5376	4800	14301	106	snmpgetattack
20312	4800	14301	106	-
23317	5938	14301	106	-
23317	12431	14301	107	snmpgetattack
23317	5938	14301	112	-
5376	4800	14301	112	snmpgetattack
23317	12431	14301	112	snmpgetattack
20312	4800	14301	112	-
20312	4800	14301	117	-
23317	5938	14301	117	-
5376	4800	14301	117	snmpgetattack
23317	12431	14301	117	snmpgetattack
23317	12431	14301	122	snmpgetattack
20312	4800	14301	122	-
23317	5938	14301	122	-
5376	4800	14301	122	snmpgetattack
5376	4800	14421	127	snmpgetattack
23317	12431	14421	127	snmpgetattack
20312	4800	14421	127	-
23317	5938	14421	127	-
20312	4800	14421	132	-
5376	4800	14421	132	snmpgetattack
23317	12431	14421	132	snmpgetattack
23317	5938	14421	132	-
23317	5938	14421	137	-
5376	4800	14421	137	snmpgetattack
23317	12431	14421	137	snmpgetattack
20312	4800	14421	137	-
14267	17698	14421	142	-
20312	4800	14421	142	-
23317	5938	14421	142	-
5376	4800	14421	142	snmpgetattack
23317	12431	14421	142	snmpgetattack
14267	6169	14421	142	-
5376	4800	14421	147	snmpgetattack
20312	4800	14421	147	-
23317	5938	14421	147	-
23317	12431	14421	147	snmpgetattack
23317	5938	14421	152	-
5376	4800	14421	152	snmpgetattack
23317	12431	14421	152	snmpgetattack
20312	4800	14421	152	-
23317	12431	14421	157	snmpgetattack
20312	4800	14421	157	-
23317	5938	14421	157	-
5376	4800	14421	157	snmpgetattack
23317	5938	14421	162	-
5376	4800	14421	162	snmpgetattack
20312	4800	14421	162	-
23317	12431	14421	162	snmpgetattack
23317	882	14421	165	-
15394	4800	14421	165	-
23317	12431	14421	167	snmpgetattack
20312	4800	14421	167	-
23317	5938	14421	167	-
5376	4800	14421	167	snmpgetattack
5376	4800	14421	172	snmpgetattack
23317	12431	14421	172	snmpgetattack
23317	5938	14421	172	-
20312	4800	14421	172	-
23317	5938	14421	177	-
5376	4800	14421	177	snmpgetattack
23317	12431	14421	177	snmpgetattack
20312	4800	14421	177	-
23317	12431	14421	182	snmpgetattack
20312	4800	14421	182	-
23317	5938	14421	182	-
5376	4800	14421	182	snmpgetattack
23317	5938	35450	187	-
5376	4800	35450	187	snmpgetattack
23317	12431	35450	187	snmpgetattack
20312	4800	35450	187	-
5376	4800	35450	193	snmpgetattack
23317	5938	35450	193	-
23317	12431	35450	193	snmpgetattack
20312	4800	35450	193	-
5376	4800	35450	198	snmpgetattack
20312	4800	35450	198	-
23317	12431	35450	198	snmpgetattack
23317	5938	35450	198	-
5376	4800	35450	203	snmpgetattack
23317	12431	35450	203	snmpgetattack
20312	4800	35450	203	-
23317	5938	35450	203	-
20312	4800	35450	208	-
5376	4800	35450	208	snmpgetattack
23317	12431	35450	208	snmpgetattack
23317	5938	35450	208	-
5376	4800	35450	213	snmpgetattack
23317	12431	35450	213	snmpgetattack
20312	4800	35450	213	-
23317	5938	35450	213	-
23317	12431	35450	218	snmpgetattack
23317	5938	35450	218	-
5376	4800	35450	218	snmpgetattack
20312	4800	35450	218	-
23317	12431	35450	223	snmpgetattack
5376	4800	35450	223	snmpgetattack
20312	4800	35450	223	-
23317	5938	35450	223	-
14267	6169	35450	223	-
14267	17698	35450	223	-
23317	5938	35450	228	-
5376	4800	35450	228	snmpgetattack
23317	12431	35450	228	snmpgetattack
20312	4800	35450	228	-
23317	5938	35450	233	-
20312	4800	35450	233	-
5376	4800	35450	233	snmpgetattack
23317	12431	35450	233	snmpgetattack
12985	8674	35450	235	warez
9326	8452	35450	235	warez
12985	8674	35450	236	warez
8294	11780	35450	237	nmap
23317	5938	35450	238	-
5376	4800	35450	238	snmpgetattack
23317	12431	35450	238	snmpgetattack
20312	4800	35450	238	-
23317	5938	35450	243	-
5376	4800	35450	243	snmpgetattack
23317	12431	35450	243	snmpgetattack
20312	4800	35450	243	-
23317	5938	8088	248	-
5376	4800	8088	248	snmpgetattack
23317	12431	8088	248	snmpgetattack
20312	4800	8088	248	-
20312	4800	8088	253	-
23317	5938	8088	253	-
5376	4800	8088	253	snmpgetattack
23317	12431	8088	253	snmpgetattack
5376	4800	8088	258	snmpgetattack
23317	12431	8088	258	snmpgetattack
20312	4800	8088	258	-
23317	5938	8088	258	-
20312	4800	8088	263	-
23317	5938	8088	263	-
5376	4800	8088	263	snmpgetattack
23317	12431	8088	263	snmpgetattack
5376	4800	8088	268	snmpgetattack
23317	12431	8088	268	snmpgetattack
20312	4800	8088	268	-
23317	5938	8088	268	-
14267	17698	8088	271	-
14267	17698	8088	271	-
14267	17698	8088	271	-
14267	17698	8088	271	-
14267	17698	8088	271	-
14267	17698	8088	271	-
14267	17698	8088	271	-
5376	4800	8088	273	snmpgetattack
23317	12431	8088	273	snmpgetattack
20312	4800	8088	273	-
23317	5938	8088	273	-
20312	4800	8088	279	-
23317	5938	8088	279	-
5376	4800	8088	279	snmpgetattack
23317	12431	8088	279	snmpgetattack
5376	4800	8088	284	snmpgetattack
23317	12431	8088	284	snmpgetattack
20312	4800	8088	284	-
23317	5938	8088	284	-
20312	4800	8088	289	-
23317	5938	8088	289	-
5376	4800	8088	289	snmpgetattack
23317	12431	8088	289	snmpgetattack
23317	5938	8088	294	-
20312	4800	8088	294	-
5376	4800	8088	294	snmpgetattack
23317	12431	8088	294	snmpgetattack
20312	4800	8088	299	-
23317	5938	8088	299	-
5376	4800	8088	299	snmpgetattack
23317	12431	8088	299	snmpgetattack
5376	4800	8088	304	snmpgetattack
23317	12431	8088	304	snmpgetattack
20312	4800	8088	304	-
23317	5938	8088	304	-
20312	4800	6142	309	-
23317	5938	6142	309	-
5376	4800	6142	309	snmpgetattack
23317	12431	6142	309	snmpgetattack
5376	4800	6142	314	snmpgetattack
23317	12431	6142	314	snmpgetattack
20312	4800	6142	314	-
23317	5938	6142	314	-
20312	4800	6142	319	-
23317	5938	6142	319	-
5376	4800	6142	319	snmpgetattack
23317	12431	6142	319	snmpgetattack
5376	4800	6142	324	snmpgetattack
23317	12431	6142	324	snmpgetattack
20312	4800	6142	324	-
23317	5938	6142	324	-
20312	4800	6142	329	-
23317	5938	6142	329	-
5376	4800	6142	329	snmpgetattack
23317	12431	6142	329	snmpgetattack
20312	4800	6142	334	-
5376	4800	6142	334	snmpgetattack
23317	5938	6142	334	-
23317	12431	6142	334	snmpgetattack
20312	4800	6142	339	-
23317	5938	6142	339	-
5376	4800	6142	339	snmpgetattack
23317	12431	6142	339	snmpgetattack
20312	4800	6142	344	-
23317	5938	6142	344	-
5376	4800	6142	344	snmpgetattack
23317	12431	6142	344	snmpgetattack
20312	4800	6142	349	-
23317	5938	6142	349	-
5376	4800	6142	349	snmpgetattack
23317	12431	6142	349	snmpgetattack
5376	4800	6142	355	snmpgetattack
23317	12431	6142	355	snmpgetattack
20312	4800	6142	355	-
23317	5938	6142	355	-
20312	4800	6142	360	-
23317	5938	6142	360	-
5376	4800	6142	360	snmpgetattack
23317	12431	6142	360	snmpgetattack
20312	4800	30217	365	-
23317	5938	30217	365	-
5376	4800	30217	365	snmpgetattack
23317	12431	30217	365	snmpgetattack
5376	4800	30217	370	snmpgetattack
23317	12431	30217	370	snmpgetattack
20312	4800	30217	370	-
23317	5938	30217	370	-
20312	4800	30217	375	-
23317	5938	30217	375	-
5376	4800	30217	375	snmpgetattack
23317	12431	30217	375	snmpgetattack
5376	4800	30217	380	snmpgetattack
23317	12431	30217	380	snmpgetattack
20312	4800	30217	380	-
23317	5938	30217	380	-
23317	5938	30217	385	-
23317	12431	30217	385	snmpgetattack
20312	4800	30217	385	-
5376	4800	30217	385	snmpgetattack
8294	11780	30217	388	nmap
8294	11780	30217	388	nmap
20312	4800	30217	390	-
23317	5938	30217	390	-
5376	4800	30217	390	snmpgetattack
23317	12431	30217	390	snmpgetattack
5376	4800	30217	395	snmpgetattack
23317	12431	30217	395	snmpgetattack
20312	4800	30217	395	-
23317	5938	30217	395	-
5376	4800	30217	400	snmpgetattack
23317	5938	30217	400	-
20312	4800	30217	400	-
23317	12431	30217	400	snmpgetattack
5376	4800	30217	405	snmpgetattack
23317	12431	30217	405	snmpgetattack
20312	4800	30217	405	-
23317	5938	30217	405	-
20312	4800	30217	410	-
23317	5938	30217	410	-
5376	4800	30217	410	snmpgetattack
23317	12431	30217	410	snmpgetattack
5376	4800	30217	415	snmpgetattack
23317	12431	30217	415	snmpgetattack
20312	4800	30217	415	-
23317	5938	30217	415	-
20312	4800	30217	420	-
23317	5938	30217	420	-
5376	4800	30217	420	snmpgetattack
23317	12431	30217	420	snmpgetattack
5376	4800	1532	425	snmpgetattack
23317	5938	1532	425	-
20312	4800	1532	425	-
23317	12431	1532	425	snmpgetattack
20312	4800	1532	430	-
23317	5938	1532	430	-
5376	4800	1532	430	snmpgetattack
23317	12431	1532	430	snmpgetattack
5376	4800	1532	435	snmpgetattack
23317	12431	1532	435	snmpgetattack
20312	4800	1532	435	-
23317	5938	1532	435	-
23317	12431	1532	441	snmpgetattack
20312	4800	1532	441	-
23317	5938	1532	441	-
5376	4800	1532	441	snmpgetattack
5376	4800	1532	446	snmpgetattack
23317	12431	1532	446	snmpgetattack
20312	4800	1532	446	-
23317	5938	1532	446	-
23317	5938	1532	451	-
5376	4800	1532	451	snmpgetattack
23317	12431	1532	451	snmpgetattack
20312	4800	1532	451	-
23317	12431	1532	456	snmpgetattack
20312	4800	1532	456	-
23317	5938	1532	456	-
5376	4800	1532	456	snmpgetattack
23317	5938	1532	461	-
20312	4800	1532	461	-
5376	4800	1532	461	snmpgetattack
23317	12431	1532	461	snmpgetattack
20312	4800	1532	466	-
23317	5938	1532	466	-
5376	4800	1532	466	snmpgetattack
23317	12431	1532	466	snmpgetattack
23317	12431	1532	471	snmpgetattack
5376	4800	1532	471	snmpgetattack
20312	4800	1532	471	-
23317	5938	1532	471	-
23317	12431	1532	476	snmpgetattack
20312	4800	1532	476	-
23317	5938	1532	476	-
5376	4800	1532	476	snmpgetattack
23317	5938	1532	481	-
5376	4800	1532	481	snmpgetattack
23317	12431	1532	481	snmpgetattack
20312	4800	1532	481	-
23317	5938	8344	486	-
20312	4800	8344	486	-
5376	4800	8344	486	snmpgetattack
23317	12431	8344	486	snmpgetattack
23317	12431	8344	491	snmpgetattack
20312	4800	8344	491	-
23317	5938	8344	491	-
5376	4800	8344	491	snmpgetattack
5376	4800	8344	496	snmpgetattack
23317	5938	8344	496	-
23317	12431	8344	496	snmpgetattack
20312	4800	8344	496	-
23317	5938	8344	501	-
20312	4800	8344	501	-
5376	4800	8344	501	snmpgetattack
23317	12431	8344	501	snmpgetattack
14267	22416	8344	505	-
14267	22416	8344	505	-
14267	22416	8344	505	-
14267	22416	8344	505	-
14267	22416	8344	505	-
14267	22416	8344	505	-
14267	22416	8344	505	-
23317	5938	8344	506	-
5376	4800	8344	506	snmpgetattack
23317	12431	8344	506	snmpgetattack
20312	4800	8344	506	-
5376	4800	8344	511	snmpgetattack
23317	5938	8344	511	-
23317	12431	8344	511	snmpgetattack
20312	4800	8344	511	-
14267	22416	8344	516	-
5376	4800	8344	516	snmpgetattack
23317	12431	8344	516	snmpgetattack
20312	4800	8344	516	-
23317	5938	8344	516	-
23317	5938	8344	522	-
20312	4800	8344	522	-
23317	12431	8344	522	snmpgetattack
5376	4800	8344	522	snmpgetattack
23317	12431	8344	527	snmpgetattack
20312	4800	8344	527	-
23317	5938	8344	527	-
5376	4800	8344	527	snmpgetattack
14267	22416	8344	528	-
5376	4800	8344	532	snmpgetattack
23317	12431	8344	532	snmpgetattack
20312	4800	8344	532	-
23317	5938	8344	532	-
23317	5938	8344	537	-
5376	4800	8344	537	snmpgetattack
23317	12431	8344	537	snmpgetattack
20312	4800	8344	537	-
8294	11780	8344	539	nmap
23317	5938	8344	542	-
20312	4800	8344	542	-
5376	4800	8344	542	snmpgetattack
23317	12431	8344	542	snmpgetattack
23317	5938	3354	547	-
5376	4800	3354	547	snmpgetattack
23317	12431	3354	547	snmpgetattack
20312	4800	3354	547	-
20312	4800	3354	552	-
23317	5938	3354	552	-
5376	4800	3354	552	snmpgetattack
23317	12431	3354	552	snmpgetattack
23317	5938	3354	557	-
5376	4800	3354	557	snmpgetattack
23317	12431	3354	557	snmpgetattack
20312	4800	3354	557	-
14267	22416	3354	557	-
23317	12431	3354	562	snmpgetattack
20312	4800	3354	562	-
23317	5938	3354	562	-
5376	4800	3354	562	snmpgetattack
23317	12431	3354	567	snmpgetattack
5376	4800	3354	567	snmpgetattack
20312	4800	3354	567	-
23317	5938	3354	567	-
20312	4800	3354	572	-
23317	5938	3354	572	-
5376	4800	3354	572	snmpgetattack
23317	12431	3354	572	snmpgetattack
23317	5938	3354	577	-
5376	4800	3354	577	snmpgetattack
23317	12431	3354	577	snmpgetattack
20312	4800	3354	577	-
14267	6768	3354	579	-
14267	11392	3354	579	-
14267	6768	3354	579	-
14267	6768	3354	579	-
20312	4800	3354	582	-
23317	12431	3354	582	snmpgetattack
23317	5938	3354	582	-
5376	4800	3354	582	snmpgetattack
14267	4749	3354	587	-
20312	4800	3354	587	-
23317	5938	3354	587	-
5376	4800	3354	587	snmpgetattack
23317	12431	3354	587	snmpgetattack
14267	17698	3354	587	-
14267	6768	3354	587	-
23317	5938	3354	592	-
20312	4800	3354	592	-
5376	4800	3354	592	snmpgetattack
23317	12431	3354	592	snmpgetattack
5376	4800	3354	597	snmpgetattack
23317	12431	3354	597	snmpgetattack
20312	4800	3354	597	-
23317	5938	3354	597	-
23317	12431	3354	602	snmpgetattack
20312	4800	3354	602	-
23317	5938	3354	602	-
5376	4800	3354	602	snmpgetattack
23317	5938	14532	608	-
20312	4800	14532	608	-
5376	4800	14532	608	snmpgetattack
23317	12431	14532	608	snmpgetattack
23317	5938	14532	613	-
5376	4800	14532	613	snmpgetattack
20312	4800	14532	613	-
23317	12431	14532	613	snmpgetattack
23317	5938	14532	618	-
20312	4800	14532	618	-
5376	4800	14532	618	snmpgetattack
23317	12431	14532	618	snmpgetattack
20312	4800	14532	623	-
5376	4800	14532	623	snmpgetattack
23317	12431	14532	623	snmpgetattack
23317	5938	14532	623	-
5376	4800	14532	628	snmpgetattack
23317	5938	14532	628	-
20312	4800	14532	628	-
23317	12431	14532	628	snmpgetattack
23317	12431	14532	633	snmpgetattack
20312	4800	14532	633	-
23317	5938	14532	633	-
5376	4800	14532	633	snmpgetattack
23317	5938	14532	638	-
5376	4800	14532	638	snmpgetattack
23317	12431	14532	638	snmpgetattack
20312	4800	14532	638	-
5376	4800	14532	643	snmpgetattack
23317	5938	14532	643	-
20312	4800	14532	643	-
23317	12431	14532	643	snmpgetattack
5376	4800	14532	648	snmpgetattack
23317	12431	14532	648	snmpgetattack
23317	5938	14532	648	-
20312	4800	14532	648	-
20312	4800	14532	653	-
23317	5938	14532	653	-
5376	4800	14532	653	snmpgetattack
23317	12431	14532	653	snmpgetattack
5376	4800	14532	658	snmpgetattack
23317	12431	14532	658	snmpgetattack
20312	4800	14532	658	-
23317	5938	14532	658	-
20312	4800	14532	663	-
23317	12431	14532	663	snmpgetattack
23317	5938	14532	663	-
5376	4800	14532	663	snmpgetattack
23317	5938	42691	668	-
5376	4800	42691	668	snmpgetattack
23317	12431	42691	668	snmpgetattack
20312	4800	42691	668	-
20312	4800	42691	673	-
5376	4800	42691	673	snmpgetattack
23317	12431	42691	673	snmpgetattack
23317	5938	42691	673	-
23317	12431	42691	678	snmpgetattack
5376	4800	42691	678	snmpgetattack
20312	4800	42691	678	-
23317	5938	42691	678	-
23317	12431	42691	683	snmpgetattack
20312	4800	42691	683	-
23317	5938	42691	683	-
5376	4800	42691	683	snmpgetattack
23317	5938	42691	689	-
20312	4800	42691	689	-
5376	4800	42691	689	snmpgetattack
23317	12431	42691	689	snmpgetattack
8294	11780	42691	690	nmap
8294	11780	42691	690	nmap
23317	12431	42691	694	snmpgetattack
20312	4800	42691	694	-
23317	5938	42691	694	-
5376	4800	42691	694	snmpgetattack
23317	5938	42691	699	-
5376	4800	42691	699	snmpgetattack
23317	12431	42691	699	snmpgetattack
20312	4800	42691	699	-
5376	4800	42691	704	snmpgetattack
23317	12431	42691	704	snmpgetattack
20312	4800	42691	704	-
23317	5938	42691	704	-
23317	5938	42691	709	-
5376	4800	42691	709	snmpgetattack
23317	12431	42691	709	snmpgetattack
14267	19469	42691	709	-
20312	4800	42691	709	-
20312	4800	42691	714	-
23317	12431	42691	714	snmpgetattack
5376	4800	42691	714	snmpgetattack
23317	5938	42691	714	-
5376	4800	42691	719	snmpgetattack
23317	12431	42691	719	snmpgetattack
20312	4800	42691	719	-
23317	5938	42691	719	-
20312	4800	42691	724	-
23317	12431	42691	724	snmpgetattack
5376	4800	42691	724	snmpgetattack
23317	5938	42691	724	-
5376	4800	40525	729	snmpgetattack
23317	12431	40525	729	snmpgetattack
20312	4800	40525	729	-
23317	5938	40525	729	-
23317	5938	40525	734	-
5376	4800	40525	734	snmpgetattack
23317	12431	40525	734	snmpgetattack
20312	4800	40525	734	-
5376	4800	40525	739	snmpgetattack
23317	12431	40525	739	snmpgetattack
20312	4800	40525	739	-
23317	5938	40525	739	-
20312	4800	40525	744	-
23317	5938	40525	744	-
23317	12431	40525	744	snmpgetattack
5376	4800	40525	744	snmpgetattack
23317	12431	40525	749	snmpgetattack
23317	5938	40525	749	-
5376	4800	40525	749	snmpgetattack
20312	4800	40525	749	-
23317	5938	40525	754	-
20312	4800	40525	754	-
5376	4800	40525	754	snmpgetattack
23317	12431	40525	754	snmpgetattack
20312	4800	40525	759	-
23317	12431	40525	759	snmpgetattack
23317	5938	40525	759	-
5376	4800	40525	759	snmpgetattack
20312	4800	40525	764	-
23317	12431	40525	764	snmpgetattack
5376	4800	40525	764	snmpgetattack
23317	5938	40525	764	-
23317	882	40525	765	-
15394	4800	40525	765	-
20312	4800	40525	769	-
23317	5938	40525	769	-
23317	12431	40525	769	snmpgetattack
5376	4800	40525	769	snmpgetattack
23317	12431	40525	775	snmpgetattack
5376	4800	40525	775	snmpgetattack
20312	4800	40525	775	-
23317	5938	40525	775	-
14267	17698	40525	778	-
14267	6768	40525	778	-
14267	4749	40525	778	-
5376	4800	40525	780	snmpgetattack
23317	5938	40525	780	-
20312	4800	40525	780	-
23317	12431	40525	780	snmpgetattack
5376	4800	19200	785	snmpgetattack
23317	12431	19200	785	snmpgetattack
20312	4800	19200	785	-
23317	5938	19200	785	-
5376	4800	19200	790	snmpgetattack
20312	4800	19200	790	-
23317	5938	19200	790	-
23317	12431	19200	790	snmpgetattack
23317	5938	19200	795	-
20312	4800	19200	795	-
5376	4800	19200	795	snmpgetattack
23317	12431	19200	795	snmpgetattack
5376	4800	19200	800	snmpgetattack
23317	5938	19200	800	-
23317	12431	19200	800	snmpgetattack
20312	4800	19200	800	-
23317	12431	19200	805	snmpgetattack
20312	4800	19200	805	-
5376	4800	19200	805	snmpgetattack
23317	5938	19200	805	-
23317	12431	19200	810	snmpgetattack
20312	4800	19200	810	-
23317	5938	19200	810	-
5376	4800	19200	810	snmpgetattack
20312	4800	19200	815	-
23317	12431	19200	815	snmpgetattack
23317	5938	19200	815	-
5376	4800	19200	815	snmpgetattack
20312	4800	19200	820	-
5376	4800	19200	820	snmpgetattack
23317	12431	19200	820	snmpgetattack
23317	5938	19200	820	-
14267	22207	19200	823	-
5376	4800	19200	825	snmpgetattack
23317	12431	19200	825	snmpgetattack
20312	4800	19200	825	-
23317	5938	19200	825	-
5376	4800	19200	830	snmpgetattack
23317	12431	19200	830	snmpgetattack
20312	4800	19200	830	-
23317	5938	19200	830	-
23317	5938	19200	835	-
5376	4800	19200	835	snmpgetattack
23317	12431	19200	835	snmpgetattack
20312	4800	19200	835	-
23317	12431	19200	840	snmpgetattack
20312	4800	19200	840	-
23317	5938	19200	840	-
5376	4800	19200	840	snmpgetattack
8294	11780	19200	841	nmap
23317	5938	16344	845	-
5376	4800	16344	845	snmpgetattack
20312	4800	16344	845	-
23317	12431	16344	845	snmpgetattack
23317	5938	16344	850	-
23317	12431	16344	850	snmpgetattack
20312	4800	16344	850	-
5376	4800	16344	850	snmpgetattack
3957	587	16344	851	-
12985	12751	16344	851	warez
12985	12751	16344	851	warez
18601	8452	16344	851	warez
20312	4800	16344	855	-
23317	5938	16344	855	-
5376	4800	16344	855	snmpgetattack
23317	12431	16344	856	snmpgetattack
14267	19469	16344	857	-
23317	5938	16344	861	-
20312	4800	16344	861	-
23317	12431	16344	861	snmpgetattack
5376	4800	16344	861	snmpgetattack
5376	4800	16344	866	snmpgetattack
23317	5938	16344	866	-
20312	4800	16344	866	-
23317	12431	16344	866	snmpgetattack
3957	15394	16344	870	-
20312	4800	16344	871	-
5376	4800	16344	871	snmpgetattack
23317	12431	16344	871	snmpgetattack
23317	5938	16344	871	-
23317	5938	16344	876	-
20312	4800	16344	876	-
23317	12431	16344	876	snmpgetattack
5376	4800	16344	876	snmpgetattack
20312	4800	16344	881	-
23317	12431	16344	881	snmpgetattack
23317	5938	16344	881	-
5376	4800	16344	881	snmpgetattack
20312	4800	16344	886	-
23317	5938	16344	886	-
5376	4800	16344	886	snmpgetattack
23317	12431	16344	886	snmpgetattack
20312	4800	16344	891	-
23317	5938	16344	891	-
5376	4800	16344	891	snmpgetattack
23317	12431	16344	891	snmpgetattack
20312	4800	16344	896	-
23317	5938	16344	896	-
5376	4800	16344	896	snmpgetattack
23317	12431	16344	896	snmpgetattack
20312	4800	16344	901	-
23317	5938	16344	901	-
5376	4800	16344	901	snmpgetattack
23317	12431	16344	901	snmpgetattack
20312	4800	39628	906	-
5376	4800	39628	906	snmpgetattack
23317	5938	39628	906	-
23317	12431	39628	906	snmpgetattack
23317	12431	39628	911	snmpgetattack
20312	4800	39628	911	-
23317	5938	39628	911	-
5376	4800	39628	911	snmpgetattack
23317	5938	39628	916	-
5376	4800	39628	916	snmpgetattack
23317	12431	39628	916	snmpgetattack
20312	4800	39628	916	-
23317	12431	39628	921	snmpgetattack
5376	4800	39628	921	snmpgetattack
20312	4800	39628	921	-
23317	5938	39628	921	-
23317	5938	39628	926	-
20312	4800	39628	926	-
5376	4800	39628	926	snmpgetattack
23317	12431	39628	926	snmpgetattack
5376	4800	39628	931	snmpgetattack
20312	4800	39628	931	-
23317	5938	39628	931	-
23317	12431	39628	931	snmpgetattack
23317	5938	39628	936	-
23317	12431	39628	936	snmpgetattack
20312	4800	39628	936	-
5376	4800	39628	936	snmpgetattack
20312	4800	39628	942	-
23317	5938	39628	942	-
23317	12431	39628	942	snmpgetattack
5376	4800	39628	942	snmpgetattack
23317	12431	39628	947	snmpgetattack
20312	4800	39628	947	-
23317	5938	39628	947	-
5376	4800	39628	947	snmpgetattack
23317	12431	39628	952	snmpgetattack
5376	4800	39628	952	snmpgetattack
23317	5938	39628	952	-
20312	4800	39628	952	-
23317	5938	39628	957	-
23317	12431	39628	957	snmpgetattack
20312	4800	39628	957	-
5376	4800	39628	957	snmpgetattack
23317	5938	39628	962	-
23317	12431	39628	962	snmpgetattack
5376	4800	39628	962	snmpgetattack
20312	4800	39628	962	-
23317	12431	22074	967	snmpgetattack
20312	4800	22074	967	-
23317	5938	22074	967	-
5376	4800	22074	967	snmpgetattack
23317	12431	22074	972	snmpgetattack
20312	4800	22074	972	-
23317	5938	22074	972	-
5376	4800	22074	972	snmpgetattack
23317	5938	22074	977	-
5376	4800	22074	977	snmpgetattack
23317	12431	22074	977	snmpgetattack
20312	4800	22074	977	-
20312	4800	22074	982	-
23317	5938	22074	982	-
5376	4800	22074	982	snmpgetattack
23317	12431	22074	982	snmpgetattack
20312	4800	22074	987	-
23317	12431	22074	987	snmpgetattack
5376	4800	22074	987	snmpgetattack
23317	5938	22074	987	-
8294	11780	22074	992	nmap
8294	11780	22074	992	nmap
5376	4800	22074	997	snmpgetattack
23317	12431	22074	997	snmpgetattack
23317	5938	22074	997	-
20312	4800	22074	997	-
5376	4800	22074	1002	snmpgetattack
23317	12431	22074	1002	snmpgetattack
20312	4800	22074	1002	-
23317	5938	22074	1002	-
23317	5938	22074	1007	-
5376	4800	22074	1007	snmpgetattack
20312	4800	22074	1007	-
23317	12431	22074	1007	snmpgetattack
23317	5938	22074	1012	-
5376	4800	22074	1012	snmpgetattack
23317	12431	22074	1012	snmpgetattack
20312	4800	22074	1012	-
5376	4800	22074	1017	snmpgetattack
20312	4800	22074	1017	-
23317	12431	22074	1017	snmpgetattack
23317	5938	22074	1017	-
5376	4800	22074	1022	snmpgetattack
23317	12431	22074	1022	snmpgetattack
20312	4800	22074	1022	-
23317	5938	22074	1022	-
5376	4800	39325	1028	snmpgetattack
23317	12431	39325	1028	snmpgetattack
20312	4800	39325	1028	-
23317	5938	39325	1028	-
23317	12431	39325	1033	snmpgetattack
20312	4800	39325	1033	-
23317	5938	39325	1033	-
5376	4800	39325	1033	snmpgetattack
20312	4800	39325	1038	-
5376	4800	39325	1038	snmpgetattack
23317	12431	39325	1038	snmpgetattack
23317	5938	39325	1038	-
5376	4800	39325	1043	snmpgetattack
23317	12431	39325	1043	snmpgetattack
20312	4800	39325	1043	-
23317	5938	39325	1043	-
23317	12431	39325	1048	snmpgetattack
5376	4800	39325	1048	snmpgetattack
23317	5938	39325	1048	-
20312	4800	39325	1048	-
5376	4800	39325	1053	snmpgetattack
23317	12431	39325	1053	snmpgetattack
20312	4800	39325	1053	-
23317	5938	39325	1053	-
20312	4800	39325	1058	-
23317	5938	39325	1058	-
5376	4800	39325	1058	snmpgetattack
23317	12431	39325	1058	snmpgetattack
5376	4800	39325	1063	snmpgetattack
23317	12431	39325	1063	snmpgetattack
20312	4800	39325	1063	-
23317	5938	39325	1063	-
20312	4800	39325	1068	-
23317	5938	39325	1068	-
5376	4800	39325	1068	snmpgetattack
23317	12431	39325	1068	snmpgetattack
5376	4800	39325	1073	snmpgetattack
23317	12431	39325	1073	snmpgetattack
20312	4800	39325	1073	-
23317	5938	39325	1073	-
20312	4800	39325	1078	-
23317	5938	39325	1078	-
5376	4800	39325	1078	snmpgetattack
23317	12431	39325	1078	snmpgetattack
5376	4800	39325	1083	snmpgetattack
23317	5938	39325	1083	-
23317	12431	39325	1083	snmpgetattack
20312	4800	39325	1083	-
5376	4800	6410	1088	snmpgetattack
23317	5938	6410	1088	-
23317	12431	6410	1088	snmpgetattack
20312	4800	6410	1088	-
5376	4800	6410	1093	snmpgetattack
23317	12431	6410	1093	snmpgetattack
20312	4800	6410	1093	-
23317	5938	6410	1093	-
5376	4800	6410	1098	snmpgetattack
23317	12431	6410	1098	snmpgetattack
20312	4800	6410	1098	-
23317	5938	6410	1098	-
20312	4800	6410	1103	-
23317	5938	6410	1103	-
5376	4800	6410	1103	snmpgetattack
23317	12431	6410	1103	snmpgetattack
5376	4800	6410	1109	snmpgetattack
23317	12431	6410	1109	snmpgetattack
20312	4800	6410	1109	-
23317	5938	6410	1109	-
20312	4800	6410	1114	-
23317	5938	6410	1114	-
5376	4800	6410	1114	snmpgetattack
23317	12431	6410	1114	snmpgetattack
5376	4800	6410	1119	snmpgetattack
23317	12431	6410	1119	snmpgetattack
20312	4800	6410	1119	-
23317	5938	6410	1119	-
20312	4800	6410	1124	-
23317	5938	6410	1124	-
5376	4800	6410	1124	snmpgetattack
23317	12431	6410	1124	snmpgetattack
5376	4800	6410	1129	snmpgetattack
23317	12431	6410	1129	snmpgetattack
20312	4800	6410	1129	-
23317	5938	6410	1129	-
20312	4800	6410	1134	-
23317	5938	6410	1134	-
5376	4800	6410	1134	snmpgetattack
23317	12431	6410	1134	snmpgetattack
5376	4800	6410	1139	snmpgetattack
23317	12431	6410	1139	snmpgetattack
20312	4800	6410	1139	-
23317	5938	6410	1139	-
8294	11780	6410	1143	nmap
20312	4800	6410	1144	-
23317	5938	6410	1144	-
5376	4800	6410	1144	snmpgetattack
23317	12431	6410	1144	snmpgetattack
5376	4800	20312	1149	snmpgetattack
23317	12431	20312	1149	snmpgetattack
20312	4800	20312	1149	-
23317	5938	20312	1149	-
20312	4800	20312	1154	-
23317	5938	20312	1154	-
5376	4800	20312	1154	snmpgetattack
23317	12431	20312	1154	snmpgetattack
5376	4800	20312	1159	snmpgetattack
23317	12431	20312	1159	snmpgetattack
20312	4800	20312	1159	-
23317	5938	20312	1159	-
23317	12431	20312	1164	snmpgetattack
20312	4800	20312	1164	-
23317	5938	20312	1164	-
5376	4800	20312	1164	snmpgetattack
23317	12431	20312	1169	snmpgetattack
5376	4800	20312	1169	snmpgetattack
20312	4800	20312	1169	-
23317	5938	20312	1169	-
20312	4800	20312	1174	-
23317	5938	20312	1174	-
5376	4800	20312	1174	snmpgetattack
23317	12431	20312	1174	snmpgetattack
23317	5938	20312	1179	-
5376	4800	20312	1179	snmpgetattack
23317	12431	20312	1179	snmpgetattack
20312	4800	20312	1179	-
23317	5938	20312	1184	-
23317	12431	20312	1184	snmpgetattack
5376	4800	20312	1184	snmpgetattack
20312	4800	20312	1184	-
5376	4800	20312	1190	snmpgetattack
23317	12431	20312	1190	snmpgetattack
20312	4800	20312	1190	-
23317	5938	20312	1190	-
20312	4800	20312	1195	-
23317	5938	20312	1195	-
5376	4800	20312	1195	snmpgetattack
23317	12431	20312	1195	snmpgetattack
23317	5938	20312	1200	-
5376	4800	20312	1200	snmpgetattack
23317	12431	20312	1200	snmpgetattack
20312	4800	20312	1200	-
5376	4800	5709	1205	snmpgetattack
23317	12431	5709	1205	snmpgetattack
20312	4800	5709	1205	-
23317	5938	5709	1205	-
23317	5938	5709	1210	-
5376	4800	5709	1210	snmpgetattack
23317	12431	5709	1210	snmpgetattack
20312	4800	5709	1210	-
23317	12431	5709	1215	snmpgetattack
20312	4800	5709	1215	-
23317	5938	5709	1215	-
5376	4800	5709	1215	snmpgetattack
20312	4800	5709	1220	-
5376	4800	5709	1220	snmpgetattack
23317	12431	5709	1220	snmpgetattack
23317	5938	5709	1220	-
23317	12431	5709	1225	snmpgetattack
5376	4800	5709	1225	snmpgetattack
20312	4800	5709	1225	-
23317	5938	5709	1225	-
5376	4800	5709	1230	snmpgetattack
23317	12431	5709	1230	snmpgetattack
20312	4800	5709	1230	-
23317	5938	5709	1230	-
20312	4800	5709	1235	-
23317	5938	5709	1235	-
5376	4800	5709	1235	snmpgetattack
23317	12431	5709	1235	snmpgetattack
20312	4800	5709	1240	-
23317	5938	5709	1240	-
5376	4800	5709	1240	snmpgetattack
23317	12431	5709	1240	snmpgetattack
5376	4800	5709	1245	snmpgetattack
23317	12431	5709	1245	snmpgetattack
20312	4800	5709	1245	-
23317	5938	5709	1245	-
20312	4800	5709	1250	-
23317	5938	5709	1250	-
5376	4800	5709	1250	snmpgetattack
23317	12431	5709	1250	snmpgetattack
14267	8723	5709	1253	-
14267	8723	5709	1253	-
14267	8723	5709	1253	-
14267	8723	5709	1253	-
14267	8723	5709	1254	-
14267	8723	5709	1254	-
14267	8723	5709	1254	-
14267	8723	5709	1254	-
5376	4800	5709	1255	snmpgetattack
23317	12431	5709	1255	snmpgetattack
20312	4800	5709	1255	-
23317	5938	5709	1255	-
20312	4800	5709	1260	-
23317	5938	5709	1260	-
5376	4800	5709	1260	snmpgetattack
23317	12431	5709	1260	snmpgetattack
20312	4800	26980	1265	-
23317	5938	26980	1265	-
5376	4800	26980	1265	snmpgetattack
23317	12431	26980	1265	snmpgetattack
14267	1814	26980	1268	-
20312	4800	26980	1270	-
23317	5938	26980	1270	-
5376	4800	26980	1270	snmpgetattack
23317	12431	26980	1270	snmpgetattack
14267	7523	26980	1271	-
14267	7523	26980	1271	-
14267	7523	26980	1271	-
14267	7523	26980	1271	-
14267	7523	26980	1271	-
14267	7523	26980	1271	-
14267	7523	26980	1271	-
14267	7523	26980	1271	-
14267	7523	26980	1271	-
14267	7523	26980	1271	-
14267	7523	26980	1271	-
14267	7523	26980	1274	-
14267	7523	26980	1274	-
14267	6845	26980	1274	-
5376	4800	26980	1276	snmpgetattack
23317	12431	26980	1276	snmpgetattack
20312	4800	26980	1276	-
23317	5938	26980	1276	-
5376	4800	26980	1281	snmpgetattack
23317	12431	26980	1281	snmpgetattack
20312	4800	26980	1281	-
23317	5938	26980	1281	-
20312	4800	26980	1286	-
23317	5938	26980	1286	-
5376	4800	26980	1286	snmpgetattack
23317	12431	26980	1286	snmpgetattack
5376	4800	26980	1291	snmpgetattack
23317	5938	26980	1291	-
20312	4800	26980	1291	-
23317	12431	26980	1291	snmpgetattack
8294	11780	26980	1294	nmap
8294	11780	26980	1294	nmap
23317	5938	26980	1296	-
20312	4800	26980	1296	-
5376	4800	26980	1296	snmpgetattack
23317	12431	26980	1296	snmpgetattack
23317	5938	26980	1301	-
20312	4800	26980	1301	-
23317	12431	26980	1301	snmpgetattack
5376	4800	26980	1301	snmpgetattack
23317	12431	26980	1306	snmpgetattack
20312	4800	26980	1306	-
23317	5938	26980	1306	-
5376	4800	26980	1306	snmpgetattack
5376	4800	26980	1311	snmpgetattack
23317	5938	26980	1311	-
20312	4800	26980	1311	-
23317	12431	26980	1311	snmpgetattack
23317	12431	26980	1316	snmpgetattack
20312	4800	26980	1316	-
23317	5938	26980	1316	-
5376	4800	26980	1316	snmpgetattack
5376	4800	26980	1321	snmpgetattack
23317	12431	26980	1321	snmpgetattack
20312	4800	26980	1321	-
23317	5938	26980	1321	-
23317	12431	21701	1326	snmpgetattack
5376	4800	21701	1326	snmpgetattack
23317	5938	21701	1326	-
20312	4800	21701	1326	-
23317	12431	21701	1331	snmpgetattack
5376	4800	21701	1331	snmpgetattack
20312	4800	21701	1331	-
23317	5938	21701	1331	-
5376	4800	21701	1336	snmpgetattack
23317	12431	21701	1336	snmpgetattack
20312	4800	21701	1336	-
23317	5938	21701	1336	-
23317	12431	21701	1341	snmpgetattack
20312	4800	21701	1341	-
23317	5938	21701	1341	-
5376	4800	21701	1341	snmpgetattack
14267	7523	21701	1345	-
14267	7523	21701	1345	-
14267	7523	21701	1345	-
14267	7523	21701	1345	-
14267	7523	21701	1345	-
14267	7523	21701	1345	-
14267	7523	21701	1346	-
14267	7523	21701	1346	-
14267	7523	21701	1346	-
14267	7523	21701	1346	-
14267	7523	21701	1346	-
14267	7523	21701	1346	-
14267	7523	21701	1346	-
14267	7523	21701	1346	-
14267	7523	21701	1346	-
14267	7523	21701	1346	-
14267	7523	21701	1346	-
5376	4800	21701	1346	snmpgetattack
23317	12431	21701	1346	snmpgetattack
23317	5938	21701	1346	-
20312	4800	21701	1346	-
5376	4800	21701	1351	snmpgetattack
23317	12431	21701	1351	snmpgetattack
20312	4800	21701	1351	-
23317	5938	21701	1351	-
23317	5938	21701	1356	-
20312	4800	21701	1356	-
5376	4800	21701	1356	snmpgetattack
23317	12431	21701	1356	snmpgetattack
5376	4800	21701	1362	snmpgetattack
23317	12431	21701	1362	snmpgetattack
20312	4800	21701	1362	-
23317	5938	21701	1362	-
23317	882	21701	1365	-
15394	4800	21701	1365	-
23317	12431	21701	1367	snmpgetattack
20312	4800	21701	1367	-
23317	5938	21701	1367	-
5376	4800	21701	1367	snmpgetattack
5376	4800	21701	1372	snmpgetattack
23317	12431	21701	1372	snmpgetattack
20312	4800	21701	1372	-
23317	5938	21701	1372	-
20312	4800	21701	1377	-
5376	4800	21701	1377	snmpgetattack
23317	12431	21701	1377	snmpgetattack
23317	5938	21701	1377	-
20312	4800	21701	1382	-
23317	12431	21701	1382	snmpgetattack
23317	5938	21701	1382	-
5376	4800	21701	1382	snmpgetattack
20312	4800	33367	1387	-
23317	12431	33367	1387	snmpgetattack
5376	4800	33367	1387	snmpgetattack
23317	5938	33367	1387	-
5376	4800	33367	1392	snmpgetattack
20312	4800	33367	1392	-
23317	12431	33367	1392	snmpgetattack
23317	5938	33367	1392	-
23317	12431	33367	1397	snmpgetattack
5376	4800	33367	1397	snmpgetattack
20312	4800	33367	1397	-
23317	5938	33367	1397	-
20312	4800	33367	1402	-
5376	4800	33367	1402	snmpgetattack
23317	5938	33367	1402	-
23317	12431	33367	1402	snmpgetattack
23317	5938	33367	1407	-
23317	12431	33367	1407	snmpgetattack
5376	4800	33367	1407	snmpgetattack
20312	4800	33367	1407	-
5376	4800	33367	1412	snmpgetattack
23317	12431	33367	1412	snmpgetattack
20312	4800	33367	1412	-
23317	5938	33367	1412	-
5376	4800	33367	1417	snmpgetattack
23317	12431	33367	1417	snmpgetattack
20312	4800	33367	1418	-
23317	5938	33367	1418	-
5376	4800	33367	1422	snmpgetattack
23317	12431	33367	1422	snmpgetattack
20312	4800	33367	1423	-
23317	5938	33367	1423	-
23317	12431	33367	1427	snmpgetattack
5376	4800	33367	1427	snmpgetattack
20312	4800	33367	1428	-
23317	5938	33367	1428	-
23317	12431	33367	1432	snmpgetattack
5376	4800	33367	1432	snmpgetattack
23317	5938	33367	1433	-
20312	4800	33367	1433	-
23317	12431	33367	1437	snmpgetattack
5376	4800	33367	1437	snmpgetattack
23317	5938	33367	1438	-
20312	4800	33367	1438	-
5376	4800	33367	1442	snmpgetattack
23317	12431	33367	1442	snmpgetattack
20312	4800	33367	1443	-
23317	5938	33367	1443	-
8294	11780	3367	1445	nmap
23317	12431	3367	1447	snmpgetattack
5376	4800	3367	1447	snmpgetattack
20312	4800	3367	1448	-
23317	5938	3367	1448	-
5376	4800	3367	1452	snmpgetattack
23317	12431	3367	1452	snmpgetattack
23317	5938	3367	1453	-
20312	4800	3367	1453	-
20312	4800	3367	1458	-
23317	5938	3367	1458	-
23317	12431	3367	1458	snmpgetattack
5376	4800	3367	1458	snmpgetattack
5376	4800	3367	1463	snmpgetattack
23317	12431	3367	1463	snmpgetattack
20312	4800	3367	1463	-
23317	5938	3367	1463	-
20312	4800	3367	1468	-
23317	5938	3367	1468	-
23317	12431	3367	1468	snmpgetattack
5376	4800	3367	1468	snmpgetattack
20312	4800	3367	1473	-
23317	12431	3367	1473	snmpgetattack
23317	5938	3367	1473	-
5376	4800	3367	1473	snmpgetattack
23317	5938	3367	1478	-
23317	12431	3367	1478	snmpgetattack
5376	4800	3367	1478	snmpgetattack
20312	4800	3367	1478	-
23317	12431	3367	1483	snmpgetattack
20312	4800	3367	1483	-
23317	5938	3367	1483	-
5376	4800	3367	1483	snmpgetattack
5376	4800	3367	1488	snmpgetattack
23317	12431	3367	1488	snmpgetattack
20312	4800	3367	1488	-
23317	5938	3367	1488	-
14267	7523	3367	1493	-
14267	7523	3367	1493	-
14267	7523	3367	1493	-
5376	4800	3367	1493	snmpgetattack
23317	12431	3367	1493	snmpgetattack
20312	4800	3367	1493	-
23317	5938	3367	1493	-
14267	7523	3367	1493	-
14267	7523	3367	1493	-
14267	7523	3367	1493	-
14267	7523	3367	1493	-
14267	7523	3367	1493	-
14267	7523	3367	1493	-
14267	7523	3367	1493	-
14267	7523	3367	1493	-
5376	4800	3367	1498	snmpgetattack
23317	12431	3367	1498	snmpgetattack
20312	4800	3367	1498	-
23317	5938	3367	1498	-
23317	12431	3367	1503	snmpgetattack
20312	4800	3367	1503	-
23317	5938	3367	1503	-
5376	4800	3367	1503	snmpgetattack
23317	5938	8939	1508	-
5376	4800	8939	1508	snmpgetattack
23317	12431	8939	1508	snmpgetattack
20312	4800	8939	1508	-
20312	4800	8939	1513	-
23317	5938	8939	1513	-
23317	12431	8939	1513	snmpgetattack
5376	4800	8939	1513	snmpgetattack
20312	4800	8939	1518	-
23317	5938	8939	1518	-
5376	4800	8939	1518	snmpgetattack
23317	12431	8939	1518	snmpgetattack
20312	4800	8939	1523	-
5376	4800	8939	1523	snmpgetattack
23317	12431	8939	1523	snmpgetattack
23317	5938	8939	1523	-
23317	12431	8939	1528	snmpgetattack
20312	4800	8939	1528	-
23317	5938	8939	1528	-
5376	4800	8939	1528	snmpgetattack
23317	5938	8939	1533	-
5376	4800	8939	1533	snmpgetattack
23317	12431	8939	1533	snmpgetattack
20312	4800	8939	1533	-
23317	12431	8939	1538	snmpgetattack
20312	4800	8939	1538	-
23317	5938	8939	1538	-
5376	4800	8939	1538	snmpgetattack
5376	4800	8939	1543	snmpgetattack
23317	12431	8939	1543	snmpgetattack
20312	4800	8939	1544	-
23317	5938	8939	1544	-
23317	12431	8939	1548	snmpgetattack
5376	4800	8939	1548	snmpgetattack
23317	5938	8939	1549	-
14267	19469	8939	1549	-
20312	4800	8939	1549	-
10025	8452	8939	1550	warez
12985	3325	8939	1551	warez
12985	3325	8939	1551	warez
5376	4800	8939	1553	snmpgetattack
23317	12431	8939	1553	snmpgetattack
20312	4800	8939	1554	-
23317	5938	8939	1554	-
5376	4800	8939	1558	snmpgetattack
23317	12431	8939	1558	snmpgetattack
23317	5938	8939	1559	-
20312	4800	8939	1559	-
5376	4800	8939	1563	snmpgetattack
23317	12431	8939	1563	snmpgetattack
20312	4800	8939	1564	-
23317	5938	8939	1564	-
5376	4800	17061	1568	snmpgetattack
23317	12431	17061	1568	snmpgetattack
23317	5938	17061	1569	-
20312	4800	17061	1569	-
23317	12431	17061	1573	snmpgetattack
5376	4800	17061	1573	snmpgetattack
23317	5938	17061	1574	-
20312	4800	17061	1574	-
23317	12431	17061	1578	snmpgetattack
5376	4800	17061	1578	snmpgetattack
20312	4800	17061	1579	-
23317	5938	17061	1579	-
5376	4800	17061	1584	snmpgetattack
23317	12431	17061	1584	snmpgetattack
20312	4800	17061	1584	-
23317	5938	17061	1584	-
23317	12431	17061	1589	snmpgetattack
20312	4800	17061	1589	-
23317	5938	17061	1589	-
5376	4800	17061	1589	snmpgetattack
23317	12431	17061	1594	snmpgetattack
20312	4800	17061	1594	-
23317	5938	17061	1594	-
5376	4800	17061	1594	snmpgetattack
8294	11780	17061	1596	nmap
8294	11780	17061	1596	nmap
5376	4800	17061	1599	snmpgetattack
23317	12431	17061	1599	snmpgetattack
20312	4800	17061	1599	-
23317	5938	17061	1599	-
23317	12431	17061	1604	snmpgetattack
20312	4800	17061	1604	-
23317	5938	17061	1604	-
5376	4800	17061	1604	snmpgetattack
23317	12431	17061	1609	snmpgetattack
20312	4800	17061	1609	-
23317	5938	17061	1609	-
5376	4800	17061	1609	snmpgetattack
23317	12431	17061	1614	snmpgetattack
20312	4800	17061	1614	-
23317	5938	17061	1614	-
5376	4800	17061	1614	snmpgetattack
5376	4800	17061	1619	snmpgetattack
23317	12431	17061	1619	snmpgetattack
23317	5938	17061	1619	-
20312	4800	17061	1619	-
5376	4800	17061	1624	snmpgetattack
20312	4800	17061	1624	-
23317	5938	17061	1624	-
23317	12431	17061	1624	snmpgetattack
23317	12431	12816	1629	snmpgetattack
20312	4800	12816	1629	-
23317	5938	12816	1629	-
5376	4800	12816	1629	snmpgetattack
20312	4800	12816	1634	-
5376	4800	12816	1634	snmpgetattack
23317	5938	12816	1634	-
23317	12431	12816	1634	snmpgetattack
20312	4800	12816	1639	-
23317	12431	12816	1639	snmpgetattack
23317	5938	12816	1639	-
5376	4800	12816	1639	snmpgetattack
23317	12431	12816	1644	snmpgetattack
20312	4800	12816	1644	-
23317	5938	12816	1644	-
5376	4800	12816	1644	snmpgetattack
23317	12431	12816	1649	snmpgetattack
20312	4800	12816	1649	-
23317	5938	12816	1649	-
5376	4800	12816	1649	snmpgetattack
5376	4800	12816	1654	snmpgetattack
23317	12431	12816	1654	snmpgetattack
20312	4800	12816	1654	-
23317	5938	12816	1654	-
20312	4800	12816	1659	-
23317	12431	12816	1659	snmpgetattack
5376	4800	12816	1659	snmpgetattack
23317	5938	12816	1659	-
23317	5938	12816	1664	-
23317	12431	12816	1664	snmpgetattack
5376	4800	12816	1664	snmpgetattack
20312	4800	12816	1664	-
23317	12431	12816	1669	snmpgetattack
20312	4800	12816	1669	-
5376	4800	12816	1669	snmpgetattack
23317	5938	12816	1670	-
23317	12431	12816	1674	snmpgetattack
5376	4800	12816	1674	snmpgetattack
23317	5938	12816	1675	-
20312	4800	12816	1675	-
5376	4800	12816	1679	snmpgetattack
23317	12431	12816	1679	snmpgetattack
20312	4800	12816	1680	-
23317	5938	12816	1680	-
5376	4800	12816	1684	snmpgetattack
23317	12431	12816	1684	snmpgetattack
20312	4800	27780	1685	-
23317	5938	27780	1685	-
5376	4800	27780	1689	snmpgetattack
23317	12431	27780	1689	snmpgetattack
20312	4800	27780	1690	-
23317	5938	27780	1690	-
5376	4800	27780	1694	snmpgetattack
23317	12431	27780	1694	snmpgetattack
20312	4800	27780	1695	-
23317	5938	27780	1695	-
5376	4800	27780	1699	snmpgetattack
23317	12431	27780	1699	snmpgetattack
20312	4800	27780	1700	-
23317	5938	27780	1700	-
5376	4800	27780	1704	snmpgetattack
23317	12431	27780	1704	snmpgetattack
20312	4800	27780	1705	-
23317	5938	27780	1705	-
23317	12431	27780	1710	snmpgetattack
23317	5938	27780	1710	-
5376	4800	27780	1710	snmpgetattack
20312	4800	27780	1710	-
20312	4800	27780	1715	-
23317	5938	27780	1715	-
5376	4800	27780	1715	snmpgetattack
23317	12431	27780	1715	snmpgetattack
14267	10501	27780	1718	-
14267	10501	27780	1718	-
23317	12431	27780	1720	snmpgetattack
20312	4800	27780	1720	-
23317	5938	27780	1720	-
5376	4800	27780	1720	snmpgetattack
14267	18867	27780	1721	-
14267	10501	27780	1721	-
14267	10501	27780	1721	-
14267	10501	27780	1721	-
14267	10385	27780	1724	-
5376	4800	27780	1725	snmpgetattack
23317	5938	27780	1725	-
20312	4800	27780	1725	-
23317	12431	27780	1725	snmpgetattack
14267	10501	27780	1725	-
23317	5938	27780	1730	-
20312	4800	27780	1730	-
5376	4800	27780	1730	snmpgetattack
23317	12431	27780	1730	snmpgetattack
14267	19469	27780	1733	-
20312	4800	27780	1735	-
23317	5938	27780	1735	-
5376	4800	27780	1735	snmpgetattack
23317	12431	27780	1735	snmpgetattack
23317	12431	27780	1740	snmpgetattack
20312	4800	27780	1740	-
23317	5938	27780	1740	-
5376	4800	27780	1740	snmpgetattack
5376	4800	34800	1745	snmpgetattack
23317	12431	34800	1745	snmpgetattack
23317	5938	34800	1745	-
20312	4800	34800	1745	-
8294	11780	34800	1747	nmap
23317	12431	34800	1750	snmpgetattack
20312	4800	34800	1750	-
23317	5938	34800	1750	-
5376	4800	34800	1750	snmpgetattack
5376	4800	34800	1755	snmpgetattack
20312	4800	34800	1755	-
23317	5938	34800	1755	-
23317	12431	34800	1755	snmpgetattack
20312	4800	34800	1760	-
23317	5938	34800	1760	-
5376	4800	34800	1760	snmpgetattack
23317	12431	34800	1760	snmpgetattack
5376	4800	34800	1765	snmpgetattack
23317	5938	34800	1765	-
23317	12431	34800	1765	snmpgetattack
20312	4800	34800	1765	-
5376	4800	34800	1770	snmpgetattack
23317	5938	34800	1770	-
23317	12431	34800	1770	snmpgetattack
20312	4800	34800	1770	-
5376	4800	34800	1775	snmpgetattack
23317	12431	34800	1775	snmpgetattack
23317	5938	34800	1775	-
20312	4800	34800	1775	-
5376	4800	34800	1780	snmpgetattack
23317	12431	34800	1780	snmpgetattack
20312	4800	34800	1780	-
23317	5938	34800	1780	-
23317	5938	34800	1785	-
20312	4800	34800	1785	-
5376	4800	34800	1785	snmpgetattack
23317	12431	34800	1785	snmpgetattack
23317	12431	34800	1790	snmpgetattack
5376	4800	34800	1790	snmpgetattack
23317	5938	34800	1790	-
20312	4800	34800	1790	-
23317	12431	34800	1795	snmpgetattack
5376	4800	34800	1795	snmpgetattack
23317	5938	34800	1796	-
20312	4800	34800	1796	-
