20312	4800	12337	0	-
23317	5938	12337	0	-
14270	8452	12337	3	portsweep
23317	5938	12337	5	-
20312	4800	12337	5	-
17923	15394	12337	7	-
6114	3801	35266	9	-
6114	3801	35266	9	-
6114	3801	35266	9	-
6114	3801	35266	9	-
6114	3801	35266	9	-
6114	3801	35266	9	-
6114	3801	35266	9	-
6114	3801	35266	9	-
6114	3801	35266	9	-
6114	3801	35266	9	-
6114	3801	35266	9	-
6114	3801	35266	9	-
6114	3801	35266	9	-
6114	3801	35266	9	-
6114	3801	35266	9	-
6114	3801	35266	9	-
6114	3801	35266	9	-
6114	3801	35266	9	-
6114	3801	35266	9	-
6114	3801	35266	9	-
6114	3801	35266	9	-
20312	4800	35266	10	-
6114	3801	35266	10	-
6114	3801	35266	10	-
6114	3801	35266	10	-
6114	3801	35266	10	-
10429	12854	35266	10	-
6114	3801	35266	10	-
6114	3801	35266	10	-
6114	3801	35266	10	-
6114	3801	35266	10	-
6114	3801	35266	10	-
6114	3801	35266	10	-
6114	3801	35266	10	-
6114	3801	35266	10	-
6114	3801	35266	10	-
6114	3801	35266	10	-
23317	5938	35266	11	-
6114	3801	35266	14	-
6114	3801	35266	14	-
6114	3801	35266	14	-
6114	3801	35266	14	-
6114	3801	35266	14	-
6114	3801	35266	15	-
6114	3801	35266	15	-
6114	3801	35266	15	-
6114	3801	35266	15	-
6114	3801	35266	15	-
6114	3801	35266	15	-
4800	17923	35266	15	-
20312	4800	35266	16	-
23317	5938	35266	16	-
4800	17923	35266	16	-
4800	17923	35266	16	-
4800	17923	35266	16	-
4800	17923	35266	16	-
4800	17923	35266	16	-
6114	3801	35266	17	-
6114	137	35266	17	-
6114	137	35266	17	-
6114	137	35266	17	-
6114	137	35266	17	-
6114	137	35266	17	-
6114	137	35266	17	-
6114	3801	35266	17	-
6114	137	35266	17	-
6114	137	35266	17	-
6114	3801	35266	17	-
6114	137	35266	17	-
6114	3801	35266	17	-
6114	137	35266	17	-
6114	3801	35266	17	-
6114	137	35266	17	-
6114	3801	35266	17	-
6114	137	35266	17	-
6114	3801	35266	17	-
6114	3801	35266	17	-
6114	3801	35266	17	-
23317	5938	35266	21	-
20312	4800	35266	21	-
19350	1215	35266	22	-
19350	1215	35266	23	-
19350	1215	35266	23	-
19350	1215	35266	23	-
19350	1215	35266	23	-
19350	1215	35266	23	-
19350	1215	35266	23	-
19350	1215	35266	23	-
19350	1215	35266	23	-
19350	1215	35266	23	-
19350	1215	35266	23	-
19350	1215	35266	23	-
19350	1215	35266	23	-
19350	1215	35266	23	-
19350	1215	35266	23	-
19350	1215	35266	23	-
19350	1215	35266	23	-
19350	1215	35266	23	-
19350	1215	35266	23	-
19350	1215	35266	23	-
19350	1215	35266	23	-
19350	1215	35266	23	-
19350	1215	35266	23	-
19350	1215	35266	23	-
19350	1215	35266	23	-
19350	1215	35266	23	-
23317	5938	35266	26	-
20312	4800	35266	26	-
10429	11645	35266	27	-
10429	11645	35266	27	-
10429	11645	35266	27	-
16409	1498	35266	28	-
10429	11645	35266	28	-
10429	11645	35266	28	-
16409	1498	35266	28	-
10429	11645	35266	28	-
16409	1498	35266	28	-
16409	1498	35266	29	-
16409	1498	35266	29	-
10429	11645	35266	29	-
19350	13412	35266	29	-
16409	1498	35266	29	-
10429	11645	35266	29	-
19350	13412	35266	29	-
16409	1498	35266	29	-
10429	11645	35266	29	-
16409	1498	35266	29	-
10429	11645	35266	29	-
16409	1498	35266	29	-
10429	11645	35266	29	-
10429	11645	35266	30	-
10429	11645	35266	30	-
16409	1498	35266	30	-
10429	11645	35266	30	-
16409	1498	35266	30	-
10429	11645	35266	30	-
16409	1498	35266	30	-
10429	11645	35266	30	-
10429	11645	35266	30	-
10429	11645	35266	30	-
10429	11645	35266	30	-
10429	11645	35266	30	-
10429	11645	35266	30	-
10429	11645	35266	30	-
20312	4800	35266	31	-
23317	5938	35266	31	-
20312	4800	35266	36	-
23317	5938	35266	36	-
587	18246	35266	37	-
587	18246	35266	37	-
19350	17394	35266	38	-
19350	17394	35266	38	-
19350	17394	35266	38	-
19350	17394	35266	38	-
19350	17394	35266	38	-
23317	5938	35266	41	-
20312	4800	35266	41	-
20312	4800	35266	46	-
6114	3801	35266	48	-
20312	4800	35266	48	-
6114	3801	35266	49	-
6114	3801	35266	49	-
6114	3801	35266	49	-
6114	3801	35266	49	-
6114	3801	35266	49	-
6114	3801	35266	49	-
6114	3801	35266	49	-
6114	3801	35266	49	-
6114	3801	35266	49	-
6114	3801	35266	49	-
6114	3801	35266	49	-
20312	4800	35266	50	-
15737	7215	35266	53	-
20312	4800	35266	55	-
20312	4800	35266	57	-
20312	4800	35266	59	-
14270	8452	35266	61	portsweep
587	12174	35266	63	-
587	12174	35266	64	-
20312	4800	35266	64	-
23317	5938	35266	64	-
587	12174	35266	64	-
587	12174	35266	64	-
587	12174	35266	64	-
587	12174	35266	64	-
587	12174	35266	64	-
587	12174	35266	64	-
587	12174	35266	64	-
587	12174	35266	64	-
23317	5938	35266	65	-
23317	5938	35266	65	-
19350	17394	35266	65	-
23317	5938	35266	65	-
23317	5938	35266	65	-
23317	5938	35266	65	-
19350	17394	35266	65	-
23317	5938	35266	65	-
20312	4800	44335	70	-
23317	5938	44335	70	-
6114	8586	44335	73	-
6114	8586	44335	73	-
6114	8586	44335	73	-
6114	8586	44335	73	-
20312	4800	44335	75	-
23317	5938	44335	75	-
17624	4981	44335	79	-
17624	9554	44335	79	-
20312	4800	44335	80	-
23317	5938	44335	80	-
20312	4800	44335	85	-
23317	5938	44335	85	-
587	12174	44335	89	-
20312	4800	44335	90	-
23317	5938	44335	90	-
20312	4800	44335	95	-
23317	5938	44335	95	-
14270	8452	44335	99	portsweep
20312	4800	44335	100	-
23317	5938	44335	100	-
10429	4027	44335	102	-
10429	4027	44335	102	-
10429	4027	44335	102	-
10429	4027	44335	102	-
10429	4027	44335	102	-
10429	4027	44335	102	-
10429	4027	44335	102	-
10429	4027	44335	102	-
10429	4027	44335	102	-
10429	4027	44335	102	-
10429	4027	44335	102	-
10429	4027	44335	102	-
10429	4027	44335	102	-
20312	4800	44335	105	-
23317	5938	44335	105	-
16409	1498	44335	110	-
16409	1498	44335	110	-
16409	1498	44335	110	-
16409	1498	44335	110	-
16409	1498	44335	110	-
16409	1498	44335	110	-
20312	4800	44335	111	-
23317	5938	44335	111	-
20312	4800	44335	116	-
23317	5938	44335	116	-
587	10138	44335	116	-
587	10138	44335	116	-
587	10138	44335	116	-
587	10138	44335	116	-
19350	9211	44335	117	-
19350	9211	44335	118	-
19350	9211	44335	118	-
19350	9211	44335	118	-
19350	9211	44335	118	-
19350	9211	44335	118	-
19350	17807	44335	118	-
19350	9211	44335	118	-
19350	9211	44335	118	-
19350	9211	44335	118	-
19350	9211	44335	118	-
19350	9211	44335	118	-
19350	2273	44335	118	-
19350	17807	44335	118	-
19350	9211	44335	118	-
19350	9211	44335	118	-
19350	9211	44335	118	-
19350	17807	44335	118	-
19350	9211	44335	118	-
19350	9211	44335	118	-
19350	9211	44335	118	-
15737	9096	44335	119	-
15737	22710	44335	119	-
15737	22710	44335	119	-
15737	22710	44335	119	-
11001	19834	44335	121	-
23317	5938	44335	121	-
20312	4800	44335	121	-
20312	4800	44335	126	-
23317	5938	44335	126	-
4800	17923	44335	126	-
4800	17923	44335	126	-
4800	17923	44335	126	-
4800	17923	33495	128	-
6114	17923	33495	128	-
6114	17923	33495	128	-
6114	17923	33495	128	-
23317	5938	33495	131	-
20312	4800	33495	131	-
20312	4800	33495	136	-
20312	4800	33495	138	-
14270	8452	33495	140	portsweep
20312	4800	33495	145	-
20312	4800	33495	147	-
20312	4800	33495	149	-
10429	4027	33495	153	-
15737	18719	33495	153	-
16409	1498	33495	153	-
19531	15667	33495	153	-
15737	18719	33495	154	-
15737	18719	33495	154	-
15737	18719	33495	154	-
15737	18719	33495	154	-
16409	1498	33495	154	-
15737	18719	33495	154	-
15737	18719	33495	154	-
15737	18719	33495	154	-
15737	18719	33495	154	-
15737	18719	33495	154	-
15737	18719	33495	154	-
16409	1498	33495	154	-
20312	4800	33495	154	-
15737	18719	33495	154	-
23317	5938	33495	154	-
15737	18719	33495	154	-
23317	5938	33495	155	-
23317	5938	33495	155	-
23317	5938	33495	155	-
23317	5938	33495	155	-
23317	5938	33495	155	-
23317	5938	33495	155	-
17624	14437	33495	156	-
17624	14437	33495	158	-
20312	4800	33495	160	-
23317	5938	33495	160	-
17624	14437	33495	160	-
17624	14437	33495	163	-
20312	4800	33495	165	-
23317	5938	33495	165	-
20312	4800	33495	170	-
23317	5938	33495	170	-
6114	3801	33495	173	-
6114	3801	33495	173	-
6114	3801	33495	173	-
6114	3801	33495	173	-
6114	3801	33495	173	-
6114	3801	33495	173	-
6114	3801	33495	173	-
6114	3801	33495	173	-
6114	3801	33495	173	-
6114	3801	33495	173	-
6114	3801	33495	173	-
15737	18719	33495	173	-
15737	18719	33495	173	-
15737	18719	33495	173	-
15737	18719	33495	173	-
15737	18719	33495	173	-
15737	18719	33495	173	-
6114	3801	33495	173	-
6114	3801	33495	174	-
20312	4800	33495	175	-
23317	5938	33495	175	-
16409	19621	33495	178	-
16409	19621	33495	179	-
16409	19621	33495	179	-
20312	4800	33495	180	-
23317	5938	33495	180	-
6114	17923	33495	183	-
20312	4800	33495	185	-
15394	4800	33495	185	-
23317	882	33495	185	-
23317	5938	33495	185	-
16409	1498	33495	186	-
16409	1498	33495	187	-
16409	1498	33495	187	-
16409	1498	33495	187	-
16409	1498	33495	187	-
16409	1498	33495	187	-
6114	12448	33495	187	-
14270	8452	33495	187	portsweep
23317	5938	35260	190	-
20312	4800	35260	190	-
20312	4800	35260	195	-
23317	5938	35260	195	-
20312	4800	35260	201	-
3957	587	35260	201	-
23317	5938	35260	201	-
16409	1498	35260	206	-
20312	4800	35260	206	-
16409	1498	35260	206	-
16409	1498	35260	206	-
23317	5938	35260	206	-
16409	1498	35260	206	-
587	8421	35260	208	-
587	8421	35260	209	-
587	8421	35260	209	-
587	8421	35260	209	-
587	8421	35260	209	-
587	8421	35260	209	-
587	8421	35260	209	-
587	8421	35260	209	-
20312	4800	35260	211	-
23317	5938	35260	211	-
3957	22986	35260	211	-
23317	5938	35260	216	-
3957	22986	35260	216	-
3957	15394	35260	216	-
20312	4800	35260	216	-
587	3247	35260	216	-
587	3247	35260	216	-
6114	5954	35260	217	-
587	3247	35260	217	-
587	3247	35260	217	-
6114	5954	35260	217	-
587	3247	35260	217	-
6114	5954	35260	217	-
587	3247	35260	217	-
19350	18096	35260	220	-
19350	18096	35260	220	-
19350	18096	35260	220	-
19350	18096	35260	220	-
19350	18096	35260	220	-
19350	18096	35260	220	-
19350	18096	35260	220	-
19350	18096	35260	220	-
19350	18096	35260	220	-
19350	18096	35260	220	-
19350	18096	35260	220	-
19350	18096	35260	220	-
19350	18096	35260	220	-
19350	18096	35260	220	-
19350	18096	35260	220	-
19350	18096	35260	220	-
19350	18096	35260	220	-
19350	18096	35260	220	-
19350	18096	35260	220	-
19350	18096	35260	220	-
19350	18096	35260	220	-
6114	14270	35260	220	-
19350	18096	35260	221	-
23317	5938	35260	221	-
20312	4800	35260	221	-
19350	18096	35260	221	-
20312	4800	35260	226	-
20312	4800	35260	228	-
20312	4800	35260	230	-
14270	8452	35260	232	portsweep
20312	4800	35260	235	-
20312	4800	35260	237	-
20312	4800	35260	239	-
21708	20312	35260	243	-
21708	20312	35260	244	-
21708	20312	35260	244	-
21708	20312	35260	244	-
21708	20312	35260	244	-
21708	20312	35260	244	-
21708	20312	35260	244	-
21708	20312	35260	244	-
23317	5938	35260	244	-
20312	4800	35260	244	-
21708	20312	35260	244	-
21708	20312	35260	245	-
21708	20312	35260	245	-
21708	20312	35260	245	-
21708	20312	35260	245	-
21708	20312	35260	245	-
21708	20312	35260	245	-
21708	20312	35260	245	-
21708	20312	35260	245	-
21708	20312	35260	245	-
21708	20312	35260	245	-
21708	20312	35260	245	-
21708	20312	35260	245	-
21708	20312	35260	245	-
21708	20312	35260	245	-
21708	20312	35260	245	-
21708	20312	35260	245	-
21708	20312	35260	245	-
21708	20312	35260	245	-
21708	20312	35260	245	-
21708	20312	35260	245	-
21708	20312	35260	245	-
21708	20312	35260	245	-
21708	20312	35260	245	-
21708	20312	35260	245	-
21708	20312	35260	245	-
21708	20312	35260	245	-
21708	20312	35260	245	-
21708	20312	35260	245	-
21708	20312	35260	245	-
21708	20312	35260	245	-
21708	20312	35260	245	-
21708	20312	35260	245	-
23317	5938	35260	245	-
23317	5938	35260	245	-
23317	5938	35260	245	-
23317	5938	35260	245	-
23317	5938	35260	245	-
23317	5938	35260	245	-
21708	20312	35260	245	-
19350	14589	35260	245	-
19350	14589	35260	246	-
19350	14589	35260	246	-
19350	14589	35260	246	-
19350	14589	35260	246	-
19350	14589	35260	246	-
19350	14589	35260	246	-
19350	14589	35260	246	-
19350	14589	35260	246	-
19350	14589	35260	246	-
19350	14589	35260	246	-
19350	14589	35260	246	-
19350	14589	35260	246	-
19350	14589	35260	246	-
19350	14589	35260	246	-
15737	4061	3007	248	-
15737	4061	3007	248	-
15737	4061	3007	248	-
15737	4061	3007	248	-
15737	15581	3007	248	-
15737	4061	3007	248	-
15737	4061	3007	248	-
15737	15581	3007	248	-
15737	4061	3007	248	-
15737	4061	3007	248	-
15737	4061	3007	248	-
15737	4061	3007	248	-
15737	4061	3007	248	-
21708	20312	3007	249	-
15737	4061	3007	249	-
15737	4061	3007	249	-
15737	4061	3007	249	-
15737	4061	3007	249	-
15737	4061	3007	249	-
15737	4061	3007	249	-
15737	4061	3007	249	-
15737	4061	3007	249	-
15737	4061	3007	249	-
15737	4061	3007	249	-
21708	20312	3007	249	-
15737	4061	3007	249	-
15737	4061	3007	249	-
19350	22990	3007	249	-
19350	14589	3007	249	-
19350	22990	3007	249	-
19350	14589	3007	249	-
19350	14589	3007	249	-
21708	20312	3007	249	-
21708	20312	3007	249	-
21708	20312	3007	249	-
21708	20312	3007	249	-
21708	20312	3007	249	-
21708	20312	3007	249	-
21708	20312	3007	250	-
20312	4800	3007	250	-
21708	20312	3007	250	-
23317	5938	3007	250	-
21708	20312	3007	250	-
16409	19603	3007	250	-
21708	20312	3007	250	-
21708	20312	3007	250	-
21708	20312	3007	250	-
21708	20312	3007	250	-
21708	20312	3007	250	-
21708	20312	3007	250	-
21708	20312	3007	250	-
21708	20312	3007	250	-
4800	19545	3007	253	-
4800	19545	3007	253	-
4800	19545	3007	253	-
4800	19545	3007	253	-
4800	19545	3007	253	-
4800	19545	3007	253	-
4800	19545	3007	253	-
587	12174	3007	254	-
587	12174	3007	254	-
23317	5938	3007	255	-
587	12174	3007	255	-
587	12174	3007	255	-
587	12174	3007	255	-
587	12174	3007	255	-
587	12174	3007	255	-
587	12174	3007	255	-
587	12174	3007	255	-
587	12174	3007	255	-
20312	4800	3007	255	-
4800	19545	3007	256	-
4800	19545	3007	256	-
4800	19545	3007	256	-
4800	19545	3007	256	-
4800	19545	3007	256	-
4800	4464	3007	256	-
16671	5938	3007	257	-
6114	22454	3007	258	-
6114	22454	3007	258	-
6114	22454	3007	258	-
6114	22454	3007	258	-
6114	9057	3007	258	-
6114	22454	3007	258	-
6114	22454	3007	258	-
6114	22454	3007	258	-
6114	22454	3007	258	-
6114	22454	3007	258	-
6114	22454	3007	259	-
6114	22454	3007	259	-
6114	22454	3007	259	-
6114	22454	3007	259	-
6114	22454	3007	259	-
6114	22454	3007	259	-
6114	22454	3007	259	-
6114	22454	3007	259	-
6114	22454	3007	259	-
6114	22454	3007	259	-
6114	22454	3007	259	-
6114	22454	3007	259	-
6114	22454	3007	259	-
6114	22454	3007	259	-
6114	22454	3007	259	-
6114	22454	3007	259	-
6114	22454	3007	259	-
23317	5938	3007	260	-
20312	4800	3007	260	-
20312	4800	3007	265	-
7782	1633	3007	265	-
23317	5938	3007	265	-
23317	5938	3007	270	-
20312	4800	3007	270	-
16409	19621	3007	272	-
16409	19621	3007	272	-
19350	4657	3007	272	-
16409	19621	3007	272	-
16409	19621	3007	272	-
16409	19621	3007	272	-
19350	4657	3007	272	-
19350	4657	3007	272	-
16409	19621	3007	272	-
16409	19621	3007	272	-
19350	4657	3007	272	-
16409	19621	3007	272	-
16409	19621	3007	272	-
19350	4657	3007	272	-
20312	4800	3007	276	-
23317	5938	3007	276	-
23317	5938	3007	281	-
20312	4800	3007	281	-
20312	4800	3007	286	-
23317	5938	3007	286	-
14270	8452	3007	290	portsweep
7782	15667	3007	290	-
23317	5938	3007	291	-
20312	4800	3007	291	-
17624	9554	3007	292	-
17624	9554	3007	294	-
15737	7782	3007	296	-
15737	7782	3007	296	-
15737	7782	3007	296	-
15737	7782	3007	296	-
15737	7782	3007	296	-
17624	9554	3007	296	-
20312	4800	3007	296	-
23317	5938	3007	296	-
15737	7782	3007	296	-
15737	7782	3007	297	-
15737	7782	3007	297	-
15737	7782	3007	297	-
15737	7782	3007	297	-
15737	7782	3007	297	-
15737	7782	3007	297	-
15737	7782	3007	297	-
15737	7782	3007	297	-
15737	7782	3007	297	-
17624	9554	3007	300	-
20312	4800	3007	301	-
23317	5938	3007	301	-
23317	5938	3007	306	-
20312	4800	3007	306	-
587	18332	21348	310	-
23317	5938	21348	311	-
20312	4800	21348	311	-
20312	4800	21348	316	-
20312	4800	21348	318	-
882	16593	21348	319	-
20312	4800	21348	320	-
20312	4800	21348	325	-
20312	4800	21348	327	-
19350	4657	21348	328	-
19350	4657	21348	328	-
19350	4657	21348	328	-
19350	4657	21348	328	-
19350	4657	21348	328	-
20312	4800	21348	329	-
587	613	21348	333	-
587	613	21348	333	-
587	613	21348	333	-
587	613	21348	333	-
23317	5938	21348	334	-
20312	4800	21348	334	-
587	613	21348	334	-
587	613	21348	334	-
587	613	21348	334	-
587	613	21348	334	-
20312	4800	21348	334	-
23317	5938	21348	335	-
23317	5938	21348	335	-
23317	5938	21348	335	-
23317	5938	21348	335	-
23317	5938	21348	335	-
23317	5938	21348	335	-
4800	9253	21348	339	-
20312	4800	21348	340	-
23317	5938	21348	340	-
20312	4800	21348	345	-
23317	5938	21348	345	-
3957	15394	21348	346	-
6114	22454	21348	349	-
19350	14589	21348	349	-
20312	4800	21348	350	-
23317	5938	21348	350	-
15737	7782	21348	350	-
21708	20312	21348	352	-
14270	8452	21348	354	portsweep
3611	15667	21348	354	-
20312	4800	21348	355	-
23317	5938	21348	355	-
6114	21548	21348	355	-
17624	2843	21348	356	-
587	613	21348	358	-
17624	2843	21348	358	-
20312	4800	21348	360	-
23317	5938	21348	360	-
17624	2843	21348	360	-
17624	2843	21348	363	-
20312	4800	21348	365	-
23317	5938	21348	365	-
20312	4800	16926	370	-
23317	5938	16926	370	-
6114	22454	16926	371	-
20312	4800	16926	375	-
23317	5938	16926	375	-
20312	4800	16926	380	-
23317	5938	16926	381	-
20312	4800	16926	386	-
23317	5938	16926	386	-
20312	4800	16926	391	-
23317	5938	16926	391	-
19350	1469	16926	395	-
20312	4800	16926	396	-
23317	5938	16926	396	-
20312	4800	16926	401	-
23317	5938	16926	401	-
20312	4800	16926	406	-
20312	4800	16926	408	-
20312	4800	16926	410	-
14270	8452	16926	412	portsweep
20312	4800	16926	415	-
19350	1469	16926	415	-
20312	4800	16926	417	-
20312	4800	16926	419	-
15737	12540	16926	423	-
15737	12540	16926	423	-
10429	21708	16926	423	-
20312	4800	16926	424	-
23317	5938	16926	424	-
23317	5938	16926	425	-
23317	5938	16926	425	-
23317	5938	16926	425	-
23317	5938	16926	425	-
23317	5938	16926	425	-
21708	20312	16926	425	-
23317	5938	16926	425	-
10429	1633	16926	426	-
10429	21708	16926	426	-
587	5862	41944	429	-
23317	5938	41944	430	-
20312	4800	41944	430	-
23317	5938	41944	435	-
20312	4800	41944	435	-
19350	9211	41944	436	-
23317	5938	41944	440	-
16409	19621	41944	440	-
20312	4800	41944	440	-
23317	5938	41944	445	-
21708	12550	41944	445	-
20312	4800	41944	445	-
14270	8452	41944	450	portsweep
4800	9253	41944	452	-
23317	5938	41944	455	-
15737	20952	41944	455	-
20312	4800	41944	455	-
21708	12550	41944	456	-
20312	4800	41944	460	-
23317	5938	41944	460	-
16409	1348	41944	461	-
20312	4800	41944	465	-
23317	5938	41944	465	-
587	4720	41944	467	-
21708	12550	41944	469	-
17624	16531	41944	470	-
23317	5938	41944	471	-
20312	4800	41944	471	-
19350	11270	41944	473	-
16409	19621	41944	474	-
20312	4800	41944	476	-
13993	15667	41944	476	-
23317	5938	41944	476	-
13993	15667	41944	477	-
15737	20952	41944	477	-
3076	23167	41944	478	-
3076	2843	41944	479	-
13993	15667	41944	480	-
587	3247	41944	480	-
23317	5938	41944	481	-
4800	9253	41944	481	-
20312	4800	41944	481	-
13993	15667	41944	482	-
587	3247	41944	483	-
3076	3461	41944	483	-
13993	15667	41944	485	-
13993	15667	41944	485	-
23317	5938	41944	486	-
6114	20961	41944	486	-
20312	4800	41944	486	-
3076	9554	41944	486	-
14270	8452	11895	488	portsweep
20312	4800	11895	491	-
23317	5938	11895	491	-
20312	4800	11895	496	-
20312	4800	11895	498	-
20312	4800	11895	500	-
20312	4800	11895	505	-
20312	4800	11895	507	-
20312	4800	11895	509	-
17624	14437	11895	511	-
23317	5938	11895	514	-
20312	4800	11895	514	-
17624	23167	11895	514	-
23317	5938	11895	515	-
23317	5938	11895	515	-
23317	5938	11895	515	-
23317	5938	11895	515	-
23317	5938	11895	515	-
23317	5938	11895	515	-
19350	12658	11895	516	-
17624	2843	11895	517	-
16409	6775	11895	519	-
23317	5938	11895	520	-
20312	4800	11895	520	-
17624	3461	11895	521	-
21708	12550	11895	522	-
17624	7268	11895	524	-
20312	4800	11895	525	-
23317	5938	11895	525	-
23317	5938	11895	530	-
20312	4800	11895	530	-
16409	1348	11895	532	-
23317	5938	11895	535	-
20312	4800	11895	535	-
23317	5938	11895	540	-
20312	4800	11895	540	-
14270	8452	11895	545	portsweep
23317	5938	11895	546	-
19350	4927	11895	547	-
23317	5938	38724	551	-
20312	4800	38724	551	-
16409	19621	38724	554	-
15737	20952	38724	555	-
20312	4800	38724	556	-
23317	5938	38724	556	-
3611	15667	38724	558	-
587	3247	38724	560	-
23317	5938	38724	561	-
20312	4800	38724	561	-
20312	4800	38724	566	-
23317	5938	38724	566	-
20312	4800	38724	571	-
23317	5938	38724	571	-
19350	17807	38724	575	-
20312	4800	38724	576	-
23317	5938	38724	576	-
23317	5938	38724	581	-
20312	4800	38724	581	-
16409	1348	38724	583	-
20312	4800	38724	586	-
20312	4800	38724	588	-
20312	4800	38724	590	-
20312	4800	38724	595	-
14270	8452	38724	596	portsweep
20312	4800	38724	597	-
20312	4800	38724	599	-
6114	18332	38724	603	-
21708	13741	38724	603	-
20312	4800	38724	604	-
23317	5938	38724	604	-
8048	3611	38724	604	-
8048	3611	38724	604	-
8048	3611	38724	604	-
8048	3611	38724	604	-
8048	3611	38724	604	-
8048	3611	38724	604	-
23317	5938	38724	605	-
23317	5938	38724	605	-
23317	5938	38724	605	-
23317	5938	38724	605	-
23317	5938	38724	605	-
8048	3611	38724	605	-
23317	5938	38724	605	-
23317	5938	40261	610	-
16409	19621	40261	610	-
20312	4800	40261	610	-
16409	19621	40261	611	-
16409	1966	40261	613	-
23317	5938	40261	615	-
20312	4800	40261	615	-
20312	4800	40261	620	-
23317	5938	40261	620	-
23317	5938	40261	625	-
20312	4800	40261	625	-
20312	4800	40261	630	-
23317	5938	40261	630	-
3957	15667	40261	631	-
3957	11900	40261	631	-
16409	1348	40261	632	-
16671	22986	40261	633	-
14270	8452	40261	634	portsweep
23317	5938	40261	635	-
587	17582	40261	635	-
20312	4800	40261	635	-
587	17582	40261	636	-
16671	22986	40261	638	-
16409	1348	40261	639	-
20312	3611	40261	639	-
23317	5938	40261	641	-
20312	4800	40261	641	-
587	8109	40261	645	-
6114	19019	40261	645	-
23317	5938	40261	646	-
20312	4800	40261	646	-
16409	3353	40261	646	-
6114	12550	40261	646	-
6114	20312	40261	648	-
15737	11850	40261	650	-
23317	5938	40261	651	-
6114	20312	40261	651	-
20312	4800	40261	651	-
587	19875	40261	652	-
23317	5938	40261	656	-
20312	4800	40261	656	-
20312	4800	40261	661	-
23317	5938	40261	661	-
16409	16409	40261	663	-
12332	16531	40261	665	-
20312	4800	40261	666	-
23317	5938	40261	666	-
16409	21973	40261	666	-
13993	21708	29292	670	-
6114	20312	29292	671	-
20312	4800	29292	671	-
13993	21708	29292	672	-
14270	8452	29292	672	portsweep
20312	4800	29292	673	-
13993	21708	29292	674	-
20312	4800	29292	675	-
13993	21708	29292	677	-
13993	21708	29292	679	-
20312	4800	29292	680	-
13993	21708	29292	681	-
20312	4800	29292	682	-
13993	21708	29292	684	-
13993	21708	29292	684	-
13993	21708	29292	684	-
13993	21708	29292	684	-
13993	21708	29292	684	-
20312	4800	29292	684	-
13993	21708	29292	684	-
13993	21708	29292	684	-
13993	21708	29292	684	-
882	4981	29292	686	-
10571	2843	29292	687	-
20312	4800	29292	689	-
20312	4800	29292	691	-
21708	13741	29292	693	-
21708	13741	29292	693	-
7215	15667	29292	693	-
23317	5938	29292	694	-
20312	4800	29292	694	-
14547	11900	29292	694	-
7215	1633	29292	694	-
3611	22986	29292	694	-
23317	5938	29292	695	-
23317	5938	29292	695	-
23317	5938	29292	695	-
23317	5938	29292	695	-
23317	5938	29292	695	-
23317	5938	29292	695	-
23317	5938	29292	695	-
20312	4800	29292	695	-
23317	5938	29292	695	-
882	9554	29292	695	-
587	15745	29292	697	-
882	16332	29292	697	-
10571	3297	29292	697	-
3611	15894	29292	698	-
23317	5938	29292	699	-
20312	4800	29292	699	-
3611	11900	29292	702	-
14547	11900	29292	702	-
20312	4800	29292	704	-
23317	5938	29292	704	-
6114	20312	29292	705	-
20312	4800	29292	709	-
23317	5938	29292	709	-
6114	1564	29292	710	-
20312	4800	29292	714	-
23317	5938	29292	714	-
6775	3297	29292	715	-
14270	8452	29292	715	portsweep
6775	16332	29292	715	-
4800	9253	29292	716	-
23317	5938	29292	719	-
20312	4800	29292	719	-
16409	16409	29292	722	-
16409	10169	29292	723	-
20312	4800	29292	724	-
20312	3611	29292	724	-
20312	3611	29292	724	-
23317	5938	29292	724	-
20312	4800	33157	729	-
23317	5938	33157	729	-
21708	13412	33157	731	-
20312	4800	33157	734	-
23317	5938	33157	735	-
882	9554	33157	735	-
23317	5938	33157	740	-
20312	4800	33157	740	-
23317	5938	33157	745	-
20312	4800	33157	745	-
587	8109	33157	746	-
23317	5938	33157	750	-
20312	4800	33157	750	-
20312	4800	33157	755	-
23317	5938	33157	755	-
14270	8452	33157	758	portsweep
19603	3461	33157	758	-
23317	5938	33157	760	-
20312	4800	33157	760	-
4800	9253	33157	761	-
587	8109	33157	761	-
6114	1564	33157	762	-
4800	9253	33157	764	-
20312	4800	33157	765	-
20312	4800	33157	767	-
16409	10169	33157	767	-
20312	4800	33157	769	-
12985	15667	33157	772	-
7215	15894	33157	773	-
7215	19834	33157	773	-
20312	4800	33157	774	-
20367	587	33157	774	-
17624	8452	33157	774	-
20312	4800	33157	776	-
3611	22986	33157	776	-
17624	8452	33157	777	-
20312	4800	33157	778	-
3297	22986	33157	778	-
17624	8452	33157	779	-
3611	21708	33157	779	-
17624	8452	33157	781	-
4800	9253	33157	782	-
6114	20481	33157	783	-
20312	4800	33157	783	-
6114	20481	33157	783	-
17624	8452	33157	784	-
23317	5938	33157	784	-
23317	5938	33157	785	-
23317	5938	33157	785	-
23317	5938	33157	785	-
23317	5938	33157	785	-
23317	5938	33157	785	-
23317	5938	33157	785	-
23317	882	33157	785	-
15394	4800	33157	785	-
3297	13122	33157	785	-
17624	8452	33157	786	-
3297	11900	18675	788	-
17624	8452	18675	790	-
20312	4800	18675	790	-
23317	5938	18675	790	-
17624	8452	18675	790	-
17624	8452	18675	790	-
17624	8452	18675	790	-
17624	8452	18675	790	-
17624	8452	18675	790	-
17624	8452	18675	790	-
17624	8452	18675	790	-
17624	8452	18675	791	-
17624	8452	18675	791	-
17624	8452	18675	791	-
17624	8452	18675	791	-
17624	8452	18675	791	-
17624	8452	18675	791	-
17624	8452	18675	791	-
17624	8452	18675	791	-
16409	16409	18675	793	-
20312	4800	18675	795	-
23317	5938	18675	795	-
19350	14743	18675	795	-
7179	2843	18675	795	-
20312	4800	18675	800	-
23317	5938	18675	800	-
8048	23167	18675	800	-
14270	8452	18675	800	portsweep
8048	2843	18675	800	-
6114	21548	18675	801	-
8048	16531	18675	803	-
23317	5938	18675	805	-
20312	4800	18675	805	-
8048	8452	18675	808	-
8048	9554	18675	808	-
20312	4800	18675	810	-
23317	5938	18675	811	-
23317	5938	18675	816	-
20312	4800	18675	816	-
21708	13412	18675	820	-
23317	5938	18675	821	-
20312	4800	18675	821	-
23317	5938	18675	826	-
20312	4800	18675	826	-
20312	4800	18675	831	-
23317	5938	18675	831	-
6114	5954	18675	833	-
21708	13412	18675	834	-
23317	5938	18675	836	-
20312	4800	18675	836	-
14270	8452	18675	840	portsweep
13993	1633	18675	840	-
20312	4800	18675	841	-
23317	5938	18675	841	-
20312	4800	18675	846	-
23317	5938	18675	846	-
20312	4800	4694	851	-
20312	4800	4694	853	-
20312	4800	4694	855	-
14547	11900	4694	855	-
20312	4800	4694	860	-
20312	4800	4694	862	-
20312	4800	4694	864	-
16671	15894	4694	867	-
10571	2843	4694	868	-
20312	4800	4694	869	-
10571	3297	4694	870	-
20312	3611	4694	870	-
20312	4800	4694	871	-
17624	3297	4694	871	-
20312	4800	4694	874	-
23317	5938	4694	874	-
14547	1633	4694	874	-
20312	3611	4694	874	-
23317	5938	4694	875	-
23317	5938	4694	875	-
23317	5938	4694	875	-
23317	5938	4694	875	-
23317	5938	4694	875	-
23317	5938	4694	875	-
23317	5938	4694	875	-
19350	150	4694	875	-
23317	5938	4694	875	-
16671	11900	4694	875	-
14270	8452	4694	879	portsweep
14547	15667	4694	879	-
17624	3297	4694	881	-
16671	15667	4694	883	-
20312	4800	4694	884	-
23317	5938	4694	884	-
16671	1633	4694	888	-
20312	4800	4694	889	-
23317	5938	4694	889	-
3957	21708	4694	890	-
20367	19350	4694	890	-
8048	3611	4694	890	-
8048	3611	4694	890	-
13993	11900	4694	891	-
20312	4800	4694	894	-
23317	5938	4694	894	-
20312	4800	4694	899	-
23317	5938	4694	899	-
21708	11309	4694	900	-
20312	4800	4694	904	-
23317	5938	4694	904	-
3297	1001	4694	905	-
587	8109	4694	905	-
21708	3374	4694	905	-
16409	18423	4694	905	-
20312	4800	44158	909	-
23317	5938	44158	909	-
8048	3611	44158	910	-
20312	4800	44158	914	-
23317	5938	44158	914	-
14270	8452	44158	918	portsweep
20312	4800	44158	919	-
23317	5938	44158	919	-
12985	21708	44158	920	-
6114	8524	44158	920	-
20312	4800	44158	924	-
23317	5938	44158	924	-
23317	5938	44158	929	-
20312	4800	44158	929	-
16409	19887	44158	932	-
19350	150	44158	933	-
19531	22986	44158	934	-
19531	13122	44158	934	-
23317	5938	44158	935	-
20312	4800	44158	935	-
6114	5954	44158	936	-
19531	19531	44158	936	-
20312	4800	44158	940	-
23317	5938	44158	940	-
3076	14437	44158	943	-
20312	4800	44158	945	-
20312	4800	44158	947	-
587	8109	44158	948	-
20312	4800	44158	949	-
20312	4800	44158	954	-
14270	8452	44158	956	portsweep
20312	3611	44158	957	-
20312	4800	44158	958	-
13993	22986	44158	958	-
20312	4800	44158	963	-
20312	3611	44158	963	-
20312	3611	44158	963	-
20312	3611	44158	963	-
20312	3611	44158	963	-
20312	3611	44158	963	-
20312	3611	44158	963	-
23317	5938	44158	964	-
23317	5938	44158	965	-
23317	5938	44158	965	-
23317	5938	44158	965	-
23317	5938	44158	965	-
23317	5938	44158	965	-
23317	5938	44158	965	-
587	8109	44158	966	-
21708	3374	44158	966	-
6114	4334	9169	968	-
20312	4800	9169	970	-
23317	5938	9169	970	-
20312	4800	9169	975	-
23317	5938	9169	975	-
19350	3374	9169	976	-
20312	4800	9169	980	-
23317	5938	9169	980	-
587	18868	9169	980	-
20312	4800	9169	985	-
23317	5938	9169	985	-
19350	3374	9169	986	-
16409	6466	9169	989	-
20312	4800	9169	990	-
23317	5938	9169	991	-
587	8109	9169	991	-
20312	4800	9169	996	-
23317	5938	9169	996	-
16409	18423	9169	998	-
20312	4800	9169	1001	-
23317	5938	9169	1001	-
3076	14437	9169	1003	-
14270	8452	9169	1003	portsweep
3076	23167	9169	1003	-
17624	3461	9169	1005	-
20312	4800	9169	1006	-
23317	5938	9169	1006	-
3076	3461	9169	1006	-
20312	4800	9169	1011	-
23317	5938	9169	1011	-
3076	2843	9169	1012	-
3076	16593	9169	1013	-
20312	4800	9169	1016	-
23317	5938	9169	1016	-
3076	3461	9169	1018	-
20312	4800	9169	1021	-
23317	5938	9169	1021	-
3076	16332	9169	1021	-
8048	3461	9169	1022	-
3076	9554	9169	1025	-
20312	4800	9169	1026	-
23317	5938	9169	1026	-
20312	4800	46152	1031	-
23317	5938	46152	1031	-
8048	16332	46152	1034	-
20312	4800	46152	1036	-
20312	4800	46152	1038	-
3076	16332	46152	1038	-
20312	4800	46152	1040	-
14270	8452	46152	1045	portsweep
20312	4800	46152	1047	-
20312	4800	46152	1049	-
8048	3611	46152	1051	-
17624	9554	46152	1051	-
16409	15277	46152	1053	-
6775	16593	46152	1053	-
8048	3611	46152	1054	-
23317	5938	46152	1054	-
20312	4800	46152	1054	-
8048	3611	46152	1054	-
8048	3611	46152	1054	-
23317	5938	46152	1055	-
23317	5938	46152	1055	-
23317	5938	46152	1055	-
23317	5938	46152	1055	-
23317	5938	46152	1055	-
23317	5938	46152	1055	-
6775	16531	46152	1055	-
15737	22625	46152	1057	-
6114	17603	46152	1058	-
19531	22986	46152	1058	-
19531	15667	46152	1059	-
23317	5938	46152	1060	-
20312	4800	46152	1060	-
6775	9554	46152	1061	-
19531	21708	46152	1062	-
15737	22625	46152	1064	-
23317	5938	46152	1065	-
20312	4800	46152	1065	-
882	3297	46152	1065	-
587	8109	46152	1068	-
882	3461	46152	1069	-
23317	5938	46152	1070	-
20312	4800	46152	1070	-
16409	3374	46152	1072	-
882	16531	46152	1074	-
20312	4800	46152	1075	-
23317	5938	46152	1075	-
587	8109	46152	1078	-
882	16593	46152	1079	-
23317	5938	46152	1080	-
20312	4800	46152	1080	-
20312	4800	46152	1085	-
19350	3374	46152	1085	-
23317	5938	46152	1085	-
14270	8452	46152	1085	portsweep
3611	22986	46152	1085	-
3611	15894	46152	1086	-
882	16332	46152	1087	-
23317	5938	8613	1090	-
16409	18038	8613	1090	-
20312	4800	8613	1090	-
15737	10577	8613	1090	-
20312	4800	8613	1095	-
587	18868	8613	1095	-
23317	5938	8613	1096	-
6114	4941	8613	1099	-
20312	4800	8613	1101	-
23317	5938	8613	1101	-
15737	10577	8613	1102	-
3957	1633	8613	1105	-
6775	16531	8613	1105	-
20312	4800	8613	1106	-
23317	5938	8613	1106	-
16409	12932	8613	1106	-
11001	15667	8613	1107	-
17624	16593	8613	1109	-
13993	13122	8613	1110	-
17624	16593	8613	1110	-
20312	4800	8613	1111	-
23317	5938	8613	1111	-
13993	13122	8613	1112	-
17624	16593	8613	1113	-
19350	6466	8613	1113	-
13993	13122	8613	1115	-
17624	16593	8613	1115	-
3957	587	8613	1115	-
20312	4800	8613	1116	-
23317	5938	8613	1116	-
13993	13122	8613	1117	-
17624	16593	8613	1118	-
15737	22688	8613	1118	-
17624	16593	8613	1118	-
13993	13122	8613	1119	-
20312	4800	8613	1121	-
23317	5938	8613	1121	-
13993	13122	8613	1121	-
14270	8452	8613	1124	portsweep
13993	13122	8613	1124	-
13993	13122	8613	1124	-
13993	13122	8613	1124	-
13993	13122	8613	1124	-
13993	13122	8613	1124	-
13993	13122	8613	1124	-
13993	13122	8613	1124	-
13993	13122	8613	1124	-
13993	13122	8613	1124	-
13993	13122	8613	1124	-
13993	13122	8613	1125	-
13993	13122	8613	1125	-
13993	13122	8613	1125	-
13993	13122	8613	1125	-
13993	13122	8613	1125	-
13993	13122	8613	1125	-
13993	13122	8613	1125	-
13993	13122	8613	1125	-
20312	4800	8613	1126	-
20312	4800	8613	1128	-
20312	4800	8613	1130	-
12985	1633	8613	1134	-
20312	4800	8613	1135	-
20312	4800	8613	1137	-
882	3297	8613	1138	-
20312	4800	8613	1139	-
587	18868	8613	1140	-
6775	14437	8613	1142	-
16409	7151	8613	1143	-
16409	7151	8613	1143	-
20312	4800	8613	1144	-
23317	5938	8613	1144	-
20312	4800	8613	1144	-
23317	5938	8613	1145	-
23317	5938	8613	1145	-
23317	5938	8613	1145	-
23317	5938	8613	1145	-
23317	5938	8613	1145	-
23317	5938	8613	1145	-
17624	3611	8613	1147	-
17624	3611	8613	1147	-
17624	3611	8613	1147	-
20312	4800	12251	1150	-
23317	5938	12251	1150	-
6114	445	12251	1150	-
20312	3611	12251	1151	-
20312	3611	12251	1151	-
20312	3611	12251	1151	-
20312	3611	12251	1151	-
20312	3611	12251	1151	-
20312	3611	12251	1151	-
20312	3611	12251	1151	-
7179	8452	12251	1153	-
16671	22986	12251	1154	-
20312	4800	12251	1155	-
23317	5938	12251	1155	-
19531	22986	12251	1155	-
19350	15133	12251	1158	-
19531	13122	12251	1158	-
20312	4800	12251	1160	-
23317	5938	12251	1160	-
23317	5938	12251	1165	-
20312	4800	12251	1165	-
20312	4800	12251	1170	-
23317	5938	12251	1170	-
19350	20752	12251	1171	-
16409	12932	12251	1175	-
20312	4800	12251	1176	-
23317	5938	12251	1176	-
14270	8452	12251	1177	portsweep
882	14437	12251	1177	-
882	16332	12251	1178	-
20312	4800	12251	1181	-
23317	5938	12251	1181	-
20312	4800	12251	1186	-
23317	5938	12251	1186	-
20312	4800	12251	1191	-
23317	5938	12251	1191	-
8048	3611	12251	1193	-
8048	3611	12251	1193	-
8048	3611	12251	1193	-
8048	3611	12251	1193	-
8048	3611	12251	1193	-
8048	3611	12251	1193	-
8048	3611	12251	1193	-
20312	4800	12251	1196	-
23317	5938	12251	1196	-
13993	22986	12251	1198	-
6114	12325	12251	1199	-
13993	13122	12251	1199	-
20312	4800	12251	1201	-
23317	5938	12251	1201	-
16409	12932	12251	1201	-
13993	15667	12251	1201	-
20312	4800	12251	1206	-
23317	5938	12251	1206	-
20312	4800	10939	1211	-
20312	4800	10939	1213	-
20312	4800	10939	1215	-
20312	4800	10939	1220	-
20312	4800	10939	1222	-
20312	4800	10939	1224	-
20312	4800	10939	1230	-
20312	4800	10939	1232	-
6114	15416	10939	1233	-
15737	5592	10939	1233	-
6114	15416	10939	1233	-
15737	5592	10939	1233	-
14270	8452	10939	1233	portsweep
20312	4800	10939	1234	-
23317	5938	10939	1234	-
23317	5938	10939	1235	-
23317	5938	10939	1235	-
23317	5938	10939	1235	-
23317	5938	10939	1235	-
23317	5938	10939	1235	-
23317	5938	10939	1235	-
23317	5938	10939	1235	-
23317	5938	10939	1235	-
20312	4800	10939	1239	-
23317	5938	10939	1239	-
16409	7151	10939	1240	-
587	8109	10939	1242	-
20312	4800	10939	1244	-
23317	5938	10939	1244	-
7179	23167	10939	1247	-
7179	3461	10939	1247	-
20312	4800	10939	1249	-
23317	5938	10939	1249	-
16409	12932	10939	1250	-
7179	16332	10939	1251	-
20312	4800	10939	1254	-
23317	5938	10939	1254	-
6114	5954	10939	1255	-
20312	4800	10939	1259	-
23317	5938	10939	1259	-
20312	4800	10939	1264	-
23317	5938	10939	1264	-
6114	4786	10939	1264	-
6114	4125	46327	1268	-
20312	4800	46327	1269	-
23317	5938	46327	1269	-
8048	3611	46327	1273	-
14270	8452	46327	1273	portsweep
8048	3611	46327	1273	-
20312	4800	46327	1274	-
23317	5938	46327	1274	-
15737	19339	46327	1276	-
20312	4800	46327	1279	-
23317	5938	46327	1279	-
587	9538	46327	1280	-
16409	18219	46327	1280	-
20312	4800	46327	1284	-
23317	5938	46327	1284	-
20312	4800	46327	1289	-
23317	5938	46327	1289	-
16409	4340	46327	1290	-
20312	4800	46327	1294	-
23317	5938	46327	1295	-
6775	16593	46327	1297	-
6775	16531	46327	1298	-
23317	5938	46327	1300	-
20312	4800	46327	1300	-
6775	8452	46327	1301	-
20312	4800	46327	1305	-
20312	4800	46327	1307	-
20312	4800	46327	1309	-
20312	4800	46327	1314	-
20312	4800	46327	1316	-
20312	4800	46327	1318	-
19350	20752	46327	1323	-
20312	4800	46327	1323	-
19350	20752	46327	1323	-
23317	5938	46327	1324	-
23317	5938	46327	1325	-
23317	5938	46327	1325	-
23317	5938	46327	1325	-
20312	4800	46327	1325	-
23317	5938	46327	1325	-
23317	5938	46327	1325	-
23317	5938	46327	1325	-
23317	5938	46327	1325	-
16409	13751	46327	1326	-
16409	7913	46327	1326	-
4800	13741	9278	1329	-
23317	5938	9278	1330	-
587	8109	9278	1330	-
20312	4800	9278	1330	-
23317	5938	9278	1335	-
6114	14872	9278	1335	-
20312	4800	9278	1335	-
14270	8452	9278	1340	portsweep
4800	13936	9278	1344	-
23317	5938	9278	1345	-
20312	4800	9278	1345	-
23317	5938	9278	1350	-
20312	4800	9278	1350	-
23317	5938	9278	1355	-
20312	4800	9278	1355	-
6114	16806	9278	1357	-
15737	19339	9278	1359	-
20312	4800	9278	1360	-
23317	5938	9278	1361	-
6114	14872	9278	1365	-
20312	4800	9278	1366	-
23317	5938	9278	1366	-
3957	15394	9278	1370	-
23317	5938	9278	1371	-
20312	4800	9278	1371	-
23317	5938	9278	1376	-
6114	12436	9278	1376	-
20312	4800	9278	1376	-
14270	8452	9278	1378	portsweep
20312	4800	9278	1381	-
23317	5938	9278	1381	-
23317	882	9278	1385	-
15394	4800	9278	1385	-
20312	4800	9278	1386	-
23317	5938	9278	1386	-
19350	20752	18287	1390	-
20312	4800	18287	1391	-
23317	5938	18287	1391	-
20312	4800	18287	1396	-
20312	4800	18287	1398	-
20312	4800	18287	1400	-
20312	4800	18287	1405	-
20312	4800	18287	1407	-
20312	4800	18287	1409	-
20312	3611	18287	1411	-
6114	12436	18287	1413	-
4800	13741	18287	1413	-
6114	12436	18287	1413	-
4800	13741	18287	1413	-
16409	4340	18287	1413	-
16409	4340	18287	1413	-
21708	13741	18287	1413	-
17624	3611	18287	1413	-
20312	3611	18287	1414	-
23317	5938	18287	1414	-
20312	3611	18287	1414	-
20312	3611	18287	1414	-
20312	4800	18287	1414	-
20312	3611	18287	1414	-
20312	3611	18287	1414	-
20312	3611	18287	1414	-
23317	5938	18287	1415	-
23317	5938	18287	1415	-
23317	5938	18287	1415	-
23317	5938	18287	1415	-
23317	5938	18287	1415	-
23317	5938	18287	1415	-
6114	12436	18287	1416	-
21708	13741	18287	1418	-
6114	16806	18287	1419	-
23317	5938	18287	1420	-
20312	4800	18287	1420	-
23317	5938	18287	1425	-
20312	4800	18287	1425	-
23317	5938	18287	1430	-
20312	4800	18287	1430	-
20312	4800	18287	1435	-
14270	8452	18287	1435	portsweep
23317	5938	18287	1435	-
3076	16531	18287	1435	-
20312	4800	18287	1440	-
23317	5938	18287	1440	-
13993	22986	18287	1441	-
13993	22986	18287	1443	-
8048	3611	18287	1444	-
8048	3611	18287	1444	-
20312	4800	18287	1445	-
13993	22986	18287	1445	-
23317	5938	18287	1445	-
13993	22986	18287	1447	-
23317	5938	37109	1450	-
20312	4800	37109	1450	-
13993	22986	37109	1451	-
13993	22986	37109	1451	-
23317	5938	37109	1456	-
20312	4800	37109	1456	-
10571	3461	37109	1457	-
4800	3801	37109	1459	-
15737	19459	37109	1460	-
23317	5938	37109	1461	-
20312	4800	37109	1461	-
4800	1215	37109	1462	-
7782	5938	37109	1464	-
20312	4800	37109	1466	-
23317	5938	37109	1466	-
23317	5938	37109	1471	-
20312	4800	37109	1471	-
16409	15153	37109	1474	-
23317	5938	37109	1476	-
20312	4800	37109	1476	-
6114	3128	37109	1477	-
21708	13936	37109	1478	-
20312	4800	37109	1481	-
23317	5938	37109	1481	-
20312	4800	37109	1486	-
20312	4800	37109	1488	-
20312	4800	37109	1490	-
20312	4800	37109	1495	-
20312	4800	37109	1497	-
20312	4800	37109	1499	-
4800	1215	37109	1502	-
14270	8452	37109	1502	portsweep
21708	13412	37109	1503	-
21708	13412	37109	1503	-
16409	19015	37109	1504	-
16409	19015	37109	1504	-
20312	4800	37109	1504	-
23317	5938	37109	1505	-
23317	5938	37109	1505	-
23317	5938	37109	1505	-
23317	5938	37109	1505	-
23317	5938	37109	1505	-
23317	5938	37109	1505	-
20312	4800	37109	1505	-
23317	5938	37109	1505	-
16409	2973	37109	1507	-
20312	4800	24970	1510	-
23317	5938	24970	1510	-
6114	3128	24970	1512	-
20312	4800	24970	1515	-
23317	5938	24970	1515	-
20312	4800	24970	1520	-
17624	14437	24970	1520	-
23317	5938	24970	1520	-
17624	23167	24970	1520	-
17624	2843	24970	1524	-
23317	5938	24970	1525	-
20312	4800	24970	1525	-
587	19325	24970	1528	-
23317	5938	24970	1531	-
20312	4800	24970	1531	-
23317	5938	24970	1536	-
20312	4800	24970	1536	-
23317	5938	24970	1541	-
20312	4800	24970	1541	-
16409	18219	24970	1543	-
20312	4800	24970	1546	-
23317	5938	24970	1546	-
14270	8452	24970	1549	portsweep
20312	3611	24970	1549	-
20312	3611	24970	1550	-
20312	3611	24970	1550	-
20312	3611	24970	1550	-
20312	3611	24970	1550	-
21708	13412	24970	1550	-
20312	3611	24970	1550	-
20312	3611	24970	1550	-
20312	4800	24970	1551	-
23317	5938	24970	1551	-
20312	4800	24970	1556	-
23317	5938	24970	1556	-
20312	4800	24970	1561	-
23317	5938	24970	1561	-
587	19325	24970	1564	-
19350	20752	24970	1566	-
23317	5938	24970	1566	-
20312	4800	24970	1566	-
19531	1633	24970	1567	-
19531	22986	8053	1570	-
19531	1633	8053	1570	-
20312	4800	8053	1571	-
23317	5938	8053	1571	-
20312	4800	8053	1576	-
20312	4800	8053	1578	-
20312	4800	8053	1580	-
20312	4800	8053	1585	-
20312	4800	8053	1587	-
20312	4800	8053	1589	-
21708	13412	8053	1593	-
21708	13412	8053	1593	-
6114	3128	8053	1593	-
14270	8452	8053	1593	portsweep
17624	3611	8053	1593	-
17624	3611	8053	1594	-
23317	5938	8053	1594	-
20312	4800	8053	1594	-
23317	5938	8053	1595	-
23317	5938	8053	1595	-
23317	5938	8053	1595	-
23317	5938	8053	1595	-
23317	5938	8053	1595	-
23317	5938	8053	1595	-
21708	13412	8053	1596	-
6114	14384	8053	1598	-
20312	4800	8053	1600	-
23317	5938	8053	1600	-
17624	3611	8053	1603	-
17624	3611	8053	1603	-
20312	4800	8053	1605	-
23317	5938	8053	1605	-
20312	4800	8053	1610	-
23317	5938	8053	1610	-
21708	1215	8053	1614	-
20312	4800	8053	1615	-
23317	5938	8053	1615	-
20312	16593	8053	1615	-
20312	4800	8053	1620	-
23317	5938	8053	1620	-
15737	1613	8053	1621	-
15737	1613	8053	1624	-
6114	14384	8053	1624	-
20312	4800	8053	1625	-
23317	5938	8053	1625	-
16409	19015	8053	1626	-
8048	3611	6176	1628	-
20312	4800	6176	1630	-
23317	5938	6176	1630	-
14270	8452	6176	1632	portsweep
20312	4800	6176	1635	-
23317	5938	6176	1635	-
23317	5938	6176	1641	-
20312	4800	6176	1641	-
17624	3611	6176	1644	-
23317	5938	6176	1646	-
20312	4800	6176	1646	-
6775	16593	6176	1647	-
23317	5938	6176	1651	-
20312	4800	6176	1651	-
16409	22285	6176	1652	-
15737	17429	6176	1653	-
3297	11900	6176	1654	-
3297	15667	6176	1655	-
20312	4800	6176	1656	-
23317	5938	6176	1656	-
23317	5938	6176	1661	-
6114	3128	6176	1661	-
20312	4800	6176	1661	-
20312	4800	6176	1666	-
20312	4800	6176	1668	-
20312	4800	6176	1670	-
20312	4800	6176	1675	-
6114	3128	6176	1676	-
20312	4800	6176	1677	-
20312	4800	6176	1679	-
20312	4800	6176	1684	-
23317	5938	6176	1684	-
23317	5938	6176	1685	-
23317	5938	6176	1685	-
23317	5938	6176	1685	-
23317	5938	6176	1685	-
23317	5938	6176	1685	-
23317	5938	6176	1685	-
23317	5938	31820	1690	-
20312	4800	31820	1690	-
14270	8452	31820	1693	portsweep
19531	15667	31820	1693	-
23317	5938	31820	1695	-
20312	4800	31820	1695	-
20312	4800	31820	1700	-
23317	5938	31820	1700	-
20312	4800	31820	1705	-
23317	5938	31820	1705	-
3957	22986	31820	1708	-
19350	20752	31820	1709	-
23317	5938	31820	1710	-
20312	4800	31820	1710	-
21708	1215	31820	1713	-
23317	5938	31820	1716	-
20312	4800	31820	1716	-
20312	4800	31820	1721	-
23317	5938	31820	1721	-
17624	3611	31820	1725	-
17624	3611	31820	1725	-
17624	3611	31820	1725	-
17624	3611	31820	1725	-
17624	3611	31820	1725	-
17624	3611	31820	1725	-
17624	3611	31820	1725	-
23317	5938	31820	1726	-
20312	4800	31820	1726	-
19350	20752	31820	1730	-
14270	8452	31820	1731	portsweep
16409	16142	31820	1732	-
20312	3611	31820	1736	-
20312	4800	31820	1736	-
23317	5938	31820	1736	-
20312	3611	31820	1736	-
20312	3611	31820	1736	-
20312	3611	31820	1736	-
20312	3611	31820	1736	-
20312	3611	31820	1736	-
20312	3611	31820	1736	-
23317	5938	31820	1741	-
20312	4800	31820	1741	-
23317	5938	31820	1746	-
20312	4800	31820	1746	-
19350	3039	31820	1747	-
13993	15667	9269	1750	-
13993	1633	9269	1750	-
20312	4800	9269	1751	-
20312	4800	9269	1753	-
20312	4800	9269	1755	-
20312	4800	9269	1760	-
20312	4800	9269	1762	-
20312	4800	9269	1764	-
20312	4800	9269	1769	-
20312	4800	9269	1771	-
20312	4800	9269	1773	-
23317	5938	9269	1774	-
3957	15894	9269	1774	-
23317	5938	9269	1775	-
23317	5938	9269	1775	-
23317	5938	9269	1775	-
23317	5938	9269	1775	-
23317	5938	9269	1775	-
23317	5938	9269	1775	-
23317	5938	9269	1775	-
23317	5938	9269	1775	-
20312	4800	9269	1778	-
23317	5938	9269	1778	-
19350	20027	9269	1779	-
20312	4800	9269	1784	-
23317	5938	9269	1784	-
8048	16531	9269	1785	-
14270	8452	9269	1785	portsweep
20312	4800	9269	1789	-
23317	5938	9269	1789	-
20367	19350	9269	1792	-
20312	4800	9269	1794	-
23317	5938	9269	1794	-
20312	4800	9269	1799	-
23317	5938	9269	1799	-
