5376	4800	4982	0	snmpgetattack
23317	12431	4982	0	snmpgetattack
20312	4800	4982	0	-
23317	5938	4982	0	-
5376	4800	18209	5	snmpgetattack
23317	12431	18209	5	snmpgetattack
20312	4800	18209	5	-
23317	5938	18209	5	-
5376	4800	18209	10	snmpgetattack
23317	12431	18209	10	snmpgetattack
20312	4800	18209	10	-
23317	5938	18209	10	-
5376	4800	18209	15	snmpgetattack
23317	12431	18209	15	snmpgetattack
20312	4800	18209	15	-
23317	5938	18209	15	-
5376	4800	18209	20	snmpgetattack
23317	12431	18209	20	snmpgetattack
20312	4800	18209	20	-
23317	5938	18209	20	-
5376	4800	18209	25	snmpgetattack
23317	12431	18209	25	snmpgetattack
20312	4800	18209	25	-
23317	5938	18209	25	-
5376	4800	18209	30	snmpgetattack
23317	12431	18209	30	snmpgetattack
20312	4800	18209	30	-
23317	5938	18209	30	-
5376	4800	18209	35	snmpgetattack
23317	12431	18209	35	snmpgetattack
20312	4800	18209	35	-
23317	5938	18209	35	-
5376	4800	18209	40	snmpgetattack
23317	12431	18209	40	snmpgetattack
20312	4800	18209	40	-
23317	5938	18209	40	-
5376	4800	18209	45	snmpgetattack
23317	12431	18209	45	snmpgetattack
20312	4800	18209	45	-
23317	5938	18209	45	-
5376	4800	18209	50	snmpgetattack
23317	12431	18209	50	snmpgetattack
20312	4800	18209	50	-
23317	5938	18209	50	-
5376	4800	18209	55	snmpgetattack
23317	12431	18209	55	snmpgetattack
20312	4800	18209	56	-
23317	5938	18209	56	-
5376	4800	18209	60	snmpgetattack
23317	12431	18209	60	snmpgetattack
20312	4800	18209	61	-
23317	5938	18209	61	-
5376	4800	35293	65	snmpgetattack
23317	12431	35293	65	snmpgetattack
20312	4800	35293	66	-
23317	5938	35293	66	-
5376	4800	35293	70	snmpgetattack
23317	12431	35293	70	snmpgetattack
20312	4800	35293	71	-
23317	5938	35293	71	-
5376	4800	35293	75	snmpgetattack
23317	12431	35293	75	snmpgetattack
20312	4800	35293	76	-
23317	5938	35293	76	-
5376	4800	35293	80	snmpgetattack
23317	12431	35293	80	snmpgetattack
20312	4800	35293	81	-
23317	5938	35293	81	-
5376	4800	35293	85	snmpgetattack
23317	12431	35293	85	snmpgetattack
20312	4800	35293	86	-
23317	5938	35293	86	-
23317	12431	35293	90	snmpgetattack
5376	4800	35293	90	snmpgetattack
20312	4800	35293	91	-
23317	5938	35293	91	-
5376	4800	35293	95	snmpgetattack
23317	12431	35293	95	snmpgetattack
20312	4800	35293	96	-
23317	5938	35293	96	-
5376	4800	35293	100	snmpgetattack
23317	12431	35293	100	snmpgetattack
20312	4800	35293	101	-
23317	5938	35293	101	-
5376	4800	35293	105	snmpgetattack
23317	12431	35293	105	snmpgetattack
20312	4800	35293	106	-
23317	5938	35293	106	-
5376	4800	35293	110	snmpgetattack
23317	12431	35293	110	snmpgetattack
20312	4800	35293	111	-
23317	5938	35293	111	-
5376	4800	35293	115	snmpgetattack
23317	12431	35293	115	snmpgetattack
20312	4800	35293	116	-
23317	5938	35293	116	-
5376	4800	35293	121	snmpgetattack
23317	12431	35293	121	snmpgetattack
20312	4800	35293	121	-
23317	5938	35293	121	-
5376	4800	2060	126	snmpgetattack
23317	12431	2060	126	snmpgetattack
20312	4800	2060	126	-
23317	5938	2060	126	-
5376	4800	2060	131	snmpgetattack
23317	12431	2060	131	snmpgetattack
20312	4800	2060	131	-
23317	5938	2060	131	-
5376	4800	2060	136	snmpgetattack
23317	12431	2060	136	snmpgetattack
20312	4800	2060	136	-
23317	5938	2060	136	-
5376	4800	2060	141	snmpgetattack
23317	12431	2060	141	snmpgetattack
20312	4800	2060	141	-
23317	5938	2060	141	-
5376	4800	2060	146	snmpgetattack
23317	12431	2060	146	snmpgetattack
20312	4800	2060	146	-
23317	5938	2060	146	-
5376	4800	2060	151	snmpgetattack
23317	12431	2060	151	snmpgetattack
20312	4800	2060	151	-
23317	5938	2060	151	-
5376	4800	2060	156	snmpgetattack
23317	12431	2060	156	snmpgetattack
20312	4800	2060	156	-
23317	5938	2060	156	-
5376	4800	2060	161	snmpgetattack
23317	12431	2060	161	snmpgetattack
20312	4800	2060	161	-
23317	5938	2060	161	-
18601	8452	2060	162	warez
12985	12751	2060	163	warez
12985	12751	2060	163	warez
5376	4800	2060	166	snmpgetattack
23317	12431	2060	166	snmpgetattack
20312	4800	2060	166	-
23317	5938	2060	166	-
17923	15394	2060	167	-
17923	15394	2060	167	-
20367	587	2060	167	-
17923	15394	2060	167	-
17923	15394	2060	167	-
17923	15394	2060	167	-
17923	15394	2060	167	-
17923	15394	2060	167	-
17923	15394	2060	167	-
17923	15394	2060	167	-
17923	15394	2060	167	-
17923	15394	2060	167	-
17923	15394	2060	167	-
17923	15394	2060	167	-
17923	15394	2060	167	-
17923	15394	2060	167	-
17923	15394	2060	167	-
17923	15394	2060	167	-
17923	15394	2060	167	-
17923	15394	2060	167	-
17923	15394	2060	167	-
17923	15394	2060	167	-
17923	15394	2060	167	-
17923	15394	2060	167	-
17923	15394	2060	167	-
17923	15394	2060	167	-
17923	15394	2060	167	-
17923	15394	2060	167	-
17923	15394	2060	167	-
17923	15394	2060	167	-
17923	15394	2060	167	-
17923	15394	2060	167	-
17923	15394	2060	167	-
17923	15394	2060	167	-
17923	15394	2060	167	-
17923	15394	2060	167	-
17923	15394	2060	167	-
17923	15394	2060	167	-
17923	15394	2060	167	-
17923	15394	2060	167	-
17923	15394	2060	167	-
17923	15394	2060	167	-
17923	15394	2060	167	-
17923	15394	2060	167	-
17923	15394	2060	167	-
17923	15394	2060	167	-
17923	15394	2060	167	-
17923	15394	2060	167	-
17923	15394	2060	167	-
17923	15394	2060	167	-
17923	15394	2060	167	-
17923	15394	2060	167	-
17923	15394	2060	167	-
17923	15394	2060	167	-
17923	15394	2060	167	-
17923	15394	2060	167	-
17923	15394	2060	167	-
17923	15394	2060	167	-
17923	15394	2060	167	-
17923	15394	2060	167	-
17923	15394	2060	168	-
17923	15394	2060	168	-
17923	15394	2060	168	-
17923	15394	2060	168	-
17923	15394	2060	168	-
17923	15394	2060	168	-
17923	15394	2060	168	-
17923	15394	2060	168	-
17923	15394	2060	168	-
17923	15394	2060	168	-
17923	15394	2060	168	-
17923	15394	2060	168	-
17923	15394	2060	168	-
17923	15394	2060	168	-
17923	15394	2060	168	-
17923	15394	2060	168	-
17923	15394	2060	168	-
17923	15394	2060	168	-
17923	15394	2060	168	-
17923	15394	2060	168	-
5376	4800	2060	171	snmpgetattack
20312	4800	2060	171	-
23317	12431	2060	171	snmpgetattack
23317	5938	2060	171	-
17923	15394	2060	173	-
17923	15394	2060	173	-
23317	5938	2060	176	-
23317	12431	2060	176	snmpgetattack
5376	4800	2060	176	snmpgetattack
20312	4800	2060	176	-
17923	15394	2060	178	-
17923	15394	2060	178	-
17923	15394	2060	178	-
17923	15394	2060	178	-
17923	15394	2060	178	-
17923	15394	2060	178	-
17923	15394	2060	178	-
17923	15394	2060	178	-
17923	15394	2060	178	-
17923	15394	2060	178	-
17923	15394	2060	178	-
17923	15394	2060	178	-
17923	15394	2060	178	-
17923	15394	2060	178	-
17923	15394	2060	178	-
17923	15394	2060	178	-
17923	15394	2060	178	-
17923	15394	2060	178	-
17923	15394	2060	178	-
17923	15394	2060	178	-
17923	15394	2060	178	-
17923	15394	2060	178	-
17923	15394	2060	178	-
17923	15394	2060	178	-
17923	15394	2060	178	-
17923	15394	2060	178	-
17923	15394	2060	178	-
17923	15394	2060	178	-
17923	15394	2060	178	-
17923	15394	2060	178	-
17923	15394	2060	178	-
17923	15394	2060	178	-
17923	15394	2060	178	-
17923	15394	2060	178	-
17923	15394	2060	178	-
17923	15394	2060	178	-
17923	15394	2060	178	-
17923	15394	2060	178	-
17923	15394	2060	178	-
17923	15394	2060	178	-
17923	15394	2060	178	-
17923	15394	2060	178	-
17923	15394	2060	178	-
17923	15394	2060	178	-
17923	15394	2060	178	-
17923	15394	2060	178	-
17923	15394	2060	178	-
17923	15394	2060	178	-
17923	15394	2060	178	-
17923	15394	2060	178	-
17923	15394	2060	178	-
17923	15394	2060	178	-
17923	15394	2060	178	-
17923	15394	2060	178	-
17923	15394	2060	178	-
17923	15394	2060	178	-
17923	15394	2060	178	-
17923	15394	2060	178	-
17923	15394	2060	178	-
17923	15394	2060	178	-
17923	15394	2060	178	-
17923	15394	2060	178	-
17923	15394	2060	178	-
17923	15394	2060	178	-
17923	15394	2060	178	-
17923	15394	2060	178	-
17923	15394	2060	178	-
17923	15394	2060	178	-
17923	15394	2060	178	-
17923	15394	2060	178	-
17923	15394	2060	178	-
17923	15394	2060	178	-
17923	15394	2060	178	-
17923	15394	2060	178	-
17923	15394	2060	178	-
17923	15394	2060	178	-
17923	15394	2060	178	-
17923	15394	2060	178	-
17923	15394	2060	178	-
17923	15394	2060	178	-
23317	12431	2060	181	snmpgetattack
5376	4800	2060	181	snmpgetattack
23317	5938	2060	182	-
20312	4800	2060	182	-
17923	15394	2060	183	-
17923	15394	2060	183	-
23317	12431	33332	186	snmpgetattack
5376	4800	33332	186	snmpgetattack
20312	4800	33332	187	-
23317	5938	33332	187	-
17923	15394	33332	188	-
17923	15394	33332	188	-
17923	15394	33332	188	-
17923	15394	33332	188	-
17923	15394	33332	188	-
17923	15394	33332	188	-
17923	15394	33332	188	-
17923	15394	33332	188	-
17923	15394	33332	188	-
17923	15394	33332	188	-
17923	15394	33332	188	-
17923	15394	33332	188	-
17923	15394	33332	188	-
17923	15394	33332	188	-
17923	15394	33332	188	-
17923	15394	33332	188	-
17923	15394	33332	188	-
17923	15394	33332	188	-
17923	15394	33332	188	-
17923	15394	33332	188	-
17923	15394	33332	188	-
17923	15394	33332	188	-
17923	15394	33332	188	-
17923	15394	33332	188	-
17923	15394	33332	188	-
17923	15394	33332	188	-
17923	15394	33332	188	-
17923	15394	33332	188	-
17923	15394	33332	188	-
17923	15394	33332	188	-
17923	15394	33332	188	-
17923	15394	33332	188	-
17923	15394	33332	188	-
17923	15394	33332	188	-
17923	15394	33332	188	-
17923	15394	33332	189	-
17923	15394	33332	189	-
17923	15394	33332	189	-
17923	15394	33332	189	-
17923	15394	33332	189	-
17923	15394	33332	189	-
17923	15394	33332	189	-
17923	15394	33332	189	-
17923	15394	33332	189	-
17923	15394	33332	189	-
17923	15394	33332	189	-
17923	15394	33332	189	-
17923	15394	33332	189	-
17923	15394	33332	189	-
17923	15394	33332	189	-
17923	15394	33332	189	-
17923	15394	33332	189	-
17923	15394	33332	189	-
17923	15394	33332	189	-
17923	15394	33332	189	-
17923	15394	33332	189	-
17923	15394	33332	189	-
17923	15394	33332	189	-
17923	15394	33332	189	-
17923	15394	33332	189	-
17923	15394	33332	189	-
17923	15394	33332	189	-
17923	15394	33332	189	-
17923	15394	33332	189	-
17923	15394	33332	189	-
17923	15394	33332	189	-
17923	15394	33332	189	-
17923	15394	33332	189	-
17923	15394	33332	189	-
17923	15394	33332	189	-
17923	15394	33332	189	-
17923	15394	33332	189	-
17923	15394	33332	189	-
17923	15394	33332	189	-
17923	15394	33332	189	-
17923	15394	33332	189	-
17923	15394	33332	189	-
17923	15394	33332	189	-
17923	15394	33332	189	-
17923	15394	33332	189	-
17923	15394	33332	189	-
23317	12431	33332	191	snmpgetattack
5376	4800	33332	191	snmpgetattack
23317	5938	33332	192	-
20312	4800	33332	192	-
17923	15394	33332	194	-
17923	15394	33332	194	-
23317	12431	33332	196	snmpgetattack
5376	4800	33332	196	snmpgetattack
23317	5938	33332	197	-
20312	4800	33332	197	-
17923	15394	33332	199	-
17923	15394	33332	199	-
17923	15394	33332	199	-
17923	15394	33332	199	-
17923	15394	33332	199	-
17923	15394	33332	199	-
17923	15394	33332	199	-
17923	15394	33332	199	-
17923	15394	33332	199	-
17923	15394	33332	199	-
17923	15394	33332	199	-
17923	15394	33332	199	-
17923	15394	33332	199	-
17923	15394	33332	199	-
17923	15394	33332	199	-
17923	15394	33332	199	-
17923	15394	33332	199	-
17923	15394	33332	199	-
17923	15394	33332	199	-
17923	15394	33332	199	-
17923	15394	33332	199	-
17923	15394	33332	199	-
17923	15394	33332	199	-
17923	15394	33332	199	-
17923	15394	33332	199	-
17923	15394	33332	199	-
17923	15394	33332	199	-
17923	15394	33332	199	-
17923	15394	33332	199	-
17923	15394	33332	199	-
17923	15394	33332	199	-
17923	15394	33332	199	-
17923	15394	33332	199	-
17923	15394	33332	199	-
17923	15394	33332	199	-
17923	15394	33332	199	-
17923	15394	33332	199	-
17923	15394	33332	199	-
17923	15394	33332	199	-
17923	15394	33332	199	-
17923	15394	33332	199	-
17923	15394	33332	199	-
17923	15394	33332	199	-
17923	15394	33332	199	-
17923	15394	33332	199	-
17923	15394	33332	199	-
17923	15394	33332	199	-
17923	15394	33332	199	-
17923	15394	33332	199	-
17923	15394	33332	199	-
17923	15394	33332	199	-
17923	15394	33332	199	-
17923	15394	33332	199	-
17923	15394	33332	199	-
17923	15394	33332	199	-
17923	15394	33332	199	-
17923	15394	33332	199	-
17923	15394	33332	199	-
17923	15394	33332	199	-
17923	15394	33332	199	-
17923	15394	33332	199	-
17923	15394	33332	199	-
17923	15394	33332	199	-
17923	15394	33332	199	-
17923	15394	33332	199	-
17923	15394	33332	199	-
17923	15394	33332	199	-
17923	15394	33332	199	-
17923	15394	33332	199	-
17923	15394	33332	199	-
17923	15394	33332	199	-
17923	15394	33332	199	-
17923	15394	33332	199	-
17923	15394	33332	199	-
17923	15394	33332	199	-
17923	15394	33332	199	-
17923	15394	33332	199	-
17923	15394	33332	199	-
17923	15394	33332	199	-
17923	15394	33332	199	-
5376	4800	33332	201	snmpgetattack
23317	12431	33332	201	snmpgetattack
20312	4800	33332	202	-
23317	5938	33332	202	-
17923	15394	33332	204	-
17923	15394	33332	204	-
23317	12431	33332	206	snmpgetattack
5376	4800	33332	206	snmpgetattack
20312	4800	33332	207	-
23317	5938	33332	207	-
17923	15394	33332	209	-
17923	15394	33332	209	-
17923	15394	33332	209	-
17923	15394	33332	209	-
17923	15394	33332	209	-
17923	15394	33332	209	-
17923	15394	33332	209	-
17923	15394	33332	209	-
17923	15394	33332	210	-
17923	15394	33332	210	-
17923	15394	33332	210	-
17923	15394	33332	210	-
17923	15394	33332	210	-
17923	15394	33332	210	-
17923	15394	33332	210	-
17923	15394	33332	210	-
17923	15394	33332	210	-
17923	15394	33332	210	-
17923	15394	33332	210	-
17923	15394	33332	210	-
17923	15394	33332	210	-
17923	15394	33332	210	-
17923	15394	33332	210	-
17923	15394	33332	210	-
17923	15394	33332	210	-
17923	15394	33332	210	-
17923	15394	33332	210	-
17923	15394	33332	210	-
17923	15394	33332	210	-
17923	15394	33332	210	-
17923	15394	33332	210	-
17923	15394	33332	210	-
17923	15394	33332	210	-
17923	15394	33332	210	-
17923	15394	33332	210	-
17923	15394	33332	210	-
17923	15394	33332	210	-
17923	15394	33332	210	-
17923	15394	33332	210	-
17923	15394	33332	210	-
17923	15394	33332	210	-
17923	15394	33332	210	-
17923	15394	33332	210	-
17923	15394	33332	210	-
17923	15394	33332	210	-
17923	15394	33332	210	-
17923	15394	33332	210	-
17923	15394	33332	210	-
17923	15394	33332	210	-
17923	15394	33332	210	-
17923	15394	33332	210	-
17923	15394	33332	210	-
17923	15394	33332	210	-
17923	15394	33332	210	-
17923	15394	33332	210	-
17923	15394	33332	210	-
17923	15394	33332	210	-
17923	15394	33332	210	-
17923	15394	33332	210	-
17923	15394	33332	210	-
17923	15394	33332	210	-
17923	15394	33332	210	-
17923	15394	33332	210	-
17923	15394	33332	210	-
17923	15394	33332	210	-
17923	15394	33332	210	-
17923	15394	33332	210	-
17923	15394	33332	210	-
17923	15394	33332	210	-
17923	15394	33332	210	-
17923	15394	33332	210	-
17923	15394	33332	210	-
17923	15394	33332	210	-
17923	15394	33332	210	-
17923	15394	33332	210	-
17923	15394	33332	210	-
17923	15394	33332	210	-
17923	15394	33332	210	-
17923	15394	33332	210	-
17923	15394	33332	210	-
5376	4800	33332	211	snmpgetattack
23317	12431	33332	211	snmpgetattack
20312	4800	33332	212	-
23317	5938	33332	212	-
17923	15394	33332	215	-
17923	15394	33332	215	-
5376	4800	33332	216	snmpgetattack
23317	12431	33332	216	snmpgetattack
20312	4800	33332	217	-
23317	5938	33332	217	-
17923	15394	33332	220	-
17923	15394	33332	220	-
17923	15394	33332	220	-
17923	15394	33332	220	-
17923	15394	33332	220	-
17923	15394	33332	220	-
17923	15394	33332	220	-
17923	15394	33332	220	-
17923	15394	33332	220	-
17923	15394	33332	220	-
17923	15394	33332	220	-
17923	15394	33332	220	-
17923	15394	33332	220	-
17923	15394	33332	220	-
17923	15394	33332	220	-
17923	15394	33332	220	-
17923	15394	33332	220	-
17923	15394	33332	220	-
17923	15394	33332	220	-
17923	15394	33332	220	-
17923	15394	33332	220	-
17923	15394	33332	220	-
17923	15394	33332	220	-
17923	15394	33332	220	-
17923	15394	33332	220	-
17923	15394	33332	220	-
17923	15394	33332	220	-
17923	15394	33332	220	-
17923	15394	33332	220	-
17923	15394	33332	220	-
17923	15394	33332	220	-
17923	15394	33332	220	-
17923	15394	33332	220	-
17923	15394	33332	220	-
17923	15394	33332	220	-
17923	15394	33332	220	-
17923	15394	33332	220	-
17923	15394	33332	220	-
17923	15394	33332	220	-
17923	15394	33332	220	-
17923	15394	33332	220	-
17923	15394	33332	220	-
17923	15394	33332	220	-
17923	15394	33332	220	-
17923	15394	33332	220	-
17923	15394	33332	220	-
17923	15394	33332	220	-
17923	15394	33332	220	-
17923	15394	33332	220	-
17923	15394	33332	220	-
17923	15394	33332	220	-
17923	15394	33332	220	-
17923	15394	33332	220	-
17923	15394	33332	220	-
17923	15394	33332	220	-
17923	15394	33332	220	-
17923	15394	33332	220	-
17923	15394	33332	220	-
17923	15394	33332	220	-
17923	15394	33332	220	-
17923	15394	33332	220	-
17923	15394	33332	220	-
17923	15394	33332	220	-
17923	15394	33332	220	-
17923	15394	33332	220	-
17923	15394	33332	221	-
5376	4800	33332	221	snmpgetattack
23317	12431	33332	221	snmpgetattack
17923	15394	33332	221	-
17923	15394	33332	221	-
17923	15394	33332	221	-
17923	15394	33332	221	-
17923	15394	33332	221	-
17923	15394	33332	221	-
17923	15394	33332	221	-
17923	15394	33332	221	-
17923	15394	33332	221	-
17923	15394	33332	221	-
17923	15394	33332	221	-
17923	15394	33332	221	-
17923	15394	33332	221	-
17923	15394	33332	221	-
20312	4800	33332	222	-
23317	5938	33332	222	-
17923	15394	33332	226	-
5376	4800	33332	226	snmpgetattack
23317	12431	33332	226	snmpgetattack
17923	15394	33332	226	-
23317	5938	33332	227	-
20312	4800	33332	227	-
17923	15394	33332	231	-
17923	15394	33332	231	-
17923	15394	33332	231	-
17923	15394	33332	231	-
5376	4800	33332	231	snmpgetattack
23317	12431	33332	231	snmpgetattack
17923	15394	33332	231	-
17923	15394	33332	231	-
17923	15394	33332	231	-
17923	15394	33332	231	-
17923	15394	33332	231	-
17923	15394	33332	231	-
17923	15394	33332	231	-
17923	15394	33332	231	-
17923	15394	33332	231	-
17923	15394	33332	231	-
17923	15394	33332	231	-
17923	15394	33332	231	-
17923	15394	33332	231	-
17923	15394	33332	231	-
17923	15394	33332	231	-
17923	15394	33332	231	-
23317	5938	33332	232	-
20312	4800	33332	232	-
5376	4800	33332	236	snmpgetattack
23317	12431	33332	236	snmpgetattack
23317	5938	33332	237	-
20312	4800	33332	237	-
23317	12431	33332	241	snmpgetattack
5376	4800	33332	241	snmpgetattack
20312	4800	33332	242	-
23317	5938	33332	242	-
15394	4800	457	245	-
23317	882	457	245	-
5376	4800	457	247	snmpgetattack
23317	12431	457	247	snmpgetattack
20312	4800	457	247	-
23317	5938	457	247	-
5376	4800	457	252	snmpgetattack
23317	12431	457	252	snmpgetattack
20312	4800	457	252	-
23317	5938	457	252	-
5376	4800	457	257	snmpgetattack
23317	12431	457	257	snmpgetattack
20312	4800	457	257	-
23317	5938	457	257	-
5376	4800	457	262	snmpgetattack
23317	12431	457	262	snmpgetattack
20312	4800	457	262	-
23317	5938	457	262	-
5376	4800	457	267	snmpgetattack
23317	12431	457	267	snmpgetattack
20312	4800	457	267	-
23317	5938	457	267	-
5376	4800	457	272	snmpgetattack
23317	12431	457	272	snmpgetattack
20312	4800	457	272	-
23317	5938	457	272	-
5376	4800	457	277	snmpgetattack
23317	12431	457	277	snmpgetattack
20312	4800	457	277	-
23317	5938	457	277	-
5376	4800	457	282	snmpgetattack
23317	12431	457	282	snmpgetattack
20312	4800	457	282	-
23317	5938	457	282	-
5376	4800	457	287	snmpgetattack
23317	12431	457	287	snmpgetattack
20312	4800	457	287	-
23317	5938	457	287	-
5376	4800	457	292	snmpgetattack
23317	12431	457	292	snmpgetattack
20312	4800	457	292	-
23317	5938	457	292	-
5376	4800	457	297	snmpgetattack
23317	12431	457	297	snmpgetattack
20312	4800	457	297	-
23317	5938	457	297	-
5376	4800	457	302	snmpgetattack
23317	12431	457	302	snmpgetattack
20312	4800	457	302	-
23317	5938	457	302	-
5376	4800	12531	307	snmpgetattack
23317	12431	12531	307	snmpgetattack
20312	4800	12531	308	-
23317	5938	12531	308	-
5376	4800	12531	312	snmpgetattack
23317	12431	12531	312	snmpgetattack
20312	4800	12531	313	-
23317	5938	12531	313	-
5376	4800	12531	317	snmpgetattack
23317	12431	12531	317	snmpgetattack
20312	4800	12531	318	-
23317	5938	12531	318	-
5376	4800	12531	322	snmpgetattack
23317	12431	12531	322	snmpgetattack
20312	4800	12531	323	-
23317	5938	12531	323	-
5376	4800	12531	327	snmpgetattack
23317	12431	12531	327	snmpgetattack
20312	4800	12531	328	-
23317	5938	12531	328	-
5376	4800	12531	332	snmpgetattack
23317	12431	12531	332	snmpgetattack
20312	4800	12531	333	-
23317	5938	12531	333	-
5376	4800	12531	337	snmpgetattack
23317	12431	12531	337	snmpgetattack
20312	4800	12531	338	-
23317	5938	12531	338	-
5376	4800	12531	342	snmpgetattack
23317	12431	12531	342	snmpgetattack
23317	5938	12531	343	-
20312	4800	12531	343	-
5376	4800	12531	347	snmpgetattack
23317	12431	12531	347	snmpgetattack
20312	4800	12531	348	-
23317	5938	12531	348	-
5376	4800	12531	352	snmpgetattack
23317	12431	12531	352	snmpgetattack
20312	4800	12531	353	-
23317	5938	12531	353	-
5376	4800	12531	357	snmpgetattack
23317	12431	12531	357	snmpgetattack
20312	4800	12531	358	-
23317	5938	12531	358	-
5376	4800	12531	362	snmpgetattack
23317	12431	12531	362	snmpgetattack
20312	4800	12531	363	-
23317	5938	12531	363	-
5376	4800	1930	367	snmpgetattack
23317	12431	1930	367	snmpgetattack
20312	4800	1930	368	-
23317	5938	1930	368	-
5376	4800	1930	373	snmpgetattack
23317	12431	1930	373	snmpgetattack
20312	4800	1930	373	-
23317	5938	1930	373	-
5376	4800	1930	378	snmpgetattack
23317	12431	1930	378	snmpgetattack
20312	4800	1930	378	-
23317	5938	1930	378	-
5376	4800	1930	383	snmpgetattack
23317	12431	1930	383	snmpgetattack
20312	4800	1930	383	-
23317	5938	1930	383	-
5376	4800	1930	388	snmpgetattack
23317	12431	1930	388	snmpgetattack
20312	4800	1930	388	-
23317	5938	1930	388	-
5376	4800	1930	393	snmpgetattack
23317	12431	1930	393	snmpgetattack
20312	4800	1930	393	-
23317	5938	1930	393	-
5376	4800	1930	398	snmpgetattack
23317	12431	1930	398	snmpgetattack
20312	4800	1930	398	-
23317	5938	1930	398	-
5376	4800	1930	403	snmpgetattack
23317	12431	1930	403	snmpgetattack
20312	4800	1930	403	-
23317	5938	1930	403	-
5376	4800	1930	408	snmpgetattack
23317	12431	1930	408	snmpgetattack
20312	4800	1930	408	-
23317	5938	1930	408	-
5376	4800	1930	413	snmpgetattack
23317	12431	1930	413	snmpgetattack
20312	4800	1930	413	-
23317	5938	1930	413	-
5376	4800	1930	418	snmpgetattack
23317	12431	1930	418	snmpgetattack
20312	4800	1930	418	-
23317	5938	1930	418	-
5376	4800	1930	423	snmpgetattack
23317	12431	1930	423	snmpgetattack
20312	4800	1930	423	-
23317	5938	1930	423	-
5376	4800	8469	428	snmpgetattack
23317	12431	8469	428	snmpgetattack
20312	4800	8469	428	-
23317	5938	8469	428	-
5376	4800	8469	433	snmpgetattack
23317	12431	8469	433	snmpgetattack
20312	4800	8469	434	-
23317	5938	8469	434	-
5376	4800	8469	438	snmpgetattack
23317	12431	8469	438	snmpgetattack
20312	4800	8469	439	-
23317	5938	8469	439	-
5376	4800	8469	443	snmpgetattack
23317	12431	8469	443	snmpgetattack
20312	4800	8469	444	-
23317	5938	8469	444	-
5376	4800	8469	448	snmpgetattack
23317	12431	8469	448	snmpgetattack
20312	4800	8469	449	-
23317	5938	8469	449	-
5376	4800	8469	453	snmpgetattack
23317	12431	8469	453	snmpgetattack
20312	4800	8469	454	-
23317	5938	8469	454	-
5376	4800	8469	458	snmpgetattack
23317	12431	8469	458	snmpgetattack
20312	4800	8469	459	-
23317	5938	8469	459	-
5376	4800	8469	463	snmpgetattack
23317	12431	8469	463	snmpgetattack
20312	4800	8469	464	-
23317	5938	8469	464	-
5376	4800	8469	468	snmpgetattack
23317	12431	8469	468	snmpgetattack
20312	4800	8469	469	-
23317	5938	8469	469	-
5376	4800	8469	473	snmpgetattack
23317	12431	8469	473	snmpgetattack
20312	4800	8469	474	-
23317	5938	8469	474	-
5376	4800	8469	478	snmpgetattack
23317	12431	8469	478	snmpgetattack
20312	4800	8469	479	-
23317	5938	8469	479	-
5376	4800	8469	483	snmpgetattack
23317	12431	8469	483	snmpgetattack
20312	4800	8469	484	-
23317	5938	8469	484	-
23317	12431	24137	488	snmpgetattack
5376	4800	24137	488	snmpgetattack
20312	4800	24137	489	-
23317	5938	24137	489	-
5376	4800	24137	493	snmpgetattack
23317	12431	24137	493	snmpgetattack
20312	4800	24137	494	-
23317	5938	24137	494	-
5376	4800	24137	499	snmpgetattack
23317	12431	24137	499	snmpgetattack
20312	4800	24137	499	-
23317	5938	24137	499	-
5376	4800	24137	504	snmpgetattack
23317	12431	24137	504	snmpgetattack
20312	4800	24137	504	-
23317	5938	24137	504	-
5376	4800	24137	509	snmpgetattack
23317	12431	24137	509	snmpgetattack
20312	4800	24137	509	-
23317	5938	24137	509	-
5376	4800	24137	514	snmpgetattack
23317	12431	24137	514	snmpgetattack
20312	4800	24137	514	-
23317	5938	24137	514	-
5376	4800	24137	519	snmpgetattack
23317	12431	24137	519	snmpgetattack
20312	4800	24137	519	-
23317	5938	24137	519	-
5376	4800	24137	524	snmpgetattack
23317	12431	24137	524	snmpgetattack
20312	4800	24137	524	-
23317	5938	24137	524	-
5376	4800	24137	529	snmpgetattack
23317	12431	24137	529	snmpgetattack
20312	4800	24137	529	-
23317	5938	24137	529	-
5376	4800	24137	534	snmpgetattack
23317	12431	24137	534	snmpgetattack
20312	4800	24137	534	-
23317	5938	24137	534	-
5376	4800	24137	539	snmpgetattack
3957	15394	24137	539	-
23317	12431	24137	539	snmpgetattack
20312	4800	24137	539	-
23317	5938	24137	539	-
23317	5938	24137	544	-
5376	4800	24137	544	snmpgetattack
23317	12431	24137	544	snmpgetattack
20312	4800	24137	544	-
5376	4800	28258	549	snmpgetattack
23317	12431	28258	549	snmpgetattack
20312	4800	28258	549	-
23317	5938	28258	549	-
5376	4800	28258	554	snmpgetattack
23317	12431	28258	554	snmpgetattack
23317	5938	28258	555	-
20312	4800	28258	555	-
5376	4800	28258	559	snmpgetattack
23317	12431	28258	559	snmpgetattack
20312	4800	28258	560	-
23317	5938	28258	560	-
5376	4800	28258	564	snmpgetattack
23317	12431	28258	564	snmpgetattack
20312	4800	28258	565	-
23317	5938	28258	565	-
5376	4800	28258	569	snmpgetattack
23317	12431	28258	569	snmpgetattack
20312	4800	28258	570	-
23317	5938	28258	570	-
5376	4800	28258	574	snmpgetattack
23317	12431	28258	574	snmpgetattack
20312	4800	28258	575	-
23317	5938	28258	575	-
5376	4800	28258	579	snmpgetattack
23317	12431	28258	579	snmpgetattack
23317	5938	28258	580	-
20312	4800	28258	580	-
5376	4800	28258	584	snmpgetattack
23317	12431	28258	584	snmpgetattack
20312	4800	28258	585	-
23317	5938	28258	585	-
23317	12431	28258	589	snmpgetattack
5376	4800	28258	589	snmpgetattack
20312	4800	28258	590	-
23317	5938	28258	590	-
5376	4800	28258	594	snmpgetattack
23317	12431	28258	594	snmpgetattack
20312	4800	28258	595	-
23317	5938	28258	595	-
5376	4800	28258	599	snmpgetattack
23317	12431	28258	599	snmpgetattack
23317	5938	28258	600	-
20312	4800	28258	600	-
5376	4800	28258	604	snmpgetattack
23317	12431	28258	604	snmpgetattack
20312	4800	35504	605	-
23317	5938	35504	605	-
5376	4800	35504	609	snmpgetattack
23317	12431	35504	609	snmpgetattack
23317	5938	35504	610	-
20312	4800	35504	610	-
23317	12431	35504	614	snmpgetattack
5376	4800	35504	614	snmpgetattack
20312	4800	35504	615	-
23317	5938	35504	615	-
5376	4800	35504	620	snmpgetattack
23317	12431	35504	620	snmpgetattack
20312	4800	35504	620	-
23317	5938	35504	620	-
20312	4800	35504	625	-
5376	4800	35504	625	snmpgetattack
23317	5938	35504	625	-
23317	12431	35504	625	snmpgetattack
23317	12431	35504	630	snmpgetattack
20312	4800	35504	630	-
23317	5938	35504	630	-
5376	4800	35504	630	snmpgetattack
23317	12431	35504	635	snmpgetattack
20312	4800	35504	635	-
23317	5938	35504	635	-
5376	4800	35504	635	snmpgetattack
23317	12431	35504	640	snmpgetattack
20312	4800	35504	640	-
23317	5938	35504	640	-
5376	4800	35504	640	snmpgetattack
5376	4800	35504	645	snmpgetattack
23317	12431	35504	645	snmpgetattack
20312	4800	35504	645	-
23317	5938	35504	645	-
23317	12431	35504	650	snmpgetattack
20312	4800	35504	650	-
23317	5938	35504	650	-
5376	4800	35504	650	snmpgetattack
23317	12431	35504	655	snmpgetattack
20312	4800	35504	655	-
23317	5938	35504	655	-
5376	4800	35504	655	snmpgetattack
5376	4800	35504	660	snmpgetattack
23317	12431	35504	660	snmpgetattack
20312	4800	35504	660	-
23317	5938	35504	660	-
5376	4800	38537	665	snmpgetattack
23317	12431	38537	665	snmpgetattack
20312	4800	38537	665	-
23317	5938	38537	665	-
23278	8452	38537	670	warez
3957	587	38537	671	-
12985	19779	38537	671	warez
12985	19779	38537	671	warez
5376	4800	38537	675	snmpgetattack
23317	12431	38537	675	snmpgetattack
20312	4800	38537	675	-
23317	5938	38537	675	-
23317	12431	38537	680	snmpgetattack
5376	4800	38537	680	snmpgetattack
20312	4800	38537	681	-
23317	5938	38537	681	-
5376	4800	38537	685	snmpgetattack
23317	12431	38537	685	snmpgetattack
20312	4800	38537	686	-
23317	5938	38537	686	-
5376	4800	38537	690	snmpgetattack
23317	12431	38537	690	snmpgetattack
23317	5938	38537	691	-
20312	4800	38537	691	-
5376	4800	38537	695	snmpgetattack
23317	12431	38537	695	snmpgetattack
20312	4800	38537	696	-
23317	5938	38537	696	-
5376	4800	38537	700	snmpgetattack
23317	12431	38537	700	snmpgetattack
23317	5938	38537	701	-
20312	4800	38537	701	-
23317	12431	38537	705	snmpgetattack
5376	4800	38537	705	snmpgetattack
20312	4800	38537	706	-
23317	5938	38537	706	-
5376	4800	38537	710	snmpgetattack
23317	12431	38537	710	snmpgetattack
20312	4800	38537	711	-
23317	5938	38537	711	-
5376	4800	38537	715	snmpgetattack
23317	12431	38537	715	snmpgetattack
23317	5938	38537	716	-
20312	4800	38537	716	-
23317	12431	38537	720	snmpgetattack
5376	4800	38537	720	snmpgetattack
20312	4800	38537	721	-
23317	5938	38537	721	-
23317	12431	18981	725	snmpgetattack
5376	4800	18981	725	snmpgetattack
23317	5938	18981	726	-
20312	4800	18981	726	-
5376	4800	18981	730	snmpgetattack
23317	12431	18981	730	snmpgetattack
20312	4800	18981	731	-
23317	5938	18981	731	-
5376	4800	18981	735	snmpgetattack
23317	12431	18981	735	snmpgetattack
20312	4800	18981	736	-
23317	5938	18981	736	-
5376	4800	18981	740	snmpgetattack
23317	12431	18981	740	snmpgetattack
20312	4800	18981	741	-
23317	5938	18981	741	-
23317	5938	18981	746	-
20312	4800	18981	746	-
5376	4800	18981	746	snmpgetattack
23317	12431	18981	746	snmpgetattack
20312	4800	18981	751	-
5376	4800	18981	751	snmpgetattack
23317	12431	18981	751	snmpgetattack
23317	5938	18981	751	-
5376	4800	18981	756	snmpgetattack
23317	12431	18981	756	snmpgetattack
20312	4800	18981	756	-
23317	5938	18981	756	-
23317	5938	18981	761	-
5376	4800	18981	761	snmpgetattack
23317	12431	18981	761	snmpgetattack
20312	4800	18981	761	-
23317	5938	18981	766	-
20312	4800	18981	766	-
5376	4800	18981	766	snmpgetattack
23317	12431	18981	766	snmpgetattack
23317	12431	18981	771	snmpgetattack
20312	4800	18981	771	-
5376	4800	18981	771	snmpgetattack
23317	5938	18981	771	-
5376	4800	18981	776	snmpgetattack
23317	12431	18981	776	snmpgetattack
20312	4800	18981	776	-
23317	5938	18981	776	-
5376	4800	18981	781	snmpgetattack
23317	12431	18981	781	snmpgetattack
20312	4800	18981	781	-
23317	5938	18981	781	-
5376	4800	22251	786	snmpgetattack
23317	12431	22251	786	snmpgetattack
20312	4800	22251	786	-
23317	5938	22251	786	-
5376	4800	22251	791	snmpgetattack
23317	12431	22251	791	snmpgetattack
20312	4800	22251	791	-
23317	5938	22251	791	-
5376	4800	22251	796	snmpgetattack
23317	12431	22251	796	snmpgetattack
20312	4800	22251	796	-
23317	5938	22251	796	-
5376	4800	22251	801	snmpgetattack
23317	12431	22251	801	snmpgetattack
20312	4800	22251	801	-
23317	5938	22251	801	-
5376	4800	22251	806	snmpgetattack
23317	12431	22251	806	snmpgetattack
20312	4800	22251	807	-
23317	5938	22251	807	-
5376	4800	22251	811	snmpgetattack
23317	12431	22251	811	snmpgetattack
20312	4800	22251	812	-
23317	5938	22251	812	-
23317	12431	22251	816	snmpgetattack
5376	4800	22251	816	snmpgetattack
20312	4800	22251	817	-
23317	5938	22251	817	-
5376	4800	22251	821	snmpgetattack
23317	12431	22251	821	snmpgetattack
20312	4800	22251	822	-
23317	5938	22251	822	-
5376	4800	22251	826	snmpgetattack
23317	12431	22251	826	snmpgetattack
20312	4800	22251	827	-
23317	5938	22251	827	-
5376	4800	22251	831	snmpgetattack
23317	12431	22251	831	snmpgetattack
20312	4800	22251	832	-
23317	5938	22251	832	-
5376	4800	22251	836	snmpgetattack
23317	12431	22251	836	snmpgetattack
20312	4800	22251	837	-
23317	5938	22251	837	-
5376	4800	22251	841	snmpgetattack
23317	12431	22251	841	snmpgetattack
20312	4800	22251	842	-
23317	5938	22251	842	-
15394	4800	4350	845	-
23317	882	4350	845	-
5376	4800	4350	846	snmpgetattack
23317	12431	4350	846	snmpgetattack
20312	4800	4350	847	-
23317	5938	4350	847	-
5376	4800	4350	851	snmpgetattack
23317	12431	4350	851	snmpgetattack
20312	4800	4350	852	-
23317	5938	4350	852	-
5376	4800	4350	856	snmpgetattack
23317	12431	4350	856	snmpgetattack
20312	4800	4350	857	-
23317	5938	4350	857	-
5376	4800	4350	861	snmpgetattack
23317	12431	4350	861	snmpgetattack
20312	4800	4350	862	-
23317	5938	4350	862	-
5376	4800	4350	866	snmpgetattack
23317	12431	4350	866	snmpgetattack
20312	4800	4350	867	-
23317	5938	4350	867	-
5376	4800	4350	872	snmpgetattack
23317	12431	4350	872	snmpgetattack
20312	4800	4350	872	-
23317	5938	4350	872	-
5376	4800	4350	877	snmpgetattack
23317	12431	4350	877	snmpgetattack
20312	4800	4350	877	-
23317	5938	4350	877	-
5376	4800	4350	882	snmpgetattack
23317	12431	4350	882	snmpgetattack
20312	4800	4350	882	-
23317	5938	4350	882	-
5376	4800	4350	887	snmpgetattack
23317	12431	4350	887	snmpgetattack
20312	4800	4350	887	-
23317	5938	4350	887	-
5376	4800	4350	892	snmpgetattack
23317	12431	4350	892	snmpgetattack
20312	4800	4350	892	-
23317	5938	4350	892	-
5376	4800	4350	897	snmpgetattack
23317	12431	4350	897	snmpgetattack
20312	4800	4350	897	-
23317	5938	4350	897	-
5376	4800	4350	902	snmpgetattack
23317	12431	4350	902	snmpgetattack
20312	4800	4350	902	-
23317	5938	4350	902	-
5376	4800	21801	907	snmpgetattack
23317	12431	21801	907	snmpgetattack
20312	4800	21801	907	-
23317	5938	21801	907	-
5376	4800	21801	912	snmpgetattack
23317	12431	21801	912	snmpgetattack
20312	4800	21801	912	-
23317	5938	21801	912	-
5376	4800	21801	917	snmpgetattack
23317	12431	21801	917	snmpgetattack
20312	4800	21801	917	-
23317	5938	21801	917	-
5376	4800	21801	922	snmpgetattack
23317	12431	21801	922	snmpgetattack
20312	4800	21801	922	-
23317	5938	21801	922	-
5376	4800	21801	927	snmpgetattack
23317	12431	21801	927	snmpgetattack
20312	4800	21801	927	-
23317	5938	21801	927	-
5376	4800	21801	932	snmpgetattack
23317	12431	21801	932	snmpgetattack
20312	4800	21801	933	-
23317	5938	21801	933	-
5376	4800	21801	937	snmpgetattack
23317	12431	21801	937	snmpgetattack
20312	4800	21801	938	-
23317	5938	21801	938	-
5376	4800	21801	942	snmpgetattack
23317	12431	21801	942	snmpgetattack
20312	4800	21801	943	-
23317	5938	21801	943	-
5376	4800	21801	947	snmpgetattack
23317	12431	21801	947	snmpgetattack
20312	4800	21801	948	-
23317	5938	21801	948	-
5376	4800	21801	952	snmpgetattack
23317	12431	21801	952	snmpgetattack
23317	5938	21801	953	-
20312	4800	21801	953	-
5376	4800	21801	957	snmpgetattack
23317	12431	21801	957	snmpgetattack
20312	4800	21801	958	-
23317	5938	21801	958	-
5376	4800	21801	962	snmpgetattack
23317	12431	21801	962	snmpgetattack
23317	5938	21801	963	-
20312	4800	21801	963	-
5376	4800	20345	967	snmpgetattack
23317	12431	20345	967	snmpgetattack
20312	4800	20345	968	-
23317	5938	20345	968	-
5376	4800	20345	972	snmpgetattack
23317	12431	20345	972	snmpgetattack
23317	5938	20345	973	-
20312	4800	20345	973	-
23317	12431	20345	977	snmpgetattack
5376	4800	20345	977	snmpgetattack
20312	4800	20345	978	-
23317	5938	20345	978	-
5376	4800	20345	982	snmpgetattack
23317	12431	20345	982	snmpgetattack
20312	4800	20345	983	-
23317	5938	20345	983	-
5376	4800	20345	987	snmpgetattack
23317	12431	20345	987	snmpgetattack
20312	4800	20345	988	-
23317	5938	20345	988	-
5376	4800	20345	992	snmpgetattack
23317	12431	20345	992	snmpgetattack
23317	5938	20345	993	-
20312	4800	20345	993	-
23317	12431	20345	998	snmpgetattack
20312	4800	20345	998	-
23317	5938	20345	998	-
5376	4800	20345	998	snmpgetattack
5376	4800	20345	1003	snmpgetattack
23317	12431	20345	1003	snmpgetattack
23317	5938	20345	1003	-
20312	4800	20345	1003	-
23317	12431	20345	1008	snmpgetattack
20312	4800	20345	1008	-
23317	5938	20345	1008	-
5376	4800	20345	1008	snmpgetattack
5376	4800	20345	1013	snmpgetattack
23317	12431	20345	1013	snmpgetattack
20312	4800	20345	1013	-
23317	5938	20345	1013	-
5376	4800	20345	1018	snmpgetattack
23317	12431	20345	1018	snmpgetattack
23317	5938	20345	1018	-
20312	4800	20345	1018	-
23317	12431	20345	1023	snmpgetattack
20312	4800	20345	1023	-
23317	5938	20345	1023	-
5376	4800	20345	1023	snmpgetattack
5376	4800	21442	1028	snmpgetattack
23317	12431	21442	1028	snmpgetattack
23317	5938	21442	1028	-
20312	4800	21442	1028	-
23317	12431	21442	1033	snmpgetattack
20312	4800	21442	1033	-
23317	5938	21442	1033	-
5376	4800	21442	1033	snmpgetattack
5376	4800	21442	1038	snmpgetattack
23317	12431	21442	1038	snmpgetattack
20312	4800	21442	1038	-
23317	5938	21442	1038	-
23317	12431	21442	1043	snmpgetattack
20312	4800	21442	1043	-
5376	4800	21442	1043	snmpgetattack
23317	5938	21442	1043	-
20312	4800	21442	1048	-
23317	12431	21442	1048	snmpgetattack
23317	5938	21442	1048	-
5376	4800	21442	1048	snmpgetattack
5376	4800	21442	1053	snmpgetattack
23317	12431	21442	1053	snmpgetattack
20312	4800	21442	1053	-
23317	5938	21442	1053	-
5376	4800	21442	1058	snmpgetattack
23317	12431	21442	1058	snmpgetattack
20312	4800	21442	1059	-
23317	5938	21442	1059	-
5376	4800	21442	1063	snmpgetattack
23317	12431	21442	1063	snmpgetattack
20312	4800	21442	1064	-
23317	5938	21442	1064	-
5376	4800	21442	1068	snmpgetattack
23317	12431	21442	1068	snmpgetattack
23317	5938	21442	1069	-
20312	4800	21442	1069	-
5376	4800	21442	1073	snmpgetattack
23317	12431	21442	1073	snmpgetattack
20312	4800	21442	1074	-
23317	5938	21442	1074	-
23317	12431	21442	1078	snmpgetattack
5376	4800	21442	1078	snmpgetattack
20312	4800	21442	1079	-
23317	5938	21442	1079	-
5376	4800	21442	1083	snmpgetattack
23317	12431	21442	1083	snmpgetattack
23317	5938	21442	1084	-
20312	4800	21442	1084	-
5376	4800	14710	1088	snmpgetattack
23317	12431	14710	1088	snmpgetattack
23317	5938	14710	1089	-
20312	4800	14710	1089	-
5376	4800	14710	1093	snmpgetattack
23317	12431	14710	1093	snmpgetattack
20312	4800	14710	1094	-
23317	5938	14710	1094	-
23317	12431	14710	1098	snmpgetattack
5376	4800	14710	1098	snmpgetattack
20312	4800	14710	1099	-
23317	5938	14710	1099	-
5376	4800	14710	1103	snmpgetattack
23317	12431	14710	1103	snmpgetattack
20312	4800	14710	1104	-
23317	5938	14710	1104	-
5376	4800	14710	1108	snmpgetattack
23317	12431	14710	1108	snmpgetattack
20312	4800	14710	1109	-
23317	5938	14710	1109	-
5376	4800	14710	1113	snmpgetattack
23317	12431	14710	1113	snmpgetattack
20312	4800	14710	1114	-
23317	5938	14710	1114	-
5376	4800	14710	1118	snmpgetattack
23317	12431	14710	1118	snmpgetattack
20312	4800	14710	1119	-
23317	5938	14710	1119	-
5376	4800	14710	1124	snmpgetattack
23317	12431	14710	1124	snmpgetattack
20312	4800	14710	1124	-
23317	5938	14710	1124	-
5376	4800	14710	1129	snmpgetattack
23317	12431	14710	1129	snmpgetattack
20312	4800	14710	1129	-
23317	5938	14710	1129	-
5376	4800	14710	1134	snmpgetattack
23317	12431	14710	1134	snmpgetattack
20312	4800	14710	1134	-
23317	5938	14710	1134	-
5376	4800	14710	1139	snmpgetattack
23317	12431	14710	1139	snmpgetattack
20312	4800	14710	1139	-
23317	5938	14710	1139	-
5376	4800	14710	1144	snmpgetattack
23317	12431	14710	1144	snmpgetattack
20312	4800	14710	1144	-
23317	5938	14710	1144	-
23317	5938	34328	1149	-
5376	4800	34328	1149	snmpgetattack
23317	12431	34328	1149	snmpgetattack
20312	4800	34328	1149	-
20312	4800	34328	1154	-
5376	4800	34328	1154	snmpgetattack
23317	12431	34328	1154	snmpgetattack
23317	5938	34328	1154	-
5376	4800	34328	1159	snmpgetattack
23317	12431	34328	1159	snmpgetattack
20312	4800	34328	1159	-
23317	5938	34328	1159	-
23317	5938	34328	1164	-
5376	4800	34328	1164	snmpgetattack
23317	12431	34328	1164	snmpgetattack
20312	4800	34328	1164	-
23317	5938	34328	1169	-
20312	4800	34328	1169	-
5376	4800	34328	1169	snmpgetattack
23317	12431	34328	1169	snmpgetattack
5376	4800	34328	1174	snmpgetattack
23317	12431	34328	1174	snmpgetattack
20312	4800	34328	1174	-
23317	5938	34328	1174	-
23317	5938	34328	1179	-
20312	4800	34328	1179	-
5376	4800	34328	1179	snmpgetattack
23317	12431	34328	1179	snmpgetattack
5376	4800	34328	1184	snmpgetattack
23317	12431	34328	1184	snmpgetattack
20312	4800	34328	1185	-
23317	5938	34328	1185	-
5376	4800	34328	1189	snmpgetattack
23317	12431	34328	1189	snmpgetattack
20312	4800	34328	1190	-
23317	5938	34328	1190	-
5376	4800	34328	1194	snmpgetattack
23317	12431	34328	1194	snmpgetattack
23317	5938	34328	1195	-
20312	4800	34328	1195	-
23317	12431	34328	1199	snmpgetattack
5376	4800	34328	1199	snmpgetattack
20312	4800	34328	1200	-
23317	5938	34328	1200	-
5376	4800	34328	1204	snmpgetattack
23317	12431	34328	1204	snmpgetattack
23317	5938	31358	1205	-
20312	4800	31358	1205	-
5376	4800	31358	1209	snmpgetattack
23317	12431	31358	1209	snmpgetattack
20312	4800	31358	1210	-
23317	5938	31358	1210	-
23317	12431	31358	1214	snmpgetattack
5376	4800	31358	1214	snmpgetattack
23317	5938	31358	1215	-
20312	4800	31358	1215	-
23317	12431	31358	1219	snmpgetattack
5376	4800	31358	1219	snmpgetattack
20312	4800	31358	1220	-
23317	5938	31358	1220	-
5376	4800	31358	1224	snmpgetattack
23317	12431	31358	1224	snmpgetattack
20312	4800	31358	1225	-
23317	5938	31358	1225	-
23317	12431	31358	1229	snmpgetattack
5376	4800	31358	1229	snmpgetattack
23317	5938	31358	1230	-
20312	4800	31358	1230	-
5376	4800	31358	1234	snmpgetattack
23317	12431	31358	1234	snmpgetattack
20312	4800	31358	1235	-
23317	5938	31358	1235	-
5376	4800	31358	1239	snmpgetattack
23317	12431	31358	1239	snmpgetattack
20312	4800	31358	1240	-
23317	5938	31358	1240	-
23317	12431	31358	1244	snmpgetattack
5376	4800	31358	1244	snmpgetattack
20312	4800	31358	1245	-
23317	5938	31358	1245	-
5376	4800	31358	1250	snmpgetattack
23317	12431	31358	1250	snmpgetattack
20312	4800	31358	1250	-
23317	5938	31358	1250	-
23317	5938	31358	1255	-
5376	4800	31358	1255	snmpgetattack
23317	12431	31358	1255	snmpgetattack
20312	4800	31358	1255	-
23317	5938	31358	1260	-
20312	4800	31358	1260	-
5376	4800	31358	1260	snmpgetattack
23317	12431	31358	1260	snmpgetattack
20312	4800	30284	1265	-
23317	5938	30284	1265	-
5376	4800	30284	1265	snmpgetattack
23317	12431	30284	1265	snmpgetattack
23317	12431	30284	1270	snmpgetattack
5376	4800	30284	1270	snmpgetattack
20312	4800	30284	1270	-
23317	5938	30284	1270	-
23317	5938	30284	1275	-
5376	4800	30284	1275	snmpgetattack
23317	12431	30284	1275	snmpgetattack
20312	4800	30284	1275	-
23317	5938	30284	1280	-
5376	4800	30284	1280	snmpgetattack
23317	12431	30284	1280	snmpgetattack
20312	4800	30284	1280	-
5376	4800	30284	1285	snmpgetattack
23317	12431	30284	1285	snmpgetattack
20312	4800	30284	1285	-
23317	5938	30284	1285	-
17776	8452	30284	1289	warez
12985	15235	30284	1290	warez
12985	15235	30284	1290	warez
20312	4800	30284	1295	-
5376	4800	30284	1295	snmpgetattack
23317	12431	30284	1295	snmpgetattack
23317	5938	30284	1295	-
23317	5938	30284	1300	-
5376	4800	30284	1300	snmpgetattack
23317	12431	30284	1300	snmpgetattack
20312	4800	30284	1300	-
5376	4800	30284	1305	snmpgetattack
23317	12431	30284	1305	snmpgetattack
20312	4800	30284	1305	-
23317	5938	30284	1305	-
5376	4800	30284	1310	snmpgetattack
23317	12431	30284	1310	snmpgetattack
23317	5938	30284	1311	-
20312	4800	30284	1311	-
23317	12431	30284	1315	snmpgetattack
5376	4800	30284	1315	snmpgetattack
20312	4800	30284	1316	-
23317	5938	30284	1316	-
5376	4800	30284	1320	snmpgetattack
23317	12431	30284	1320	snmpgetattack
20312	4800	30284	1321	-
23317	5938	30284	1321	-
5376	4800	19796	1325	snmpgetattack
23317	12431	19796	1325	snmpgetattack
20312	4800	19796	1326	-
23317	5938	19796	1326	-
23317	12431	19796	1330	snmpgetattack
5376	4800	19796	1330	snmpgetattack
20312	4800	19796	1331	-
23317	5938	19796	1331	-
5376	4800	19796	1335	snmpgetattack
23317	12431	19796	1335	snmpgetattack
23317	5938	19796	1336	-
20312	4800	19796	1336	-
23317	12431	19796	1340	snmpgetattack
5376	4800	19796	1340	snmpgetattack
20312	4800	19796	1341	-
23317	5938	19796	1341	-
5376	4800	19796	1345	snmpgetattack
23317	12431	19796	1345	snmpgetattack
20312	4800	19796	1346	-
23317	5938	19796	1346	-
23317	12431	19796	1350	snmpgetattack
5376	4800	19796	1350	snmpgetattack
20312	4800	19796	1351	-
23317	5938	19796	1351	-
5376	4800	19796	1355	snmpgetattack
23317	12431	19796	1355	snmpgetattack
20312	4800	19796	1356	-
23317	5938	19796	1356	-
5376	4800	19796	1360	snmpgetattack
23317	12431	19796	1360	snmpgetattack
20312	4800	19796	1361	-
23317	5938	19796	1361	-
5376	4800	19796	1365	snmpgetattack
23317	12431	19796	1365	snmpgetattack
23317	5938	19796	1366	-
20312	4800	19796	1366	-
5376	4800	19796	1370	snmpgetattack
23317	12431	19796	1370	snmpgetattack
20312	4800	19796	1371	-
23317	5938	19796	1371	-
23317	5938	19796	1376	-
5376	4800	19796	1376	snmpgetattack
23317	12431	19796	1376	snmpgetattack
20312	4800	19796	1376	-
23317	5938	19796	1381	-
5376	4800	19796	1381	snmpgetattack
23317	12431	19796	1381	snmpgetattack
20312	4800	19796	1381	-
23317	5938	41196	1386	-
5376	4800	41196	1386	snmpgetattack
23317	12431	41196	1386	snmpgetattack
20312	4800	41196	1386	-
5376	4800	41196	1391	snmpgetattack
23317	12431	41196	1391	snmpgetattack
20312	4800	41196	1391	-
23317	5938	41196	1391	-
23317	5938	41196	1396	-
5376	4800	41196	1396	snmpgetattack
23317	12431	41196	1396	snmpgetattack
20312	4800	41196	1396	-
20312	4800	41196	1401	-
5376	4800	41196	1401	snmpgetattack
23317	12431	41196	1401	snmpgetattack
23317	5938	41196	1401	-
23317	5938	41196	1406	-
5376	4800	41196	1406	snmpgetattack
23317	12431	41196	1406	snmpgetattack
20312	4800	41196	1406	-
5376	4800	41196	1411	snmpgetattack
23317	12431	41196	1411	snmpgetattack
20312	4800	41196	1411	-
23317	5938	41196	1411	-
23317	5938	41196	1416	-
5376	4800	41196	1416	snmpgetattack
23317	12431	41196	1416	snmpgetattack
20312	4800	41196	1416	-
23317	5938	41196	1421	-
5376	4800	41196	1421	snmpgetattack
23317	12431	41196	1421	snmpgetattack
20312	4800	41196	1421	-
23317	5938	41196	1426	-
20312	4800	41196	1426	-
23317	12431	41196	1426	snmpgetattack
5376	4800	41196	1426	snmpgetattack
5376	4800	41196	1431	snmpgetattack
23317	12431	41196	1431	snmpgetattack
20312	4800	41196	1432	-
23317	5938	41196	1432	-
5376	4800	41196	1436	snmpgetattack
23317	12431	41196	1436	snmpgetattack
20312	4800	41196	1437	-
23317	5938	41196	1437	-
5376	4800	41196	1441	snmpgetattack
23317	12431	41196	1441	snmpgetattack
20312	4800	41196	1442	-
23317	5938	41196	1442	-
15394	4800	14991	1445	-
23317	882	14991	1445	-
5376	4800	14991	1446	snmpgetattack
23317	12431	14991	1446	snmpgetattack
3957	15394	14991	1446	-
20312	4800	14991	1447	-
23317	5938	14991	1447	-
5376	4800	14991	1451	snmpgetattack
23317	12431	14991	1451	snmpgetattack
20312	4800	14991	1452	-
23317	5938	14991	1452	-
5376	4800	14991	1456	snmpgetattack
23317	12431	14991	1456	snmpgetattack
20312	4800	14991	1457	-
23317	5938	14991	1457	-
5376	4800	14991	1461	snmpgetattack
23317	12431	14991	1461	snmpgetattack
20312	4800	14991	1462	-
23317	5938	14991	1462	-
23317	12431	14991	1466	snmpgetattack
5376	4800	14991	1466	snmpgetattack
23317	5938	14991	1467	-
20312	4800	14991	1467	-
5376	4800	14991	1471	snmpgetattack
23317	12431	14991	1471	snmpgetattack
20312	4800	14991	1472	-
23317	5938	14991	1472	-
5376	4800	14991	1476	snmpgetattack
23317	12431	14991	1476	snmpgetattack
20312	4800	14991	1477	-
23317	5938	14991	1477	-
5376	4800	14991	1481	snmpgetattack
23317	12431	14991	1481	snmpgetattack
20312	4800	14991	1482	-
23317	5938	14991	1482	-
23317	12431	14991	1486	snmpgetattack
5376	4800	14991	1486	snmpgetattack
23317	5938	14991	1487	-
20312	4800	14991	1487	-
23317	12431	14991	1491	snmpgetattack
5376	4800	14991	1491	snmpgetattack
20312	4800	14991	1492	-
23317	5938	14991	1492	-
5376	4800	14991	1496	snmpgetattack
23317	12431	14991	1496	snmpgetattack
20312	4800	14991	1497	-
23317	5938	14991	1497	-
5376	4800	14991	1502	snmpgetattack
23317	12431	14991	1502	snmpgetattack
23317	5938	14991	1502	-
20312	4800	14991	1502	-
23317	12431	24646	1507	snmpgetattack
20312	4800	24646	1507	-
23317	5938	24646	1507	-
5376	4800	24646	1507	snmpgetattack
23317	12431	24646	1512	snmpgetattack
20312	4800	24646	1512	-
23317	5938	24646	1512	-
5376	4800	24646	1512	snmpgetattack
23317	12431	24646	1517	snmpgetattack
20312	4800	24646	1517	-
23317	5938	24646	1517	-
5376	4800	24646	1517	snmpgetattack
23317	12431	24646	1522	snmpgetattack
20312	4800	24646	1522	-
23317	5938	24646	1522	-
5376	4800	24646	1522	snmpgetattack
23317	12431	24646	1527	snmpgetattack
20312	4800	24646	1527	-
23317	5938	24646	1527	-
5376	4800	24646	1527	snmpgetattack
5376	4800	24646	1532	snmpgetattack
23317	12431	24646	1532	snmpgetattack
23317	5938	24646	1532	-
20312	4800	24646	1532	-
23317	12431	24646	1537	snmpgetattack
20312	4800	24646	1537	-
23317	5938	24646	1537	-
5376	4800	24646	1537	snmpgetattack
23317	12431	24646	1542	snmpgetattack
20312	4800	24646	1542	-
5376	4800	24646	1542	snmpgetattack
23317	5938	24646	1542	-
23317	12431	24646	1547	snmpgetattack
20312	4800	24646	1547	-
23317	5938	24646	1547	-
5376	4800	24646	1547	snmpgetattack
5376	4800	24646	1552	snmpgetattack
23317	12431	24646	1552	snmpgetattack
20312	4800	24646	1552	-
23317	5938	24646	1552	-
5376	4800	24646	1557	snmpgetattack
23317	12431	24646	1557	snmpgetattack
23317	5938	24646	1558	-
20312	4800	24646	1558	-
5376	4800	24646	1562	snmpgetattack
23317	12431	24646	1562	snmpgetattack
20312	4800	24646	1563	-
23317	5938	24646	1563	-
5376	4800	650	1567	snmpgetattack
23317	12431	650	1567	snmpgetattack
20312	4800	650	1568	-
23317	5938	650	1568	-
5376	4800	650	1572	snmpgetattack
23317	12431	650	1572	snmpgetattack
23317	5938	650	1573	-
20312	4800	650	1573	-
5376	4800	650	1577	snmpgetattack
23317	12431	650	1577	snmpgetattack
23317	5938	650	1578	-
20312	4800	650	1578	-
5376	4800	650	1582	snmpgetattack
23317	12431	650	1582	snmpgetattack
20312	4800	650	1583	-
23317	5938	650	1583	-
23317	12431	650	1587	snmpgetattack
5376	4800	650	1587	snmpgetattack
23317	5938	650	1588	-
20312	4800	650	1588	-
5376	4800	650	1592	snmpgetattack
23317	12431	650	1592	snmpgetattack
20312	4800	650	1593	-
23317	5938	650	1593	-
23317	12431	650	1597	snmpgetattack
5376	4800	650	1597	snmpgetattack
20312	4800	650	1598	-
23317	5938	650	1598	-
5376	4800	650	1602	snmpgetattack
23317	12431	650	1602	snmpgetattack
20312	4800	650	1603	-
23317	5938	650	1603	-
5376	4800	650	1607	snmpgetattack
23317	12431	650	1607	snmpgetattack
20312	4800	650	1608	-
23317	5938	650	1608	-
5376	4800	650	1612	snmpgetattack
23317	12431	650	1612	snmpgetattack
20312	4800	650	1613	-
23317	5938	650	1613	-
5376	4800	650	1617	snmpgetattack
23317	12431	650	1617	snmpgetattack
20312	4800	650	1618	-
23317	5938	650	1618	-
5376	4800	650	1622	snmpgetattack
23317	12431	650	1622	snmpgetattack
20312	4800	650	1623	-
23317	5938	650	1623	-
5376	4800	4884	1628	snmpgetattack
23317	12431	4884	1628	snmpgetattack
23317	5938	4884	1628	-
20312	4800	4884	1628	-
23317	12431	4884	1633	snmpgetattack
20312	4800	4884	1633	-
23317	5938	4884	1633	-
5376	4800	4884	1633	snmpgetattack
5376	4800	4884	1638	snmpgetattack
23317	12431	4884	1638	snmpgetattack
20312	4800	4884	1638	-
23317	5938	4884	1638	-
5376	4800	4884	1643	snmpgetattack
23317	12431	4884	1643	snmpgetattack
23317	5938	4884	1643	-
20312	4800	4884	1643	-
23317	12431	4884	1648	snmpgetattack
20312	4800	4884	1648	-
23317	5938	4884	1648	-
5376	4800	4884	1648	snmpgetattack
5376	4800	4884	1653	snmpgetattack
23317	12431	4884	1653	snmpgetattack
23317	5938	4884	1653	-
20312	4800	4884	1653	-
23317	12431	4884	1658	snmpgetattack
20312	4800	4884	1658	-
23317	5938	4884	1658	-
5376	4800	4884	1658	snmpgetattack
5376	4800	4884	1663	snmpgetattack
23317	12431	4884	1663	snmpgetattack
20312	4800	4884	1663	-
23317	5938	4884	1663	-
5376	4800	4884	1668	snmpgetattack
23317	12431	4884	1668	snmpgetattack
20312	4800	4884	1668	-
23317	5938	4884	1668	-
23317	12431	4884	1673	snmpgetattack
20312	4800	4884	1673	-
23317	5938	4884	1673	-
5376	4800	4884	1673	snmpgetattack
5376	4800	4884	1678	snmpgetattack
23317	12431	4884	1678	snmpgetattack
20312	4800	4884	1678	-
23317	5938	4884	1678	-
5376	4800	4884	1683	snmpgetattack
23317	12431	4884	1683	snmpgetattack
23317	5938	4884	1684	-
20312	4800	4884	1684	-
5376	4800	24724	1688	snmpgetattack
23317	12431	24724	1688	snmpgetattack
20312	4800	24724	1689	-
23317	5938	24724	1689	-
5376	4800	24724	1693	snmpgetattack
23317	12431	24724	1693	snmpgetattack
20312	4800	24724	1694	-
23317	5938	24724	1694	-
23317	12431	24724	1698	snmpgetattack
5376	4800	24724	1698	snmpgetattack
23317	5938	24724	1699	-
20312	4800	24724	1699	-
5376	4800	24724	1703	snmpgetattack
23317	12431	24724	1703	snmpgetattack
20312	4800	24724	1704	-
23317	5938	24724	1704	-
23317	12431	24724	1708	snmpgetattack
5376	4800	24724	1708	snmpgetattack
20312	4800	24724	1709	-
23317	5938	24724	1709	-
5376	4800	24724	1713	snmpgetattack
23317	12431	24724	1713	snmpgetattack
20312	4800	24724	1714	-
23317	5938	24724	1714	-
5376	4800	24724	1718	snmpgetattack
23317	12431	24724	1718	snmpgetattack
20312	4800	24724	1719	-
23317	5938	24724	1719	-
23317	12431	24724	1723	snmpgetattack
5376	4800	24724	1723	snmpgetattack
20312	4800	24724	1724	-
23317	5938	24724	1724	-
5376	4800	24724	1728	snmpgetattack
23317	12431	24724	1728	snmpgetattack
20312	4800	24724	1729	-
23317	5938	24724	1729	-
5376	4800	24724	1733	snmpgetattack
23317	12431	24724	1733	snmpgetattack
23317	5938	24724	1734	-
20312	4800	24724	1734	-
23317	12431	24724	1738	snmpgetattack
5376	4800	24724	1738	snmpgetattack
23317	5938	24724	1739	-
20312	4800	24724	1739	-
5376	4800	24724	1743	snmpgetattack
23317	12431	24724	1743	snmpgetattack
20312	4800	24724	1744	-
23317	5938	24724	1744	-
5376	4800	28838	1748	snmpgetattack
23317	12431	28838	1748	snmpgetattack
20312	4800	28838	1749	-
23317	5938	28838	1749	-
5376	4800	28838	1754	snmpgetattack
23317	12431	28838	1754	snmpgetattack
20312	4800	28838	1754	-
23317	5938	28838	1754	-
5376	4800	28838	1759	snmpgetattack
23317	12431	28838	1759	snmpgetattack
20312	4800	28838	1759	-
23317	5938	28838	1759	-
5376	4800	28838	1764	snmpgetattack
23317	12431	28838	1764	snmpgetattack
20312	4800	28838	1764	-
23317	5938	28838	1764	-
23317	12431	28838	1769	snmpgetattack
20312	4800	28838	1769	-
23317	5938	28838	1769	-
5376	4800	28838	1769	snmpgetattack
5376	4800	28838	1774	snmpgetattack
23317	12431	28838	1774	snmpgetattack
20312	4800	28838	1774	-
23317	5938	28838	1774	-
5376	4800	28838	1779	snmpgetattack
23317	12431	28838	1779	snmpgetattack
20312	4800	28838	1779	-
23317	5938	28838	1779	-
23317	5938	28838	1784	-
5376	4800	28838	1784	snmpgetattack
23317	12431	28838	1784	snmpgetattack
20312	4800	28838	1784	-
20312	4800	28838	1789	-
5376	4800	28838	1789	snmpgetattack
23317	12431	28838	1789	snmpgetattack
23317	5938	28838	1789	-
5376	4800	28838	1794	snmpgetattack
23317	12431	28838	1794	snmpgetattack
20312	4800	28838	1794	-
23317	5938	28838	1794	-
