12032	5057	41421	0	mscan
18246	5946	41421	3	-
18246	5946	41421	3	-
18246	5946	41421	3	-
18246	5946	41421	3	-
18246	5946	41421	3	-
12032	23192	18386	7	mscan
12032	17856	18386	10	mscan
12032	15000	18386	12	mscan
12032	9653	18386	14	mscan
12032	13541	18386	15	mscan
12032	5057	18386	15	mscan
12032	4302	18386	16	mscan
12032	11503	18386	16	mscan
12032	8493	18386	17	mscan
18246	5946	18386	52	-
18246	5946	18386	52	-
18246	11097	18386	62	-
18246	11097	18386	62	-
18246	11097	18386	62	-
18246	11097	18386	62	-
18246	11097	18386	62	-
18246	11097	18386	62	-
18246	11097	18386	62	-
18246	11097	18386	62	-
18246	11097	18386	62	-
18246	11097	18386	62	-
3957	587	45084	68	-
1474	8452	45084	68	warez
12985	6137	45084	69	warez
12985	6137	45084	69	warez
12032	8493	45084	77	mscan
12032	20989	45084	77	mscan
12032	20989	45084	77	mscan
12032	20989	45084	77	mscan
12032	20989	45084	77	mscan
12032	20989	45084	78	mscan
12032	11780	45084	78	mscan
12032	11780	45084	78	mscan
12032	11780	45084	78	mscan
12032	11780	45084	78	mscan
12032	11780	45084	79	mscan
12032	23216	45084	79	mscan
12032	23216	45084	79	mscan
12032	23216	45084	79	mscan
12032	23216	45084	79	mscan
12032	23216	45084	81	mscan
12032	11436	45084	81	mscan
12032	13636	45084	81	mscan
12032	13636	45084	81	mscan
12032	13636	45084	81	mscan
12032	13636	45084	81	mscan
12032	3920	45084	82	mscan
12032	3920	45084	82	mscan
12032	3920	45084	82	mscan
12032	3920	45084	82	mscan
12032	13636	45084	84	mscan
12032	22217	45084	84	mscan
12032	22217	45084	84	mscan
12032	22217	45084	84	mscan
12032	22217	45084	84	mscan
12032	3920	45084	85	mscan
12032	8682	45084	85	mscan
12032	8682	45084	85	mscan
12032	8682	45084	85	mscan
12032	8682	45084	85	mscan
12032	22217	45084	86	mscan
12032	8885	45084	86	mscan
12032	8885	45084	86	mscan
12032	8885	45084	86	mscan
12032	8885	45084	86	mscan
12032	8682	45084	87	mscan
12032	568	45084	87	mscan
12032	568	45084	87	mscan
12032	568	45084	87	mscan
12032	568	45084	87	mscan
12032	8885	45084	88	mscan
12032	19350	45084	88	mscan
12032	19350	45084	88	mscan
12032	19350	45084	88	mscan
12032	19350	45084	88	mscan
12032	568	45084	89	mscan
12032	11436	45084	89	mscan
12032	19350	45084	90	mscan
12032	2843	45084	90	mscan
12032	2843	45084	90	mscan
12032	2843	45084	90	mscan
12032	2843	45084	90	mscan
12032	11436	45084	92	mscan
12032	2843	45084	93	mscan
12032	4981	45084	93	mscan
12032	4981	45084	93	mscan
12032	4981	45084	93	mscan
12032	4981	45084	93	mscan
12032	4981	45084	95	mscan
12032	14437	45084	95	mscan
12032	14437	45084	95	mscan
12032	14437	45084	95	mscan
12032	14437	45084	95	mscan
12032	5057	45084	96	mscan
12032	14539	45084	96	mscan
12032	14539	45084	96	mscan
12032	14539	45084	96	mscan
12032	14539	45084	96	mscan
12032	14437	45084	97	mscan
12032	16593	45084	97	mscan
12032	16593	45084	97	mscan
12032	16593	45084	97	mscan
12032	5057	45084	97	mscan
12032	16593	45084	97	mscan
12032	11436	45084	98	mscan
12032	16593	45084	99	mscan
12032	695	45084	99	mscan
12032	695	45084	99	mscan
12032	695	45084	99	mscan
12032	695	45084	99	mscan
12032	5057	45084	100	mscan
12032	695	45084	101	mscan
12032	20768	45084	101	mscan
12032	20768	45084	101	mscan
12032	20768	45084	101	mscan
12032	20768	45084	101	mscan
12032	20768	45084	103	mscan
12032	23192	45084	103	mscan
12032	19598	45084	103	mscan
12032	19598	45084	103	mscan
12032	19598	45084	103	mscan
12032	11001	45084	103	mscan
12032	11001	45084	103	mscan
12032	19598	45084	103	mscan
12032	11001	45084	103	mscan
12032	11001	45084	103	mscan
12032	19598	45084	105	mscan
12032	20072	45084	105	mscan
12032	11001	45084	105	mscan
12032	23192	45084	105	mscan
12032	20072	45084	105	mscan
12032	20072	45084	105	mscan
12032	20072	45084	105	mscan
12032	17856	45084	106	mscan
12032	19352	45084	106	mscan
12032	19352	45084	106	mscan
12032	19352	45084	106	mscan
12032	5057	45084	106	mscan
12032	19352	45084	106	mscan
12032	20072	45084	107	mscan
12032	17421	45084	107	mscan
12032	17421	45084	107	mscan
12032	17421	45084	107	mscan
12032	17421	45084	107	mscan
12032	2976	45084	108	mscan
12032	2976	45084	108	mscan
12032	2976	45084	108	mscan
12032	2976	45084	108	mscan
12032	15000	45084	108	mscan
12032	19352	45084	108	mscan
12032	1976	45084	108	mscan
12032	1976	45084	108	mscan
12032	23167	45084	108	mscan
12032	1976	45084	108	mscan
12032	23167	45084	108	mscan
12032	23192	45084	108	mscan
12032	1976	45084	108	mscan
12032	23167	45084	108	mscan
12032	23167	45084	108	mscan
12032	11444	45084	109	mscan
12032	11444	45084	109	mscan
12032	11444	45084	109	mscan
12032	11444	45084	109	mscan
12032	8048	45084	109	mscan
12032	8048	45084	109	mscan
12032	8048	45084	109	mscan
12032	8048	45084	109	mscan
12032	3297	45084	109	mscan
12032	3297	45084	109	mscan
12032	3297	45084	109	mscan
12032	9554	45084	109	mscan
12032	9554	45084	109	mscan
12032	17856	45084	109	mscan
12032	3297	45084	109	mscan
12032	9554	45084	109	mscan
12032	9554	45084	109	mscan
18246	11097	45084	110	-
18246	11097	45084	110	-
12032	15000	45084	110	mscan
12032	11436	45084	110	mscan
18246	11097	45084	110	-
12032	11690	45084	110	mscan
12032	11690	45084	110	mscan
18246	11097	45084	110	-
18246	11097	45084	110	-
18246	11097	45084	110	-
12032	3461	45084	110	mscan
12032	16332	45084	110	mscan
12032	3461	45084	110	mscan
18246	11097	45084	110	-
12032	9653	45084	110	mscan
12032	16332	45084	110	mscan
12032	16332	45084	110	mscan
12032	3461	45084	110	mscan
12032	3461	45084	110	mscan
18246	11097	45084	110	-
12032	11690	45084	110	mscan
12032	11690	45084	110	mscan
12032	16332	45084	110	mscan
12032	5057	45084	111	mscan
12032	8452	45084	111	mscan
12032	13541	45084	111	mscan
12032	7268	45084	111	mscan
12032	8452	45084	111	mscan
12032	7268	45084	111	mscan
12032	8452	45084	111	mscan
12032	8452	45084	111	mscan
12032	3611	45084	111	mscan
12032	9653	45084	111	mscan
12032	5057	45084	111	mscan
12032	7268	45084	111	mscan
12032	7268	45084	111	mscan
12032	3611	45084	111	mscan
12032	3611	45084	111	mscan
12032	3611	45084	111	mscan
12032	11503	45084	112	mscan
12032	7268	45084	112	mscan
12032	3611	45084	112	mscan
12032	15544	45084	112	mscan
12032	17856	45084	112	mscan
12032	4302	45084	112	mscan
12032	11503	45084	112	mscan
12032	4302	45084	112	mscan
12032	14539	45084	113	mscan
12032	14539	45084	113	mscan
12032	14539	45084	113	mscan
12032	14539	45084	113	mscan
12032	8493	45084	113	mscan
12032	15000	45084	113	mscan
12032	8493	45084	113	mscan
12032	5057	45084	114	mscan
12032	23192	45084	114	mscan
12032	9653	45084	114	mscan
12032	15544	45084	115	mscan
12032	11503	45084	115	mscan
12032	4302	45084	115	mscan
12032	8493	45084	116	mscan
12032	17856	45084	118	mscan
12032	5057	45084	118	mscan
12032	15000	45084	119	mscan
12032	9653	45084	120	mscan
12032	5057	45084	120	mscan
12032	15544	45084	121	mscan
12032	4302	45084	121	mscan
12032	11503	45084	121	mscan
12032	8493	45084	122	mscan
12032	23192	45084	126	mscan
12032	17856	6291	130	mscan
12032	15000	6291	131	mscan
12032	9653	6291	132	mscan
12032	5057	6291	132	mscan
12032	15544	6291	133	mscan
12032	4302	6291	133	mscan
12032	11503	6291	133	mscan
12032	8493	6291	134	mscan
12032	11436	6291	134	mscan
12032	5057	6291	142	mscan
12032	23192	6291	150	mscan
18246	11097	6291	154	-
18246	11097	6291	154	-
18246	11097	6291	154	-
18246	11097	6291	154	-
18246	11097	6291	154	-
18246	11097	6291	154	-
18246	11097	6291	154	-
18246	11097	6291	154	-
18246	11097	6291	154	-
18246	11097	6291	154	-
18246	11097	6291	154	-
18246	11097	6291	154	-
12032	17856	6291	154	mscan
18246	11097	6291	154	-
12032	15000	6291	155	mscan
12032	9653	6291	156	mscan
12032	5057	6291	156	mscan
12032	15544	6291	157	mscan
12032	4302	6291	157	mscan
12032	11503	6291	157	mscan
12032	8493	6291	158	mscan
18246	3011	6291	175	-
18246	3011	6291	175	-
18246	3011	6291	175	-
18246	3011	6291	175	-
18246	3011	6291	175	-
18246	3011	6291	175	-
18246	8524	6291	175	-
18246	8524	6291	175	-
18246	3011	6291	175	-
18246	3011	6291	175	-
18246	3011	6291	175	-
18246	3011	6291	175	-
18246	3011	6291	175	-
18246	8524	6291	175	-
18246	3011	6291	175	-
18246	3011	6291	175	-
18246	3011	6291	176	-
18246	8524	6291	176	-
12032	11436	6291	182	mscan
12032	5057	26780	190	mscan
12032	23192	26780	198	mscan
12032	17856	26780	202	mscan
12032	15000	26780	203	mscan
12032	5057	26780	204	mscan
12032	9653	26780	204	mscan
18246	19523	26780	205	-
12032	15544	26780	205	mscan
18246	20367	26780	205	-
12032	11503	26780	205	mscan
12032	4302	26780	205	mscan
12032	8493	26780	206	mscan
23317	882	26780	239	-
15394	4800	26780	239	-
18246	15692	26780	242	-
18246	13268	26780	242	-
12032	11436	11558	278	mscan
12032	11436	11558	278	mscan
12032	11436	11558	281	mscan
12032	5057	11558	286	mscan
12032	5057	11558	286	mscan
12032	11436	11558	287	mscan
12032	5057	11558	289	mscan
12032	23192	11558	294	mscan
12032	23192	11558	294	mscan
12032	5057	11558	295	mscan
12032	23192	11558	297	mscan
12032	17856	11558	298	mscan
12032	17856	11558	298	mscan
12032	11436	11558	299	mscan
12032	15000	11558	299	mscan
12032	15000	11558	299	mscan
12032	9653	11558	300	mscan
12032	9653	11558	300	mscan
12032	5057	11558	300	mscan
12032	5057	11558	300	mscan
12032	15544	11558	301	mscan
12032	4302	11558	301	mscan
12032	11503	11558	301	mscan
12032	15544	11558	301	mscan
12032	17856	11558	301	mscan
12032	4302	11558	301	mscan
12032	11503	11558	301	mscan
12032	8493	11558	302	mscan
12032	15000	11558	302	mscan
12032	8493	11558	302	mscan
12032	23192	11558	303	mscan
12032	9653	11558	303	mscan
12032	5057	11558	303	mscan
12032	11503	11558	304	mscan
12032	4302	11558	304	mscan
12032	15544	11558	304	mscan
12032	8493	11558	305	mscan
12032	17856	8405	307	mscan
12032	5057	8405	307	mscan
12032	15000	8405	308	mscan
12032	9653	8405	309	mscan
12032	5057	8405	309	mscan
12032	15544	8405	310	mscan
12032	4302	8405	310	mscan
12032	11503	8405	310	mscan
12032	8493	8405	311	mscan
12032	23192	8405	315	mscan
12032	17856	8405	319	mscan
12032	15000	8405	320	mscan
12032	9653	8405	321	mscan
12032	5057	8405	321	mscan
12032	15544	8405	322	mscan
12032	4302	8405	322	mscan
12032	11503	8405	322	mscan
12032	8493	8405	323	mscan
12032	11436	8405	323	mscan
12032	5057	8405	331	mscan
12032	23192	8405	339	mscan
12032	17856	8405	343	mscan
12032	15000	8405	344	mscan
12032	9653	8405	345	mscan
12032	5057	8405	345	mscan
12032	15544	8405	346	mscan
12032	4302	8405	346	mscan
12032	11503	8405	346	mscan
12032	8493	8405	347	mscan
18246	13268	8405	348	-
18246	16768	8405	360	-
18246	16768	8405	360	-
18246	16768	8405	361	-
18246	16768	8405	361	-
18246	16768	38616	368	-
18246	16768	38616	368	-
18246	16768	38616	368	-
18246	16768	38616	368	-
12032	11436	38616	371	mscan
12032	5057	38616	379	mscan
12032	23192	38616	387	mscan
12032	17856	38616	391	mscan
12032	15000	38616	392	mscan
12032	9653	38616	393	mscan
12032	5057	38616	393	mscan
12032	15544	38616	394	mscan
12032	4302	38616	394	mscan
12032	11503	38616	394	mscan
12032	8493	38616	395	mscan
12032	11436	11119	467	mscan
12032	11436	11119	467	mscan
12032	11436	11119	470	mscan
12032	5057	11119	475	mscan
12032	5057	11119	475	mscan
12032	11436	11119	476	mscan
12032	5057	11119	478	mscan
12032	23192	11119	483	mscan
12032	23192	11119	483	mscan
12032	5057	11119	484	mscan
12032	23192	11119	486	mscan
12032	17856	5968	487	mscan
12032	17856	5968	487	mscan
12032	11436	5968	488	mscan
12032	15000	5968	488	mscan
12032	15000	5968	488	mscan
12032	5057	5968	489	mscan
12032	9653	5968	489	mscan
12032	9653	5968	489	mscan
12032	5057	5968	489	mscan
12032	11503	5968	490	mscan
12032	4302	5968	490	mscan
12032	15544	5968	490	mscan
12032	11503	5968	490	mscan
12032	4302	5968	490	mscan
12032	15544	5968	490	mscan
12032	17856	5968	490	mscan
12032	8493	5968	491	mscan
12032	8493	5968	491	mscan
12032	15000	5968	491	mscan
12032	9653	5968	492	mscan
12032	5057	5968	492	mscan
12032	23192	5968	492	mscan
12032	11503	5968	493	mscan
12032	4302	5968	493	mscan
12032	15544	5968	493	mscan
12032	8493	5968	494	mscan
12032	5057	5968	496	mscan
12032	17856	5968	496	mscan
12032	15000	5968	497	mscan
12032	9653	5968	498	mscan
12032	5057	5968	498	mscan
12032	15544	5968	499	mscan
12032	11503	5968	499	mscan
12032	4302	5968	499	mscan
12032	8493	5968	500	mscan
12032	23192	5968	504	mscan
12032	17856	5968	508	mscan
12032	15000	5968	509	mscan
12032	9653	5968	510	mscan
12032	5057	5968	510	mscan
12032	11503	5968	511	mscan
12032	4302	5968	511	mscan
12032	15544	5968	511	mscan
12032	8493	5968	512	mscan
12032	11436	5968	512	mscan
12032	5057	5968	520	mscan
12032	23192	5968	528	mscan
12032	17856	5968	532	mscan
12032	15000	5968	533	mscan
12032	9653	5968	534	mscan
12032	5057	5968	534	mscan
12032	15544	5968	535	mscan
12032	4302	5968	535	mscan
12032	11503	5968	535	mscan
12032	8493	5968	536	mscan
6775	19352	23766	549	-
12032	11436	23766	560	mscan
12032	5057	23766	568	mscan
12032	23192	23766	576	mscan
12032	17856	23766	580	mscan
12032	15000	23766	581	mscan
12032	9653	23766	582	mscan
12032	5057	23766	582	mscan
12032	15544	23766	583	mscan
12032	4302	23766	583	mscan
12032	11503	23766	583	mscan
12032	8493	23766	584	mscan
18246	16768	23766	594	-
12032	11436	16219	656	mscan
12032	3920	16219	656	mscan
12032	3920	16219	656	mscan
12032	13636	16219	656	mscan
12032	13636	16219	656	mscan
12032	23216	16219	656	mscan
12032	11780	16219	656	mscan
12032	11780	16219	656	mscan
12032	11780	16219	656	mscan
12032	11780	16219	656	mscan
12032	20989	16219	656	mscan
12032	23216	16219	656	mscan
12032	20989	16219	656	mscan
12032	20989	16219	656	mscan
12032	3920	16219	656	mscan
12032	13636	16219	656	mscan
12032	13636	16219	656	mscan
12032	23216	16219	656	mscan
12032	23216	16219	656	mscan
12032	3920	16219	656	mscan
12032	20989	16219	656	mscan
12032	20989	16219	656	mscan
12032	568	16219	657	mscan
12032	8885	16219	657	mscan
12032	8885	16219	657	mscan
12032	568	16219	657	mscan
12032	19350	16219	657	mscan
12032	8682	16219	657	mscan
12032	19350	16219	657	mscan
12032	8682	16219	657	mscan
12032	22217	16219	657	mscan
12032	22217	16219	657	mscan
12032	8682	16219	657	mscan
12032	8682	16219	657	mscan
12032	22217	16219	657	mscan
12032	22217	16219	657	mscan
12032	568	16219	657	mscan
12032	8885	16219	657	mscan
12032	8885	16219	657	mscan
12032	19350	16219	657	mscan
12032	19350	16219	657	mscan
12032	568	16219	657	mscan
12032	11436	16219	658	mscan
12032	11436	16219	661	mscan
12032	5057	16219	664	mscan
12032	2843	16219	664	mscan
12032	2843	16219	664	mscan
12032	2843	16219	664	mscan
12032	2843	16219	664	mscan
12032	4981	16219	664	mscan
12032	4981	16219	664	mscan
12032	4981	16219	664	mscan
12032	14437	7022	667	mscan
12032	14539	7022	667	mscan
12032	11436	7022	667	mscan
12032	14539	7022	667	mscan
12032	14539	7022	667	mscan
12032	14539	7022	667	mscan
12032	14437	7022	667	mscan
12032	4981	7022	667	mscan
12032	4981	7022	667	mscan
12032	14437	7022	667	mscan
12032	14437	7022	667	mscan
12032	5057	7022	668	mscan
12032	5057	7022	671	mscan
12032	16593	7022	672	mscan
12032	16593	7022	672	mscan
12032	23192	7022	672	mscan
12032	16593	7022	672	mscan
12032	16593	7022	672	mscan
12032	11001	7022	673	mscan
12032	19598	7022	673	mscan
12032	19598	7022	673	mscan
12032	19598	7022	673	mscan
12032	19598	7022	673	mscan
12032	20768	7022	673	mscan
12032	20072	7022	673	mscan
12032	11001	7022	673	mscan
12032	20768	7022	673	mscan
12032	695	7022	673	mscan
12032	695	7022	673	mscan
12032	20768	7022	673	mscan
12032	20768	7022	673	mscan
12032	695	7022	673	mscan
12032	695	7022	673	mscan
12032	11001	7022	673	mscan
12032	11001	7022	673	mscan
12032	20072	7022	673	mscan
12032	20072	7022	674	mscan
12032	23192	7022	674	mscan
12032	20072	7022	674	mscan
12032	2976	7022	676	mscan
12032	2976	7022	676	mscan
12032	17421	7022	676	mscan
12032	17421	7022	676	mscan
12032	17421	7022	676	mscan
12032	19352	7022	676	mscan
12032	2976	7022	676	mscan
12032	17421	7022	676	mscan
12032	19352	7022	676	mscan
12032	19352	7022	676	mscan
12032	17856	7022	676	mscan
12032	19352	7022	676	mscan
12032	2976	7022	676	mscan
12032	11444	7022	677	mscan
12032	23167	7022	677	mscan
12032	11444	7022	677	mscan
12032	23167	7022	677	mscan
12032	5057	7022	677	mscan
12032	15000	7022	677	mscan
12032	1976	7022	677	mscan
12032	1976	7022	677	mscan
12032	1976	7022	677	mscan
12032	1976	7022	677	mscan
12032	23192	7022	677	mscan
12032	11444	7022	677	mscan
12032	23167	7022	677	mscan
12032	11444	7022	677	mscan
12032	23167	7022	677	mscan
12032	15000	7022	678	mscan
12032	9554	7022	678	mscan
12032	16332	7022	678	mscan
12032	9554	7022	678	mscan
12032	5057	7022	678	mscan
12032	3297	7022	678	mscan
12032	8048	7022	678	mscan
12032	3297	7022	678	mscan
12032	8048	7022	678	mscan
12032	16332	7022	678	mscan
12032	17856	7022	678	mscan
12032	9653	7022	678	mscan
12032	8048	7022	678	mscan
12032	3297	7022	678	mscan
12032	9554	7022	678	mscan
12032	16332	7022	678	mscan
12032	9554	7022	678	mscan
12032	3297	7022	678	mscan
12032	8048	7022	678	mscan
12032	16332	7022	678	mscan
12032	8452	7022	679	mscan
12032	8452	7022	679	mscan
12032	3611	7022	679	mscan
12032	9653	7022	679	mscan
12032	8452	7022	679	mscan
12032	7268	7022	679	mscan
12032	8452	7022	679	mscan
12032	4302	7022	679	mscan
12032	11690	7022	679	mscan
12032	3461	7022	679	mscan
12032	11690	7022	679	mscan
12032	11503	7022	679	mscan
12032	3461	7022	679	mscan
12032	11436	7022	679	mscan
12032	5057	7022	679	mscan
12032	15544	7022	679	mscan
12032	7268	7022	679	mscan
12032	3611	7022	679	mscan
12032	3611	7022	679	mscan
12032	7268	7022	679	mscan
12032	3611	7022	679	mscan
12032	7268	7022	679	mscan
12032	11690	7022	679	mscan
12032	11690	7022	679	mscan
12032	3461	7022	679	mscan
12032	3461	7022	679	mscan
12032	14539	7022	680	mscan
12032	8493	7022	680	mscan
12032	11503	7022	680	mscan
12032	4302	7022	680	mscan
12032	14539	7022	680	mscan
12032	8493	7022	680	mscan
12032	3611	7022	680	mscan
12032	7268	7022	680	mscan
12032	14539	7022	680	mscan
12032	14539	7022	680	mscan
12032	15000	7022	681	mscan
12032	17856	7022	681	mscan
12032	20989	7022	682	mscan
12032	20989	7022	682	mscan
12032	20989	7022	682	mscan
12032	11780	7022	682	mscan
12032	11780	7022	682	mscan
12032	11780	7022	682	mscan
12032	11780	7022	682	mscan
12032	23216	7022	682	mscan
12032	23216	7022	682	mscan
12032	23216	7022	682	mscan
12032	23216	7022	682	mscan
12032	13636	7022	682	mscan
12032	13636	7022	682	mscan
12032	9653	7022	682	mscan
12032	5057	7022	682	mscan
12032	13636	7022	682	mscan
12032	13636	7022	682	mscan
12032	20989	7022	682	mscan
12032	20989	7022	682	mscan
12032	3920	7022	683	mscan
12032	3920	7022	683	mscan
12032	3920	7022	683	mscan
12032	3920	7022	683	mscan
12032	22217	7022	683	mscan
12032	22217	7022	683	mscan
12032	22217	7022	683	mscan
12032	22217	7022	683	mscan
12032	8682	7022	683	mscan
12032	8682	7022	683	mscan
12032	8885	7022	683	mscan
12032	8885	7022	683	mscan
12032	568	7022	683	mscan
12032	568	7022	683	mscan
12032	19350	7022	683	mscan
12032	19350	7022	683	mscan
12032	4302	7022	683	mscan
12032	11503	7022	683	mscan
12032	8493	7022	683	mscan
12032	23192	7022	683	mscan
12032	8682	7022	683	mscan
12032	8682	7022	683	mscan
12032	8885	7022	683	mscan
12032	8885	7022	683	mscan
12032	568	7022	683	mscan
12032	568	7022	683	mscan
12032	19350	7022	683	mscan
12032	19350	7022	683	mscan
12032	11436	7022	684	mscan
12032	17856	7022	687	mscan
12032	11436	7022	687	mscan
12032	15000	7022	687	mscan
12032	9653	7022	688	mscan
12032	5057	7022	688	mscan
12032	5057	7022	689	mscan
12032	4302	7022	689	mscan
12032	11503	7022	689	mscan
12032	8493	7022	689	mscan
12032	11436	7022	693	mscan
12032	23192	7022	695	mscan
12032	17856	7022	699	mscan
12032	15000	7022	699	mscan
17776	8452	7022	699	warez
12032	9653	7022	700	mscan
12032	5057	7022	700	mscan
12032	4302	7022	701	mscan
12032	11503	7022	701	mscan
12032	8493	7022	701	mscan
12032	11436	7022	703	mscan
12032	11436	7022	705	mscan
12985	15235	7022	707	warez
12985	15235	7022	707	warez
12032	5057	7022	713	mscan
12032	23192	7022	719	mscan
12032	17856	7022	723	mscan
12032	15000	7022	723	mscan
12032	9653	7022	724	mscan
12032	5057	7022	724	mscan
12032	4302	7022	725	mscan
12032	11503	7022	725	mscan
12032	8493	7022	725	mscan
12032	11436	16978	729	mscan
18246	8913	16978	738	-
12032	11436	16978	751	mscan
12032	5057	16978	761	mscan
12032	23192	16978	767	mscan
12032	17856	16978	771	mscan
12032	15000	16978	771	mscan
12032	9653	16978	772	mscan
12032	5057	16978	772	mscan
12032	4302	16978	773	mscan
12032	11503	16978	773	mscan
12032	8493	16978	773	mscan
12032	11436	16978	777	mscan
3957	15394	16978	778	-
18246	16768	16978	785	-
18246	16768	16978	785	-
18246	16768	16978	785	-
18246	16768	27207	790	-
18246	18332	27207	833	-
15394	4800	27207	839	-
23317	882	27207	839	-
12032	11436	5164	847	mscan
12032	11436	5164	847	mscan
12032	11436	5164	850	mscan
12032	11436	5164	856	mscan
12032	5057	5164	857	mscan
12032	5057	5164	857	mscan
12032	5057	5164	860	mscan
12032	23192	5164	863	mscan
12032	23192	5164	863	mscan
12032	5057	5164	866	mscan
12032	23192	5164	866	mscan
12032	17856	5164	867	mscan
12032	15000	5164	867	mscan
12032	17856	5164	867	mscan
12032	15000	5164	867	mscan
12032	5057	5164	868	mscan
12032	11436	5164	868	mscan
12032	9653	5164	868	mscan
12032	5057	5164	868	mscan
12032	9653	5164	868	mscan
12032	4302	5164	869	mscan
12032	11503	5164	869	mscan
12032	8493	5164	869	mscan
12032	4302	5164	869	mscan
12032	11503	5164	869	mscan
12032	8493	5164	869	mscan
12032	15000	5164	870	mscan
12032	17856	5164	870	mscan
12032	9653	5164	871	mscan
12032	5057	5164	871	mscan
12032	4302	5164	872	mscan
12032	8493	5164	872	mscan
12032	23192	5164	872	mscan
12032	11503	5164	872	mscan
12032	11436	5164	873	mscan
12032	11436	5164	873	mscan
12032	17856	5164	876	mscan
12032	15000	5164	876	mscan
12032	11436	5164	876	mscan
12032	9653	5164	877	mscan
12032	5057	5164	877	mscan
12032	5057	5164	878	mscan
12032	4302	5164	878	mscan
12032	11503	5164	878	mscan
12032	8493	5164	878	mscan
12032	11436	5164	882	mscan
18246	21184	5164	884	-
18246	21184	5164	884	-
18246	21184	5164	884	-
18246	21184	5164	884	-
18246	21184	5164	884	-
18246	21184	5164	884	-
18246	21184	5164	884	-
18246	21184	5164	884	-
18246	21184	5164	884	-
18246	21184	5164	884	-
18246	21184	5164	884	-
18246	21184	5164	884	-
18246	21184	5164	884	-
18246	21184	5164	884	-
18246	21184	5164	884	-
18246	21184	5164	884	-
18246	21184	5164	884	-
18246	21184	5164	884	-
18246	21184	5164	884	-
18246	21184	5164	884	-
18246	21184	5164	884	-
18246	21184	5164	884	-
18246	21184	5164	884	-
12032	23192	5164	884	mscan
12032	17856	5164	888	mscan
12032	15000	5164	888	mscan
12032	9653	5164	889	mscan
12032	5057	5164	889	mscan
12032	4302	5164	890	mscan
12032	11503	5164	890	mscan
12032	8493	5164	890	mscan
12032	11436	5164	892	mscan
12032	11436	5164	894	mscan
12032	5057	5164	902	mscan
16409	20367	25250	908	-
16409	19523	25250	908	-
12032	23192	25250	908	mscan
12032	17856	25250	912	mscan
12032	15000	25250	912	mscan
12032	9653	25250	913	mscan
12032	5057	25250	913	mscan
12032	4302	25250	914	mscan
12032	11503	25250	914	mscan
12032	8493	25250	914	mscan
12032	11436	25250	918	mscan
12032	11436	25250	940	mscan
12032	5057	25250	950	mscan
12032	23192	25250	956	mscan
12032	17856	25250	960	mscan
12032	15000	25250	960	mscan
12032	9653	25250	961	mscan
12032	5057	25250	961	mscan
12032	4302	25250	962	mscan
12032	11503	25250	962	mscan
12032	8493	25250	962	mscan
12032	11436	25250	966	mscan
3957	587	4939	1019	-
18246	4776	4939	1022	-
16409	20367	35740	1034	-
16409	19523	35740	1034	-
16409	20367	35740	1034	-
16409	20367	35740	1034	-
16409	19523	35740	1034	-
16409	19523	35740	1034	-
16409	20367	35740	1034	-
16409	20367	35740	1034	-
12032	11436	35740	1036	mscan
12032	11436	35740	1036	mscan
12032	11436	35740	1039	mscan
12032	11436	35740	1045	mscan
12032	5057	35740	1046	mscan
12032	5057	35740	1046	mscan
12032	5057	35740	1049	mscan
12032	23192	35740	1052	mscan
12032	23192	35740	1052	mscan
12032	5057	35740	1055	mscan
12032	23192	35740	1055	mscan
12032	17856	35740	1056	mscan
12032	15000	35740	1056	mscan
12032	17856	35740	1056	mscan
12032	15000	35740	1056	mscan
12032	9653	35740	1057	mscan
12032	5057	35740	1057	mscan
12032	11436	35740	1057	mscan
12032	9653	35740	1057	mscan
12032	5057	35740	1057	mscan
12032	4302	35740	1058	mscan
12032	11503	35740	1058	mscan
12032	8493	35740	1058	mscan
12032	4302	35740	1058	mscan
12032	11503	35740	1058	mscan
12032	8493	35740	1058	mscan
12032	17856	35740	1059	mscan
12032	15000	35740	1059	mscan
12032	9653	35740	1060	mscan
12032	5057	35740	1060	mscan
12032	4302	35740	1061	mscan
12032	11503	35740	1061	mscan
12032	8493	35740	1061	mscan
12032	23192	35740	1061	mscan
12032	11436	35740	1062	mscan
12032	11436	35740	1062	mscan
18246	7138	35740	1063	-
18246	7138	35740	1063	-
18246	7138	35740	1063	-
18246	7138	35740	1063	-
18246	7138	35740	1063	-
18246	7138	35740	1063	-
18246	7138	35740	1063	-
18246	7138	35740	1063	-
18246	7138	35740	1063	-
18246	7138	35740	1063	-
18246	7138	35740	1063	-
18246	7138	35740	1063	-
18246	7138	35740	1063	-
18246	7138	35740	1063	-
18246	7138	35740	1063	-
12032	17856	35740	1065	mscan
12032	11436	35740	1065	mscan
12032	15000	35740	1065	mscan
12032	9653	35740	1066	mscan
12032	5057	35740	1066	mscan
12032	5057	35740	1067	mscan
12032	11503	35740	1067	mscan
12032	4302	35740	1067	mscan
12032	8493	35740	1067	mscan
16409	20367	35740	1068	-
16409	19523	35740	1068	-
16409	20367	35740	1068	-
16409	19523	35740	1068	-
16409	20367	35740	1068	-
16409	20367	35740	1068	-
16409	20367	35740	1068	-
16409	20367	35740	1068	-
16409	20367	35740	1068	-
16409	20367	35740	1068	-
16409	20367	35740	1068	-
16409	20367	35740	1068	-
16409	20367	35740	1068	-
16409	20367	35740	1068	-
16409	20367	35740	1068	-
16409	20367	35740	1068	-
16409	20367	35740	1069	-
16409	20367	35740	1069	-
16409	20367	35740	1069	-
16409	20367	35740	1069	-
16409	20367	35740	1069	-
12032	11436	35740	1071	mscan
12032	23192	35740	1073	mscan
12032	17856	35740	1077	mscan
12032	15000	35740	1077	mscan
12032	9653	35740	1078	mscan
12032	5057	35740	1078	mscan
12032	4302	35740	1079	mscan
12032	11503	35740	1079	mscan
12032	8493	35740	1079	mscan
12032	11436	35740	1081	mscan
12032	11436	35740	1083	mscan
18246	10052	24072	1089	-
12032	5057	24072	1091	mscan
12032	23192	24072	1097	mscan
12032	17856	24072	1101	mscan
12032	15000	24072	1101	mscan
12032	9653	24072	1102	mscan
12032	5057	24072	1102	mscan
12032	4302	24072	1103	mscan
12032	11503	24072	1103	mscan
12032	8493	24072	1103	mscan
12032	11436	24072	1107	mscan
104	8452	24072	1122	warez
12985	6626	24072	1123	warez
12985	6626	24072	1123	warez
12032	11436	24072	1129	mscan
12032	5057	24072	1139	mscan
12032	23192	24072	1145	mscan
12032	17856	20563	1149	mscan
12032	15000	20563	1149	mscan
12032	9653	20563	1150	mscan
12032	5057	20563	1150	mscan
12032	4302	20563	1151	mscan
12032	11503	20563	1151	mscan
12032	8493	20563	1151	mscan
12032	11436	20563	1155	mscan
16409	9686	20563	1161	-
16409	9686	20563	1161	-
16409	20367	20563	1176	-
16409	20367	20563	1176	-
16409	20367	20563	1176	-
18246	17239	2669	1210	-
18246	7138	2669	1210	-
12032	11436	2669	1225	mscan
12032	2843	2669	1225	mscan
12032	2843	2669	1225	mscan
12032	2843	2669	1225	mscan
12032	2843	2669	1225	mscan
12032	2843	2669	1227	mscan
12032	4981	2669	1227	mscan
12032	4981	2669	1227	mscan
12032	4981	2669	1227	mscan
12032	4981	2669	1227	mscan
12032	4981	2669	1229	mscan
12032	14437	2669	1229	mscan
12032	14437	2669	1229	mscan
12032	14437	2669	1229	mscan
12032	14437	2669	1229	mscan
12032	14437	2669	1231	mscan
12032	14539	2669	1231	mscan
12032	14539	2669	1231	mscan
12032	14539	2669	1231	mscan
12032	14539	2669	1231	mscan
12032	5057	2669	1231	mscan
12032	5057	2669	1234	mscan
12032	5057	2669	1235	mscan
12032	16593	2669	1235	mscan
12032	16593	2669	1235	mscan
12032	16593	2669	1235	mscan
12032	16593	2669	1235	mscan
12032	16593	2669	1236	mscan
12032	695	2669	1236	mscan
12032	695	2669	1236	mscan
12032	695	2669	1236	mscan
12032	695	2669	1236	mscan
12032	695	2669	1238	mscan
12032	20768	2669	1238	mscan
12032	20768	2669	1238	mscan
12032	20768	2669	1238	mscan
12032	20768	2669	1238	mscan
12032	20768	2669	1240	mscan
12032	5057	2669	1240	mscan
12032	19598	2669	1240	mscan
12032	19598	2669	1240	mscan
12032	19598	2669	1240	mscan
12032	19598	2669	1240	mscan
12032	23192	2669	1241	mscan
12032	11001	2669	1241	mscan
12032	11001	2669	1241	mscan
12032	11001	2669	1241	mscan
12032	11001	2669	1241	mscan
12032	19598	2669	1242	mscan
12032	20072	2669	1242	mscan
12032	20072	2669	1242	mscan
12032	20072	2669	1242	mscan
12032	20072	2669	1242	mscan
12032	11001	2669	1243	mscan
12032	23192	2669	1243	mscan
12032	20072	2669	1244	mscan
12032	19352	2669	1244	mscan
12032	19352	2669	1244	mscan
12032	19352	2669	1244	mscan
12032	19352	2669	1244	mscan
12032	17856	2669	1245	mscan
12032	17421	2669	1245	mscan
12032	17421	2669	1245	mscan
12032	17421	2669	1245	mscan
12032	17421	2669	1245	mscan
12032	2976	2669	1245	mscan
12032	15000	2669	1245	mscan
12032	2976	2669	1245	mscan
12032	2976	2669	1245	mscan
12032	1976	2669	1245	mscan
12032	1976	2669	1245	mscan
12032	1976	2669	1245	mscan
12032	2976	2669	1245	mscan
12032	1976	2669	1245	mscan
12032	17856	2669	1246	mscan
12032	9653	2669	1246	mscan
12032	5057	2669	1246	mscan
12032	23192	2669	1246	mscan
12032	23167	2669	1246	mscan
12032	23167	2669	1246	mscan
12032	23167	2669	1246	mscan
12032	11444	2669	1246	mscan
12032	11444	2669	1246	mscan
12032	11444	2669	1246	mscan
12032	23167	2669	1246	mscan
12032	11444	2669	1246	mscan
12032	2976	2669	1247	mscan
12032	19352	2669	1247	mscan
12032	8493	2669	1247	mscan
12032	4302	2669	1247	mscan
12032	15000	2669	1247	mscan
12032	11503	2669	1247	mscan
12032	8048	2669	1247	mscan
12032	8048	2669	1247	mscan
12032	3297	2669	1247	mscan
12032	8048	2669	1247	mscan
12032	3297	2669	1247	mscan
12032	3297	2669	1247	mscan
12032	9554	2669	1247	mscan
12032	8048	2669	1247	mscan
12032	9554	2669	1247	mscan
12032	16332	2669	1247	mscan
12032	9554	2669	1247	mscan
12032	16332	2669	1247	mscan
12032	16332	2669	1247	mscan
12032	3297	2669	1247	mscan
12032	9554	2669	1247	mscan
12032	16332	2669	1247	mscan
12032	1976	2669	1248	mscan
12032	3461	2669	1248	mscan
12032	3461	2669	1248	mscan
12032	3461	2669	1248	mscan
12032	3461	2669	1248	mscan
12032	11690	2669	1249	mscan
12032	17856	2669	1249	mscan
12032	23167	2669	1249	mscan
12032	11690	2669	1249	mscan
12032	11690	2669	1249	mscan
12032	11690	2669	1249	mscan
12032	11444	2669	1250	mscan
12032	9653	2669	1250	mscan
12032	15000	2669	1250	mscan
12032	11436	2669	1251	mscan
12032	7268	2669	1251	mscan
12032	7268	2669	1251	mscan
12032	8048	2669	1251	mscan
12032	8452	2669	1251	mscan
12032	8452	2669	1251	mscan
12032	8452	2669	1251	mscan
12032	7268	2669	1251	mscan
12032	7268	2669	1251	mscan
12032	8452	2669	1251	mscan
12032	3297	2669	1252	mscan
12032	3611	2669	1252	mscan
12032	3611	2669	1252	mscan
12032	9554	2669	1252	mscan
12032	5057	2669	1252	mscan
12032	5057	2669	1252	mscan
12032	23192	2669	1252	mscan
12032	3365	2669	1252	mscan
12032	7268	2669	1252	mscan
12032	3611	2669	1252	mscan
12032	3611	2669	1252	mscan
12032	16332	2669	1253	mscan
12032	3611	2669	1253	mscan
12032	3461	2669	1253	mscan
12032	4302	2669	1253	mscan
12032	9653	2669	1253	mscan
12032	11503	2669	1253	mscan
12032	8493	2669	1254	mscan
12032	14539	2669	1254	mscan
12032	14539	2669	1254	mscan
12032	14539	2669	1254	mscan
12032	14539	2669	1254	mscan
12032	17856	2669	1255	mscan
12032	3365	2669	1255	mscan
12032	5057	2669	1255	mscan
12032	4302	2669	1256	mscan
12032	11503	2669	1256	mscan
12032	15000	2669	1256	mscan
12032	8493	2669	1257	mscan
12032	9653	2669	1259	mscan
12032	5057	2669	1261	mscan
12032	3365	2669	1261	mscan
12032	4302	2669	1262	mscan
12032	11503	2669	1262	mscan
12032	8493	2669	1263	mscan
12032	23192	2669	1264	mscan
12032	17856	12812	1267	mscan
12032	15000	12812	1268	mscan
12032	9653	12812	1271	mscan
12032	5057	12812	1273	mscan
12032	3365	12812	1273	mscan
12032	4302	12812	1274	mscan
12032	11503	12812	1274	mscan
12032	8493	12812	1275	mscan
12032	5057	12812	1276	mscan
12032	23192	12812	1288	mscan
12032	17856	12812	1291	mscan
12032	15000	12812	1292	mscan
12032	9653	12812	1295	mscan
12032	5057	12812	1297	mscan
12032	3365	12812	1297	mscan
12032	4302	12812	1298	mscan
12032	11503	12812	1298	mscan
12032	8493	12812	1299	mscan
16409	1839	12812	1308	-
16409	1839	12812	1308	-
16409	1839	12812	1308	-
16409	1839	12812	1309	-
16409	15928	12812	1321	-
16409	15928	12812	1321	-
16409	15928	12812	1321	-
16409	15928	12812	1321	-
16409	15928	12812	1321	-
16409	15928	12812	1321	-
16409	15928	12812	1321	-
16409	15928	12812	1321	-
16409	15928	12812	1321	-
16409	15928	12812	1321	-
12032	5057	12812	1324	mscan
12032	23192	28445	1336	mscan
12032	17856	28445	1339	mscan
12032	15000	28445	1340	mscan
12032	9653	28445	1343	mscan
12032	5057	28445	1345	mscan
12032	3365	28445	1345	mscan
12032	4302	28445	1346	mscan
12032	11503	28445	1346	mscan
12032	8493	28445	1347	mscan
16409	15928	28445	1348	-
16409	15928	28445	1349	-
16409	15928	28445	1349	-
16409	15928	28445	1349	-
16409	15928	28445	1349	-
16409	15928	28445	1349	-
16409	15928	28445	1349	-
16409	15928	28445	1349	-
16409	15928	28445	1349	-
16409	15928	28445	1349	-
16409	15928	28445	1352	-
16409	6554	28445	1352	-
16409	7215	6774	1396	-
16409	7215	6774	1396	-
16409	7215	6774	1396	-
16409	7215	6774	1397	-
16409	7215	6774	1397	-
16409	7215	6774	1397	-
16409	7215	6774	1397	-
16409	7215	6774	1397	-
16409	7215	6774	1397	-
16409	7215	6774	1397	-
16409	7215	6774	1397	-
12032	5057	6774	1420	mscan
12032	5057	6774	1420	mscan
12032	5057	6774	1423	mscan
12032	5057	6774	1429	mscan
12032	23192	6774	1432	mscan
12032	23192	6774	1432	mscan
12032	17856	6774	1435	mscan
12032	17856	6774	1435	mscan
12032	23192	6774	1435	mscan
12032	15000	6774	1436	mscan
12032	15000	6774	1436	mscan
12032	17856	6774	1438	mscan
12032	15000	6774	1439	mscan
12032	9653	6774	1439	mscan
15394	4800	6774	1439	-
23317	882	6774	1439	-
12032	9653	6774	1439	mscan
12032	5057	6774	1441	mscan
12032	3365	6774	1441	mscan
12032	5057	6774	1441	mscan
12032	5057	6774	1441	mscan
12032	23192	6774	1441	mscan
12032	3365	6774	1441	mscan
12032	11503	6774	1442	mscan
12032	4302	6774	1442	mscan
12032	9653	6774	1442	mscan
12032	11503	6774	1442	mscan
12032	4302	6774	1442	mscan
12032	8493	6774	1443	mscan
12032	8493	6774	1443	mscan
12032	5057	6774	1444	mscan
12032	17856	6774	1444	mscan
12032	3365	6774	1444	mscan
12032	11503	6774	1445	mscan
12032	15000	6774	1445	mscan
12032	4302	6774	1445	mscan
12032	8493	6774	1446	mscan
12032	9653	9700	1448	mscan
12032	3365	9700	1450	mscan
12032	5057	9700	1450	mscan
12032	11503	9700	1451	mscan
12032	4302	9700	1451	mscan
12032	8493	9700	1452	mscan
12032	23192	9700	1453	mscan
12032	17856	9700	1456	mscan
12032	15000	9700	1457	mscan
12032	9653	9700	1460	mscan
12032	3365	9700	1462	mscan
12032	5057	9700	1462	mscan
12032	11503	9700	1463	mscan
12032	4302	9700	1463	mscan
12032	8493	9700	1464	mscan
12032	5057	9700	1465	mscan
12032	23192	9700	1477	mscan
12032	17856	9700	1480	mscan
12032	15000	9700	1481	mscan
12032	9653	9700	1484	mscan
12032	3365	9700	1486	mscan
12032	5057	9700	1486	mscan
12032	4302	9700	1487	mscan
12032	11503	9700	1487	mscan
12032	8493	9700	1488	mscan
12032	5057	14883	1513	mscan
12032	23192	14883	1525	mscan
12032	17856	14883	1528	mscan
12032	15000	14883	1529	mscan
12032	9653	14883	1532	mscan
12032	5057	14883	1534	mscan
12032	3365	14883	1534	mscan
12032	4302	14883	1535	mscan
12032	11503	14883	1535	mscan
12032	8493	14883	1536	mscan
12032	5057	21709	1609	mscan
12032	5057	21709	1609	mscan
12032	5057	21709	1612	mscan
12032	5057	21709	1618	mscan
12032	23192	21709	1621	mscan
12032	23192	21709	1621	mscan
12032	17856	21709	1624	mscan
12032	17856	21709	1624	mscan
16409	7215	21709	1624	-
12032	23192	21709	1624	mscan
12032	15000	21709	1625	mscan
12032	15000	21709	1625	mscan
12032	17856	38852	1627	mscan
12032	9653	38852	1628	mscan
12032	9653	38852	1628	mscan
12032	15000	38852	1628	mscan
12032	23192	38852	1630	mscan
12032	5057	38852	1630	mscan
12032	3365	38852	1630	mscan
12032	3365	38852	1630	mscan
12032	5057	38852	1630	mscan
12032	5057	38852	1630	mscan
12032	11503	38852	1631	mscan
12032	11503	38852	1631	mscan
12032	9653	38852	1631	mscan
12032	4302	38852	1631	mscan
12032	4302	38852	1631	mscan
12032	8493	38852	1632	mscan
12032	8493	38852	1632	mscan
12032	5057	38852	1633	mscan
12032	3365	38852	1633	mscan
12032	17856	38852	1633	mscan
12032	4302	38852	1634	mscan
12032	11503	38852	1634	mscan
12032	15000	38852	1634	mscan
12032	8493	38852	1635	mscan
12032	9653	38852	1637	mscan
12032	5057	38852	1639	mscan
12032	3365	38852	1639	mscan
12032	4302	38852	1640	mscan
12032	11503	38852	1640	mscan
12032	8493	38852	1641	mscan
12032	23192	38852	1642	mscan
12032	17856	38852	1645	mscan
12032	15000	38852	1646	mscan
12032	9653	38852	1649	mscan
12032	3365	38852	1651	mscan
12032	5057	38852	1651	mscan
12032	11503	38852	1652	mscan
12032	4302	38852	1652	mscan
12032	8493	38852	1653	mscan
16409	3374	38852	1653	-
16409	3374	38852	1653	-
16409	3374	38852	1653	-
12032	5057	38852	1654	mscan
16409	3374	38852	1654	-
16409	3374	38852	1654	-
16409	3374	38852	1654	-
16409	3374	38852	1654	-
12032	23192	38852	1666	mscan
12032	17856	38852	1669	mscan
12032	15000	38852	1670	mscan
12032	9653	38852	1673	mscan
12032	5057	38852	1675	mscan
12032	3365	38852	1675	mscan
12032	11503	38852	1676	mscan
12032	4302	38852	1676	mscan
12032	8493	38852	1677	mscan
12032	5057	25297	1702	mscan
12032	23192	25297	1714	mscan
12032	17856	25297	1717	mscan
12032	15000	25297	1718	mscan
12032	9653	25297	1721	mscan
12032	5057	25297	1723	mscan
12032	3365	25297	1723	mscan
12032	11503	25297	1724	mscan
12032	4302	25297	1724	mscan
12032	8493	25297	1725	mscan
3957	15394	25297	1738	-
12032	20989	13878	1798	mscan
12032	5057	13878	1798	mscan
