20312	4800	28313	0	-
23317	5938	28313	0	-
18246	10663	28313	2	-
11001	13122	28313	2	-
11001	11900	28313	2	-
11001	19531	28313	4	-
23317	5938	28313	5	-
20312	4800	28313	5	-
20312	4800	10337	10	-
23317	5938	10337	10	-
17624	3611	10337	13	-
20312	4800	10337	15	-
23317	5938	10337	15	-
7215	18682	10337	16	-
13993	7215	10337	17	-
20312	4800	10337	20	-
23317	5938	10337	20	-
23317	5938	10337	25	-
20312	4800	10337	25	-
3957	587	10337	25	-
3076	16531	10337	25	-
23317	5938	10337	30	-
20312	4800	10337	30	-
13993	22986	10337	30	-
13993	22986	10337	32	-
14547	13122	10337	33	-
20312	4800	10337	35	-
23317	5938	10337	35	-
14547	13122	10337	35	-
13993	22986	10337	35	-
7215	12113	10337	36	-
19350	2425	10337	36	-
13993	22986	10337	37	-
13993	22986	10337	39	-
20312	4800	10337	40	-
23317	5938	10337	40	-
13993	22986	10337	41	-
13993	22986	10337	44	-
13993	22986	10337	44	-
13993	22986	10337	44	-
13993	22986	10337	44	-
13993	22986	10337	44	-
13993	22986	10337	44	-
13993	22986	10337	45	-
20312	4800	10337	45	-
23317	5938	10337	45	-
10429	8417	10337	45	-
18246	7215	10337	45	-
13993	22986	10337	45	-
13993	22986	10337	45	-
13993	22986	10337	45	-
13993	22986	10337	45	-
13993	22986	10337	45	-
20312	4800	10337	51	-
23317	5938	10337	51	-
23317	5938	10337	56	-
20312	4800	10337	56	-
18246	7215	10337	57	-
23317	5938	10337	61	-
4800	4603	10337	61	-
20312	4800	10337	61	-
23317	5938	10337	66	-
20312	4800	10337	66	-
13993	3374	15332	71	-
20312	4800	15332	71	-
20312	4800	15332	73	-
4800	4603	15332	73	-
4800	4603	15332	75	-
20312	4800	15332	75	-
4800	22275	15332	80	-
20312	4800	15332	80	-
20312	4800	15332	82	-
20312	4800	15332	84	-
23317	5938	15332	85	-
23317	5938	15332	85	-
23317	5938	15332	85	-
23317	5938	15332	85	-
23317	5938	15332	85	-
23317	5938	15332	85	-
23317	5938	15332	89	-
20312	4800	15332	89	-
4800	3066	15332	92	-
20312	4800	15332	94	-
23317	5938	15332	94	-
20312	4800	15332	99	-
23317	5938	15332	99	-
10429	8417	15332	101	-
20312	4800	15332	104	-
23317	5938	15332	104	-
20312	4800	15332	109	-
23317	5938	15332	109	-
20312	4800	15332	114	-
23317	5938	15332	114	-
18246	4273	15332	116	-
3611	18078	15332	118	-
23317	5938	15332	119	-
13993	15875	15332	119	-
20312	4800	15332	119	-
20312	4800	15332	124	-
23317	5938	15332	125	-
23317	5938	29371	130	-
20312	4800	29371	130	-
20312	4800	29371	135	-
23317	5938	29371	135	-
20312	4800	29371	140	-
23317	5938	29371	140	-
4800	20734	29371	143	-
20312	4800	29371	145	-
23317	5938	29371	145	-
3611	9121	29371	149	-
20312	4800	29371	150	-
23317	5938	29371	150	-
20312	4800	29371	155	-
23317	5938	29371	155	-
4800	22275	29371	157	-
20312	4800	29371	160	-
20312	4800	29371	162	-
20312	4800	29371	164	-
20312	4800	29371	169	-
19350	2425	29371	170	-
20312	4800	29371	171	-
20312	4800	29371	173	-
23317	5938	29371	174	-
23317	5938	29371	174	-
20312	4800	29371	174	-
23317	5938	29371	175	-
23317	5938	29371	175	-
23317	5938	29371	175	-
23317	5938	29371	175	-
23317	5938	29371	178	-
20312	4800	29371	178	-
20312	4800	29371	183	-
23317	5938	29371	183	-
23317	5938	24335	188	-
20312	4800	24335	188	-
4800	3779	24335	191	-
20312	4800	24335	193	-
23317	5938	24335	193	-
7215	6775	24335	196	-
20312	4800	24335	198	-
23317	5938	24335	198	-
10429	8417	24335	200	-
20312	4800	24335	204	-
23317	5938	24335	204	-
7215	1028	24335	209	-
23317	5938	24335	209	-
20312	4800	24335	209	-
4800	6635	24335	212	-
20312	16593	24335	212	-
20312	4800	24335	214	-
23317	5938	24335	214	-
10429	8417	24335	215	-
23317	5938	24335	219	-
20312	4800	24335	219	-
4800	20971	24335	219	-
3611	16139	24335	222	-
10429	8417	24335	222	-
19350	2963	24335	224	-
20312	4800	24335	224	-
23317	5938	24335	224	-
15506	19350	24335	225	-
19531	9121	24335	227	-
20312	4800	24335	229	-
23317	5938	24335	229	-
23317	5938	24335	234	-
20312	4800	24335	234	-
23317	5938	24335	239	-
20312	4800	24335	239	-
20312	4800	24335	244	-
23317	5938	24335	244	-
20312	4800	22089	249	-
20312	4800	22089	251	-
20312	4800	22089	253	-
20312	4800	22089	258	-
20312	4800	22089	260	-
20312	4800	22089	262	-
23317	5938	22089	265	-
23317	5938	22089	265	-
23317	5938	22089	265	-
23317	5938	22089	265	-
23317	5938	22089	265	-
23317	5938	22089	265	-
3611	2938	22089	266	-
4800	5167	22089	266	-
20312	4800	22089	267	-
23317	5938	22089	267	-
19350	22000	22089	269	-
23317	5938	22089	272	-
20312	4800	22089	272	-
4800	5167	22089	275	-
3297	1001	22089	276	-
20312	4800	22089	277	-
23317	5938	22089	277	-
4800	4528	22089	280	-
23317	5938	22089	283	-
20312	4800	22089	283	-
23317	5938	22089	288	-
20312	4800	22089	288	-
23317	5938	22089	293	-
20312	4800	22089	293	-
20312	4800	22089	298	-
23317	5938	22089	298	-
17624	3611	22089	302	-
23317	5938	22089	303	-
3611	13745	22089	303	-
20312	4800	22089	303	-
23317	5938	25749	308	-
20312	4800	25749	308	-
3957	15394	25749	309	-
19603	16531	25749	310	-
20312	4800	25749	313	-
23317	5938	25749	313	-
13993	19531	25749	315	-
13993	19531	25749	317	-
23317	5938	25749	318	-
20312	4800	25749	318	-
13993	19531	25749	319	-
18246	4273	25749	320	-
23317	5938	25749	323	-
20312	4800	25749	323	-
10429	8417	25749	323	-
13993	19531	25749	323	-
23317	5938	25749	328	-
20312	4800	25749	328	-
23317	5938	25749	333	-
20312	4800	25749	333	-
7782	15667	25749	333	-
17624	9554	25749	335	-
17624	9554	25749	337	-
20312	4800	25749	338	-
17624	9554	25749	339	-
20312	4800	25749	340	-
20312	4800	25749	342	-
17624	9554	25749	342	-
17624	9554	25749	344	-
19531	6195	25749	345	-
17624	9554	25749	346	-
20312	4800	25749	347	-
20312	4800	25749	349	-
17624	9554	25749	349	-
17624	9554	25749	349	-
17624	9554	25749	349	-
17624	9554	25749	349	-
17624	9554	25749	349	-
17624	9554	25749	349	-
17624	9554	25749	349	-
7782	15667	25749	350	-
17624	9554	25749	350	-
17624	9554	25749	350	-
17624	9554	25749	350	-
17624	9554	25749	350	-
17624	9554	25749	350	-
10429	8417	25749	351	-
20312	4800	25749	351	-
23317	5938	25749	355	-
23317	5938	25749	355	-
23317	5938	25749	355	-
23317	5938	25749	355	-
23317	5938	25749	355	-
882	4800	25749	355	-
23317	5938	25749	355	-
23317	5938	25749	356	-
20312	4800	25749	356	-
20312	4800	25749	361	-
23317	5938	25749	362	-
23317	5938	25749	367	-
20312	4800	25749	367	-
3374	19834	20542	369	-
7215	1028	20542	371	-
23317	5938	20542	372	-
20312	4800	20542	372	-
23317	5938	20542	377	-
20312	4800	20542	377	-
19531	16606	20542	379	-
20312	4800	20542	382	-
23317	5938	20542	382	-
14267	7215	20542	383	-
23317	5938	20542	387	-
20312	4800	20542	387	-
20312	4800	20542	392	-
23317	5938	20542	392	-
4800	21686	20542	393	-
23317	5938	20542	397	-
20312	4800	20542	397	-
23317	5938	20542	402	-
20312	4800	20542	402	-
20312	4800	20542	407	-
23317	5938	20542	407	-
4800	21367	20542	412	-
23317	5938	20542	413	-
4800	21367	20542	413	-
20312	4800	20542	413	-
19531	16606	20542	415	-
23317	5938	20542	418	-
20312	4800	20542	418	-
7215	1028	20542	421	-
23317	5938	20542	423	-
20312	4800	20542	423	-
23317	5938	23884	428	-
20312	4800	23884	428	-
20312	4800	23884	433	-
20312	4800	23884	435	-
20312	4800	23884	437	-
20312	4800	23884	442	-
23317	5938	23884	444	-
23317	5938	23884	444	-
20312	4800	23884	444	-
23317	5938	23884	444	-
23317	5938	23884	445	-
23317	5938	23884	445	-
23317	5938	23884	450	-
20312	4800	23884	450	-
23317	5938	23884	455	-
20312	4800	23884	455	-
19531	16606	23884	458	-
10429	15894	23884	458	-
23317	5938	23884	460	-
20312	4800	23884	460	-
10429	15894	23884	461	-
23317	5938	23884	465	-
20312	4800	23884	465	-
882	3297	23884	466	-
882	3461	23884	466	-
19350	2963	23884	469	-
882	8452	23884	469	-
23317	5938	23884	470	-
20312	4800	23884	470	-
20312	4800	23884	475	-
23317	5938	23884	475	-
19531	16606	23884	478	-
20312	4800	23884	480	-
23317	5938	23884	480	-
10429	8417	23884	483	-
20312	4800	23884	485	-
23317	5938	23884	485	-
3611	22275	23884	487	-
20312	4800	7336	490	-
17624	3611	7336	490	-
23317	5938	7336	490	-
18246	4273	7336	492	-
23317	5938	7336	495	-
20312	4800	7336	495	-
23317	5938	7336	500	-
20312	4800	7336	500	-
16671	15894	7336	504	-
15394	4800	7336	504	-
23317	882	7336	504	-
16671	11900	7336	504	-
20312	4800	7336	505	-
23317	5938	7336	505	-
18246	2973	7336	507	-
10571	23167	7336	508	-
10571	3461	7336	509	-
7179	4981	7336	509	-
20312	4800	7336	510	-
23317	5938	7336	510	-
10571	8452	7336	511	-
10571	7268	7336	511	-
4800	21367	7336	515	-
23317	5938	7336	516	-
20312	4800	7336	516	-
20312	4800	7336	521	-
20312	4800	7336	523	-
20312	4800	7336	525	-
20312	4800	7336	530	-
3611	22275	7336	531	-
4800	21367	7336	532	-
20312	4800	7336	532	-
20312	4800	7336	534	-
23317	5938	7336	535	-
23317	5938	7336	535	-
23317	5938	7336	535	-
23317	5938	7336	535	-
23317	5938	7336	535	-
23317	5938	7336	535	-
19531	16606	7336	535	-
3611	13623	7336	535	-
4800	5938	7336	538	-
23317	5938	7336	539	-
3957	22986	7336	539	-
20312	4800	7336	539	-
10429	8417	7336	540	-
7215	15506	7336	542	-
20312	4800	7336	544	-
23317	5938	7336	544	-
14267	7215	44009	549	-
10429	2407	44009	549	-
23317	5938	44009	549	-
20312	4800	44009	549	-
10429	18505	44009	552	-
3611	18736	44009	553	-
23317	5938	44009	554	-
20312	4800	44009	554	-
4800	4528	44009	555	-
23317	5938	44009	559	-
20312	4800	44009	559	-
19531	16606	44009	560	-
23317	5938	44009	564	-
20312	4800	44009	564	-
882	16531	44009	565	-
7179	16593	44009	568	-
7179	16332	44009	568	-
20312	4800	44009	569	-
23317	5938	44009	569	-
13993	19834	44009	570	-
12985	22986	44009	570	-
12985	11900	44009	571	-
13993	19834	44009	573	-
23317	5938	44009	574	-
20312	4800	44009	574	-
14267	7215	44009	574	-
13993	19834	44009	575	-
13993	19834	44009	577	-
3297	5938	44009	578	-
3297	13122	44009	578	-
19350	8448	44009	579	-
14267	3176	44009	579	-
23317	5938	44009	579	-
20312	4800	44009	579	-
13993	19834	44009	579	-
3297	11900	44009	581	-
13993	19834	44009	582	-
23317	5938	44009	584	-
20312	4800	44009	584	-
13993	19834	44009	585	-
13993	19834	44009	585	-
13993	19834	44009	585	-
13993	19834	44009	586	-
13993	19834	44009	586	-
13993	19834	44009	586	-
13993	19834	44009	586	-
13993	19834	44009	586	-
13993	19834	44009	586	-
13993	19834	44009	586	-
13993	19834	44009	586	-
13993	19834	44009	586	-
13993	19834	44009	586	-
13993	19834	44009	586	-
13993	19834	44009	586	-
13993	19834	44009	586	-
13993	19834	44009	586	-
13993	19834	44009	586	-
13993	19834	44009	587	-
13993	19834	44009	587	-
13993	19834	44009	587	-
13993	19834	44009	587	-
7215	1028	44009	587	-
13993	19834	44009	587	-
13993	19834	44009	587	-
23317	5938	44009	589	-
20312	4800	44009	589	-
10571	23167	44009	592	-
10571	16593	44009	592	-
18246	2973	44009	594	-
3611	22275	44009	595	-
20312	4800	44009	595	-
23317	5938	44009	595	-
23317	5938	44009	600	-
20312	4800	44009	600	-
19531	16606	44009	602	-
20312	4800	44009	605	-
23317	5938	44009	605	-
3297	11900	44009	606	-
20312	4800	13861	610	-
20312	4800	13861	612	-
20312	4800	13861	614	-
11001	22986	13861	618	-
11001	15894	13861	618	-
20312	4800	13861	619	-
19839	21708	13861	620	-
12332	3611	13861	620	-
20312	4800	13861	621	-
3611	22275	13861	621	-
11001	19834	13861	621	-
20312	4800	13861	623	-
20312	4800	13861	624	-
23317	5938	13861	624	-
23317	5938	13861	624	-
23317	5938	13861	625	-
23317	5938	13861	625	-
23317	5938	13861	625	-
23317	5938	13861	625	-
12332	3297	13861	625	-
11001	11900	13861	625	-
12332	16531	13861	625	-
11001	19531	13861	627	-
23317	5938	13861	628	-
20312	4800	13861	628	-
12332	8452	13861	628	-
11001	21708	13861	631	-
23317	5938	13861	633	-
20312	4800	13861	633	-
23317	5938	13861	638	-
20312	4800	13861	638	-
10429	12195	13861	638	-
7215	1028	13861	638	-
14267	1398	13861	638	-
20367	587	13861	639	-
20312	4800	13861	643	-
23317	5938	13861	643	-
12332	16531	13861	644	-
12332	16593	13861	644	-
20312	4800	13861	649	-
23317	5938	13861	649	-
19531	16606	13861	654	-
20312	4800	13861	654	-
23317	5938	13861	654	-
18246	2973	13861	655	-
23317	5938	13861	659	-
20312	4800	13861	659	-
7179	8452	13861	659	-
3611	10532	13861	663	-
20312	4800	13861	664	-
23317	5938	13861	664	-
7782	15667	13861	665	-
17624	9554	13861	667	-
18246	2973	2600	669	-
20312	4800	2600	669	-
23317	5938	2600	669	-
17624	9554	2600	669	-
3076	3461	2600	671	-
17624	9554	2600	671	-
3076	14437	2600	671	-
20312	23167	2600	673	-
3076	23167	2600	673	-
20312	4800	2600	674	-
23317	5938	2600	674	-
20312	3461	2600	675	-
17624	9554	2600	677	-
3076	3297	2600	678	-
23317	5938	2600	679	-
20312	4800	2600	679	-
20312	9554	2600	683	-
3611	12500	2600	684	-
20312	4800	2600	684	-
23317	5938	2600	684	-
4800	15647	2600	686	-
3076	2843	2600	686	-
20312	4800	2600	689	-
23317	5938	2600	690	-
4800	15647	2600	691	-
3076	4981	2600	691	-
10429	18332	2600	692	-
7215	5456	2600	692	-
3076	7268	2600	694	-
20312	4800	2600	695	-
23317	5938	2600	695	-
3076	9554	2600	695	-
7179	8452	2600	695	-
3076	16332	2600	697	-
20312	4800	2600	700	-
14267	1398	2600	701	-
20312	4800	2600	702	-
20312	4800	2600	704	-
19839	21708	2600	704	-
10571	2843	2600	705	-
14267	22275	2600	707	-
20312	4800	2600	709	-
20312	4800	2600	711	-
20312	4800	2600	713	-
23317	5938	2600	715	-
23317	5938	2600	715	-
23317	5938	2600	715	-
23317	5938	2600	715	-
3374	19834	2600	715	-
23317	5938	2600	715	-
23317	5938	2600	715	-
11001	19531	2600	716	-
7215	5456	2600	717	-
19603	2843	2600	717	-
19531	5938	2600	717	-
20312	4800	2600	718	-
23317	5938	2600	718	-
4800	3478	2600	718	-
19531	19531	2600	719	-
23317	5938	2600	723	-
20312	4800	2600	723	-
3611	9827	2600	725	-
20312	4800	2655	728	-
23317	5938	2655	728	-
14267	22516	2655	731	-
23317	5938	2655	733	-
20312	4800	2655	733	-
11001	5938	2655	735	-
11001	22986	2655	735	-
18246	2973	2655	736	-
20312	4800	2655	738	-
23317	5938	2655	738	-
11001	19834	2655	738	-
11001	19531	2655	741	-
23317	5938	2655	743	-
20312	4800	2655	743	-
11001	1633	2655	743	-
11001	21708	2655	746	-
16671	22986	2655	746	-
20312	4800	2655	749	-
23317	5938	2655	749	-
16671	5938	2655	752	-
23317	5938	2655	754	-
20312	4800	2655	754	-
16671	13122	2655	754	-
12332	14437	2655	757	-
16671	15894	2655	757	-
7215	14839	2655	758	-
12332	16593	2655	758	-
20312	4800	2655	759	-
23317	5938	2655	759	-
16671	19531	2655	759	-
23317	5938	2655	764	-
20312	4800	2655	764	-
10429	1633	2655	766	-
20312	4800	2655	769	-
23317	5938	2655	769	-
10429	1633	2655	771	-
3957	1633	2655	772	-
3957	15394	2655	772	-
23317	5938	2655	774	-
20312	4800	2655	774	-
11001	15667	2655	775	-
11001	1633	2655	775	-
19350	17807	2655	776	-
23317	5938	2655	779	-
20312	4800	2655	779	-
3076	16332	2655	781	-
20312	14437	2655	781	-
23317	5938	2655	784	-
20312	4800	2655	784	-
6775	9554	2655	785	-
20312	14437	20474	788	-
20312	16332	20474	788	-
20312	4800	20474	790	-
20312	4800	20474	792	-
20312	4800	20474	794	-
20312	4800	20474	799	-
12985	21708	20474	800	-
12985	1633	20474	800	-
20312	4800	20474	801	-
20312	4800	20474	803	-
10429	16117	20474	804	-
10429	16117	20474	804	-
23317	5938	20474	805	-
23317	5938	20474	805	-
882	4800	20474	805	-
23317	5938	20474	805	-
23317	5938	20474	805	-
23317	5938	20474	805	-
23317	5938	20474	805	-
20312	4800	20474	808	-
23317	5938	20474	808	-
3611	15667	20474	812	-
3076	16593	20474	812	-
20312	4800	20474	813	-
23317	5938	20474	813	-
19603	3461	20474	815	-
3611	9167	20474	815	-
19603	16531	20474	815	-
3611	15667	20474	817	-
20312	4800	20474	818	-
23317	5938	20474	818	-
4800	21367	20474	819	-
18246	1119	20474	822	-
20312	4800	20474	823	-
23317	5938	20474	823	-
14547	21708	20474	827	-
20312	4800	20474	828	-
23317	5938	20474	828	-
7215	18332	20474	829	-
19839	15667	20474	832	-
20312	4800	20474	833	-
23317	5938	20474	833	-
17624	3611	20474	834	-
17624	3611	20474	837	-
20312	4800	20474	838	-
23317	5938	20474	838	-
17624	3611	20474	838	-
17624	3611	20474	841	-
20312	4800	20474	844	-
23317	5938	20474	844	-
19531	16606	20474	844	-
17624	3611	20474	844	-
17624	3611	20474	844	-
16671	22986	20474	845	-
7215	19834	30886	848	-
20312	4800	30886	849	-
23317	5938	30886	849	-
3076	4981	30886	850	-
7215	19834	30886	852	-
20312	4800	30886	854	-
23317	5938	30886	854	-
10429	22986	30886	856	-
20312	4800	30886	859	-
23317	5938	30886	859	-
20312	4800	30886	864	-
23317	5938	30886	864	-
14547	21708	30886	867	-
20312	4800	30886	869	-
23317	5938	30886	869	-
4800	21367	30886	872	-
20312	4800	30886	874	-
23317	5938	30886	874	-
882	16593	30886	876	-
20312	4800	30886	879	-
20312	4800	30886	881	-
20312	4800	30886	883	-
20312	4800	30886	888	-
3611	9167	30886	888	-
20312	4800	30886	890	-
20312	4800	30886	892	-
23317	5938	30886	895	-
23317	5938	30886	895	-
23317	5938	30886	895	-
23317	5938	30886	895	-
23317	5938	30886	895	-
23317	5938	30886	895	-
7215	5456	30886	897	-
23317	5938	30886	897	-
20312	4800	30886	897	-
20312	16593	30886	899	-
7215	17101	30886	900	-
20312	4800	30886	902	-
23317	5938	30886	902	-
14267	10005	30886	906	-
23317	5938	30886	907	-
20312	4800	30886	907	-
4800	17289	30890	910	-
23317	5938	30890	913	-
20312	4800	30890	913	-
19350	12113	30890	914	-
10429	17841	30890	915	-
23317	5938	30890	918	-
20312	4800	30890	918	-
13993	15894	30890	920	-
20312	4800	30890	923	-
23317	5938	30890	923	-
23317	5938	30890	928	-
20312	4800	30890	928	-
3297	19834	30890	930	-
3297	19531	30890	931	-
20312	4800	30890	933	-
23317	5938	30890	933	-
3297	21708	30890	933	-
3297	15667	30890	934	-
23317	5938	30890	938	-
20312	4800	30890	938	-
18246	1119	30890	939	-
23317	5938	30890	943	-
20312	4800	30890	943	-
23317	5938	30890	948	-
20312	4800	30890	948	-
14267	22516	30890	949	-
3957	587	30890	949	-
19603	23167	30890	949	-
19603	16332	30890	950	-
8048	16593	30890	952	-
23317	5938	30890	953	-
20312	4800	30890	953	-
18246	3176	30890	958	-
20312	4800	30890	958	-
23317	5938	30890	958	-
4800	19599	30890	960	-
19531	18078	30890	962	-
4800	21367	30890	962	-
20312	4800	30890	963	-
4800	17289	30890	963	-
23317	5938	30890	963	-
20312	4800	26604	968	-
20312	4800	26604	970	-
20312	4800	26604	972	-
6775	23167	26604	972	-
6775	2843	26604	972	-
6775	3297	26604	974	-
20312	4800	26604	978	-
20312	4800	26604	980	-
20312	4800	26604	982	-
23317	5938	26604	985	-
23317	5938	26604	985	-
23317	5938	26604	985	-
23317	5938	26604	985	-
23317	5938	26604	985	-
23317	5938	26604	985	-
23317	5938	26604	987	-
20312	4800	26604	987	-
20312	4800	26604	992	-
4800	3557	26604	992	-
23317	5938	26604	992	-
4800	21367	26604	992	-
20312	4800	26604	997	-
23317	5938	26604	997	-
20312	4800	26604	1002	-
23317	5938	26604	1002	-
3297	22986	26604	1006	-
20312	4800	26604	1007	-
23317	5938	26604	1007	-
19531	9121	26604	1009	-
20312	4800	26604	1012	-
23317	5938	26604	1012	-
20312	4800	26604	1017	-
23317	5938	26604	1017	-
20312	4800	26604	1022	-
23317	5938	26604	1022	-
19350	17807	26604	1023	-
19603	16593	26604	1023	-
20312	4800	26604	1027	-
23317	5938	26604	1027	-
7215	1638	14023	1032	-
20312	4800	14023	1033	-
23317	5938	14023	1033	-
19531	10703	14023	1035	-
23317	5938	14023	1038	-
20312	4800	14023	1038	-
4800	19376	14023	1041	-
23317	5938	14023	1043	-
20312	4800	14023	1043	-
7179	16593	14023	1045	-
23317	5938	14023	1048	-
20312	4800	14023	1048	-
3076	16593	14023	1048	-
3611	9167	14023	1051	-
20312	4800	14023	1053	-
23317	5938	14023	1053	-
20312	23167	14023	1056	-
23317	5938	14023	1058	-
20312	4800	14023	1058	-
4800	3557	14023	1060	-
7179	8452	14023	1062	-
20312	4800	14023	1063	-
20312	4800	14023	1065	-
7179	8452	14023	1066	-
20312	4800	14023	1067	-
882	14437	14023	1067	-
19839	19834	14023	1068	-
19350	2938	14023	1068	-
882	3611	14023	1068	-
882	2843	14023	1071	-
882	3297	14023	1071	-
20312	4800	14023	1072	-
882	16593	14023	1073	-
20312	4800	14023	1074	-
23317	5938	14023	1075	-
23317	5938	14023	1075	-
23317	5938	14023	1075	-
23317	5938	14023	1075	-
23317	5938	14023	1075	-
20312	4800	14023	1075	-
12332	16593	14023	1078	-
20312	4800	14023	1080	-
23317	5938	14023	1080	-
19350	22275	14023	1081	-
19350	22275	14023	1084	-
20312	4800	14023	1085	-
23317	5938	14023	1085	-
13993	21708	44345	1088	-
19350	16811	44345	1088	-
3611	9167	44345	1089	-
20312	4800	44345	1090	-
23317	5938	44345	1090	-
8048	16593	44345	1094	-
20312	4800	44345	1095	-
23317	5938	44345	1095	-
19350	528	44345	1095	-
4800	3557	44345	1098	-
14267	22516	44345	1099	-
20312	4800	44345	1100	-
23317	5938	44345	1100	-
23317	882	44345	1104	-
15394	4800	44345	1104	-
20312	14437	44345	1104	-
20312	4981	44345	1104	-
20312	4800	44345	1105	-
23317	5938	44345	1105	-
20312	16531	44345	1107	-
18246	13479	44345	1108	-
20312	4800	44345	1110	-
23317	5938	44345	1110	-
20312	9554	44345	1112	-
882	23167	44345	1113	-
20312	4800	44345	1115	-
23317	5938	44345	1115	-
18246	12066	44345	1115	-
20312	4981	44345	1116	-
4800	14783	44345	1117	-
19350	8295	44345	1119	-
20312	4800	44345	1120	-
23317	5938	44345	1120	-
3611	9167	44345	1122	-
4800	14783	44345	1122	-
18246	18332	44345	1124	-
20312	4800	44345	1125	-
23317	5938	44345	1125	-
7215	3501	44345	1125	-
3611	9167	44345	1127	-
20312	4800	44345	1130	-
23317	5938	44345	1130	-
3611	9167	44345	1131	-
7215	5938	44345	1131	-
7215	19531	44345	1131	-
3297	22986	44345	1133	-
23317	5938	44345	1135	-
20312	4800	44345	1135	-
3611	9167	44345	1140	-
20312	4800	44345	1141	-
23317	5938	44345	1141	-
20312	4800	44345	1146	-
23317	5938	44345	1146	-
14267	16001	44345	1147	-
20312	4800	16902	1151	-
20312	4800	16902	1153	-
20312	4800	16902	1155	-
19531	9121	16902	1156	-
20312	4800	16902	1160	-
20312	4800	16902	1162	-
19531	9121	16902	1162	-
20312	4800	16902	1164	-
23317	5938	16902	1165	-
23317	5938	16902	1165	-
23317	5938	16902	1165	-
23317	5938	16902	1165	-
23317	5938	16902	1165	-
23317	5938	16902	1165	-
18246	18966	16902	1165	-
18246	3176	16902	1166	-
20312	4800	16902	1169	-
23317	5938	16902	1169	-
18246	1119	16902	1170	-
16671	22986	16902	1173	-
20312	4800	16902	1174	-
23317	5938	16902	1174	-
7215	10147	16902	1175	-
20312	4800	16902	1179	-
23317	5938	16902	1179	-
13993	5938	16902	1181	-
20312	4800	16902	1184	-
23317	5938	16902	1184	-
15506	19350	16902	1185	-
20312	4800	16902	1189	-
23317	5938	16902	1189	-
4800	20668	16902	1191	-
20312	4800	16902	1194	-
23317	5938	16902	1194	-
4800	6157	16902	1195	-
20312	4800	16902	1199	-
23317	5938	16902	1199	-
3611	9167	16902	1199	-
882	16593	16902	1200	-
20312	4800	16902	1204	-
23317	5938	16902	1204	-
20312	4800	8603	1209	-
23317	5938	8603	1209	-
19350	16811	8603	1209	-
20312	4800	8603	1214	-
23317	5938	8603	1214	-
19531	6195	8603	1218	-
7215	3799	8603	1218	-
20312	4800	8603	1219	-
23317	5938	8603	1219	-
20312	4800	8603	1225	-
23317	5938	8603	1225	-
20312	4800	8603	1230	-
23317	5938	8603	1230	-
20312	4800	8603	1235	-
23317	5938	8603	1235	-
20312	4800	8603	1240	-
20312	4800	8603	1242	-
3611	9167	8603	1242	-
20312	4800	8603	1244	-
20312	4800	8603	1249	-
20312	4800	8603	1251	-
20312	4800	8603	1253	-
23317	5938	8603	1255	-
23317	5938	8603	1255	-
23317	5938	8603	1255	-
23317	5938	8603	1255	-
23317	5938	8603	1255	-
23317	5938	8603	1255	-
18246	4283	8603	1258	-
20312	4800	8603	1258	-
23317	5938	8603	1258	-
587	5615	8603	1259	-
23317	5938	8603	1263	-
20312	4800	8603	1263	-
23317	5938	35433	1268	-
20312	4800	35433	1268	-
3957	15394	35433	1269	-
23317	5938	35433	1273	-
20312	4800	35433	1273	-
3611	9167	35433	1276	-
23317	5938	35433	1278	-
20312	4800	35433	1278	-
4800	6597	35433	1278	-
4800	14783	35433	1278	-
18246	18332	35433	1278	-
18246	15590	35433	1282	-
23317	5938	35433	1283	-
20312	4800	35433	1283	-
17624	8452	35433	1285	-
19531	21211	35433	1286	-
20312	4800	35433	1288	-
23317	5938	35433	1288	-
4800	14783	35433	1291	-
23317	5938	35433	1293	-
20312	4800	35433	1293	-
19350	8295	35433	1294	-
20312	4800	35433	1298	-
23317	5938	35433	1298	-
587	11900	35433	1302	-
20312	4800	35433	1303	-
23317	5938	35433	1304	-
20312	4800	35433	1309	-
23317	5938	35433	1309	-
23317	5938	35433	1314	-
20312	4800	35433	1314	-
23317	5938	35433	1319	-
20312	4800	35433	1319	-
23317	5938	35433	1324	-
20312	4800	35433	1324	-
3611	9167	35433	1326	-
20312	4800	33198	1329	-
20312	4800	33198	1331	-
20312	4800	33198	1333	-
20312	4800	33198	1338	-
19531	21211	33198	1339	-
20312	4800	33198	1340	-
20312	4800	33198	1342	-
3957	15667	33198	1342	-
23317	5938	33198	1345	-
23317	5938	33198	1345	-
23317	5938	33198	1345	-
23317	5938	33198	1345	-
23317	5938	33198	1345	-
23317	5938	33198	1345	-
7215	3799	33198	1346	-
20312	4800	33198	1347	-
23317	5938	33198	1347	-
4800	15577	33198	1347	-
19350	7860	33198	1350	-
23317	5938	33198	1352	-
20312	4800	33198	1352	-
13993	15894	33198	1356	-
18246	2655	33198	1356	-
13993	1633	33198	1356	-
23317	5938	33198	1357	-
20312	4800	33198	1357	-
587	3801	33198	1358	-
23317	5938	33198	1362	-
20312	4800	33198	1362	-
4800	17923	33198	1364	-
23317	5938	33198	1367	-
20312	4800	33198	1367	-
3957	5938	33198	1371	-
23317	5938	33198	1373	-
20312	4800	33198	1373	-
7179	16593	33198	1374	-
3611	9167	33198	1375	-
23317	5938	33198	1378	-
20312	4800	33198	1378	-
23317	5938	33198	1383	-
20312	4800	33198	1383	-
19350	13425	33198	1386	-
18246	17790	33198	1387	-
20312	4800	15360	1388	-
23317	5938	15360	1388	-
587	3801	15360	1388	-
23317	5938	15360	1393	-
20312	4800	15360	1393	-
23317	5938	15360	1398	-
20312	4800	15360	1398	-
12985	15667	15360	1399	-
12985	5938	15360	1399	-
23317	5938	15360	1403	-
20312	4800	15360	1403	-
13993	11900	15360	1406	-
20312	4800	15360	1408	-
23317	5938	15360	1408	-
11001	1633	15360	1408	-
19531	21211	15360	1409	-
13993	11900	15360	1411	-
20312	4800	15360	1413	-
4800	3801	15360	1413	-
23317	5938	15360	1413	-
4800	9462	15360	1414	-
3611	12706	15360	1416	-
20312	4800	15360	1418	-
23317	5938	15360	1418	-
20312	4800	15360	1423	-
20312	4800	15360	1425	-
20312	4800	15360	1427	-
882	14437	15360	1429	-
20312	4800	15360	1432	-
10571	2843	15360	1433	-
20312	3461	15360	1433	-
20312	4800	15360	1434	-
10571	3461	15360	1434	-
23317	5938	15360	1435	-
23317	5938	15360	1435	-
23317	5938	15360	1435	-
23317	5938	15360	1435	-
23317	5938	15360	1435	-
882	16593	15360	1436	-
7215	5664	15360	1439	-
23317	5938	15360	1440	-
20312	4800	15360	1440	-
10571	16531	15360	1441	-
882	16531	15360	1444	-
23317	5938	15360	1445	-
20312	4800	15360	1445	-
882	16332	15408	1449	-
20312	4800	15408	1450	-
23317	5938	15408	1450	-
19603	16593	15408	1452	-
20312	4800	15408	1455	-
23317	5938	15408	1455	-
8048	3297	15408	1458	-
23317	5938	15408	1460	-
20312	4800	15408	1460	-
18246	22301	15408	1461	-
3076	9554	15408	1462	-
23317	5938	15408	1465	-
20312	4800	15408	1465	-
18246	22301	15408	1466	-
20312	4800	15408	1470	-
23317	5938	15408	1470	-
7782	22986	15408	1473	-
23317	5938	15408	1475	-
20312	4800	15408	1475	-
3297	1001	15408	1477	-
23317	5938	15408	1480	-
20312	4800	15408	1480	-
882	14437	15408	1481	-
882	14437	15408	1483	-
23317	5938	15408	1485	-
20312	4800	15408	1485	-
587	3801	15408	1486	-
18246	18611	15408	1487	-
3297	11900	15408	1488	-
19350	11546	15408	1488	-
3297	1633	15408	1488	-
3297	15894	15408	1489	-
23317	5938	15408	1490	-
20312	4800	15408	1490	-
19531	18682	15408	1491	-
3297	11900	15408	1492	-
3297	1633	15408	1494	-
7782	22986	15408	1494	-
20312	4800	15408	1495	-
23317	5938	15408	1495	-
15506	15394	15408	1497	-
7782	21708	15408	1498	-
3611	12706	15408	1499	-
4800	9462	15408	1500	-
23317	5938	15408	1501	-
20312	4800	15408	1501	-
6775	16531	15408	1506	-
23317	5938	15408	1506	-
20312	4800	15408	1506	-
882	9554	3184	1510	-
20312	4800	3184	1511	-
20312	4800	3184	1513	-
8048	23167	3184	1514	-
8048	2843	3184	1514	-
20312	4800	3184	1515	-
8048	3297	3184	1516	-
8048	3461	3184	1519	-
20312	4800	3184	1520	-
8048	16531	3184	1521	-
20312	4800	3184	1522	-
20312	4800	3184	1524	-
18246	18332	3184	1524	-
18246	18332	3184	1524	-
8048	16593	3184	1524	-
23317	5938	3184	1525	-
23317	5938	3184	1525	-
20312	4800	3184	1525	-
23317	5938	3184	1525	-
23317	5938	3184	1525	-
23317	5938	3184	1525	-
23317	5938	3184	1525	-
8048	9554	3184	1526	-
23317	5938	3184	1529	-
20312	4800	3184	1529	-
8048	16332	3184	1529	-
23317	5938	3184	1534	-
20312	4800	3184	1534	-
12332	14437	3184	1536	-
20312	4800	3184	1539	-
23317	5938	3184	1539	-
23317	5938	3184	1544	-
20312	4800	3184	1544	-
23317	5938	3184	1549	-
20312	4800	3184	1549	-
20312	4800	3184	1554	-
23317	5938	3184	1554	-
7179	23167	3184	1554	-
23317	5938	3184	1559	-
20312	4800	3184	1559	-
20312	4800	3184	1564	-
3611	7683	3184	1565	-
23317	5938	3184	1565	-
23317	5938	41301	1570	-
20312	4800	41301	1570	-
587	3801	41301	1572	-
4800	9462	41301	1572	-
23317	5938	41301	1575	-
20312	4800	41301	1575	-
20312	4800	41301	1580	-
23317	5938	41301	1580	-
23317	5938	41301	1585	-
20312	4800	41301	1585	-
19350	21027	41301	1589	-
20312	4800	41301	1590	-
4800	9462	41301	1590	-
23317	5938	41301	1590	-
23317	5938	41301	1595	-
20312	4800	41301	1595	-
20312	4800	41301	1600	-
20312	4800	41301	1602	-
20312	4800	41301	1604	-
20312	4800	41301	1609	-
20312	4800	41301	1611	-
20312	4800	41301	1613	-
23317	5938	41301	1614	-
19531	12113	41301	1614	-
23317	5938	41301	1615	-
23317	5938	41301	1615	-
23317	5938	41301	1615	-
23317	5938	41301	1615	-
23317	5938	41301	1615	-
587	3801	41301	1616	-
20312	4800	41301	1618	-
23317	5938	41301	1618	-
882	16332	41301	1620	-
20312	4800	41301	1623	-
23317	5938	41301	1623	-
19350	21027	41301	1624	-
4800	9462	41301	1624	-
20312	4800	10510	1628	-
23317	5938	10510	1628	-
13993	22986	10510	1629	-
13993	19834	10510	1629	-
13993	1633	10510	1630	-
587	9057	10510	1631	-
13993	15667	10510	1632	-
23317	5938	10510	1633	-
20312	4800	10510	1633	-
19531	5938	10510	1636	-
19531	19834	10510	1636	-
19531	1633	10510	1637	-
23317	5938	10510	1638	-
20312	4800	10510	1638	-
17624	3461	10510	1641	-
14267	6157	10510	1642	-
23317	5938	10510	1644	-
20312	4800	10510	1644	-
17624	16531	10510	1648	-
19350	13811	10510	1649	-
23317	5938	10510	1649	-
20312	4800	10510	1649	-
23317	5938	10510	1654	-
20312	4800	10510	1654	-
4800	9462	10510	1655	-
20312	4800	10510	1659	-
23317	5938	10510	1659	-
12332	3297	10510	1661	-
23317	5938	10510	1664	-
20312	4800	10510	1664	-
20312	4800	10510	1669	-
23317	5938	10510	1669	-
23317	5938	10510	1674	-
20312	4800	10510	1674	-
20312	4800	10510	1679	-
23317	5938	10510	1679	-
17624	14437	10510	1680	-
17624	16332	10510	1680	-
20312	4800	10510	1684	-
23317	5938	10510	1684	-
19531	6775	10510	1685	-
4800	10812	11265	1688	-
20312	4800	11265	1689	-
20312	4800	11265	1691	-
20312	4800	11265	1693	-
20312	4800	11265	1698	-
20312	4800	11265	1700	-
20312	4800	11265	1702	-
19531	1028	11265	1704	-
19531	1028	11265	1704	-
15394	4800	11265	1704	-
23317	882	11265	1704	-
4800	17923	11265	1704	-
4800	17923	11265	1704	-
23317	5938	11265	1705	-
23317	5938	11265	1705	-
7215	20137	11265	1705	-
23317	5938	11265	1705	-
23317	5938	11265	1705	-
23317	5938	11265	1705	-
23317	5938	11265	1705	-
6775	16593	11265	1706	-
20312	4800	11265	1707	-
23317	5938	11265	1707	-
19350	12912	11265	1709	-
7215	20137	11265	1713	-
20312	4800	11265	1713	-
23317	5938	11265	1713	-
7179	16531	11265	1715	-
4800	15095	11265	1716	-
23317	5938	11265	1718	-
20312	4800	11265	1718	-
13993	15894	11265	1720	-
20312	4800	11265	1723	-
23317	5938	11265	1723	-
13993	15894	11265	1723	-
13993	15894	11265	1725	-
4800	1215	11265	1726	-
20312	4800	11265	1728	-
23317	5938	11265	1728	-
13993	15894	11265	1728	-
19531	1028	11265	1732	-
20312	4800	11265	1733	-
587	7215	11265	1733	-
23317	5938	11265	1733	-
587	7215	11265	1734	-
23317	5938	11265	1738	-
20312	4800	11265	1738	-
3611	16218	11265	1739	-
20312	4800	11265	1743	-
23317	5938	11265	1743	-
20312	4800	24576	1748	-
23317	5938	24576	1748	-
20312	4800	24576	1753	-
23317	5938	24576	1753	-
23317	5938	24576	1758	-
20312	4800	24576	1758	-
4800	1215	24576	1761	-
587	445	24576	1762	-
23317	5938	24576	1763	-
20312	4800	24576	1763	-
23317	5938	24576	1768	-
20312	4800	24576	1768	-
6114	20668	24576	1771	-
20312	4800	24576	1773	-
23317	5938	24576	1773	-
3611	16218	24576	1774	-
7215	18332	24576	1776	-
20312	4800	24576	1778	-
20312	4800	24576	1780	-
20312	4800	24576	1782	-
20312	4800	24576	1788	-
20312	4800	24576	1790	-
20312	4800	24576	1792	-
7215	20137	24576	1794	-
4800	1215	24576	1794	-
7215	20137	24576	1794	-
4800	1215	24576	1794	-
23317	5938	24576	1795	-
23317	5938	24576	1795	-
23317	5938	24576	1795	-
23317	5938	24576	1795	-
23317	5938	24576	1795	-
23317	5938	24576	1795	-
23317	5938	24576	1797	-
20312	4800	24576	1797	-
