5376	4800	9679	0	snmpgetattack
23317	12431	9679	0	snmpgetattack
20312	4800	9679	0	-
23317	5938	9679	0	-
5376	4800	9679	5	snmpgetattack
23317	12431	9679	5	snmpgetattack
20312	4800	9679	5	-
23317	5938	9679	5	-
5376	4800	35544	10	snmpgetattack
23317	12431	35544	10	snmpgetattack
20312	4800	35544	10	-
23317	5938	35544	10	-
5376	4800	35544	15	snmpgetattack
23317	12431	35544	15	snmpgetattack
20312	4800	35544	16	-
23317	5938	35544	16	-
5376	4800	35544	20	snmpgetattack
23317	12431	35544	20	snmpgetattack
20312	4800	35544	21	-
23317	5938	35544	21	-
5376	4800	35544	25	snmpgetattack
23317	12431	35544	25	snmpgetattack
20312	4800	35544	26	-
23317	5938	35544	26	-
5376	4800	35544	30	snmpgetattack
23317	12431	35544	30	snmpgetattack
20312	4800	35544	31	-
23317	5938	35544	31	-
5376	4800	35544	35	snmpgetattack
23317	12431	35544	35	snmpgetattack
20312	4800	35544	36	-
23317	5938	35544	36	-
5376	4800	35544	40	snmpgetattack
23317	12431	35544	40	snmpgetattack
20312	4800	35544	41	-
23317	5938	35544	41	-
5376	4800	35544	45	snmpgetattack
23317	12431	35544	45	snmpgetattack
20312	4800	35544	46	-
23317	5938	35544	46	-
5376	4800	35544	50	snmpgetattack
23317	12431	35544	50	snmpgetattack
20312	4800	35544	51	-
23317	5938	35544	51	-
5376	4800	35544	55	snmpgetattack
23317	12431	35544	55	snmpgetattack
20312	4800	35544	56	-
23317	5938	35544	56	-
5376	4800	35544	60	snmpgetattack
23317	12431	35544	60	snmpgetattack
23317	5938	35544	61	-
20312	4800	35544	61	-
23317	12431	35544	65	snmpgetattack
5376	4800	35544	65	snmpgetattack
23317	5938	35544	66	-
20312	4800	35544	66	-
5376	4800	28185	70	snmpgetattack
23317	12431	28185	70	snmpgetattack
20312	4800	28185	71	-
23317	5938	28185	71	-
20312	4800	28185	76	-
23317	12431	28185	76	snmpgetattack
23317	5938	28185	76	-
5376	4800	28185	76	snmpgetattack
20312	4800	28185	81	-
23317	5938	28185	81	-
5376	4800	28185	81	snmpgetattack
23317	12431	28185	81	snmpgetattack
20312	4800	28185	86	-
23317	5938	28185	86	-
23317	12431	28185	86	snmpgetattack
5376	4800	28185	86	snmpgetattack
20312	4800	28185	91	-
23317	5938	28185	91	-
23317	12431	28185	91	snmpgetattack
5376	4800	28185	91	snmpgetattack
5376	4800	28185	96	snmpgetattack
23317	5938	28185	96	-
23317	12431	28185	96	snmpgetattack
20312	4800	28185	96	-
23317	5938	28185	101	-
20312	4800	28185	101	-
23317	12431	28185	101	snmpgetattack
5376	4800	28185	101	snmpgetattack
23317	12431	28185	106	snmpgetattack
5376	4800	28185	106	snmpgetattack
23317	5938	28185	106	-
20312	4800	28185	106	-
23317	5938	28185	111	-
5376	4800	28185	111	snmpgetattack
20312	4800	28185	111	-
23317	12431	28185	111	snmpgetattack
23317	5938	28185	116	-
23317	12431	28185	116	snmpgetattack
20312	4800	28185	116	-
5376	4800	28185	116	snmpgetattack
23317	5938	28185	121	-
20312	4800	28185	121	-
23317	12431	28185	121	snmpgetattack
5376	4800	28185	121	snmpgetattack
20312	4800	28185	126	-
23317	5938	28185	126	-
23317	12431	28185	126	snmpgetattack
5376	4800	28185	126	snmpgetattack
5376	4800	3993	131	snmpgetattack
20312	4800	3993	131	-
23317	5938	3993	131	-
23317	12431	3993	131	snmpgetattack
23317	5938	3993	136	-
20312	4800	3993	136	-
23317	12431	3993	136	snmpgetattack
5376	4800	3993	136	snmpgetattack
23317	12431	3993	141	snmpgetattack
5376	4800	3993	141	snmpgetattack
23317	5938	3993	142	-
20312	4800	3993	142	-
23317	12431	3993	146	snmpgetattack
5376	4800	3993	146	snmpgetattack
23317	5938	3993	147	-
20312	4800	3993	147	-
23317	12431	3993	151	snmpgetattack
5376	4800	3993	151	snmpgetattack
23317	5938	3993	152	-
20312	4800	3993	152	-
23317	12431	3993	156	snmpgetattack
5376	4800	3993	156	snmpgetattack
23317	5938	3993	157	-
20312	4800	3993	157	-
23317	12431	3993	161	snmpgetattack
5376	4800	3993	161	snmpgetattack
23317	5938	3993	162	-
20312	4800	3993	162	-
23317	12431	3993	166	snmpgetattack
5376	4800	3993	166	snmpgetattack
23317	5938	3993	167	-
20312	4800	3993	167	-
23317	12431	3993	171	snmpgetattack
5376	4800	3993	171	snmpgetattack
23317	5938	3993	172	-
20312	4800	3993	172	-
23317	12431	3993	176	snmpgetattack
5376	4800	3993	176	snmpgetattack
23317	5938	3993	177	-
20312	4800	3993	177	-
5376	4800	3993	181	snmpgetattack
23317	12431	3993	181	snmpgetattack
20312	4800	3993	182	-
23317	5938	3993	182	-
23317	12431	3993	186	snmpgetattack
5376	4800	3993	186	snmpgetattack
23317	5938	3993	187	-
20312	4800	3993	187	-
5376	4800	11687	191	snmpgetattack
23317	12431	11687	191	snmpgetattack
23317	5938	11687	192	-
20312	4800	11687	192	-
23317	12431	11687	196	snmpgetattack
5376	4800	11687	196	snmpgetattack
23317	5938	11687	197	-
20312	4800	11687	197	-
20312	4800	11687	202	-
23317	5938	11687	202	-
23317	12431	11687	202	snmpgetattack
5376	4800	11687	202	snmpgetattack
23317	5938	11687	207	-
20312	4800	11687	207	-
5376	4800	11687	207	snmpgetattack
23317	12431	11687	207	snmpgetattack
23317	5938	11687	212	-
23317	12431	11687	212	snmpgetattack
20312	4800	11687	212	-
5376	4800	11687	212	snmpgetattack
20312	4800	11687	217	-
5376	4800	11687	217	snmpgetattack
23317	5938	11687	217	-
23317	12431	11687	217	snmpgetattack
23317	5938	11687	222	-
23317	12431	11687	222	snmpgetattack
5376	4800	11687	222	snmpgetattack
20312	4800	11687	222	-
23317	5938	11687	227	-
20312	4800	11687	227	-
23317	12431	11687	227	snmpgetattack
5376	4800	11687	227	snmpgetattack
23317	5938	11687	232	-
20312	4800	11687	232	-
23317	12431	11687	232	snmpgetattack
5376	4800	11687	232	snmpgetattack
23317	5938	11687	237	-
23317	12431	11687	237	snmpgetattack
20312	4800	11687	237	-
5376	4800	11687	237	snmpgetattack
5376	4800	11687	242	snmpgetattack
23317	5938	11687	242	-
23317	12431	11687	242	snmpgetattack
20312	4800	11687	242	-
23317	5938	11687	247	-
20312	4800	11687	247	-
23317	12431	11687	247	snmpgetattack
5376	4800	11687	247	snmpgetattack
20312	4800	25411	252	-
5376	4800	25411	252	snmpgetattack
23317	5938	25411	252	-
23317	12431	25411	252	snmpgetattack
20312	4800	25411	257	-
5376	4800	25411	257	snmpgetattack
23317	5938	25411	257	-
23317	12431	25411	257	snmpgetattack
23317	12431	25411	262	snmpgetattack
5376	4800	25411	262	snmpgetattack
23317	5938	25411	263	-
20312	4800	25411	263	-
23317	12431	25411	267	snmpgetattack
5376	4800	25411	267	snmpgetattack
23317	5938	25411	268	-
20312	4800	25411	268	-
23317	12431	25411	272	snmpgetattack
5376	4800	25411	272	snmpgetattack
23317	5938	25411	273	-
20312	4800	25411	273	-
5376	4800	25411	277	snmpgetattack
23317	12431	25411	277	snmpgetattack
20312	4800	25411	278	-
23317	5938	25411	278	-
5376	4800	25411	282	snmpgetattack
23317	12431	25411	282	snmpgetattack
20312	4800	25411	283	-
23317	5938	25411	283	-
23317	12431	25411	287	snmpgetattack
5376	4800	25411	287	snmpgetattack
23317	5938	25411	288	-
20312	4800	25411	288	-
5376	4800	25411	292	snmpgetattack
23317	12431	25411	292	snmpgetattack
20312	4800	25411	293	-
23317	5938	25411	293	-
5376	4800	25411	297	snmpgetattack
23317	12431	25411	297	snmpgetattack
23317	882	25411	298	-
15394	4800	25411	298	-
20312	4800	25411	298	-
23317	5938	25411	298	-
23317	12431	25411	302	snmpgetattack
5376	4800	25411	302	snmpgetattack
23317	5938	25411	303	-
20312	4800	25411	303	-
23317	12431	25411	307	snmpgetattack
5376	4800	25411	307	snmpgetattack
20312	4800	3631	308	-
23317	5938	3631	308	-
5376	4800	3631	312	snmpgetattack
23317	12431	3631	312	snmpgetattack
23317	5938	3631	313	-
20312	4800	3631	313	-
5376	4800	3631	317	snmpgetattack
23317	12431	3631	317	snmpgetattack
23317	5938	3631	318	-
20312	4800	3631	318	-
23317	5938	3631	323	-
23317	12431	3631	323	snmpgetattack
20312	4800	3631	323	-
5376	4800	3631	323	snmpgetattack
5376	4800	3631	328	snmpgetattack
20312	4800	3631	328	-
23317	5938	3631	328	-
23317	12431	3631	328	snmpgetattack
5376	4800	3631	333	snmpgetattack
23317	5938	3631	333	-
23317	12431	3631	333	snmpgetattack
20312	4800	3631	333	-
20312	4800	3631	338	-
23317	5938	3631	338	-
23317	12431	3631	338	snmpgetattack
5376	4800	3631	338	snmpgetattack
23317	5938	3631	343	-
20312	4800	3631	343	-
23317	12431	3631	343	snmpgetattack
5376	4800	3631	343	snmpgetattack
23317	5938	3631	348	-
23317	12431	3631	348	snmpgetattack
20312	4800	3631	348	-
5376	4800	3631	348	snmpgetattack
23317	5938	3631	353	-
23317	12431	3631	353	snmpgetattack
5376	4800	3631	353	snmpgetattack
20312	4800	3631	353	-
20312	4800	3631	358	-
23317	12431	3631	358	snmpgetattack
23317	5938	3631	358	-
5376	4800	3631	358	snmpgetattack
20312	4800	3631	363	-
23317	5938	3631	363	-
5376	4800	3631	363	snmpgetattack
23317	12431	3631	363	snmpgetattack
23317	12431	25257	368	snmpgetattack
23317	5938	25257	368	-
20312	4800	25257	368	-
5376	4800	25257	368	snmpgetattack
20312	4800	25257	373	-
23317	5938	25257	373	-
5376	4800	25257	373	snmpgetattack
23317	12431	25257	373	snmpgetattack
23317	12431	25257	378	snmpgetattack
23317	5938	25257	378	-
20312	4800	25257	378	-
5376	4800	25257	378	snmpgetattack
20312	4800	25257	383	-
23317	5938	25257	383	-
5376	4800	25257	383	snmpgetattack
23317	12431	25257	383	snmpgetattack
23317	12431	25257	388	snmpgetattack
5376	4800	25257	388	snmpgetattack
20312	4800	25257	389	-
23317	5938	25257	389	-
23317	12431	25257	393	snmpgetattack
5376	4800	25257	393	snmpgetattack
20312	4800	25257	394	-
23317	5938	25257	394	-
5376	4800	25257	398	snmpgetattack
23317	12431	25257	398	snmpgetattack
23317	5938	25257	399	-
20312	4800	25257	399	-
23317	12431	25257	403	snmpgetattack
5376	4800	25257	403	snmpgetattack
20312	4800	25257	404	-
23317	5938	25257	404	-
23317	12431	25257	408	snmpgetattack
5376	4800	25257	408	snmpgetattack
23317	5938	25257	409	-
20312	4800	25257	409	-
23317	12431	25257	413	snmpgetattack
5376	4800	25257	413	snmpgetattack
20312	4800	25257	414	-
23317	5938	25257	414	-
23317	12431	25257	418	snmpgetattack
5376	4800	25257	418	snmpgetattack
23317	5938	25257	419	-
20312	4800	25257	419	-
23317	12431	25257	423	snmpgetattack
5376	4800	25257	423	snmpgetattack
23317	5938	25257	424	-
20312	4800	25257	424	-
5376	4800	34325	428	snmpgetattack
23317	12431	34325	428	snmpgetattack
23317	5938	34325	429	-
20312	4800	34325	429	-
5376	4800	34325	433	snmpgetattack
23317	12431	34325	433	snmpgetattack
20312	4800	34325	434	-
23317	5938	34325	434	-
23317	12431	34325	438	snmpgetattack
5376	4800	34325	438	snmpgetattack
23317	5938	34325	439	-
20312	4800	34325	439	-
23317	12431	34325	443	snmpgetattack
5376	4800	34325	443	snmpgetattack
23317	5938	34325	444	-
20312	4800	34325	444	-
20312	4800	34325	449	-
23317	5938	34325	449	-
23317	12431	34325	449	snmpgetattack
5376	4800	34325	449	snmpgetattack
5376	4800	34325	454	snmpgetattack
20312	4800	34325	454	-
23317	5938	34325	454	-
23317	12431	34325	454	snmpgetattack
23317	12431	34325	459	snmpgetattack
20312	4800	34325	459	-
5376	4800	34325	459	snmpgetattack
23317	5938	34325	459	-
20312	4800	34325	464	-
23317	5938	34325	464	-
23317	12431	34325	464	snmpgetattack
5376	4800	34325	464	snmpgetattack
23317	12431	34325	469	snmpgetattack
5376	4800	34325	469	snmpgetattack
20312	4800	34325	469	-
23317	5938	34325	469	-
23317	12431	34325	474	snmpgetattack
23317	5938	34325	474	-
20312	4800	34325	474	-
5376	4800	34325	474	snmpgetattack
20312	4800	34325	479	-
23317	5938	34325	479	-
23317	12431	34325	479	snmpgetattack
5376	4800	34325	479	snmpgetattack
20312	4800	34325	484	-
23317	5938	34325	484	-
23317	12431	34325	484	snmpgetattack
5376	4800	34325	484	snmpgetattack
20312	4800	24564	489	-
5376	4800	24564	489	snmpgetattack
23317	12431	24564	489	snmpgetattack
23317	5938	24564	489	-
20312	4800	24564	494	-
23317	5938	24564	494	-
5376	4800	24564	494	snmpgetattack
23317	12431	24564	494	snmpgetattack
20312	4800	24564	499	-
23317	12431	24564	499	snmpgetattack
23317	5938	24564	499	-
5376	4800	24564	499	snmpgetattack
23317	5938	24564	504	-
5376	4800	24564	504	snmpgetattack
20312	4800	24564	504	-
23317	12431	24564	504	snmpgetattack
20312	4800	24564	509	-
23317	12431	24564	509	snmpgetattack
23317	5938	24564	509	-
5376	4800	24564	509	snmpgetattack
5376	4800	24564	514	snmpgetattack
23317	12431	24564	514	snmpgetattack
23317	5938	24564	515	-
20312	4800	24564	515	-
23317	12431	24564	519	snmpgetattack
5376	4800	24564	519	snmpgetattack
23317	5938	24564	520	-
20312	4800	24564	520	-
5376	4800	24564	524	snmpgetattack
23317	12431	24564	524	snmpgetattack
20312	4800	24564	525	-
23317	5938	24564	525	-
23317	12431	24564	529	snmpgetattack
5376	4800	24564	529	snmpgetattack
20312	4800	24564	530	-
23317	5938	24564	530	-
5376	4800	24564	534	snmpgetattack
23317	12431	24564	534	snmpgetattack
23317	5938	24564	535	-
20312	4800	24564	535	-
23317	12431	24564	539	snmpgetattack
5376	4800	24564	539	snmpgetattack
20312	4800	24564	540	-
23317	5938	24564	540	-
5376	4800	24564	544	snmpgetattack
23317	12431	24564	544	snmpgetattack
23317	5938	24564	545	-
20312	4800	24564	545	-
5376	4800	1827	549	snmpgetattack
23317	12431	1827	549	snmpgetattack
23317	5938	1827	550	-
20312	4800	1827	550	-
23317	12431	1827	554	snmpgetattack
5376	4800	1827	554	snmpgetattack
23317	5938	1827	555	-
20312	4800	1827	555	-
23317	12431	1827	559	snmpgetattack
5376	4800	1827	559	snmpgetattack
20312	4800	1827	560	-
23317	5938	1827	560	-
23317	12431	1827	564	snmpgetattack
5376	4800	1827	564	snmpgetattack
20312	4800	1827	565	-
23317	5938	1827	565	-
5376	4800	1827	569	snmpgetattack
23317	12431	1827	569	snmpgetattack
23317	5938	1827	570	-
20312	4800	1827	570	-
5376	4800	1827	575	snmpgetattack
20312	4800	1827	575	-
23317	12431	1827	575	snmpgetattack
23317	5938	1827	575	-
23317	12431	1827	580	snmpgetattack
20312	4800	1827	580	-
23317	5938	1827	580	-
5376	4800	1827	580	snmpgetattack
23317	12431	1827	585	snmpgetattack
20312	4800	1827	585	-
23317	5938	1827	585	-
5376	4800	1827	585	snmpgetattack
23317	12431	1827	590	snmpgetattack
20312	4800	1827	590	-
23317	5938	1827	590	-
5376	4800	1827	590	snmpgetattack
23317	12431	1827	595	snmpgetattack
20312	4800	1827	595	-
23317	5938	1827	595	-
5376	4800	1827	595	snmpgetattack
23317	12431	1827	600	snmpgetattack
5376	4800	1827	600	snmpgetattack
23317	5938	1827	600	-
20312	4800	1827	600	-
23317	12431	1827	605	snmpgetattack
20312	4800	1827	605	-
23317	5938	1827	605	-
5376	4800	1827	605	snmpgetattack
23317	12431	12347	610	snmpgetattack
20312	4800	12347	610	-
23317	5938	12347	610	-
5376	4800	12347	610	snmpgetattack
23317	12431	12347	615	snmpgetattack
20312	4800	12347	615	-
23317	5938	12347	615	-
5376	4800	12347	615	snmpgetattack
23317	12431	12347	620	snmpgetattack
5376	4800	12347	620	snmpgetattack
23317	5938	12347	620	-
20312	4800	12347	620	-
5376	4800	12347	625	snmpgetattack
20312	4800	12347	625	-
23317	5938	12347	625	-
23317	12431	12347	625	snmpgetattack
23317	12431	12347	630	snmpgetattack
20312	4800	12347	630	-
23317	5938	12347	630	-
5376	4800	12347	630	snmpgetattack
23317	12431	12347	635	snmpgetattack
5376	4800	12347	635	snmpgetattack
20312	4800	12347	636	-
23317	5938	12347	636	-
23317	12431	12347	640	snmpgetattack
5376	4800	12347	640	snmpgetattack
23317	5938	12347	641	-
20312	4800	12347	641	-
5376	4800	12347	645	snmpgetattack
23317	12431	12347	645	snmpgetattack
23317	5938	12347	646	-
20312	4800	12347	646	-
5376	4800	12347	650	snmpgetattack
23317	12431	12347	650	snmpgetattack
20312	4800	12347	651	-
23317	5938	12347	651	-
5376	4800	12347	655	snmpgetattack
23317	12431	12347	655	snmpgetattack
20312	4800	12347	656	-
23317	5938	12347	656	-
5376	4800	12347	660	snmpgetattack
23317	12431	12347	660	snmpgetattack
20312	4800	12347	661	-
23317	5938	12347	661	-
5376	4800	12347	665	snmpgetattack
23317	12431	12347	665	snmpgetattack
20312	4800	12347	666	-
23317	5938	12347	666	-
5376	4800	21131	670	snmpgetattack
23317	12431	21131	670	snmpgetattack
20312	4800	21131	671	-
23317	5938	21131	671	-
5376	4800	21131	675	snmpgetattack
23317	12431	21131	675	snmpgetattack
20312	4800	21131	676	-
23317	5938	21131	676	-
5376	4800	21131	680	snmpgetattack
23317	12431	21131	680	snmpgetattack
20312	4800	21131	681	-
23317	5938	21131	681	-
5376	4800	21131	685	snmpgetattack
23317	12431	21131	685	snmpgetattack
20312	4800	21131	686	-
23317	5938	21131	686	-
5376	4800	21131	690	snmpgetattack
23317	12431	21131	690	snmpgetattack
20312	4800	21131	691	-
23317	5938	21131	691	-
5376	4800	21131	695	snmpgetattack
23317	12431	21131	695	snmpgetattack
20312	4800	21131	696	-
23317	5938	21131	696	-
5376	4800	21131	701	snmpgetattack
23317	12431	21131	701	snmpgetattack
20312	4800	21131	701	-
23317	5938	21131	701	-
5376	4800	21131	706	snmpgetattack
23317	12431	21131	706	snmpgetattack
20312	4800	21131	706	-
23317	5938	21131	706	-
5376	4800	21131	711	snmpgetattack
23317	12431	21131	711	snmpgetattack
20312	4800	21131	711	-
23317	5938	21131	711	-
3957	15394	21131	711	-
5376	4800	21131	716	snmpgetattack
23317	12431	21131	716	snmpgetattack
20312	4800	21131	716	-
23317	5938	21131	716	-
5376	4800	21131	721	snmpgetattack
23317	12431	21131	721	snmpgetattack
20312	4800	21131	721	-
23317	5938	21131	721	-
5376	4800	21131	726	snmpgetattack
23317	12431	21131	726	snmpgetattack
20312	4800	21131	726	-
23317	5938	21131	726	-
5376	4800	5436	731	snmpgetattack
23317	12431	5436	731	snmpgetattack
20312	4800	5436	731	-
23317	5938	5436	731	-
5376	4800	5436	736	snmpgetattack
23317	12431	5436	736	snmpgetattack
20312	4800	5436	736	-
23317	5938	5436	736	-
5376	4800	5436	741	snmpgetattack
23317	12431	5436	741	snmpgetattack
20312	4800	5436	741	-
23317	5938	5436	741	-
5376	4800	5436	746	snmpgetattack
23317	12431	5436	746	snmpgetattack
20312	4800	5436	746	-
23317	5938	5436	746	-
5376	4800	5436	751	snmpgetattack
23317	12431	5436	751	snmpgetattack
20312	4800	5436	751	-
23317	5938	5436	751	-
5376	4800	5436	756	snmpgetattack
23317	12431	5436	756	snmpgetattack
20312	4800	5436	756	-
23317	5938	5436	756	-
5376	4800	5436	761	snmpgetattack
23317	12431	5436	761	snmpgetattack
20312	4800	5436	762	-
23317	5938	5436	762	-
5376	4800	5436	766	snmpgetattack
23317	12431	5436	766	snmpgetattack
20312	4800	5436	767	-
23317	5938	5436	767	-
5376	4800	5436	771	snmpgetattack
23317	12431	5436	771	snmpgetattack
20312	4800	5436	772	-
23317	5938	5436	772	-
5376	4800	5436	776	snmpgetattack
23317	12431	5436	776	snmpgetattack
20312	4800	5436	777	-
23317	5938	5436	777	-
5376	4800	5436	781	snmpgetattack
23317	12431	5436	781	snmpgetattack
20312	4800	5436	782	-
23317	5938	5436	782	-
5376	4800	5436	786	snmpgetattack
23317	12431	5436	786	snmpgetattack
20312	4800	5436	787	-
23317	5938	5436	787	-
5376	4800	10635	791	snmpgetattack
23317	12431	10635	791	snmpgetattack
20312	4800	10635	792	-
23317	5938	10635	792	-
5376	4800	10635	796	snmpgetattack
23317	12431	10635	796	snmpgetattack
20312	4800	10635	797	-
23317	5938	10635	797	-
5376	4800	10635	801	snmpgetattack
23317	12431	10635	801	snmpgetattack
20312	4800	10635	802	-
23317	5938	10635	802	-
23317	12431	10635	806	snmpgetattack
5376	4800	10635	806	snmpgetattack
20312	4800	10635	807	-
23317	5938	10635	807	-
23317	12431	10635	811	snmpgetattack
5376	4800	10635	811	snmpgetattack
23317	5938	10635	812	-
20312	4800	10635	812	-
5376	4800	10635	816	snmpgetattack
23317	12431	10635	816	snmpgetattack
20312	4800	10635	817	-
23317	5938	10635	817	-
5376	4800	10635	821	snmpgetattack
23317	12431	10635	821	snmpgetattack
23317	5938	10635	822	-
20312	4800	10635	822	-
5376	4800	10635	827	snmpgetattack
20312	4800	10635	827	-
23317	12431	10635	827	snmpgetattack
23317	5938	10635	827	-
23317	12431	10635	832	snmpgetattack
20312	4800	10635	832	-
23317	5938	10635	832	-
5376	4800	10635	832	snmpgetattack
23317	12431	10635	837	snmpgetattack
5376	4800	10635	837	snmpgetattack
23317	5938	10635	837	-
20312	4800	10635	837	-
23317	12431	10635	842	snmpgetattack
20312	4800	10635	842	-
23317	5938	10635	842	-
5376	4800	10635	842	snmpgetattack
5376	4800	10635	847	snmpgetattack
20312	4800	10635	847	-
23317	5938	10635	847	-
23317	12431	10635	847	snmpgetattack
23317	12431	46031	852	snmpgetattack
20312	4800	46031	852	-
23317	5938	46031	852	-
5376	4800	46031	852	snmpgetattack
23317	12431	46031	857	snmpgetattack
5376	4800	46031	857	snmpgetattack
23317	5938	46031	857	-
20312	4800	46031	857	-
23317	12431	46031	862	snmpgetattack
20312	4800	46031	862	-
23317	5938	46031	862	-
5376	4800	46031	862	snmpgetattack
23317	12431	46031	867	snmpgetattack
5376	4800	46031	867	snmpgetattack
23317	5938	46031	867	-
20312	4800	46031	867	-
23317	12431	46031	872	snmpgetattack
20312	4800	46031	872	-
23317	5938	46031	872	-
5376	4800	46031	872	snmpgetattack
23317	12431	46031	877	snmpgetattack
5376	4800	46031	877	snmpgetattack
23317	5938	46031	877	-
20312	4800	46031	877	-
5376	4800	46031	882	snmpgetattack
20312	4800	46031	882	-
23317	5938	46031	882	-
23317	12431	46031	882	snmpgetattack
23317	12431	46031	887	snmpgetattack
5376	4800	46031	887	snmpgetattack
23317	5938	46031	888	-
20312	4800	46031	888	-
23317	12431	46031	892	snmpgetattack
5376	4800	46031	892	snmpgetattack
20312	4800	46031	893	-
23317	5938	46031	893	-
5376	4800	46031	897	snmpgetattack
23317	12431	46031	897	snmpgetattack
23317	5938	46031	898	-
15394	4800	46031	898	-
23317	882	46031	898	-
20312	4800	46031	898	-
5376	4800	46031	902	snmpgetattack
23317	12431	46031	902	snmpgetattack
23317	5938	46031	903	-
20312	4800	46031	903	-
23317	12431	46031	907	snmpgetattack
5376	4800	46031	907	snmpgetattack
20312	4800	39448	908	-
23317	5938	39448	908	-
5376	4800	39448	912	snmpgetattack
23317	12431	39448	912	snmpgetattack
23317	5938	39448	913	-
20312	4800	39448	913	-
5376	4800	39448	917	snmpgetattack
23317	12431	39448	917	snmpgetattack
23317	5938	39448	918	-
20312	4800	39448	918	-
23317	12431	39448	922	snmpgetattack
5376	4800	39448	922	snmpgetattack
23317	5938	39448	923	-
20312	4800	39448	923	-
23317	12431	39448	927	snmpgetattack
5376	4800	39448	927	snmpgetattack
20312	4800	39448	928	-
23317	5938	39448	928	-
23317	12431	39448	932	snmpgetattack
5376	4800	39448	932	snmpgetattack
20312	4800	39448	933	-
23317	5938	39448	933	-
5376	4800	39448	937	snmpgetattack
23317	12431	39448	937	snmpgetattack
23317	5938	39448	938	-
20312	4800	39448	938	-
5376	4800	39448	942	snmpgetattack
23317	12431	39448	942	snmpgetattack
23317	5938	39448	943	-
20312	4800	39448	943	-
23317	12431	39448	948	snmpgetattack
5376	4800	39448	948	snmpgetattack
20312	4800	39448	948	-
23317	5938	39448	948	-
20312	4800	39448	953	-
5376	4800	39448	953	snmpgetattack
23317	12431	39448	953	snmpgetattack
23317	5938	39448	953	-
23317	5938	39448	958	-
5376	4800	39448	958	snmpgetattack
23317	12431	39448	958	snmpgetattack
20312	4800	39448	958	-
23317	12431	39448	963	snmpgetattack
5376	4800	39448	963	snmpgetattack
23317	5938	39448	963	-
20312	4800	39448	963	-
23317	5938	4392	968	-
5376	4800	4392	968	snmpgetattack
23317	12431	4392	968	snmpgetattack
20312	4800	4392	968	-
23317	12431	4392	973	snmpgetattack
5376	4800	4392	973	snmpgetattack
23317	5938	4392	973	-
20312	4800	4392	973	-
23317	12431	4392	978	snmpgetattack
5376	4800	4392	978	snmpgetattack
23317	5938	4392	978	-
20312	4800	4392	978	-
23317	5938	4392	983	-
5376	4800	4392	983	snmpgetattack
23317	12431	4392	983	snmpgetattack
20312	4800	4392	983	-
23317	5938	4392	988	-
5376	4800	4392	988	snmpgetattack
23317	12431	4392	988	snmpgetattack
20312	4800	4392	988	-
23317	12431	4392	993	snmpgetattack
5376	4800	4392	993	snmpgetattack
23317	5938	4392	993	-
20312	4800	4392	993	-
23317	12431	4392	998	snmpgetattack
5376	4800	4392	998	snmpgetattack
23317	5938	4392	998	-
20312	4800	4392	998	-
23317	5938	4392	1003	-
5376	4800	4392	1003	snmpgetattack
23317	12431	4392	1003	snmpgetattack
20312	4800	4392	1003	-
23317	12431	4392	1008	snmpgetattack
5376	4800	4392	1008	snmpgetattack
20312	4800	4392	1009	-
23317	5938	4392	1009	-
23317	12431	4392	1013	snmpgetattack
5376	4800	4392	1013	snmpgetattack
23317	5938	4392	1014	-
20312	4800	4392	1014	-
23317	12431	4392	1018	snmpgetattack
5376	4800	4392	1018	snmpgetattack
20312	4800	4392	1019	-
23317	5938	4392	1019	-
5376	4800	4392	1023	snmpgetattack
23317	12431	4392	1023	snmpgetattack
23317	5938	4392	1024	-
20312	4800	4392	1024	-
23317	12431	19528	1028	snmpgetattack
5376	4800	19528	1028	snmpgetattack
23317	5938	19528	1029	-
20312	4800	19528	1029	-
5376	4800	19528	1033	snmpgetattack
23317	12431	19528	1033	snmpgetattack
20312	4800	19528	1034	-
23317	5938	19528	1034	-
23317	12431	19528	1038	snmpgetattack
5376	4800	19528	1038	snmpgetattack
23317	5938	19528	1039	-
20312	4800	19528	1039	-
23317	12431	19528	1043	snmpgetattack
5376	4800	19528	1043	snmpgetattack
23317	5938	19528	1044	-
20312	4800	19528	1044	-
5376	4800	19528	1048	snmpgetattack
23317	12431	19528	1048	snmpgetattack
20312	4800	19528	1049	-
23317	5938	19528	1049	-
23317	12431	19528	1053	snmpgetattack
5376	4800	19528	1053	snmpgetattack
23317	5938	19528	1054	-
20312	4800	19528	1054	-
23317	12431	19528	1058	snmpgetattack
5376	4800	19528	1058	snmpgetattack
23317	5938	19528	1059	-
20312	4800	19528	1059	-
23317	12431	19528	1063	snmpgetattack
5376	4800	19528	1063	snmpgetattack
23317	5938	19528	1064	-
20312	4800	19528	1064	-
23317	12431	19528	1068	snmpgetattack
5376	4800	19528	1068	snmpgetattack
20312	4800	19528	1069	-
23317	5938	19528	1069	-
23317	5938	19528	1074	-
5376	4800	19528	1074	snmpgetattack
23317	12431	19528	1074	snmpgetattack
20312	4800	19528	1074	-
20312	4800	19528	1079	-
5376	4800	19528	1079	snmpgetattack
23317	12431	19528	1079	snmpgetattack
23317	5938	19528	1079	-
23317	5938	19528	1084	-
5376	4800	19528	1084	snmpgetattack
23317	12431	19528	1084	snmpgetattack
20312	4800	19528	1084	-
23317	12431	2095	1089	snmpgetattack
5376	4800	2095	1089	snmpgetattack
23317	5938	2095	1089	-
20312	4800	2095	1089	-
23317	5938	2095	1094	-
5376	4800	2095	1094	snmpgetattack
23317	12431	2095	1094	snmpgetattack
20312	4800	2095	1094	-
23317	5938	2095	1099	-
5376	4800	2095	1099	snmpgetattack
23317	12431	2095	1099	snmpgetattack
20312	4800	2095	1099	-
23317	5938	2095	1104	-
5376	4800	2095	1104	snmpgetattack
23317	12431	2095	1104	snmpgetattack
20312	4800	2095	1104	-
23317	5938	2095	1109	-
20312	4800	2095	1109	-
5376	4800	2095	1109	snmpgetattack
23317	12431	2095	1109	snmpgetattack
5376	4800	2095	1114	snmpgetattack
23317	12431	2095	1114	snmpgetattack
20312	4800	2095	1114	-
23317	5938	2095	1114	-
5376	4800	2095	1119	snmpgetattack
23317	12431	2095	1119	snmpgetattack
20312	4800	2095	1119	-
23317	5938	2095	1119	-
5376	4800	2095	1124	snmpgetattack
23317	12431	2095	1124	snmpgetattack
20312	4800	2095	1124	-
23317	5938	2095	1124	-
5376	4800	2095	1129	snmpgetattack
23317	12431	2095	1129	snmpgetattack
20312	4800	2095	1129	-
23317	5938	2095	1129	-
5376	4800	2095	1134	snmpgetattack
23317	12431	2095	1134	snmpgetattack
20312	4800	2095	1135	-
23317	5938	2095	1135	-
5376	4800	2095	1139	snmpgetattack
23317	12431	2095	1139	snmpgetattack
20312	4800	2095	1140	-
23317	5938	2095	1140	-
5376	4800	2095	1144	snmpgetattack
23317	12431	2095	1144	snmpgetattack
20312	4800	2095	1145	-
23317	5938	2095	1145	-
5376	4800	37276	1149	snmpgetattack
23317	12431	37276	1149	snmpgetattack
20312	4800	37276	1150	-
23317	5938	37276	1150	-
5376	4800	37276	1154	snmpgetattack
23317	12431	37276	1154	snmpgetattack
20312	4800	37276	1155	-
23317	5938	37276	1155	-
5376	4800	37276	1159	snmpgetattack
23317	12431	37276	1159	snmpgetattack
20312	4800	37276	1160	-
23317	5938	37276	1160	-
5376	4800	37276	1164	snmpgetattack
23317	12431	37276	1164	snmpgetattack
20312	4800	37276	1165	-
23317	5938	37276	1165	-
5376	4800	37276	1169	snmpgetattack
23317	12431	37276	1169	snmpgetattack
20312	4800	37276	1170	-
23317	5938	37276	1170	-
5376	4800	37276	1174	snmpgetattack
23317	12431	37276	1174	snmpgetattack
20312	4800	37276	1175	-
23317	5938	37276	1175	-
5376	4800	37276	1179	snmpgetattack
23317	12431	37276	1179	snmpgetattack
20312	4800	37276	1180	-
23317	5938	37276	1180	-
5376	4800	37276	1184	snmpgetattack
23317	12431	37276	1184	snmpgetattack
20312	4800	37276	1185	-
23317	5938	37276	1185	-
5376	4800	37276	1189	snmpgetattack
23317	12431	37276	1189	snmpgetattack
20312	4800	37276	1190	-
23317	5938	37276	1190	-
5376	4800	37276	1194	snmpgetattack
23317	12431	37276	1194	snmpgetattack
20312	4800	37276	1195	-
23317	5938	37276	1195	-
5376	4800	37276	1200	snmpgetattack
23317	12431	37276	1200	snmpgetattack
20312	4800	37276	1200	-
23317	5938	37276	1200	-
5376	4800	37276	1205	snmpgetattack
23317	12431	37276	1205	snmpgetattack
20312	4800	37276	1205	-
23317	5938	37276	1205	-
5376	4800	40851	1210	snmpgetattack
23317	12431	40851	1210	snmpgetattack
20312	4800	40851	1210	-
23317	5938	40851	1210	-
5376	4800	40851	1215	snmpgetattack
23317	12431	40851	1215	snmpgetattack
20312	4800	40851	1215	-
23317	5938	40851	1215	-
5376	4800	40851	1220	snmpgetattack
23317	12431	40851	1220	snmpgetattack
20312	4800	40851	1220	-
23317	5938	40851	1220	-
5376	4800	40851	1225	snmpgetattack
23317	12431	40851	1225	snmpgetattack
20312	4800	40851	1225	-
23317	5938	40851	1225	-
5376	4800	40851	1230	snmpgetattack
23317	12431	40851	1230	snmpgetattack
20312	4800	40851	1230	-
23317	5938	40851	1230	-
5376	4800	40851	1235	snmpgetattack
23317	12431	40851	1235	snmpgetattack
20312	4800	40851	1235	-
23317	5938	40851	1235	-
5376	4800	40851	1240	snmpgetattack
23317	12431	40851	1240	snmpgetattack
20312	4800	40851	1240	-
23317	5938	40851	1240	-
5376	4800	40851	1245	snmpgetattack
23317	12431	40851	1245	snmpgetattack
20312	4800	40851	1245	-
23317	5938	40851	1245	-
5376	4800	40851	1250	snmpgetattack
23317	12431	40851	1250	snmpgetattack
23317	5938	40851	1250	-
20312	4800	40851	1250	-
20312	4800	40851	1255	-
23317	12431	40851	1255	snmpgetattack
23317	5938	40851	1255	-
5376	4800	40851	1255	snmpgetattack
5376	4800	40851	1260	snmpgetattack
23317	12431	40851	1260	snmpgetattack
23317	5938	40851	1261	-
20312	4800	40851	1261	-
5376	4800	40851	1265	snmpgetattack
23317	12431	40851	1265	snmpgetattack
20312	4800	40851	1266	-
23317	5938	40851	1266	-
5376	4800	4252	1270	snmpgetattack
23317	12431	4252	1270	snmpgetattack
20312	4800	4252	1271	-
23317	5938	4252	1271	-
5376	4800	4252	1275	snmpgetattack
23317	12431	4252	1275	snmpgetattack
20312	4800	4252	1276	-
23317	5938	4252	1276	-
5376	4800	4252	1280	snmpgetattack
23317	12431	4252	1280	snmpgetattack
20312	4800	4252	1281	-
23317	5938	4252	1281	-
5376	4800	4252	1285	snmpgetattack
23317	12431	4252	1285	snmpgetattack
20312	4800	4252	1286	-
23317	5938	4252	1286	-
5376	4800	4252	1290	snmpgetattack
23317	12431	4252	1290	snmpgetattack
20312	4800	4252	1291	-
23317	5938	4252	1291	-
5376	4800	4252	1295	snmpgetattack
23317	12431	4252	1295	snmpgetattack
20312	4800	4252	1296	-
23317	5938	4252	1296	-
5376	4800	4252	1300	snmpgetattack
23317	12431	4252	1300	snmpgetattack
20312	4800	4252	1301	-
23317	5938	4252	1301	-
5376	4800	4252	1305	snmpgetattack
23317	12431	4252	1305	snmpgetattack
20312	4800	4252	1306	-
23317	5938	4252	1306	-
5376	4800	4252	1310	snmpgetattack
23317	12431	4252	1310	snmpgetattack
20312	4800	4252	1311	-
23317	5938	4252	1311	-
5376	4800	4252	1315	snmpgetattack
23317	12431	4252	1315	snmpgetattack
20312	4800	4252	1316	-
23317	5938	4252	1316	-
5376	4800	4252	1320	snmpgetattack
23317	12431	4252	1321	snmpgetattack
20312	4800	4252	1321	-
23317	5938	4252	1321	-
5376	4800	4252	1326	snmpgetattack
23317	12431	4252	1326	snmpgetattack
20312	4800	4252	1326	-
23317	5938	4252	1326	-
5376	4800	12716	1331	snmpgetattack
23317	12431	12716	1331	snmpgetattack
20312	4800	12716	1331	-
23317	5938	12716	1331	-
5376	4800	12716	1336	snmpgetattack
23317	12431	12716	1336	snmpgetattack
20312	4800	12716	1336	-
23317	5938	12716	1336	-
5376	4800	12716	1341	snmpgetattack
23317	12431	12716	1341	snmpgetattack
20312	4800	12716	1341	-
23317	5938	12716	1341	-
5376	4800	12716	1346	snmpgetattack
23317	12431	12716	1346	snmpgetattack
20312	4800	12716	1346	-
23317	5938	12716	1346	-
5376	4800	12716	1351	snmpgetattack
23317	12431	12716	1351	snmpgetattack
20312	4800	12716	1351	-
23317	5938	12716	1351	-
5376	4800	12716	1356	snmpgetattack
23317	12431	12716	1356	snmpgetattack
20312	4800	12716	1356	-
23317	5938	12716	1356	-
5376	4800	12716	1361	snmpgetattack
23317	12431	12716	1361	snmpgetattack
20312	4800	12716	1361	-
23317	5938	12716	1361	-
5376	4800	12716	1366	snmpgetattack
23317	12431	12716	1366	snmpgetattack
20312	4800	12716	1366	-
23317	5938	12716	1366	-
5376	4800	12716	1371	snmpgetattack
23317	12431	12716	1371	snmpgetattack
20312	4800	12716	1371	-
23317	5938	12716	1371	-
5376	4800	12716	1376	snmpgetattack
23317	12431	12716	1376	snmpgetattack
20312	4800	12716	1376	-
23317	5938	12716	1376	-
5376	4800	12716	1381	snmpgetattack
23317	12431	12716	1381	snmpgetattack
20312	4800	12716	1381	-
23317	5938	12716	1382	-
5376	4800	12716	1386	snmpgetattack
23317	12431	12716	1386	snmpgetattack
20312	4800	12716	1387	-
23317	5938	12716	1387	-
5376	4800	26000	1391	snmpgetattack
23317	12431	26000	1391	snmpgetattack
20312	4800	26000	1392	-
23317	5938	26000	1392	-
5376	4800	26000	1396	snmpgetattack
23317	12431	26000	1396	snmpgetattack
20312	4800	26000	1397	-
23317	5938	26000	1397	-
5376	4800	26000	1401	snmpgetattack
23317	12431	26000	1401	snmpgetattack
20312	4800	26000	1402	-
23317	5938	26000	1402	-
5376	4800	26000	1406	snmpgetattack
23317	12431	26000	1406	snmpgetattack
20312	4800	26000	1407	-
23317	5938	26000	1407	-
23317	12431	26000	1411	snmpgetattack
5376	4800	26000	1411	snmpgetattack
20312	4800	26000	1412	-
23317	5938	26000	1412	-
5376	4800	26000	1416	snmpgetattack
23317	12431	26000	1416	snmpgetattack
20312	4800	26000	1417	-
23317	5938	26000	1417	-
5376	4800	26000	1421	snmpgetattack
23317	12431	26000	1421	snmpgetattack
20312	4800	26000	1422	-
23317	5938	26000	1422	-
5376	4800	26000	1426	snmpgetattack
23317	12431	26000	1426	snmpgetattack
20312	4800	26000	1427	-
23317	5938	26000	1427	-
5376	4800	26000	1431	snmpgetattack
23317	12431	26000	1431	snmpgetattack
20312	4800	26000	1432	-
23317	5938	26000	1432	-
5376	4800	26000	1436	snmpgetattack
23317	12431	26000	1436	snmpgetattack
20312	4800	26000	1437	-
23317	5938	26000	1437	-
5376	4800	26000	1441	snmpgetattack
23317	12431	26000	1441	snmpgetattack
20312	4800	26000	1442	-
23317	5938	26000	1442	-
5376	4800	26000	1447	snmpgetattack
23317	12431	26000	1447	snmpgetattack
20312	4800	26000	1447	-
23317	5938	26000	1447	-
5376	4800	22333	1452	snmpgetattack
23317	12431	22333	1452	snmpgetattack
20312	4800	22333	1452	-
23317	5938	22333	1452	-
5376	4800	22333	1457	snmpgetattack
23317	12431	22333	1457	snmpgetattack
20312	4800	22333	1457	-
23317	5938	22333	1457	-
5376	4800	22333	1462	snmpgetattack
23317	12431	22333	1462	snmpgetattack
20312	4800	22333	1462	-
23317	5938	22333	1462	-
5376	4800	22333	1467	snmpgetattack
23317	12431	22333	1467	snmpgetattack
20312	4800	22333	1467	-
23317	5938	22333	1467	-
5376	4800	22333	1472	snmpgetattack
23317	12431	22333	1472	snmpgetattack
20312	4800	22333	1472	-
23317	5938	22333	1472	-
5376	4800	22333	1477	snmpgetattack
23317	12431	22333	1477	snmpgetattack
20312	4800	22333	1477	-
23317	5938	22333	1477	-
5376	4800	22333	1482	snmpgetattack
23317	12431	22333	1482	snmpgetattack
20312	4800	22333	1482	-
23317	5938	22333	1482	-
23317	12431	22333	1487	snmpgetattack
20312	4800	22333	1487	-
23317	5938	22333	1487	-
5376	4800	22333	1487	snmpgetattack
5376	4800	22333	1492	snmpgetattack
23317	12431	22333	1492	snmpgetattack
20312	4800	22333	1492	-
23317	5938	22333	1492	-
5376	4800	22333	1497	snmpgetattack
23317	12431	22333	1497	snmpgetattack
20312	4800	22333	1497	-
23317	5938	22333	1497	-
15394	4800	22333	1498	-
23317	882	22333	1498	-
5376	4800	22333	1502	snmpgetattack
23317	12431	22333	1502	snmpgetattack
20312	4800	22333	1502	-
23317	5938	22333	1502	-
5376	4800	22333	1507	snmpgetattack
23317	12431	22333	1507	snmpgetattack
20312	4800	9652	1508	-
23317	5938	9652	1508	-
5376	4800	9652	1512	snmpgetattack
23317	12431	9652	1512	snmpgetattack
20312	4800	9652	1513	-
23317	5938	9652	1513	-
5376	4800	9652	1517	snmpgetattack
23317	12431	9652	1517	snmpgetattack
20312	4800	9652	1518	-
23317	5938	9652	1518	-
5376	4800	9652	1522	snmpgetattack
23317	12431	9652	1522	snmpgetattack
20312	4800	9652	1523	-
23317	5938	9652	1523	-
5376	4800	9652	1527	snmpgetattack
23317	12431	9652	1527	snmpgetattack
20312	4800	9652	1528	-
23317	5938	9652	1528	-
5376	4800	9652	1532	snmpgetattack
23317	12431	9652	1532	snmpgetattack
20312	4800	9652	1533	-
23317	5938	9652	1533	-
5376	4800	9652	1537	snmpgetattack
23317	12431	9652	1537	snmpgetattack
20312	4800	9652	1538	-
23317	5938	9652	1538	-
5376	4800	9652	1542	snmpgetattack
23317	12431	9652	1542	snmpgetattack
20312	4800	9652	1543	-
23317	5938	9652	1543	-
5376	4800	9652	1547	snmpgetattack
23317	12431	9652	1547	snmpgetattack
20312	4800	9652	1548	-
23317	5938	9652	1548	-
5376	4800	9652	1552	snmpgetattack
23317	12431	9652	1552	snmpgetattack
20312	4800	9652	1553	-
23317	5938	9652	1553	-
23317	12431	9652	1557	snmpgetattack
5376	4800	9652	1557	snmpgetattack
20312	4800	9652	1558	-
23317	5938	9652	1558	-
5376	4800	9652	1562	snmpgetattack
23317	12431	9652	1562	snmpgetattack
20312	4800	9652	1563	-
23317	5938	9652	1563	-
5376	4800	9652	1567	snmpgetattack
23317	12431	9652	1567	snmpgetattack
20312	4800	44700	1568	-
23317	5938	44700	1568	-
5376	4800	44700	1573	snmpgetattack
23317	12431	44700	1573	snmpgetattack
20312	4800	44700	1573	-
23317	5938	44700	1573	-
5376	4800	44700	1578	snmpgetattack
23317	12431	44700	1578	snmpgetattack
20312	4800	44700	1578	-
23317	5938	44700	1578	-
5376	4800	44700	1583	snmpgetattack
23317	12431	44700	1583	snmpgetattack
20312	4800	44700	1583	-
23317	5938	44700	1583	-
5376	4800	44700	1588	snmpgetattack
23317	12431	44700	1588	snmpgetattack
20312	4800	44700	1588	-
23317	5938	44700	1588	-
5376	4800	44700	1593	snmpgetattack
23317	12431	44700	1593	snmpgetattack
20312	4800	44700	1593	-
23317	5938	44700	1593	-
5376	4800	44700	1598	snmpgetattack
23317	12431	44700	1598	snmpgetattack
20312	4800	44700	1598	-
23317	5938	44700	1598	-
5376	4800	44700	1603	snmpgetattack
23317	12431	44700	1603	snmpgetattack
20312	4800	44700	1603	-
23317	5938	44700	1603	-
5376	4800	44700	1608	snmpgetattack
23317	12431	44700	1608	snmpgetattack
20312	4800	44700	1608	-
23317	5938	44700	1608	-
5376	4800	44700	1613	snmpgetattack
23317	12431	44700	1613	snmpgetattack
20312	4800	44700	1613	-
23317	5938	44700	1613	-
5376	4800	44700	1618	snmpgetattack
23317	12431	44700	1618	snmpgetattack
20312	4800	44700	1618	-
23317	5938	44700	1618	-
5376	4800	44700	1623	snmpgetattack
23317	12431	44700	1623	snmpgetattack
20312	4800	44700	1623	-
23317	5938	44700	1623	-
5376	4800	4196	1628	snmpgetattack
23317	12431	4196	1628	snmpgetattack
20312	4800	4196	1628	-
23317	5938	4196	1628	-
5376	4800	4196	1633	snmpgetattack
23317	12431	4196	1633	snmpgetattack
20312	4800	4196	1634	-
23317	5938	4196	1634	-
23317	12431	4196	1638	snmpgetattack
5376	4800	4196	1638	snmpgetattack
23317	5938	4196	1639	-
20312	4800	4196	1639	-
5376	4800	4196	1643	snmpgetattack
23317	12431	4196	1643	snmpgetattack
23317	5938	4196	1644	-
20312	4800	4196	1644	-
23317	12431	4196	1648	snmpgetattack
5376	4800	4196	1648	snmpgetattack
20312	4800	4196	1649	-
23317	5938	4196	1649	-
23317	12431	4196	1653	snmpgetattack
5376	4800	4196	1653	snmpgetattack
20312	4800	4196	1654	-
23317	5938	4196	1654	-
23317	12431	4196	1658	snmpgetattack
5376	4800	4196	1658	snmpgetattack
23317	5938	4196	1659	-
20312	4800	4196	1659	-
23317	12431	4196	1663	snmpgetattack
5376	4800	4196	1663	snmpgetattack
23317	5938	4196	1664	-
20312	4800	4196	1664	-
23317	12431	4196	1668	snmpgetattack
5376	4800	4196	1668	snmpgetattack
23317	5938	4196	1669	-
20312	4800	4196	1669	-
3957	15394	4196	1671	-
5376	4800	4196	1673	snmpgetattack
23317	12431	4196	1673	snmpgetattack
23317	5938	4196	1674	-
20312	4800	4196	1674	-
5376	4800	4196	1678	snmpgetattack
23317	12431	4196	1678	snmpgetattack
20312	4800	4196	1679	-
23317	5938	4196	1679	-
23317	12431	4196	1683	snmpgetattack
5376	4800	4196	1683	snmpgetattack
23317	5938	4196	1684	-
20312	4800	4196	1684	-
23317	12431	13264	1688	snmpgetattack
5376	4800	13264	1688	snmpgetattack
23317	5938	13264	1689	-
20312	4800	13264	1689	-
23317	5938	13264	1694	-
5376	4800	13264	1694	snmpgetattack
23317	12431	13264	1694	snmpgetattack
20312	4800	13264	1694	-
23317	5938	13264	1699	-
20312	4800	13264	1699	-
5376	4800	13264	1699	snmpgetattack
23317	12431	13264	1699	snmpgetattack
5376	4800	13264	1704	snmpgetattack
23317	12431	13264	1704	snmpgetattack
23317	5938	13264	1704	-
20312	4800	13264	1704	-
20312	4800	13264	1709	-
23317	5938	13264	1709	-
5376	4800	13264	1709	snmpgetattack
23317	12431	13264	1709	snmpgetattack
23317	12431	13264	1714	snmpgetattack
5376	4800	13264	1714	snmpgetattack
20312	4800	13264	1714	-
23317	5938	13264	1714	-
5376	4800	13264	1719	snmpgetattack
23317	12431	13264	1719	snmpgetattack
20312	4800	13264	1719	-
23317	5938	13264	1719	-
5376	4800	13264	1724	snmpgetattack
23317	12431	13264	1724	snmpgetattack
20312	4800	13264	1724	-
23317	5938	13264	1724	-
5376	4800	13264	1729	snmpgetattack
23317	12431	13264	1729	snmpgetattack
20312	4800	13264	1729	-
23317	5938	13264	1729	-
5376	4800	13264	1734	snmpgetattack
23317	12431	13264	1734	snmpgetattack
20312	4800	13264	1734	-
23317	5938	13264	1734	-
5376	4800	13264	1739	snmpgetattack
23317	12431	13264	1739	snmpgetattack
20312	4800	13264	1739	-
23317	5938	13264	1739	-
5376	4800	13264	1744	snmpgetattack
23317	12431	13264	1744	snmpgetattack
20312	4800	13264	1744	-
23317	5938	13264	1744	-
5376	4800	11389	1749	snmpgetattack
23317	12431	11389	1749	snmpgetattack
20312	4800	11389	1749	-
23317	5938	11389	1749	-
5376	4800	11389	1754	snmpgetattack
23317	12431	11389	1754	snmpgetattack
20312	4800	11389	1754	-
23317	5938	11389	1754	-
5376	4800	11389	1759	snmpgetattack
23317	12431	11389	1759	snmpgetattack
20312	4800	11389	1760	-
23317	5938	11389	1760	-
5376	4800	11389	1764	snmpgetattack
23317	12431	11389	1764	snmpgetattack
20312	4800	11389	1765	-
23317	5938	11389	1765	-
5376	4800	11389	1769	snmpgetattack
23317	12431	11389	1769	snmpgetattack
20312	4800	11389	1770	-
23317	5938	11389	1770	-
5376	4800	11389	1774	snmpgetattack
23317	12431	11389	1774	snmpgetattack
20312	4800	11389	1775	-
23317	5938	11389	1775	-
5376	4800	11389	1779	snmpgetattack
23317	12431	11389	1779	snmpgetattack
23317	5938	11389	1780	-
20312	4800	11389	1780	-
5376	4800	11389	1784	snmpgetattack
23317	12431	11389	1784	snmpgetattack
20312	4800	11389	1785	-
23317	5938	11389	1785	-
5376	4800	11389	1789	snmpgetattack
23317	12431	11389	1789	snmpgetattack
20312	4800	11389	1790	-
23317	5938	11389	1790	-
5376	4800	11389	1794	snmpgetattack
23317	12431	11389	1794	snmpgetattack
20312	4800	11389	1795	-
23317	5938	11389	1795	-
5376	4800	11389	1799	snmpgetattack
23317	12431	11389	1799	snmpgetattack
