3374	16139	28885	0	-
23317	5938	28885	3	-
20312	4800	28885	3	-
17624	16531	28885	4	-
17624	16332	28885	4	-
3076	3611	28885	6	-
23317	5938	40835	8	-
20312	4800	40835	8	-
12332	16531	40835	9	-
23317	5938	40835	13	-
3297	22275	40835	13	-
20312	4800	40835	13	-
13993	21708	40835	15	-
15506	19350	40835	16	-
13993	21708	40835	17	-
20312	4800	40835	18	-
23317	5938	40835	18	-
13993	21708	40835	19	-
13993	21708	40835	22	-
23317	5938	40835	23	-
20312	4800	40835	23	-
12332	3297	40835	24	-
13993	21708	40835	24	-
14267	23148	40835	25	-
13993	21708	40835	26	-
23317	5938	40835	28	-
20312	4800	40835	28	-
20312	16593	40835	28	-
13993	21708	40835	29	-
13993	21708	40835	29	-
13993	21708	40835	29	-
13993	21708	40835	29	-
13993	21708	40835	29	-
13993	21708	40835	29	-
13993	21708	40835	29	-
13993	21708	40835	29	-
13993	21708	40835	29	-
13993	21708	40835	29	-
13993	21708	40835	29	-
13993	21708	40835	29	-
13993	21708	40835	29	-
13993	21708	40835	29	-
13993	21708	40835	30	-
13993	21708	40835	30	-
23317	5938	40835	34	-
20312	4800	40835	34	-
20312	4800	40835	39	-
23317	5938	40835	39	-
23317	5938	40835	44	-
20312	4800	40835	44	-
14267	1129	40835	46	-
23317	5938	40835	49	-
20312	4800	40835	49	-
20312	4800	40835	54	-
23317	5938	40835	54	-
23317	5938	40835	59	-
20312	4800	40835	59	-
7215	13122	40835	59	-
7215	1633	40835	60	-
7215	15667	40835	61	-
23317	5938	40835	64	-
20312	4800	40835	64	-
20312	4800	12442	69	-
20312	4800	12442	71	-
14267	1129	12442	73	-
20312	4800	12442	73	-
20312	4800	12442	78	-
20312	4800	12442	80	-
20312	4800	12442	82	-
3374	16139	12442	83	-
23317	5938	12442	84	-
23317	5938	12442	84	-
23317	5938	12442	84	-
23317	5938	12442	84	-
23317	5938	12442	84	-
23317	5938	12442	84	-
23317	5938	12442	87	-
20312	4800	12442	87	-
3611	11900	12442	91	-
23317	5938	12442	92	-
20312	4800	12442	92	-
13993	5938	12442	95	-
14267	9011	12442	95	-
20312	4800	12442	97	-
23317	5938	12442	97	-
3297	22275	12442	102	-
14267	16628	12442	102	-
20312	4800	12442	103	-
23317	5938	12442	103	-
23317	5938	12442	108	-
20312	4800	12442	108	-
20312	4800	12442	113	-
23317	5938	12442	113	-
23317	5938	12442	118	-
20312	4800	12442	118	-
20312	23167	12442	118	-
20312	2843	12442	118	-
20312	16531	12442	121	-
23317	5938	12442	123	-
20312	4800	12442	123	-
20312	4800	44322	128	-
23317	5938	44322	128	-
23317	5938	44322	133	-
20312	4800	44322	133	-
20312	4800	44322	138	-
23317	5938	44322	138	-
23317	5938	44322	143	-
20312	4800	44322	143	-
587	1638	44322	145	-
23317	5938	44322	148	-
20312	4800	44322	148	-
23317	5938	44322	153	-
20312	4800	44322	153	-
20312	4800	44322	158	-
20312	4800	44322	160	-
20312	4800	44322	162	-
20312	4800	44322	167	-
20312	4800	44322	169	-
20312	4800	44322	171	-
3297	22275	44322	173	-
23317	5938	44322	174	-
23317	5938	44322	174	-
20312	4800	44322	174	-
23317	5938	44322	174	-
23317	5938	44322	174	-
23317	5938	44322	174	-
23317	5938	44322	174	-
20312	4800	44322	177	-
23317	5938	44322	177	-
587	3501	44322	181	-
23317	5938	44322	182	-
20312	4800	44322	182	-
23317	5938	4971	187	-
20312	4800	4971	187	-
10571	3611	4971	191	-
23317	5938	4971	192	-
20312	4800	4971	192	-
23317	5938	4971	197	-
20312	4800	4971	197	-
20312	4800	4971	202	-
3297	22275	4971	202	-
23317	5938	4971	202	-
23317	5938	4971	207	-
20312	4800	4971	207	-
23317	5938	4971	212	-
20312	4800	4971	212	-
23317	5938	4971	217	-
20312	4800	4971	217	-
23317	5938	4971	222	-
20312	4800	4971	222	-
3297	7215	4971	224	-
3076	3611	4971	226	-
20312	4800	4971	227	-
23317	5938	4971	227	-
23317	5938	4971	232	-
20312	4800	4971	232	-
23317	5938	4971	237	-
20312	4800	4971	237	-
587	10147	4971	239	-
23317	5938	4971	242	-
20312	4800	4971	242	-
20312	4800	41982	248	-
3297	7215	41982	250	-
20312	4800	41982	250	-
20312	4800	41982	252	-
20312	4800	41982	257	-
20312	4800	41982	259	-
20312	4800	41982	261	-
3374	16139	41982	263	-
17624	4981	41982	263	-
23317	5938	41982	264	-
17624	4800	41982	264	-
23317	5938	41982	264	-
23317	5938	41982	264	-
23317	5938	41982	264	-
23317	5938	41982	264	-
23317	5938	41982	264	-
23317	5938	41982	266	-
20312	4800	41982	266	-
23317	5938	41982	271	-
20312	4800	41982	271	-
20312	4800	41982	276	-
23317	5938	41982	276	-
23317	5938	41982	281	-
20312	4800	41982	281	-
20312	4800	41982	286	-
23317	5938	41982	286	-
3374	15488	41982	288	-
587	3799	41982	288	-
23317	5938	41982	291	-
20312	4800	41982	291	-
23317	5938	41982	296	-
20312	4800	41982	296	-
23317	5938	41982	301	-
20312	4800	41982	301	-
3076	3611	41982	303	-
23317	5938	41982	306	-
20312	4800	41982	306	-
587	3799	21119	309	-
23317	5938	21119	311	-
20312	4800	21119	311	-
14547	1633	21119	314	-
20312	4800	21119	316	-
23317	5938	21119	317	-
23317	5938	21119	322	-
20312	4800	21119	322	-
20312	4800	21119	327	-
23317	5938	21119	327	-
23317	5938	21119	332	-
20312	4800	21119	332	-
23317	5938	21119	337	-
20312	4800	21119	337	-
20312	4800	21119	342	-
20312	4800	21119	344	-
20312	4800	21119	346	-
20312	4800	21119	351	-
20312	4800	21119	353	-
587	5664	21119	353	-
23317	5938	21119	354	-
23317	5938	21119	354	-
23317	5938	21119	354	-
23317	5938	21119	354	-
23317	5938	21119	354	-
20312	4800	21119	359	-
23317	5938	21119	359	-
20312	4800	21119	364	-
23317	5938	21119	364	-
20312	4800	18382	369	-
23317	5938	18382	369	-
3297	7215	18382	372	-
20312	4800	18382	374	-
23317	5938	18382	374	-
20312	4800	18382	379	-
23317	5938	18382	379	-
20312	4800	18382	384	-
23317	5938	18382	384	-
587	20137	18382	384	-
20312	4800	18382	389	-
23317	5938	18382	389	-
20312	4800	18382	394	-
23317	5938	18382	394	-
20312	4800	18382	399	-
23317	5938	18382	399	-
3076	3611	18382	402	-
23317	5938	18382	404	-
20312	4800	18382	404	-
20312	4800	18382	409	-
23317	5938	18382	409	-
3374	14391	18382	410	-
20312	4800	18382	414	-
23317	5938	18382	414	-
20312	4800	18382	419	-
23317	5938	18382	420	-
3297	7215	18382	421	-
20312	4800	18382	425	-
23317	5938	18382	425	-
20312	4800	31293	430	-
20312	4800	31293	432	-
20312	4800	31293	434	-
20312	4800	31293	439	-
20312	4800	31293	441	-
10571	3611	31293	441	-
20312	4800	31293	443	-
23317	5938	31293	444	-
23317	5938	31293	444	-
23317	5938	31293	444	-
23317	5938	31293	444	-
23317	5938	31293	444	-
23317	5938	31293	444	-
20312	4800	31293	448	-
23317	5938	31293	448	-
20312	4800	31293	453	-
23317	5938	31293	453	-
10571	3611	31293	453	-
20312	4800	31293	458	-
23317	5938	31293	458	-
23317	5938	31293	463	-
3374	12460	31293	463	-
20312	4800	31293	463	-
23317	5938	31293	468	-
20312	4800	31293	468	-
3611	11900	31293	470	-
3611	15667	31293	470	-
20312	4800	31293	473	-
23317	5938	31293	473	-
16671	13122	31293	475	-
16671	11900	31293	476	-
587	20137	31293	477	-
3957	587	31293	478	-
20312	4800	31293	478	-
23317	5938	31293	478	-
23317	5938	31293	483	-
20312	4800	31293	483	-
3297	7215	31293	486	-
23317	5938	17582	488	-
20312	4800	17582	488	-
20312	4800	17582	493	-
20367	587	17582	493	-
23317	5938	17582	494	-
23317	5938	17582	499	-
20312	4800	17582	499	-
15394	4800	17582	503	-
23317	882	17582	503	-
23317	5938	17582	504	-
20312	4800	17582	504	-
23317	5938	17582	509	-
20312	4800	17582	509	-
20312	4800	17582	514	-
23317	5938	17582	514	-
20312	4800	17582	519	-
20312	4800	17582	521	-
20312	4800	17582	523	-
20312	4800	17582	528	-
20312	4800	17582	530	-
20312	4800	17582	532	-
23317	5938	17582	534	-
23317	5938	17582	534	-
23317	5938	17582	534	-
23317	5938	17582	534	-
23317	5938	17582	534	-
23317	5938	17582	534	-
23317	5938	17582	537	-
20312	4800	17582	537	-
23317	5938	17582	542	-
20312	4800	17582	542	-
3297	7215	17582	546	-
20312	4800	32135	547	-
23317	5938	32135	547	-
587	18332	32135	547	-
17624	2843	32135	549	-
3076	3611	32135	550	-
23317	5938	32135	552	-
20312	4800	32135	552	-
3297	7215	32135	552	-
23317	5938	32135	557	-
20312	4800	32135	557	-
3374	12460	32135	561	-
23317	5938	32135	562	-
20312	4800	32135	562	-
23317	5938	32135	567	-
20312	4800	32135	567	-
23317	5938	32135	572	-
20312	4800	32135	572	-
20312	4800	32135	577	-
23317	5938	32135	578	-
23317	5938	32135	583	-
20312	4800	32135	583	-
20312	4800	32135	588	-
23317	5938	32135	588	-
3957	1633	32135	590	-
20367	19350	32135	590	-
23317	5938	32135	593	-
20312	4800	32135	593	-
3957	1633	32135	595	-
3957	15394	32135	595	-
23317	5938	32135	598	-
20312	4800	32135	598	-
23317	5938	32135	603	-
20312	4800	32135	603	-
4800	5615	32135	605	-
20312	4800	16409	608	-
20312	4800	16409	610	-
20312	4800	16409	612	-
20312	4800	16409	617	-
20312	4800	16409	619	-
20312	4800	16409	621	-
3611	15667	16409	623	-
23317	5938	16409	624	-
23317	5938	16409	624	-
23317	5938	16409	624	-
20312	4800	16409	624	-
23317	5938	16409	624	-
23317	5938	16409	624	-
23317	5938	16409	624	-
20312	4800	16409	626	-
23317	5938	16409	626	-
23317	5938	16409	631	-
20312	4800	16409	631	-
587	20137	16409	633	-
20312	4800	16409	636	-
23317	5938	16409	636	-
587	20137	16409	636	-
4800	3801	16409	638	-
20312	4800	16409	641	-
23317	5938	16409	641	-
20312	4800	16409	646	-
23317	5938	16409	647	-
23317	5938	16409	652	-
20312	4800	16409	652	-
20312	4800	16409	657	-
23317	5938	16409	657	-
23317	5938	16409	662	-
20312	4800	16409	662	-
23317	5938	39076	667	-
20312	4800	39076	667	-
23317	5938	39076	672	-
20312	4800	39076	672	-
23317	5938	39076	677	-
20312	4800	39076	677	-
3374	12460	39076	681	-
20312	4800	39076	682	-
23317	5938	39076	682	-
20312	4800	39076	687	-
23317	5938	39076	687	-
23317	5938	39076	692	-
20312	4800	39076	692	-
20312	4800	39076	697	-
587	20137	39076	697	-
23317	5938	39076	697	-
20312	4800	39076	702	-
20312	4800	39076	704	-
20312	4800	39076	706	-
20312	4800	39076	711	-
587	20137	39076	712	-
20312	4800	39076	713	-
23317	5938	39076	714	-
23317	5938	39076	714	-
23317	5938	39076	714	-
23317	5938	39076	714	-
23317	5938	39076	714	-
3297	9722	39076	718	-
20312	4800	39076	719	-
23317	5938	39076	719	-
3374	12460	39076	722	-
23317	5938	39076	724	-
20312	4800	39076	724	-
23317	5938	25335	729	-
20312	4800	25335	729	-
20312	4800	25335	734	-
23317	5938	25335	734	-
10571	3611	25335	737	-
23317	5938	25335	739	-
20312	4800	25335	739	-
10429	3374	25335	740	-
7179	8452	25335	741	-
20312	4800	25335	744	-
23317	5938	25335	744	-
587	20137	25335	747	-
23317	5938	25335	749	-
20312	4800	25335	749	-
23317	5938	25335	754	-
20312	4800	25335	754	-
20312	4800	25335	759	-
23317	5938	25335	759	-
20312	4800	25335	764	-
23317	5938	25335	765	-
4800	3801	25335	766	-
20312	4800	25335	770	-
23317	5938	25335	770	-
20312	4800	25335	775	-
23317	5938	25335	775	-
3076	3611	25335	775	-
4800	3801	25335	775	-
20312	4800	25335	780	-
23317	5938	25335	780	-
20312	4800	25335	785	-
23317	5938	25335	785	-
3297	21510	28221	787	-
20312	4800	28221	790	-
20312	4800	28221	792	-
20312	4800	28221	794	-
20312	4800	28221	799	-
20312	4800	28221	801	-
20312	4800	28221	803	-
23317	5938	28221	804	-
23317	5938	28221	804	-
23317	5938	28221	804	-
23317	5938	28221	804	-
23317	5938	28221	804	-
23317	5938	28221	804	-
20312	4800	28221	808	-
23317	5938	28221	808	-
10429	17005	28221	808	-
3076	3611	28221	810	-
3957	15394	28221	811	-
20312	4800	28221	813	-
23317	5938	28221	813	-
3374	15312	28221	815	-
20312	4800	28221	818	-
23317	5938	28221	818	-
20312	4800	28221	823	-
23317	5938	28221	823	-
20312	4800	28221	828	-
23317	5938	28221	828	-
20312	4800	28221	833	-
23317	5938	28221	833	-
20312	4800	28221	838	-
23317	5938	28221	838	-
20312	4800	28221	843	-
23317	5938	28221	844	-
7782	15667	23714	848	-
20312	4800	23714	849	-
23317	5938	23714	849	-
17624	9554	23714	851	-
17624	9554	23714	853	-
20312	4800	23714	854	-
23317	5938	23714	854	-
17624	9554	23714	855	-
17624	9554	23714	857	-
23317	5938	23714	859	-
20312	4800	23714	859	-
17624	9554	23714	860	-
17624	9554	23714	860	-
20312	4800	23714	864	-
23317	5938	23714	864	-
3374	15312	23714	864	-
587	20137	23714	868	-
20312	4800	23714	869	-
23317	5938	23714	869	-
20312	4800	23714	874	-
23317	5938	23714	874	-
20312	4800	23714	879	-
20312	4800	23714	881	-
20312	4800	23714	883	-
20312	4800	23714	888	-
3374	15312	23714	888	-
20312	4800	23714	890	-
20312	4800	23714	892	-
3297	1001	23714	893	-
4800	3801	23714	893	-
4800	3801	23714	893	-
23317	5938	23714	894	-
23317	5938	23714	894	-
23317	5938	23714	894	-
23317	5938	23714	894	-
23317	5938	23714	894	-
23317	5938	23714	894	-
23317	5938	23714	897	-
20312	4800	23714	897	-
3374	15312	23714	899	-
23317	5938	23714	902	-
20312	4800	23714	902	-
23317	5938	21564	907	-
20312	4800	21564	907	-
3076	3611	21564	909	-
23317	5938	21564	912	-
20312	4800	21564	912	-
10429	3374	21564	914	-
20312	4800	21564	917	-
23317	5938	21564	917	-
587	20137	21564	918	-
20312	4800	21564	922	-
23317	5938	21564	922	-
3374	4249	21564	922	-
4800	3801	21564	926	-
20312	4800	21564	927	-
23317	5938	21564	928	-
23317	5938	21564	933	-
20312	4800	21564	933	-
23317	5938	21564	938	-
20312	4800	21564	938	-
10429	19298	21564	938	-
23317	5938	21564	943	-
20312	4800	21564	943	-
20312	4800	21564	948	-
23317	5938	21564	948	-
20312	4800	21564	953	-
23317	5938	21564	953	-
587	20137	21564	957	-
20312	4800	21564	958	-
23317	5938	21564	958	-
4800	9057	21564	958	-
20312	4800	21564	963	-
23317	5938	21564	963	-
3076	3611	21564	966	-
20312	4800	44763	968	-
20312	4800	44763	970	-
20312	4800	44763	972	-
20312	4800	44763	977	-
20312	4800	44763	979	-
20312	4800	44763	981	-
23317	5938	44763	984	-
23317	5938	44763	984	-
23317	5938	44763	984	-
23317	5938	44763	984	-
23317	5938	44763	984	-
23317	5938	44763	984	-
23317	5938	44763	986	-
20312	4800	44763	986	-
23317	5938	44763	991	-
20312	4800	44763	991	-
3076	3611	44763	991	-
20312	4800	44763	996	-
23317	5938	44763	997	-
587	20137	44763	998	-
20312	4800	44763	1002	-
23317	5938	44763	1002	-
20312	4800	44763	1007	-
23317	5938	44763	1007	-
3374	4249	44763	1008	-
20312	4800	44763	1012	-
23317	5938	44763	1012	-
19839	15894	44763	1014	-
7179	14437	44763	1014	-
7179	3611	44763	1014	-
7179	3297	44763	1015	-
23317	5938	44763	1017	-
20312	4800	44763	1017	-
7179	4981	44763	1017	-
20312	4800	44763	1022	-
23317	5938	44763	1022	-
7179	16531	44763	1022	-
17624	2843	44763	1023	-
7179	7268	44763	1024	-
7179	8452	44763	1025	-
20312	4800	10751	1027	-
23317	5938	10751	1027	-
3611	5938	10751	1028	-
3611	11900	10751	1029	-
3611	15667	10751	1031	-
23317	5938	10751	1032	-
20312	4800	10751	1032	-
3611	1633	10751	1033	-
3297	9722	10751	1035	-
20312	4800	10751	1037	-
23317	5938	10751	1037	-
882	4981	10751	1038	-
15506	19350	10751	1040	-
20312	4800	10751	1042	-
23317	5938	10751	1042	-
8048	3461	10751	1043	-
3297	20672	10751	1044	-
17624	7268	10751	1044	-
8048	16593	10751	1044	-
17624	9554	10751	1046	-
8048	8452	10751	1047	-
20312	4800	10751	1047	-
23317	5938	10751	1047	-
8048	14437	10751	1047	-
23317	5938	10751	1052	-
20312	4800	10751	1052	-
19839	1633	10751	1054	-
8048	3611	10751	1054	-
8048	23167	10751	1055	-
20312	4800	10751	1057	-
20312	4800	10751	1060	-
20312	4800	10751	1062	-
14547	15667	10751	1063	-
20312	4800	10751	1067	-
8048	3297	10751	1067	-
20312	4800	10751	1069	-
20312	4800	10751	1071	-
14547	15894	10751	1073	-
23317	5938	10751	1074	-
23317	5938	10751	1074	-
23317	5938	10751	1074	-
23317	5938	10751	1074	-
20312	4800	10751	1074	-
23317	5938	10751	1074	-
23317	5938	10751	1074	-
14547	19834	10751	1074	-
8048	2843	10751	1075	-
23317	5938	10751	1076	-
20312	4800	10751	1076	-
3374	4249	10751	1079	-
8048	4981	10751	1079	-
23317	5938	10751	1081	-
20312	4800	10751	1081	-
3297	6157	10751	1082	-
8048	9554	10751	1082	-
8048	16332	10751	1085	-
587	3146	10751	1086	-
20312	4800	10751	1086	-
23317	5938	10751	1086	-
23317	5938	29968	1091	-
3297	10812	29968	1091	-
20312	4800	29968	1091	-
23317	5938	29968	1096	-
20312	4800	29968	1096	-
20312	4800	29968	1101	-
23317	5938	29968	1101	-
15394	4800	29968	1103	-
23317	882	29968	1103	-
20312	4800	29968	1106	-
23317	5938	29968	1106	-
20312	4800	29968	1111	-
23317	5938	29968	1111	-
3076	3611	29968	1116	-
23317	5938	29968	1116	-
20312	4800	29968	1116	-
23317	5938	29968	1121	-
20312	4800	29968	1121	-
20312	4800	29968	1126	-
23317	5938	29968	1127	-
587	3146	29968	1129	-
23317	5938	29968	1132	-
20312	4800	29968	1132	-
20312	4800	29968	1137	-
23317	5938	29968	1137	-
3374	4249	29968	1139	-
23317	5938	29968	1142	-
20312	4800	29968	1142	-
4800	7215	32410	1147	-
23317	5938	32410	1147	-
20312	4800	32410	1147	-
20312	4800	32410	1152	-
20312	4800	32410	1154	-
20312	4800	32410	1156	-
4800	7215	32410	1158	-
587	3146	32410	1159	-
20312	4800	32410	1161	-
20312	3461	32410	1161	-
4800	7215	32410	1162	-
10571	2843	32410	1162	-
23317	5938	32410	1163	-
20312	4800	32410	1163	-
23317	5938	32410	1164	-
23317	5938	32410	1164	-
23317	5938	32410	1164	-
23317	5938	32410	1164	-
20312	14437	32410	1164	-
3374	4249	32410	1167	-
3076	3611	32410	1168	-
23317	5938	32410	1169	-
20312	4800	32410	1169	-
20312	23167	32410	1169	-
20312	3297	32410	1172	-
4800	8221	32410	1174	-
20312	4800	32410	1174	-
23317	5938	32410	1174	-
20312	2843	32410	1175	-
4800	445	32410	1178	-
20312	4981	32410	1178	-
23317	5938	32410	1179	-
20312	4800	32410	1179	-
20312	16531	32410	1182	-
20312	4800	32410	1184	-
23317	5938	32410	1184	-
20312	9554	32410	1185	-
4800	7215	32410	1188	-
20312	4800	32410	1189	-
23317	5938	32410	1189	-
20312	16332	32410	1189	-
14547	15894	32410	1191	-
20312	4800	32410	1194	-
23317	5938	32410	1194	-
23317	5938	32410	1199	-
20312	4800	32410	1199	-
4800	8221	32410	1202	-
17624	16332	32410	1203	-
23317	5938	32410	1204	-
20312	4800	32410	1204	-
23317	5938	11401	1209	-
20312	4800	11401	1209	-
3297	16409	11401	1210	-
3374	10778	11401	1214	-
20312	4800	11401	1214	-
23317	5938	11401	1214	-
20312	4800	11401	1219	-
23317	5938	11401	1219	-
23317	5938	11401	1224	-
20312	4800	11401	1224	-
7782	15667	11401	1227	-
23317	5938	11401	1230	-
20312	4800	11401	1230	-
3374	10778	11401	1231	-
4800	7215	11401	1234	-
20312	4800	11401	1235	-
23317	5938	11401	1235	-
13993	5938	11401	1236	-
13993	15667	11401	1236	-
20312	4800	11401	1240	-
20312	4800	11401	1242	-
20312	4800	11401	1244	-
3297	5938	11401	1245	-
3374	10778	11401	1246	-
20312	2843	11401	1247	-
20312	4800	11401	1249	-
20312	4800	11401	1251	-
3076	3611	11401	1252	-
20312	4800	11401	1253	-
23317	5938	11401	1254	-
23317	5938	11401	1254	-
23317	5938	11401	1254	-
23317	5938	11401	1254	-
23317	5938	11401	1254	-
23317	5938	11401	1254	-
23317	5938	11401	1258	-
20312	4800	11401	1258	-
23317	5938	11401	1263	-
20312	4800	11401	1263	-
4800	3076	35340	1267	-
20312	4800	35340	1268	-
23317	5938	35340	1268	-
23317	5938	35340	1273	-
20312	4800	35340	1273	-
6775	2843	35340	1275	-
6775	16593	35340	1276	-
3076	3611	35340	1277	-
23317	5938	35340	1278	-
20312	4800	35340	1278	-
3374	4249	35340	1279	-
6775	16531	35340	1279	-
23317	5938	35340	1283	-
20312	4800	35340	1283	-
8048	14437	35340	1288	-
20312	4800	35340	1288	-
23317	5938	35340	1288	-
23317	5938	35340	1293	-
20312	4800	35340	1293	-
882	16531	35340	1297	-
23317	5938	35340	1298	-
20312	4800	35340	1298	-
3297	1633	35340	1299	-
13993	19834	35340	1302	-
4800	3076	35340	1302	-
20312	4800	35340	1303	-
23317	5938	35340	1304	-
13993	19834	35340	1305	-
13993	19834	35340	1307	-
23317	5938	35340	1309	-
13993	19834	35340	1309	-
20312	4800	35340	1309	-
13993	19834	35340	1311	-
13993	19834	35340	1313	-
20312	4800	35340	1314	-
23317	5938	35340	1314	-
3297	13015	35340	1314	-
4800	9121	35340	1314	-
13993	19834	35340	1316	-
13993	19834	35340	1316	-
13993	19834	35340	1316	-
13993	19834	35340	1316	-
13993	19834	35340	1316	-
13993	19834	35340	1316	-
13993	19834	35340	1316	-
13993	19834	35340	1316	-
587	8135	35340	1319	-
23317	5938	35340	1319	-
20312	4800	35340	1319	-
7215	1215	35340	1320	-
4800	8221	35340	1324	-
20312	4800	35340	1324	-
23317	5938	35340	1324	-
19531	1633	35340	1324	-
19531	19531	35340	1324	-
3297	16409	33963	1327	-
11001	13122	33963	1327	-
20312	4800	33963	1329	-
20312	4800	33963	1331	-
20312	4800	33963	1333	-
20312	4800	33963	1338	-
20312	4800	33963	1340	-
20312	4800	33963	1342	-
4800	7215	33963	1343	-
23317	5938	33963	1343	-
4800	7215	33963	1343	-
3374	4249	33963	1343	-
23317	5938	33963	1344	-
23317	5938	33963	1344	-
23317	5938	33963	1344	-
23317	5938	33963	1344	-
23317	5938	33963	1344	-
4800	8221	33963	1346	-
23317	5938	33963	1347	-
20312	4800	33963	1347	-
3374	4249	33963	1350	-
23317	5938	33963	1352	-
20312	4800	33963	1352	-
20312	4800	33963	1357	-
23317	5938	33963	1357	-
6775	23167	33963	1358	-
6775	16593	33963	1358	-
20312	4800	33963	1362	-
23317	5938	33963	1362	-
4800	8221	33963	1365	-
23317	5938	33963	1367	-
20312	4800	33963	1367	-
19603	14437	33963	1371	-
20312	4800	33963	1372	-
23317	5938	33963	1373	-
23317	5938	33963	1378	-
20312	4800	33963	1378	-
3374	5159	33963	1382	-
23317	5938	33963	1383	-
20312	4800	33963	1383	-
20312	4800	34307	1388	-
23317	5938	34307	1388	-
20312	4800	34307	1393	-
23317	5938	34307	1393	-
20312	4800	34307	1398	-
23317	5938	34307	1398	-
4800	7215	34307	1400	-
20312	4800	34307	1403	-
23317	5938	34307	1403	-
4800	7215	34307	1403	-
13993	9121	34307	1404	-
20312	4800	34307	1408	-
23317	5938	34307	1408	-
20312	4800	34307	1413	-
23317	5938	34307	1413	-
20312	4800	34307	1418	-
20312	4800	34307	1420	-
20312	4800	34307	1422	-
12985	1633	34307	1426	-
20312	4800	34307	1427	-
20312	4800	34307	1429	-
20312	4800	34307	1431	-
11001	13122	34307	1432	-
11001	1633	34307	1432	-
23317	5938	34307	1434	-
23317	5938	34307	1434	-
23317	5938	34307	1434	-
23317	5938	34307	1434	-
23317	5938	34307	1434	-
23317	5938	34307	1434	-
20312	4800	34307	1436	-
23317	5938	34307	1436	-
20367	587	34307	1436	-
15506	15394	34307	1436	-
7215	1215	34307	1440	-
20312	4800	34307	1441	-
23317	5938	34307	1441	-
20312	4800	39305	1447	-
23317	5938	39305	1447	-
13993	15894	39305	1449	-
20312	4800	39305	1452	-
23317	5938	39305	1452	-
3297	16409	39305	1456	-
20312	4800	39305	1457	-
23317	5938	39305	1457	-
3374	19573	39305	1458	-
20312	4800	39305	1462	-
23317	5938	39305	1462	-
7215	9124	39305	1466	-
20312	4800	39305	1467	-
23317	5938	39305	1467	-
8048	16593	39305	1467	-
8048	14437	39305	1467	-
8048	23167	39305	1471	-
20312	4800	39305	1472	-
23317	5938	39305	1472	-
8048	3297	39305	1474	-
20312	4800	39305	1477	-
23317	5938	39305	1477	-
8048	2843	39305	1478	-
23317	5938	39305	1482	-
20312	4800	39305	1482	-
8048	4981	39305	1483	-
8048	9554	39305	1486	-
23317	5938	39305	1487	-
20312	4800	39305	1487	-
3374	11596	39305	1488	-
8048	16332	39305	1490	-
23317	5938	39305	1492	-
20312	4800	39305	1492	-
20312	4800	39305	1497	-
23317	5938	39305	1497	-
23317	5938	39305	1502	-
20312	4800	39305	1502	-
4800	7215	15520	1507	-
20312	4800	15520	1508	-
20312	4800	15520	1510	-
20312	4800	15520	1512	-
20312	4800	15520	1517	-
20312	4800	15520	1519	-
20312	4800	15520	1521	-
3076	3611	15520	1521	-
23317	5938	15520	1524	-
23317	5938	15520	1524	-
23317	5938	15520	1524	-
23317	5938	15520	1524	-
23317	5938	15520	1524	-
20312	4800	15520	1524	-
3374	18332	15520	1524	-
23317	5938	15520	1524	-
8048	16531	15520	1525	-
23317	5938	15520	1526	-
3374	18332	15520	1526	-
20312	4800	15520	1526	-
3957	5938	15520	1529	-
3297	22275	15520	1529	-
20367	19350	15520	1529	-
13993	1633	15520	1530	-
18246	16409	15520	1530	-
23317	5938	15520	1531	-
20312	4800	15520	1531	-
13993	1633	15520	1532	-
7782	5938	15520	1533	-
13993	1633	15520	1534	-
4800	1215	15520	1536	-
23317	5938	15520	1536	-
20312	4800	15520	1536	-
13993	1633	15520	1537	-
13993	1633	15520	1540	-
20312	4800	15520	1541	-
23317	5938	15520	1541	-
3957	1633	15520	1542	-
20312	4800	15520	1546	-
23317	5938	15520	1546	-
3374	6128	15520	1550	-
20312	4800	15520	1551	-
23317	5938	15520	1551	-
18246	16409	15520	1554	-
20312	4800	15520	1556	-
23317	5938	15520	1556	-
3297	22275	15520	1556	-
4800	1215	15520	1558	-
20312	4800	15520	1561	-
23317	5938	15520	1561	-
4800	7215	15520	1566	-
20312	4800	26211	1567	-
23317	5938	26211	1567	-
4800	7215	26211	1568	-
3297	22275	26211	1569	-
20312	4800	26211	1572	-
23317	5938	26211	1572	-
12985	1633	26211	1573	-
20312	4800	26211	1577	-
23317	5938	26211	1577	-
20312	4800	26211	1582	-
23317	5938	26211	1582	-
20312	4800	26211	1587	-
23317	5938	26211	1587	-
17624	14437	26211	1590	-
17624	2843	26211	1591	-
20312	4800	26211	1592	-
23317	5938	26211	1592	-
3957	19834	26211	1593	-
17624	3461	26211	1593	-
20312	4800	26211	1597	-
23317	5938	26211	1597	-
20312	4800	26211	1602	-
20312	4800	26211	1604	-
20312	4800	26211	1606	-
7179	16531	26211	1608	-
20312	4800	26211	1611	-
3611	15667	26211	1611	-
20312	4800	26211	1613	-
6114	3076	26211	1613	-
4800	22275	26211	1613	-
3611	21708	26211	1613	-
23317	5938	26211	1614	-
23317	5938	26211	1614	-
23317	5938	26211	1614	-
23317	5938	26211	1614	-
23317	5938	26211	1614	-
3957	587	26211	1614	-
20312	4800	26211	1619	-
23317	5938	26211	1619	-
10571	14437	26211	1619	-
13993	14547	26211	1620	-
4800	7215	26211	1623	-
20312	4800	26211	1624	-
23317	5938	26211	1624	-
4800	17958	32758	1628	-
20312	4800	32758	1629	-
23317	5938	32758	1629	-
23317	5938	32758	1634	-
20312	4800	32758	1634	-
23317	5938	32758	1639	-
20312	4800	32758	1639	-
23317	5938	32758	1644	-
20312	4800	32758	1644	-
4800	7215	32758	1647	-
23317	5938	32758	1649	-
20312	4800	32758	1649	-
16671	22986	32758	1651	-
8048	4981	32758	1653	-
20312	4800	32758	1654	-
23317	5938	32758	1654	-
4800	6195	32758	1655	-
3957	15667	32758	1658	-
23317	5938	32758	1659	-
20312	4800	32758	1659	-
18246	16409	32758	1660	-
3297	13755	32758	1662	-
3611	1633	32758	1662	-
14547	1633	32758	1664	-
23317	5938	32758	1665	-
20312	4800	32758	1665	-
23317	5938	32758	1670	-
20312	4800	32758	1670	-
20312	4800	32758	1675	-
23317	5938	32758	1675	-
4800	4603	32758	1677	-
3076	3461	32758	1678	-
23317	5938	32758	1680	-
20312	4800	32758	1680	-
18246	16409	32758	1682	-
23317	5938	32758	1685	-
20312	4800	32758	1685	-
20312	4800	44459	1690	-
20312	4800	44459	1692	-
20312	4800	44459	1694	-
20312	4800	44459	1699	-
3297	13755	44459	1701	-
20312	4800	44459	1701	-
10429	13122	44459	1703	-
18246	14547	44459	1703	-
15394	4800	44459	1703	-
20312	4800	44459	1703	-
23317	882	44459	1703	-
3297	5938	44459	1703	-
10429	11900	44459	1703	-
23317	5938	44459	1704	-
23317	5938	44459	1704	-
23317	5938	44459	1704	-
23317	5938	44459	1704	-
23317	5938	44459	1704	-
23317	5938	44459	1704	-
3297	11097	44459	1705	-
3297	1633	44459	1706	-
10429	1633	44459	1707	-
23317	5938	44459	1708	-
20312	4800	44459	1708	-
20312	4800	44459	1713	-
23317	5938	44459	1713	-
6114	3076	44459	1715	-
4800	14547	44459	1716	-
23317	5938	44459	1718	-
20312	4800	44459	1718	-
3076	23167	44459	1718	-
3076	2843	44459	1719	-
3297	11097	44459	1722	-
23317	5938	44459	1723	-
20312	4800	44459	1723	-
6114	9121	44459	1727	-
20312	4800	44459	1728	-
23317	5938	44459	1728	-
3297	11097	44459	1728	-
20312	4800	44459	1733	-
23317	5938	44459	1733	-
18246	16409	44459	1733	-
20312	4800	44459	1739	-
23317	5938	44459	1739	-
18246	16409	44459	1739	-
3957	15394	44459	1742	-
20312	4800	44459	1744	-
23317	5938	44459	1744	-
20312	4800	38497	1749	-
23317	5938	38497	1749	-
20312	4800	38497	1754	-
23317	5938	38497	1754	-
13993	17005	38497	1757	-
20312	4800	38497	1759	-
23317	5938	38497	1759	-
20312	4800	38497	1764	-
23317	5938	38497	1764	-
20312	4800	38497	1769	-
23317	5938	38497	1769	-
18246	16409	38497	1769	-
3076	3611	38497	1770	-
7782	1633	38497	1771	-
3297	445	38497	1772	-
20312	4800	38497	1774	-
23317	5938	38497	1774	-
6114	6195	38497	1774	-
20312	4800	38497	1779	-
20312	4800	38497	1781	-
20312	4800	38497	1783	-
3297	1633	38497	1783	-
20312	4800	38497	1788	-
20312	4800	38497	1790	-
20312	4800	38497	1792	-
4800	3801	38497	1793	-
23317	5938	38497	1794	-
23317	5938	38497	1794	-
23317	5938	38497	1794	-
23317	5938	38497	1794	-
23317	5938	38497	1794	-
23317	5938	38497	1794	-
20312	4800	38497	1797	-
23317	5938	38497	1797	-
7215	1633	38497	1797	-
