5376	4800	8981	0	snmpgetattack
23317	12431	8981	0	snmpgetattack
20312	4800	8981	0	-
23317	5938	8981	0	-
23317	5938	8981	5	-
20312	4800	8981	5	-
23317	12431	8981	5	snmpgetattack
5376	4800	8981	5	snmpgetattack
23317	12431	41405	10	snmpgetattack
20312	4800	41405	10	-
23317	5938	41405	10	-
5376	4800	41405	10	snmpgetattack
23317	12431	41405	15	snmpgetattack
20312	4800	41405	15	-
23317	5938	41405	15	-
5376	4800	41405	15	snmpgetattack
20312	4800	41405	20	-
23317	5938	41405	20	-
5376	4800	41405	20	snmpgetattack
23317	12431	41405	20	snmpgetattack
5376	4800	41405	25	snmpgetattack
23317	12431	41405	25	snmpgetattack
23317	5938	41405	25	-
20312	4800	41405	25	-
23317	12431	41405	30	snmpgetattack
20312	4800	41405	30	-
23317	5938	41405	30	-
5376	4800	41405	30	snmpgetattack
20312	4800	41405	35	-
23317	5938	41405	35	-
5376	4800	41405	35	snmpgetattack
23317	12431	41405	35	snmpgetattack
23317	12431	41405	40	snmpgetattack
5376	4800	41405	40	snmpgetattack
23317	5938	41405	40	-
20312	4800	41405	40	-
5376	4800	41405	45	snmpgetattack
23317	12431	41405	45	snmpgetattack
20312	4800	41405	45	-
23317	5938	41405	45	-
5376	4800	41405	51	snmpgetattack
23317	12431	41405	51	snmpgetattack
20312	4800	41405	51	-
23317	5938	41405	51	-
6108	8452	41405	53	warez
12985	11754	41405	54	warez
12985	11754	41405	54	warez
23317	12431	41405	56	snmpgetattack
20312	4800	41405	56	-
23317	5938	41405	56	-
5376	4800	41405	56	snmpgetattack
5376	4800	41405	61	snmpgetattack
23317	12431	41405	61	snmpgetattack
20312	4800	41405	61	-
23317	5938	41405	61	-
20312	4800	41405	66	-
5376	4800	41405	66	snmpgetattack
23317	12431	41405	66	snmpgetattack
23317	5938	41405	66	-
23317	5938	25109	71	-
5376	4800	25109	71	snmpgetattack
23317	12431	25109	71	snmpgetattack
20312	4800	25109	71	-
23317	12431	25109	76	snmpgetattack
20312	4800	25109	76	-
23317	5938	25109	76	-
5376	4800	25109	76	snmpgetattack
20312	4800	25109	81	-
23317	5938	25109	81	-
5376	4800	25109	81	snmpgetattack
23317	12431	25109	81	snmpgetattack
23317	12431	25109	86	snmpgetattack
20312	4800	25109	86	-
23317	5938	25109	86	-
5376	4800	25109	86	snmpgetattack
23317	5938	25109	91	-
20312	4800	25109	91	-
23317	12431	25109	91	snmpgetattack
5376	4800	25109	91	snmpgetattack
23317	12431	25109	96	snmpgetattack
20312	4800	25109	96	-
23317	5938	25109	96	-
5376	4800	25109	96	snmpgetattack
20312	4800	25109	101	-
23317	5938	25109	101	-
5376	4800	25109	101	snmpgetattack
23317	12431	25109	101	snmpgetattack
20312	4800	25109	106	-
23317	5938	25109	106	-
23317	12431	25109	106	snmpgetattack
5376	4800	25109	106	snmpgetattack
23317	12431	25109	111	snmpgetattack
20312	4800	25109	111	-
23317	5938	25109	111	-
5376	4800	25109	111	snmpgetattack
5376	4800	25109	116	snmpgetattack
23317	12431	25109	116	snmpgetattack
20312	4800	25109	116	-
23317	5938	25109	116	-
23317	5938	25109	121	-
5376	4800	25109	121	snmpgetattack
23317	12431	25109	121	snmpgetattack
20312	4800	25109	121	-
23317	12431	25109	126	snmpgetattack
20312	4800	25109	126	-
23317	5938	25109	126	-
5376	4800	25109	126	snmpgetattack
23317	5938	412	131	-
5376	4800	412	131	snmpgetattack
23317	12431	412	131	snmpgetattack
20312	4800	412	131	-
23317	5938	412	137	-
5376	4800	412	137	snmpgetattack
23317	12431	412	137	snmpgetattack
20312	4800	412	137	-
23317	5938	412	142	-
5376	4800	412	142	snmpgetattack
23317	12431	412	142	snmpgetattack
20312	4800	412	142	-
23317	12431	412	147	snmpgetattack
20312	4800	412	147	-
23317	5938	412	147	-
5376	4800	412	147	snmpgetattack
20312	4800	412	152	-
23317	5938	412	152	-
5376	4800	412	152	snmpgetattack
23317	12431	412	152	snmpgetattack
23317	12431	412	157	snmpgetattack
20312	4800	412	157	-
23317	5938	412	157	-
5376	4800	412	157	snmpgetattack
23317	5938	412	162	-
5376	4800	412	162	snmpgetattack
23317	12431	412	162	snmpgetattack
20312	4800	412	162	-
23317	12431	412	167	snmpgetattack
20312	4800	412	167	-
23317	5938	412	167	-
5376	4800	412	167	snmpgetattack
23317	12431	412	172	snmpgetattack
20312	4800	412	172	-
23317	5938	412	172	-
5376	4800	412	172	snmpgetattack
23317	12431	412	177	snmpgetattack
20312	4800	412	177	-
23317	5938	412	177	-
5376	4800	412	177	snmpgetattack
23317	12431	412	182	snmpgetattack
20312	4800	412	182	-
23317	5938	412	182	-
5376	4800	412	182	snmpgetattack
5376	4800	412	187	snmpgetattack
23317	12431	412	187	snmpgetattack
23317	5938	412	187	-
20312	4800	412	187	-
5376	4800	8084	192	snmpgetattack
20312	4800	8084	192	-
23317	5938	8084	192	-
23317	12431	8084	192	snmpgetattack
23317	5938	8084	197	-
5376	4800	8084	197	snmpgetattack
23317	12431	8084	197	snmpgetattack
20312	4800	8084	197	-
23317	12431	8084	202	snmpgetattack
5376	4800	8084	202	snmpgetattack
23317	5938	8084	202	-
20312	4800	8084	202	-
5376	4800	8084	207	snmpgetattack
23317	12431	8084	207	snmpgetattack
20312	4800	8084	207	-
23317	5938	8084	207	-
20312	4800	8084	212	-
23317	5938	8084	212	-
5376	4800	8084	212	snmpgetattack
23317	12431	8084	212	snmpgetattack
5376	4800	8084	217	snmpgetattack
23317	12431	8084	217	snmpgetattack
20312	4800	8084	217	-
23317	5938	8084	217	-
20312	4800	8084	223	-
23317	5938	8084	223	-
5376	4800	8084	223	snmpgetattack
23317	12431	8084	223	snmpgetattack
5376	4800	8084	228	snmpgetattack
23317	12431	8084	228	snmpgetattack
20312	4800	8084	228	-
23317	5938	8084	228	-
5376	4800	8084	233	snmpgetattack
23317	12431	8084	233	snmpgetattack
20312	4800	8084	233	-
23317	5938	8084	233	-
20312	4800	8084	238	-
23317	5938	8084	238	-
5376	4800	8084	238	snmpgetattack
23317	12431	8084	238	snmpgetattack
5376	4800	8084	243	snmpgetattack
23317	12431	8084	243	snmpgetattack
20312	4800	8084	243	-
23317	5938	8084	243	-
20312	4800	38215	248	-
23317	5938	38215	248	-
5376	4800	38215	248	snmpgetattack
23317	12431	38215	248	snmpgetattack
15394	4800	38215	248	-
23317	882	38215	248	-
5376	4800	38215	253	snmpgetattack
23317	12431	38215	253	snmpgetattack
20312	4800	38215	253	-
23317	5938	38215	253	-
20312	4800	38215	258	-
23317	5938	38215	258	-
5376	4800	38215	258	snmpgetattack
23317	12431	38215	258	snmpgetattack
5376	4800	38215	263	snmpgetattack
23317	12431	38215	263	snmpgetattack
20312	4800	38215	263	-
23317	5938	38215	263	-
20312	4800	38215	268	-
23317	5938	38215	268	-
5376	4800	38215	268	snmpgetattack
23317	12431	38215	268	snmpgetattack
5376	4800	38215	273	snmpgetattack
23317	12431	38215	273	snmpgetattack
20312	4800	38215	273	-
23317	5938	38215	273	-
20312	4800	38215	278	-
23317	5938	38215	278	-
5376	4800	38215	278	snmpgetattack
23317	12431	38215	278	snmpgetattack
5376	4800	38215	283	snmpgetattack
23317	12431	38215	283	snmpgetattack
20312	4800	38215	283	-
23317	5938	38215	283	-
20312	4800	38215	288	-
23317	5938	38215	288	-
5376	4800	38215	288	snmpgetattack
23317	12431	38215	288	snmpgetattack
5376	4800	38215	293	snmpgetattack
23317	12431	38215	293	snmpgetattack
20312	4800	38215	293	-
23317	5938	38215	293	-
20312	4800	38215	298	-
23317	5938	38215	298	-
5376	4800	38215	298	snmpgetattack
23317	12431	38215	298	snmpgetattack
20312	4800	38215	304	-
23317	5938	38215	304	-
5376	4800	38215	304	snmpgetattack
23317	12431	38215	304	snmpgetattack
20312	4800	42073	309	-
23317	5938	42073	309	-
5376	4800	42073	309	snmpgetattack
23317	12431	42073	309	snmpgetattack
5376	4800	42073	314	snmpgetattack
23317	12431	42073	314	snmpgetattack
20312	4800	42073	314	-
23317	5938	42073	314	-
5376	4800	42073	319	snmpgetattack
23317	12431	42073	319	snmpgetattack
20312	4800	42073	319	-
23317	5938	42073	319	-
20312	4800	42073	324	-
23317	5938	42073	324	-
5376	4800	42073	324	snmpgetattack
23317	12431	42073	324	snmpgetattack
20312	4800	42073	329	-
23317	5938	42073	329	-
5376	4800	42073	329	snmpgetattack
23317	12431	42073	329	snmpgetattack
5376	4800	42073	334	snmpgetattack
23317	12431	42073	334	snmpgetattack
20312	4800	42073	334	-
23317	5938	42073	334	-
5376	4800	42073	339	snmpgetattack
23317	12431	42073	339	snmpgetattack
20312	4800	42073	339	-
23317	5938	42073	339	-
23317	12431	42073	344	snmpgetattack
5376	4800	42073	344	snmpgetattack
20312	4800	42073	344	-
23317	5938	42073	344	-
5376	4800	42073	349	snmpgetattack
23317	12431	42073	349	snmpgetattack
20312	4800	42073	349	-
23317	5938	42073	349	-
20312	4800	42073	354	-
23317	5938	42073	354	-
5376	4800	42073	354	snmpgetattack
23317	12431	42073	354	snmpgetattack
5376	4800	42073	359	snmpgetattack
23317	12431	42073	359	snmpgetattack
20312	4800	42073	359	-
23317	5938	42073	359	-
5376	4800	42073	364	snmpgetattack
23317	12431	42073	364	snmpgetattack
20312	4800	42073	364	-
23317	5938	42073	364	-
20312	4800	33653	369	-
23317	5938	33653	369	-
5376	4800	33653	369	snmpgetattack
23317	12431	33653	369	snmpgetattack
5376	4800	33653	374	snmpgetattack
23317	12431	33653	374	snmpgetattack
20312	4800	33653	374	-
23317	5938	33653	374	-
20312	4800	33653	379	-
23317	5938	33653	379	-
5376	4800	33653	379	snmpgetattack
23317	12431	33653	379	snmpgetattack
20312	4800	33653	384	-
23317	5938	33653	384	-
5376	4800	33653	384	snmpgetattack
23317	12431	33653	384	snmpgetattack
20312	4800	33653	390	-
23317	5938	33653	390	-
5376	4800	33653	390	snmpgetattack
23317	12431	33653	390	snmpgetattack
5376	4800	33653	395	snmpgetattack
23317	12431	33653	395	snmpgetattack
20312	4800	33653	395	-
23317	5938	33653	395	-
20312	4800	33653	400	-
23317	5938	33653	400	-
5376	4800	33653	400	snmpgetattack
23317	12431	33653	400	snmpgetattack
5376	4800	33653	405	snmpgetattack
23317	12431	33653	405	snmpgetattack
20312	4800	33653	405	-
23317	5938	33653	405	-
20312	4800	33653	410	-
23317	5938	33653	410	-
5376	4800	33653	410	snmpgetattack
23317	12431	33653	410	snmpgetattack
5376	4800	33653	415	snmpgetattack
23317	12431	33653	415	snmpgetattack
20312	4800	33653	415	-
23317	5938	33653	415	-
20312	4800	33653	420	-
23317	5938	33653	420	-
5376	4800	33653	420	snmpgetattack
23317	12431	33653	420	snmpgetattack
5376	4800	33653	425	snmpgetattack
23317	12431	33653	425	snmpgetattack
20312	4800	33653	425	-
23317	5938	33653	425	-
5376	4800	8265	430	snmpgetattack
23317	12431	8265	430	snmpgetattack
20312	4800	8265	430	-
23317	5938	8265	430	-
5376	4800	8265	435	snmpgetattack
23317	12431	8265	435	snmpgetattack
20312	4800	8265	435	-
23317	5938	8265	435	-
20312	4800	8265	440	-
23317	5938	8265	440	-
5376	4800	8265	440	snmpgetattack
23317	12431	8265	440	snmpgetattack
5376	4800	8265	445	snmpgetattack
23317	12431	8265	445	snmpgetattack
20312	4800	8265	445	-
23317	5938	8265	445	-
5376	4800	8265	450	snmpgetattack
23317	12431	8265	450	snmpgetattack
20312	4800	8265	450	-
23317	5938	8265	450	-
20312	4800	8265	455	-
23317	5938	8265	455	-
5376	4800	8265	455	snmpgetattack
23317	12431	8265	455	snmpgetattack
5376	4800	8265	460	snmpgetattack
23317	12431	8265	460	snmpgetattack
20312	4800	8265	460	-
23317	5938	8265	460	-
20312	4800	8265	465	-
23317	5938	8265	465	-
5376	4800	8265	465	snmpgetattack
23317	12431	8265	465	snmpgetattack
20312	4800	8265	470	-
23317	5938	8265	470	-
5376	4800	8265	470	snmpgetattack
23317	12431	8265	470	snmpgetattack
5376	4800	8265	476	snmpgetattack
23317	12431	8265	476	snmpgetattack
20312	4800	8265	476	-
23317	5938	8265	476	-
20312	4800	8265	481	-
23317	5938	8265	481	-
23317	12431	8265	481	snmpgetattack
5376	4800	8265	481	snmpgetattack
23317	5938	8265	486	-
20312	4800	8265	486	-
23317	12431	8265	486	snmpgetattack
5376	4800	8265	486	snmpgetattack
23317	5938	33502	491	-
20312	4800	33502	491	-
5376	4800	33502	491	snmpgetattack
23317	12431	33502	491	snmpgetattack
20312	4800	33502	496	-
23317	5938	33502	496	-
5376	4800	33502	496	snmpgetattack
23317	12431	33502	496	snmpgetattack
5376	4800	33502	501	snmpgetattack
23317	12431	33502	501	snmpgetattack
20312	4800	33502	501	-
23317	5938	33502	501	-
20312	4800	33502	506	-
23317	5938	33502	506	-
5376	4800	33502	506	snmpgetattack
23317	12431	33502	506	snmpgetattack
5376	4800	33502	511	snmpgetattack
23317	12431	33502	511	snmpgetattack
20312	4800	33502	511	-
23317	5938	33502	511	-
5376	4800	33502	516	snmpgetattack
23317	12431	33502	516	snmpgetattack
20312	4800	33502	516	-
23317	5938	33502	516	-
5376	4800	33502	521	snmpgetattack
23317	12431	33502	521	snmpgetattack
20312	4800	33502	521	-
23317	5938	33502	521	-
20312	4800	33502	526	-
23317	5938	33502	526	-
5376	4800	33502	526	snmpgetattack
23317	12431	33502	526	snmpgetattack
20312	4800	33502	531	-
23317	5938	33502	531	-
5376	4800	33502	531	snmpgetattack
23317	12431	33502	531	snmpgetattack
23317	12431	33502	536	snmpgetattack
20312	4800	33502	536	-
23317	5938	33502	536	-
5376	4800	33502	536	snmpgetattack
23317	5938	33502	541	-
5376	4800	33502	541	snmpgetattack
23317	12431	33502	541	snmpgetattack
20312	4800	33502	541	-
23317	5938	33502	546	-
20312	4800	33502	546	-
5376	4800	33502	546	snmpgetattack
23317	12431	33502	546	snmpgetattack
5376	4800	24038	551	snmpgetattack
23317	12431	24038	551	snmpgetattack
20312	4800	24038	551	-
23317	5938	24038	551	-
23317	5938	24038	557	-
5376	4800	24038	557	snmpgetattack
23317	12431	24038	557	snmpgetattack
20312	4800	24038	557	-
5376	4800	24038	562	snmpgetattack
23317	12431	24038	562	snmpgetattack
20312	4800	24038	562	-
23317	5938	24038	562	-
5376	4800	24038	567	snmpgetattack
23317	12431	24038	567	snmpgetattack
20312	4800	24038	567	-
23317	5938	24038	567	-
20312	4800	24038	572	-
23317	5938	24038	572	-
5376	4800	24038	572	snmpgetattack
23317	12431	24038	572	snmpgetattack
20312	4800	24038	577	-
23317	5938	24038	577	-
5376	4800	24038	577	snmpgetattack
23317	12431	24038	577	snmpgetattack
23317	5938	24038	582	-
20312	4800	24038	582	-
5376	4800	24038	582	snmpgetattack
23317	12431	24038	582	snmpgetattack
3957	15394	24038	583	-
23317	12431	24038	587	snmpgetattack
20312	4800	24038	587	-
23317	5938	24038	587	-
5376	4800	24038	587	snmpgetattack
20312	4800	24038	592	-
5376	4800	24038	592	snmpgetattack
23317	12431	24038	592	snmpgetattack
23317	5938	24038	592	-
5376	4800	24038	597	snmpgetattack
23317	12431	24038	597	snmpgetattack
20312	4800	24038	597	-
23317	5938	24038	597	-
23317	12431	24038	602	snmpgetattack
20312	4800	24038	602	-
5376	4800	24038	602	snmpgetattack
20312	4800	24038	604	-
23317	5938	24038	604	-
5376	4800	24038	607	snmpgetattack
23317	12431	24038	607	snmpgetattack
23317	5938	17418	609	-
20312	4800	17418	609	-
23317	12431	17418	612	snmpgetattack
5376	4800	17418	612	snmpgetattack
20312	4800	17418	614	-
23317	5938	17418	614	-
5376	4800	17418	617	snmpgetattack
23317	12431	17418	617	snmpgetattack
20312	4800	17418	619	-
23317	5938	17418	619	-
23317	12431	17418	622	snmpgetattack
5376	4800	17418	622	snmpgetattack
23317	5938	17418	624	-
20312	4800	17418	624	-
23317	12431	17418	627	snmpgetattack
5376	4800	17418	627	snmpgetattack
23317	5938	17418	629	-
20312	4800	17418	629	-
23317	12431	17418	632	snmpgetattack
5376	4800	17418	632	snmpgetattack
23317	5938	17418	634	-
20312	4800	17418	634	-
5376	4800	17418	637	snmpgetattack
23317	12431	17418	637	snmpgetattack
20312	4800	17418	639	-
23317	5938	17418	639	-
5376	4800	17418	642	snmpgetattack
23317	12431	17418	642	snmpgetattack
23317	5938	17418	644	-
20312	4800	17418	644	-
23317	12431	17418	647	snmpgetattack
5376	4800	17418	647	snmpgetattack
20312	4800	17418	649	-
23317	5938	17418	649	-
23317	12431	17418	652	snmpgetattack
5376	4800	17418	652	snmpgetattack
23317	5938	17418	654	-
20312	4800	17418	654	-
5376	4800	17418	657	snmpgetattack
23317	12431	17418	658	snmpgetattack
20312	4800	17418	660	-
23317	5938	17418	660	-
5376	4800	17418	663	snmpgetattack
23317	12431	17418	663	snmpgetattack
23317	5938	17418	665	-
20312	4800	17418	665	-
23317	12431	23826	668	snmpgetattack
5376	4800	23826	668	snmpgetattack
20312	4800	23826	670	-
23317	5938	23826	670	-
23317	12431	23826	673	snmpgetattack
5376	4800	23826	673	snmpgetattack
23317	5938	23826	675	-
20312	4800	23826	675	-
23317	12431	23826	678	snmpgetattack
5376	4800	23826	678	snmpgetattack
20312	4800	23826	680	-
23317	5938	23826	680	-
5376	4800	23826	683	snmpgetattack
23317	12431	23826	683	snmpgetattack
20312	4800	23826	685	-
23317	5938	23826	685	-
23317	12431	23826	688	snmpgetattack
5376	4800	23826	688	snmpgetattack
20312	4800	23826	690	-
23317	5938	23826	690	-
5376	4800	23826	693	snmpgetattack
23317	12431	23826	693	snmpgetattack
20312	4800	23826	695	-
23317	5938	23826	695	-
5376	4800	23826	698	snmpgetattack
23317	12431	23826	698	snmpgetattack
23317	5938	23826	700	-
20312	4800	23826	700	-
5376	4800	23826	703	snmpgetattack
23317	12431	23826	703	snmpgetattack
20312	4800	23826	705	-
23317	5938	23826	705	-
5376	4800	23826	708	snmpgetattack
23317	12431	23826	708	snmpgetattack
20312	4800	23826	710	-
23317	5938	23826	710	-
23317	12431	23826	713	snmpgetattack
5376	4800	23826	713	snmpgetattack
20312	4800	23826	715	-
23317	5938	23826	715	-
5376	4800	23826	718	snmpgetattack
23317	12431	23826	718	snmpgetattack
20312	4800	23826	720	-
23317	5938	23826	720	-
5376	4800	23826	723	snmpgetattack
23317	12431	23826	723	snmpgetattack
20312	4800	23826	725	-
23317	5938	23826	725	-
5376	4800	34442	728	snmpgetattack
23317	12431	34442	728	snmpgetattack
20312	4800	34442	730	-
23317	5938	34442	730	-
5376	4800	34442	733	snmpgetattack
23317	12431	34442	733	snmpgetattack
20312	4800	34442	735	-
23317	5938	34442	735	-
5376	4800	34442	738	snmpgetattack
23317	12431	34442	738	snmpgetattack
20312	4800	34442	740	-
23317	5938	34442	740	-
5376	4800	34442	743	snmpgetattack
23317	12431	34442	743	snmpgetattack
20312	4800	34442	745	-
23317	5938	34442	745	-
5376	4800	34442	748	snmpgetattack
23317	12431	34442	748	snmpgetattack
20312	4800	34442	750	-
23317	5938	34442	750	-
5376	4800	34442	753	snmpgetattack
23317	12431	34442	753	snmpgetattack
20312	4800	34442	755	-
23317	5938	34442	755	-
5376	4800	34442	758	snmpgetattack
23317	12431	34442	758	snmpgetattack
20312	4800	34442	760	-
23317	5938	34442	760	-
5376	4800	34442	763	snmpgetattack
23317	12431	34442	763	snmpgetattack
20312	4800	34442	765	-
23317	5938	34442	765	-
23317	12431	34442	768	snmpgetattack
5376	4800	34442	768	snmpgetattack
20312	4800	34442	770	-
23317	5938	34442	770	-
5376	4800	34442	773	snmpgetattack
23317	12431	34442	773	snmpgetattack
20312	4800	34442	775	-
23317	5938	34442	775	-
5376	4800	34442	778	snmpgetattack
23317	12431	34442	778	snmpgetattack
20312	4800	34442	780	-
23317	5938	34442	780	-
5376	4800	34442	783	snmpgetattack
5376	4800	34442	786	snmpgetattack
23317	12431	34442	786	snmpgetattack
20312	4800	34442	786	-
23317	5938	34442	786	-
20312	4800	26254	791	-
23317	5938	26254	791	-
5376	4800	26254	791	snmpgetattack
23317	12431	26254	791	snmpgetattack
20312	4800	26254	796	-
23317	5938	26254	796	-
5376	4800	26254	796	snmpgetattack
23317	12431	26254	796	snmpgetattack
5376	4800	26254	801	snmpgetattack
23317	12431	26254	801	snmpgetattack
20312	4800	26254	801	-
23317	5938	26254	801	-
5376	4800	26254	806	snmpgetattack
23317	12431	26254	806	snmpgetattack
20312	4800	26254	806	-
23317	5938	26254	806	-
23317	5938	26254	811	-
5376	4800	26254	811	snmpgetattack
23317	12431	26254	811	snmpgetattack
20312	4800	26254	811	-
20312	4800	26254	816	-
23317	12431	26254	816	snmpgetattack
5376	4800	26254	816	snmpgetattack
23317	5938	26254	816	-
20312	4800	26254	821	-
23317	5938	26254	821	-
5376	4800	26254	821	snmpgetattack
23317	12431	26254	821	snmpgetattack
5376	4800	26254	826	snmpgetattack
23317	12431	26254	826	snmpgetattack
20312	4800	26254	826	-
23317	5938	26254	826	-
20312	4800	26254	831	-
23317	5938	26254	831	-
5376	4800	26254	831	snmpgetattack
23317	12431	26254	831	snmpgetattack
5376	4800	26254	836	snmpgetattack
23317	12431	26254	836	snmpgetattack
20312	4800	26254	836	-
23317	5938	26254	836	-
20312	4800	26254	841	-
23317	5938	26254	841	-
5376	4800	26254	841	snmpgetattack
23317	12431	26254	841	snmpgetattack
5376	4800	26254	846	snmpgetattack
23317	12431	26254	846	snmpgetattack
20312	4800	26254	846	-
23317	5938	26254	846	-
15394	4800	15024	848	-
23317	882	15024	848	-
20312	4800	15024	851	-
23317	5938	15024	851	-
23317	12431	15024	851	snmpgetattack
5376	4800	15024	851	snmpgetattack
20312	4800	15024	856	-
23317	5938	15024	856	-
23317	12431	15024	856	snmpgetattack
5376	4800	15024	856	snmpgetattack
20312	4800	15024	861	-
5376	4800	15024	861	snmpgetattack
23317	12431	15024	861	snmpgetattack
23317	5938	15024	861	-
5376	4800	15024	866	snmpgetattack
23317	12431	15024	866	snmpgetattack
20312	4800	15024	866	-
23317	5938	15024	866	-
23317	12431	15024	872	snmpgetattack
20312	4800	15024	872	-
23317	5938	15024	872	-
5376	4800	15024	872	snmpgetattack
5376	4800	15024	877	snmpgetattack
23317	12431	15024	877	snmpgetattack
23317	5938	15024	877	-
20312	4800	15024	877	-
5376	4800	15024	882	snmpgetattack
23317	12431	15024	882	snmpgetattack
20312	4800	15024	882	-
23317	5938	15024	882	-
5376	4800	15024	887	snmpgetattack
23317	12431	15024	887	snmpgetattack
23317	5938	15024	887	-
20312	4800	15024	887	-
5376	4800	15024	892	snmpgetattack
23317	12431	15024	892	snmpgetattack
20312	4800	15024	892	-
23317	5938	15024	892	-
20312	4800	15024	897	-
23317	5938	15024	897	-
5376	4800	15024	897	snmpgetattack
23317	12431	15024	897	snmpgetattack
20312	4800	15024	902	-
23317	5938	15024	902	-
5376	4800	15024	902	snmpgetattack
23317	12431	15024	902	snmpgetattack
20312	4800	15024	907	-
23317	12431	15024	907	snmpgetattack
23317	5938	15024	907	-
5376	4800	15024	907	snmpgetattack
23317	12431	15129	912	snmpgetattack
20312	4800	15129	912	-
23317	5938	15129	912	-
5376	4800	15129	912	snmpgetattack
5376	4800	15129	917	snmpgetattack
23317	12431	15129	917	snmpgetattack
20312	4800	15129	917	-
23317	5938	15129	917	-
20312	4800	15129	922	-
23317	5938	15129	922	-
5376	4800	15129	922	snmpgetattack
23317	12431	15129	922	snmpgetattack
5376	4800	15129	927	snmpgetattack
20312	4800	15129	927	-
23317	5938	15129	927	-
23317	12431	15129	927	snmpgetattack
20312	4800	15129	932	-
23317	12431	15129	932	snmpgetattack
23317	5938	15129	932	-
5376	4800	15129	932	snmpgetattack
23317	5938	15129	937	-
5376	4800	15129	937	snmpgetattack
23317	12431	15129	937	snmpgetattack
20312	4800	15129	937	-
5376	4800	15129	942	snmpgetattack
23317	12431	15129	942	snmpgetattack
20312	4800	15129	942	-
23317	5938	15129	942	-
20312	4800	15129	947	-
23317	5938	15129	947	-
5376	4800	15129	947	snmpgetattack
23317	12431	15129	947	snmpgetattack
20312	4800	15129	952	-
23317	5938	15129	952	-
23317	12431	15129	953	snmpgetattack
5376	4800	15129	953	snmpgetattack
23317	12431	15129	958	snmpgetattack
20312	4800	15129	958	-
23317	5938	15129	958	-
5376	4800	15129	958	snmpgetattack
5376	4800	15129	963	snmpgetattack
23317	12431	15129	963	snmpgetattack
20312	4800	15129	963	-
23317	5938	15129	963	-
23317	12431	7538	968	snmpgetattack
20312	4800	7538	968	-
23317	5938	7538	968	-
5376	4800	7538	968	snmpgetattack
23317	12431	7538	973	snmpgetattack
5376	4800	7538	973	snmpgetattack
23317	5938	7538	973	-
20312	4800	7538	973	-
23317	5938	7538	978	-
5376	4800	7538	978	snmpgetattack
23317	12431	7538	978	snmpgetattack
20312	4800	7538	978	-
5376	4800	7538	983	snmpgetattack
23317	12431	7538	983	snmpgetattack
20312	4800	7538	983	-
23317	5938	7538	983	-
23317	5938	7538	988	-
5376	4800	7538	988	snmpgetattack
23317	12431	7538	988	snmpgetattack
20312	4800	7538	988	-
23317	12431	7538	993	snmpgetattack
20312	4800	7538	993	-
23317	5938	7538	993	-
5376	4800	7538	993	snmpgetattack
20312	4800	7538	998	-
23317	5938	7538	998	-
5376	4800	7538	998	snmpgetattack
23317	12431	7538	998	snmpgetattack
5376	4800	7538	1003	snmpgetattack
23317	12431	7538	1003	snmpgetattack
20312	4800	7538	1003	-
23317	5938	7538	1003	-
5376	4800	7538	1008	snmpgetattack
23317	12431	7538	1008	snmpgetattack
20312	4800	7538	1008	-
23317	5938	7538	1008	-
20312	4800	7538	1013	-
23317	5938	7538	1013	-
5376	4800	7538	1013	snmpgetattack
23317	12431	7538	1013	snmpgetattack
5376	4800	7538	1018	snmpgetattack
23317	12431	7538	1018	snmpgetattack
20312	4800	7538	1018	-
23317	5938	7538	1018	-
5376	4800	7538	1023	snmpgetattack
23317	12431	7538	1023	snmpgetattack
20312	4800	7538	1023	-
23317	5938	7538	1023	-
3957	587	7538	1027	-
12985	19116	7538	1027	warez
12985	19116	7538	1027	warez
7587	8452	7538	1027	warez
5376	4800	8971	1028	snmpgetattack
23317	12431	8971	1028	snmpgetattack
20312	4800	8971	1028	-
23317	5938	8971	1028	-
5376	4800	8971	1033	snmpgetattack
23317	12431	8971	1033	snmpgetattack
20312	4800	8971	1033	-
23317	5938	8971	1033	-
23317	5938	8971	1039	-
20312	4800	8971	1039	-
5376	4800	8971	1039	snmpgetattack
23317	12431	8971	1039	snmpgetattack
20312	4800	8971	1044	-
23317	5938	8971	1044	-
5376	4800	8971	1044	snmpgetattack
23317	12431	8971	1044	snmpgetattack
5376	4800	8971	1049	snmpgetattack
23317	12431	8971	1049	snmpgetattack
20312	4800	8971	1049	-
23317	5938	8971	1049	-
20312	4800	8971	1054	-
23317	5938	8971	1054	-
5376	4800	8971	1054	snmpgetattack
23317	12431	8971	1054	snmpgetattack
5376	4800	8971	1059	snmpgetattack
23317	12431	8971	1059	snmpgetattack
20312	4800	8971	1059	-
23317	5938	8971	1059	-
20312	4800	8971	1064	-
23317	5938	8971	1064	-
5376	4800	8971	1064	snmpgetattack
23317	12431	8971	1064	snmpgetattack
5376	4800	8971	1069	snmpgetattack
23317	12431	8971	1069	snmpgetattack
20312	4800	8971	1069	-
23317	5938	8971	1069	-
20312	4800	8971	1074	-
23317	5938	8971	1074	-
5376	4800	8971	1074	snmpgetattack
23317	12431	8971	1074	snmpgetattack
5376	4800	8971	1079	snmpgetattack
20312	4800	8971	1079	-
23317	12431	8971	1079	snmpgetattack
23317	5938	8971	1079	-
20312	4800	8971	1084	-
23317	5938	8971	1084	-
5376	4800	8971	1084	snmpgetattack
23317	12431	8971	1084	snmpgetattack
5376	4800	19068	1089	snmpgetattack
23317	12431	19068	1089	snmpgetattack
23317	5938	19068	1089	-
20312	4800	19068	1089	-
23317	5938	19068	1094	-
5376	4800	19068	1094	snmpgetattack
23317	12431	19068	1094	snmpgetattack
20312	4800	19068	1094	-
23317	12431	19068	1099	snmpgetattack
20312	4800	19068	1099	-
23317	5938	19068	1099	-
5376	4800	19068	1099	snmpgetattack
5376	4800	19068	1104	snmpgetattack
23317	12431	19068	1104	snmpgetattack
20312	4800	19068	1104	-
23317	5938	19068	1104	-
20312	4800	19068	1109	-
23317	5938	19068	1109	-
5376	4800	19068	1109	snmpgetattack
23317	12431	19068	1109	snmpgetattack
23317	12431	19068	1114	snmpgetattack
20312	4800	19068	1114	-
23317	5938	19068	1114	-
5376	4800	19068	1114	snmpgetattack
5376	4800	19068	1119	snmpgetattack
23317	12431	19068	1119	snmpgetattack
20312	4800	19068	1119	-
23317	5938	19068	1119	-
20312	4800	19068	1125	-
23317	5938	19068	1125	-
5376	4800	19068	1125	snmpgetattack
23317	12431	19068	1125	snmpgetattack
5376	4800	19068	1130	snmpgetattack
23317	12431	19068	1130	snmpgetattack
20312	4800	19068	1130	-
23317	5938	19068	1130	-
23317	12431	19068	1135	snmpgetattack
5376	4800	19068	1135	snmpgetattack
20312	4800	19068	1135	-
23317	5938	19068	1135	-
23317	5938	19068	1140	-
20312	4800	19068	1140	-
5376	4800	19068	1140	snmpgetattack
23317	12431	19068	1140	snmpgetattack
5376	4800	19068	1145	snmpgetattack
23317	12431	19068	1145	snmpgetattack
20312	4800	19068	1145	-
23317	5938	19068	1145	-
23317	5938	4730	1150	-
5376	4800	4730	1150	snmpgetattack
23317	12431	4730	1150	snmpgetattack
20312	4800	4730	1150	-
5376	4800	4730	1155	snmpgetattack
23317	12431	4730	1155	snmpgetattack
23317	5938	4730	1155	-
20312	4800	4730	1155	-
23317	12431	4730	1160	snmpgetattack
5376	4800	4730	1160	snmpgetattack
20312	4800	4730	1160	-
23317	5938	4730	1160	-
23317	12431	4730	1165	snmpgetattack
5376	4800	4730	1165	snmpgetattack
20312	4800	4730	1165	-
23317	5938	4730	1165	-
23317	5938	4730	1170	-
5376	4800	4730	1170	snmpgetattack
23317	12431	4730	1170	snmpgetattack
20312	4800	4730	1170	-
20312	4800	4730	1175	-
23317	5938	4730	1175	-
5376	4800	4730	1175	snmpgetattack
23317	12431	4730	1175	snmpgetattack
23317	5938	4730	1180	-
20312	4800	4730	1180	-
5376	4800	4730	1180	snmpgetattack
23317	12431	4730	1180	snmpgetattack
23317	12431	4730	1185	snmpgetattack
5376	4800	4730	1185	snmpgetattack
20312	4800	4730	1185	-
23317	5938	4730	1185	-
23317	12431	4730	1190	snmpgetattack
5376	4800	4730	1190	snmpgetattack
23317	5938	4730	1190	-
20312	4800	4730	1190	-
23317	5938	4730	1195	-
20312	4800	4730	1195	-
5376	4800	4730	1195	snmpgetattack
23317	12431	4730	1195	snmpgetattack
23317	12431	4730	1200	snmpgetattack
5376	4800	4730	1200	snmpgetattack
20312	4800	4730	1200	-
23317	5938	4730	1200	-
5376	4800	4730	1206	snmpgetattack
23317	5938	4730	1206	-
20312	4800	4730	1206	-
23317	12431	4730	1206	snmpgetattack
5376	4800	8653	1211	snmpgetattack
23317	12431	8653	1211	snmpgetattack
20312	4800	8653	1211	-
23317	5938	8653	1211	-
23317	12431	8653	1216	snmpgetattack
20312	4800	8653	1216	-
23317	5938	8653	1216	-
5376	4800	8653	1216	snmpgetattack
20312	4800	8653	1221	-
23317	5938	8653	1221	-
23317	12431	8653	1221	snmpgetattack
5376	4800	8653	1221	snmpgetattack
23317	12431	8653	1226	snmpgetattack
20312	4800	8653	1226	-
23317	5938	8653	1226	-
5376	4800	8653	1226	snmpgetattack
20312	4800	8653	1231	-
23317	5938	8653	1231	-
5376	4800	8653	1231	snmpgetattack
23317	12431	8653	1231	snmpgetattack
23317	12431	8653	1236	snmpgetattack
5376	4800	8653	1236	snmpgetattack
23317	5938	8653	1236	-
20312	4800	8653	1236	-
5376	4800	8653	1241	snmpgetattack
23317	12431	8653	1241	snmpgetattack
20312	4800	8653	1241	-
23317	5938	8653	1241	-
20312	4800	8653	1246	-
23317	5938	8653	1246	-
5376	4800	8653	1246	snmpgetattack
23317	12431	8653	1246	snmpgetattack
23317	5938	8653	1251	-
5376	4800	8653	1251	snmpgetattack
23317	12431	8653	1251	snmpgetattack
20312	4800	8653	1251	-
5376	4800	8653	1256	snmpgetattack
23317	12431	8653	1256	snmpgetattack
23317	5938	8653	1256	-
20312	4800	8653	1256	-
23317	5938	8653	1261	-
20312	4800	8653	1261	-
5376	4800	8653	1261	snmpgetattack
23317	12431	8653	1261	snmpgetattack
23317	12431	8653	1266	snmpgetattack
5376	4800	8653	1266	snmpgetattack
23317	5938	8653	1266	-
20312	4800	8653	1266	-
20312	4800	10929	1271	-
23317	5938	10929	1271	-
5376	4800	10929	1271	snmpgetattack
23317	12431	10929	1271	snmpgetattack
23317	12431	10929	1276	snmpgetattack
20312	4800	10929	1276	-
23317	5938	10929	1276	-
5376	4800	10929	1276	snmpgetattack
23317	12431	10929	1281	snmpgetattack
23317	5938	10929	1281	-
20312	4800	10929	1281	-
5376	4800	10929	1281	snmpgetattack
5376	4800	10929	1286	snmpgetattack
23317	12431	10929	1286	snmpgetattack
20312	4800	10929	1286	-
23317	5938	10929	1286	-
23317	12431	10929	1292	snmpgetattack
20312	4800	10929	1292	-
23317	5938	10929	1292	-
5376	4800	10929	1292	snmpgetattack
23317	5938	10929	1297	-
20312	4800	10929	1297	-
5376	4800	10929	1297	snmpgetattack
23317	12431	10929	1297	snmpgetattack
23317	12431	10929	1302	snmpgetattack
23317	5938	10929	1302	-
20312	4800	10929	1302	-
5376	4800	10929	1302	snmpgetattack
5376	4800	10929	1307	snmpgetattack
23317	12431	10929	1307	snmpgetattack
20312	4800	10929	1307	-
23317	5938	10929	1307	-
23317	5938	10929	1312	-
20312	4800	10929	1312	-
5376	4800	10929	1312	snmpgetattack
23317	12431	10929	1312	snmpgetattack
23317	5938	10929	1317	-
23317	12431	10929	1317	snmpgetattack
20312	4800	10929	1317	-
5376	4800	10929	1317	snmpgetattack
23317	5938	10929	1322	-
5376	4800	10929	1322	snmpgetattack
23317	12431	10929	1322	snmpgetattack
20312	4800	10929	1322	-
20312	4800	10929	1327	-
23317	5938	10929	1327	-
5376	4800	10929	1327	snmpgetattack
23317	12431	10929	1327	snmpgetattack
23317	5938	15089	1332	-
5376	4800	15089	1332	snmpgetattack
23317	12431	15089	1332	snmpgetattack
20312	4800	15089	1332	-
20312	4800	15089	1337	-
23317	5938	15089	1337	-
5376	4800	15089	1337	snmpgetattack
23317	12431	15089	1337	snmpgetattack
5376	4800	15089	1342	snmpgetattack
20312	4800	15089	1342	-
23317	5938	15089	1342	-
23317	12431	15089	1342	snmpgetattack
23317	5938	15089	1347	-
5376	4800	15089	1347	snmpgetattack
23317	12431	15089	1347	snmpgetattack
20312	4800	15089	1347	-
23317	12431	15089	1352	snmpgetattack
23317	5938	15089	1352	-
20312	4800	15089	1352	-
5376	4800	15089	1352	snmpgetattack
5376	4800	15089	1357	snmpgetattack
23317	12431	15089	1357	snmpgetattack
20312	4800	15089	1357	-
23317	5938	15089	1357	-
23317	12431	15089	1362	snmpgetattack
20312	4800	15089	1362	-
23317	5938	15089	1362	-
5376	4800	15089	1362	snmpgetattack
23317	12431	15089	1367	snmpgetattack
5376	4800	15089	1367	snmpgetattack
20312	4800	15089	1367	-
23317	5938	15089	1367	-
20312	4800	15089	1372	-
23317	12431	15089	1372	snmpgetattack
5376	4800	15089	1372	snmpgetattack
23317	5938	15089	1372	-
5376	4800	15089	1378	snmpgetattack
23317	12431	15089	1378	snmpgetattack
20312	4800	15089	1378	-
23317	5938	15089	1378	-
23317	12431	15089	1383	snmpgetattack
5376	4800	15089	1383	snmpgetattack
20312	4800	15089	1383	-
23317	5938	15089	1383	-
23317	12431	34963	1388	snmpgetattack
23317	5938	34963	1388	-
5376	4800	34963	1388	snmpgetattack
20312	4800	34963	1388	-
23317	5938	34963	1393	-
5376	4800	34963	1393	snmpgetattack
23317	12431	34963	1393	snmpgetattack
20312	4800	34963	1393	-
20312	4800	34963	1398	-
23317	5938	34963	1398	-
5376	4800	34963	1398	snmpgetattack
23317	12431	34963	1398	snmpgetattack
23317	5938	34963	1403	-
5376	4800	34963	1403	snmpgetattack
23317	12431	34963	1403	snmpgetattack
20312	4800	34963	1403	-
5376	4800	34963	1408	snmpgetattack
23317	12431	34963	1408	snmpgetattack
20312	4800	34963	1408	-
23317	5938	34963	1408	-
23317	5938	34963	1413	-
5376	4800	34963	1413	snmpgetattack
23317	12431	34963	1413	snmpgetattack
20312	4800	34963	1413	-
5376	4800	34963	1418	snmpgetattack
23317	12431	34963	1418	snmpgetattack
23317	5938	34963	1418	-
20312	4800	34963	1418	-
20312	4800	34963	1423	-
23317	5938	34963	1423	-
5376	4800	34963	1423	snmpgetattack
23317	12431	34963	1423	snmpgetattack
23317	12431	34963	1428	snmpgetattack
20312	4800	34963	1428	-
23317	5938	34963	1428	-
5376	4800	34963	1428	snmpgetattack
23317	12431	34963	1433	snmpgetattack
20312	4800	34963	1433	-
23317	5938	34963	1433	-
5376	4800	34963	1433	snmpgetattack
23317	12431	34963	1438	snmpgetattack
20312	4800	34963	1438	-
23317	5938	34963	1438	-
5376	4800	34963	1438	snmpgetattack
5376	4800	34963	1443	snmpgetattack
23317	12431	34963	1443	snmpgetattack
20312	4800	34963	1443	-
23317	5938	34963	1443	-
23317	882	32748	1448	-
20312	4800	32748	1448	-
23317	5938	32748	1448	-
5376	4800	32748	1448	snmpgetattack
23317	12431	32748	1448	snmpgetattack
15394	4800	32748	1448	-
23317	12431	32748	1453	snmpgetattack
20312	4800	32748	1453	-
23317	5938	32748	1453	-
5376	4800	32748	1453	snmpgetattack
23317	5938	32748	1459	-
5376	4800	32748	1459	snmpgetattack
23317	12431	32748	1459	snmpgetattack
20312	4800	32748	1459	-
20312	4800	32748	1464	-
23317	5938	32748	1464	-
5376	4800	32748	1464	snmpgetattack
23317	12431	32748	1464	snmpgetattack
23317	5938	32748	1469	-
20312	4800	32748	1469	-
5376	4800	32748	1469	snmpgetattack
23317	12431	32748	1469	snmpgetattack
23317	12431	32748	1474	snmpgetattack
23317	5938	32748	1474	-
20312	4800	32748	1474	-
5376	4800	32748	1474	snmpgetattack
23317	5938	32748	1479	-
20312	4800	32748	1479	-
5376	4800	32748	1479	snmpgetattack
23317	12431	32748	1479	snmpgetattack
23317	5938	32748	1484	-
20312	4800	32748	1484	-
5376	4800	32748	1484	snmpgetattack
23317	12431	32748	1484	snmpgetattack
5376	4800	32748	1489	snmpgetattack
23317	12431	32748	1489	snmpgetattack
20312	4800	32748	1489	-
23317	5938	32748	1489	-
20312	4800	32748	1494	-
23317	5938	32748	1494	-
5376	4800	32748	1494	snmpgetattack
23317	12431	32748	1494	snmpgetattack
5376	4800	32748	1499	snmpgetattack
23317	12431	32748	1499	snmpgetattack
23317	5938	32748	1499	-
20312	4800	32748	1499	-
13126	8452	32748	1502	warez
12985	14818	32748	1503	warez
12985	14818	32748	1503	warez
5376	4800	32748	1504	snmpgetattack
23317	12431	32748	1504	snmpgetattack
20312	4800	32748	1504	-
23317	5938	32748	1504	-
23317	5938	40540	1509	-
5376	4800	40540	1509	snmpgetattack
23317	12431	40540	1509	snmpgetattack
20312	4800	40540	1509	-
23317	12431	40540	1514	snmpgetattack
20312	4800	40540	1514	-
23317	5938	40540	1514	-
5376	4800	40540	1514	snmpgetattack
23317	12431	40540	1519	snmpgetattack
20312	4800	40540	1519	-
23317	5938	40540	1519	-
5376	4800	40540	1519	snmpgetattack
20312	4800	40540	1524	-
23317	5938	40540	1524	-
5376	4800	40540	1524	snmpgetattack
23317	12431	40540	1524	snmpgetattack
23317	5938	40540	1529	-
5376	4800	40540	1529	snmpgetattack
23317	12431	40540	1529	snmpgetattack
20312	4800	40540	1529	-
23317	5938	40540	1534	-
5376	4800	40540	1534	snmpgetattack
23317	12431	40540	1534	snmpgetattack
20312	4800	40540	1534	-
5376	4800	40540	1539	snmpgetattack
23317	12431	40540	1539	snmpgetattack
20312	4800	40540	1539	-
23317	5938	40540	1539	-
3957	15394	40540	1543	-
20312	4800	40540	1545	-
23317	5938	40540	1545	-
5376	4800	40540	1545	snmpgetattack
23317	12431	40540	1545	snmpgetattack
5376	4800	40540	1550	snmpgetattack
23317	12431	40540	1550	snmpgetattack
20312	4800	40540	1550	-
23317	5938	40540	1550	-
23317	5938	40540	1555	-
5376	4800	40540	1555	snmpgetattack
23317	12431	40540	1555	snmpgetattack
20312	4800	40540	1555	-
20312	4800	40540	1560	-
23317	5938	40540	1560	-
5376	4800	40540	1560	snmpgetattack
23317	12431	40540	1560	snmpgetattack
20312	4800	40540	1565	-
23317	5938	40540	1565	-
23317	12431	40540	1565	snmpgetattack
5376	4800	40540	1565	snmpgetattack
23317	12431	15774	1570	snmpgetattack
20312	4800	15774	1570	-
23317	5938	15774	1570	-
5376	4800	15774	1570	snmpgetattack
20312	4800	15774	1575	-
23317	5938	15774	1575	-
23317	12431	15774	1575	snmpgetattack
5376	4800	15774	1575	snmpgetattack
23317	5938	15774	1580	-
5376	4800	15774	1580	snmpgetattack
23317	12431	15774	1580	snmpgetattack
20312	4800	15774	1580	-
20312	4800	15774	1585	-
23317	5938	15774	1585	-
5376	4800	15774	1585	snmpgetattack
23317	12431	15774	1585	snmpgetattack
23317	12431	15774	1590	snmpgetattack
20312	4800	15774	1590	-
23317	5938	15774	1590	-
5376	4800	15774	1590	snmpgetattack
23317	12431	15774	1595	snmpgetattack
5376	4800	15774	1595	snmpgetattack
23317	5938	15774	1595	-
20312	4800	15774	1595	-
5376	4800	15774	1600	snmpgetattack
23317	12431	15774	1600	snmpgetattack
20312	4800	15774	1600	-
23317	5938	15774	1600	-
20312	4800	15774	1605	-
23317	5938	15774	1605	-
5376	4800	15774	1605	snmpgetattack
23317	12431	15774	1605	snmpgetattack
5376	4800	15774	1610	snmpgetattack
23317	12431	15774	1610	snmpgetattack
20312	4800	15774	1610	-
23317	5938	15774	1610	-
20312	4800	15774	1615	-
23317	5938	15774	1615	-
5376	4800	15774	1615	snmpgetattack
23317	12431	15774	1615	snmpgetattack
5376	4800	15774	1620	snmpgetattack
23317	12431	15774	1620	snmpgetattack
20312	4800	15774	1620	-
23317	5938	15774	1620	-
5376	4800	15774	1626	snmpgetattack
23317	12431	15774	1626	snmpgetattack
20312	4800	15774	1626	-
23317	5938	15774	1626	-
5376	4800	1125	1631	snmpgetattack
23317	12431	1125	1631	snmpgetattack
20312	4800	1125	1631	-
23317	5938	1125	1631	-
20312	4800	1125	1636	-
5376	4800	1125	1636	snmpgetattack
23317	12431	1125	1636	snmpgetattack
23317	5938	1125	1636	-
23317	12431	1125	1641	snmpgetattack
20312	4800	1125	1641	-
23317	5938	1125	1641	-
5376	4800	1125	1641	snmpgetattack
20312	4800	1125	1646	-
23317	5938	1125	1646	-
5376	4800	1125	1646	snmpgetattack
23317	12431	1125	1646	snmpgetattack
23317	12431	1125	1651	snmpgetattack
20312	4800	1125	1651	-
23317	5938	1125	1651	-
5376	4800	1125	1651	snmpgetattack
23317	12431	1125	1656	snmpgetattack
20312	4800	1125	1656	-
23317	5938	1125	1656	-
5376	4800	1125	1656	snmpgetattack
20312	4800	1125	1661	-
23317	5938	1125	1661	-
5376	4800	1125	1661	snmpgetattack
23317	12431	1125	1661	snmpgetattack
23317	12431	1125	1666	snmpgetattack
20312	4800	1125	1666	-
23317	5938	1125	1666	-
5376	4800	1125	1666	snmpgetattack
23317	5938	1125	1671	-
5376	4800	1125	1671	snmpgetattack
23317	12431	1125	1671	snmpgetattack
20312	4800	1125	1671	-
23317	12431	1125	1676	snmpgetattack
5376	4800	1125	1676	snmpgetattack
23317	5938	1125	1676	-
20312	4800	1125	1676	-
5376	4800	1125	1681	snmpgetattack
23317	12431	1125	1681	snmpgetattack
20312	4800	1125	1681	-
23317	5938	1125	1681	-
5376	4800	1125	1686	snmpgetattack
23317	12431	1125	1686	snmpgetattack
23317	5938	1125	1686	-
20312	4800	1125	1686	-
23317	12431	38830	1691	snmpgetattack
20312	4800	38830	1691	-
23317	5938	38830	1691	-
5376	4800	38830	1691	snmpgetattack
20312	4800	38830	1696	-
23317	5938	38830	1696	-
23317	12431	38830	1696	snmpgetattack
5376	4800	38830	1696	snmpgetattack
20312	4800	38830	1701	-
23317	5938	38830	1701	-
5376	4800	38830	1701	snmpgetattack
23317	12431	38830	1701	snmpgetattack
5376	4800	38830	1706	snmpgetattack
23317	12431	38830	1706	snmpgetattack
20312	4800	38830	1706	-
23317	5938	38830	1706	-
20312	4800	38830	1712	-
23317	5938	38830	1712	-
5376	4800	38830	1712	snmpgetattack
23317	12431	38830	1712	snmpgetattack
5376	4800	38830	1717	snmpgetattack
23317	12431	38830	1717	snmpgetattack
20312	4800	38830	1717	-
23317	5938	38830	1717	-
20312	4800	38830	1722	-
23317	5938	38830	1722	-
5376	4800	38830	1722	snmpgetattack
23317	12431	38830	1722	snmpgetattack
5376	4800	38830	1727	snmpgetattack
23317	12431	38830	1727	snmpgetattack
20312	4800	38830	1727	-
23317	5938	38830	1727	-
5376	4800	38830	1732	snmpgetattack
23317	12431	38830	1732	snmpgetattack
20312	4800	38830	1732	-
23317	5938	38830	1732	-
23317	12431	38830	1737	snmpgetattack
23317	5938	38830	1737	-
5376	4800	38830	1737	snmpgetattack
20312	4800	38830	1737	-
5376	4800	38830	1742	snmpgetattack
20312	4800	38830	1742	-
23317	5938	38830	1742	-
23317	12431	38830	1742	snmpgetattack
23317	5938	38830	1747	-
5376	4800	38830	1747	snmpgetattack
23317	12431	38830	1747	snmpgetattack
20312	4800	38830	1747	-
20312	4800	35402	1752	-
23317	5938	35402	1752	-
5376	4800	35402	1752	snmpgetattack
23317	12431	35402	1752	snmpgetattack
5376	4800	35402	1757	snmpgetattack
23317	12431	35402	1757	snmpgetattack
20312	4800	35402	1757	-
23317	5938	35402	1757	-
23317	5938	35402	1762	-
20312	4800	35402	1762	-
23317	12431	35402	1762	snmpgetattack
5376	4800	35402	1762	snmpgetattack
5376	4800	35402	1767	snmpgetattack
23317	12431	35402	1767	snmpgetattack
20312	4800	35402	1767	-
23317	5938	35402	1767	-
23317	12431	35402	1772	snmpgetattack
20312	4800	35402	1772	-
23317	5938	35402	1772	-
5376	4800	35402	1772	snmpgetattack
23317	5938	35402	1777	-
23317	12431	35402	1777	snmpgetattack
20312	4800	35402	1777	-
5376	4800	35402	1777	snmpgetattack
5376	4800	35402	1782	snmpgetattack
23317	12431	35402	1782	snmpgetattack
20312	4800	35402	1782	-
23317	5938	35402	1782	-
5376	4800	35402	1787	snmpgetattack
20312	4800	35402	1787	-
23317	5938	35402	1787	-
23317	12431	35402	1787	snmpgetattack
23317	5938	35402	1792	-
20312	4800	35402	1792	-
23317	12431	35402	1792	snmpgetattack
5376	4800	35402	1792	snmpgetattack
23317	12431	35402	1798	snmpgetattack
20312	4800	35402	1798	-
23317	5938	35402	1798	-
5376	4800	35402	1798	snmpgetattack
