12332	16593	19361	0	-
3611	19834	19361	2	-
14547	17540	10740	10	-
16409	4702	10740	14	-
3611	5938	10740	15	-
13993	14267	10740	18	-
19603	9554	10740	18	-
10429	7215	10740	19	-
3611	1633	10740	19	-
7782	19531	10740	29	-
3611	19531	10740	30	-
3611	21708	10740	30	-
3611	21708	10740	36	-
5954	8452	10740	37	nmap
3957	13122	10740	40	-
16409	1909	10740	40	-
16409	1909	10740	49	-
20312	2843	10740	49	-
7179	9554	10740	51	-
20312	3461	10740	59	-
20312	4981	11505	70	-
16409	1909	11505	85	-
16409	4702	11505	86	-
13993	7215	11505	86	-
16409	17540	11505	96	-
5954	8452	11505	98	nmap
3611	5938	11505	104	-
16409	17540	11505	105	-
3957	5938	11505	105	-
3611	5938	11505	106	-
3611	19531	11505	107	-
16409	3548	11505	111	-
10429	15506	11505	112	-
13993	7215	11505	124	-
21708	20668	29342	131	-
13993	3901	29342	133	-
11001	21708	29342	133	-
11001	22986	29342	135	-
16409	17540	29342	141	-
10429	15506	29342	147	-
14547	17540	29342	151	-
7782	9118	29342	153	-
13993	9591	29342	159	-
5954	8452	29342	159	nmap
21708	20668	29342	163	-
7782	9118	29342	165	-
3957	11900	29342	172	-
14547	22986	29342	173	-
13993	14267	29342	177	-
8048	9554	29342	180	-
10429	3680	29342	186	-
13993	9591	33464	207	-
5954	8452	33464	220	nmap
15737	8882	33464	221	-
16409	9118	33464	227	-
16409	1909	33464	229	-
16409	9118	33464	236	-
3957	15667	33464	237	-
14547	9118	33464	241	-
6114	10738	33464	243	-
7782	22986	33464	244	-
16409	6775	33464	244	-
14547	9118	33464	246	-
882	23167	33464	246	-
882	9554	28676	247	-
15737	8882	28676	252	-
16409	6775	28676	253	-
3297	1001	28676	253	-
10429	3680	28676	254	-
15737	15839	28676	255	-
15394	4800	28676	256	-
23317	882	28676	256	-
13993	9591	28676	257	-
21708	10254	28676	266	-
13993	9591	28676	266	-
16409	9118	28676	272	-
5954	8452	28676	281	nmap
16409	17540	28676	285	-
19603	4981	28676	287	-
16409	6775	28676	289	-
19603	4981	28676	293	-
16409	4702	28676	295	-
3957	1633	28676	302	-
16409	4702	28676	304	-
7782	15839	28676	306	-
6114	3548	10922	318	-
6114	3548	10922	319	-
10429	3374	10922	328	-
6114	626	10922	329	-
16409	17540	10922	332	-
16409	4702	10922	340	-
16409	17540	10922	340	-
13993	9591	10922	341	-
5954	8452	10922	343	nmap
13993	15667	10922	347	-
17624	16531	10922	349	-
17624	16531	10922	352	-
6114	16064	10922	354	-
17624	16531	10922	354	-
17624	16531	10922	356	-
17624	16531	10922	359	-
17624	16531	10922	361	-
17624	16531	10922	365	-
17624	16531	10922	365	-
17624	16531	10922	365	-
17624	16531	10922	365	-
17624	16531	10922	365	-
17624	16531	10922	365	-
17624	16531	10922	365	-
17624	16531	10922	365	-
17624	16531	10922	365	-
17624	16531	10922	365	-
17624	16531	10922	365	-
17624	16531	10922	365	-
17624	16531	10922	365	-
17624	16531	10922	365	-
17624	16531	10922	365	-
17624	16531	10922	365	-
3957	19531	10922	366	-
13993	6157	10922	366	-
16409	17540	40121	376	-
13993	9591	40121	387	-
10429	3374	40121	388	-
7782	9118	40121	389	-
8048	3461	40121	393	-
8048	14437	40121	393	-
8048	23167	40121	395	-
8048	2843	40121	397	-
8048	4981	40121	398	-
8048	16531	40121	399	-
8048	7268	40121	401	-
8048	9554	40121	402	-
8048	16332	40121	402	-
5954	8452	40121	404	nmap
7782	6157	40121	404	-
6114	16064	40121	407	-
3611	13122	40121	409	-
14547	9118	40121	410	-
16409	9118	40121	416	-
21708	17696	40121	419	-
16409	9591	42645	427	-
7782	6157	42645	429	-
3611	22986	42645	429	-
3611	15894	42645	429	-
3957	15894	42645	430	-
6114	16064	42645	430	-
3611	19834	42645	430	-
21708	10254	42645	433	-
16409	6775	42645	433	-
16409	9591	42645	436	-
10429	3374	42645	442	-
3611	21708	42645	442	-
3957	587	42645	445	-
20312	14437	42645	446	-
21708	15043	42645	448	-
6775	16332	42645	451	-
21708	4197	42645	454	-
13993	9591	42645	455	-
5954	1390	42645	455	nmap
5954	1390	42645	455	nmap
6114	16064	42645	459	-
8048	16531	42645	459	-
13993	10172	42645	461	-
13993	1633	42645	464	-
5954	8452	42645	465	nmap
13993	1633	42645	466	-
13993	1633	42645	468	-
16409	9591	42645	472	-
13993	1633	42645	472	-
7782	20668	42645	474	-
3076	2843	42645	481	-
16409	4702	42645	484	-
13993	9591	46113	487	-
882	9554	46113	490	-
882	16332	46113	491	-
3957	19834	46113	494	-
16671	15894	46113	494	-
16671	19531	46113	495	-
16671	1633	46113	496	-
16409	19603	46113	500	-
14547	11900	46113	502	-
16409	19603	46113	509	-
7215	1633	46113	515	-
7782	20668	46113	519	-
13993	3076	46113	519	-
16409	17540	46113	520	-
13993	6157	46113	525	-
5954	8452	46113	526	nmap
14547	18466	46113	527	-
16409	17540	46113	535	-
7215	15894	46113	540	-
7215	19834	46113	540	-
14547	10419	46113	541	-
16409	17540	46113	544	-
16409	4702	46113	545	-
16409	19603	46113	545	-
13993	6157	23462	552	-
16409	4702	23462	554	-
13993	6114	23462	557	-
3957	22986	23462	558	-
13993	20961	23462	559	-
12332	7268	23462	567	-
13993	15278	23462	570	-
13993	6157	23462	572	-
13993	20961	23462	576	-
21708	15043	23462	576	-
20367	19350	23462	577	-
6114	16064	23462	577	-
16409	17540	23462	580	-
13993	1379	23462	582	-
13993	1379	23462	583	-
14547	18332	23462	585	-
5954	8452	23462	587	nmap
13993	15008	23462	588	-
16409	4702	23462	590	-
13993	20961	8302	613	-
16409	9591	8302	616	-
14547	2456	8302	618	-
3957	21708	8302	621	-
7782	19531	8302	624	-
6114	16064	8302	624	-
7782	1633	8302	624	-
14547	10419	8302	625	-
13993	14142	8302	626	-
5954	8452	8302	648	nmap
3076	3297	8302	648	-
14547	10908	8302	652	-
6114	16064	8302	652	-
3076	3461	8302	653	-
3076	16531	8302	654	-
3076	16593	8302	656	-
21708	12113	8302	657	-
3076	8452	8302	657	-
3076	9554	8302	657	-
16409	15307	8302	663	-
7215	19834	8302	663	-
21708	15043	8302	666	-
14547	10908	39612	669	-
16409	15307	39612	672	-
3297	13122	39612	682	-
21708	4197	39612	683	-
16409	19603	39612	689	-
11001	22986	39612	691	-
6775	7268	39612	695	-
6775	9554	39612	695	-
16409	10272	39612	696	-
8048	14437	39612	700	-
3297	15667	39612	703	-
6775	3297	39612	704	-
21708	7782	39612	705	-
8048	3297	39612	706	-
16409	15307	39612	708	-
5954	8452	39612	709	nmap
17624	23167	39612	710	-
17624	23167	39612	713	-
14547	10908	39612	713	-
16409	10272	39612	714	-
17624	23167	39612	715	-
17624	23167	39612	719	-
13993	6577	39612	722	-
16409	17540	39612	724	-
882	2843	45575	728	-
16409	4702	45575	734	-
16409	9118	45575	735	-
13993	15894	45575	738	-
13993	19531	45575	738	-
7179	16531	45575	741	-
16409	9118	45575	744	-
7179	16531	45575	747	-
7179	7268	45575	748	-
13993	14142	45575	749	-
16409	4702	45575	754	-
14547	10908	45575	756	-
21708	9795	45575	763	-
16409	4702	45575	763	-
5954	8452	45575	770	nmap
21708	9795	45575	777	-
16409	9118	45575	780	-
16409	10272	45575	786	-
20312	3461	14760	796	-
16409	4702	14760	799	-
20312	3461	14760	803	-
13993	20961	14760	807	-
17624	9554	14760	809	-
20312	23167	14760	814	-
20312	16531	14760	814	-
20312	7268	14760	815	-
17624	9554	14760	816	-
20312	8452	14760	816	-
13993	15133	14760	820	-
3611	22986	14760	820	-
3611	13122	14760	821	-
3611	1633	14760	822	-
5954	8452	14760	831	nmap
16409	15307	14083	852	-
15394	4800	14083	856	-
23317	882	14083	856	-
3297	1633	14083	866	-
7179	3611	14083	869	-
7179	3611	14083	874	-
12985	5938	14083	874	-
21708	9096	14083	879	-
7215	1633	14083	881	-
3076	4981	14083	885	-
6775	2843	14083	889	-
3957	15394	14083	892	-
5954	8452	14083	892	nmap
14547	10908	14083	894	-
16409	18770	14083	896	-
14547	18090	14083	902	-
16409	18770	14083	905	-
7782	20668	25758	918	-
16409	9118	25758	924	-
16409	18770	25758	941	-
16671	22986	25758	941	-
16409	4702	25758	943	-
3611	15667	25758	949	-
5954	8452	25758	953	nmap
7782	20668	25758	954	-
7782	20668	18311	970	-
16409	9787	18311	977	-
17624	16531	18311	978	-
13993	15667	18311	983	-
13993	15667	18311	985	-
16409	9787	18311	986	-
13993	15667	18311	987	-
13993	15667	18311	991	-
6114	16064	18311	997	-
7782	22986	18311	1000	-
7782	19531	18311	1001	-
13993	11834	18311	1009	-
16409	9118	18311	1011	-
5954	8452	18311	1014	nmap
16409	9118	18311	1020	-
16409	9787	18311	1022	-
20367	587	26063	1031	-
13993	11834	26063	1031	-
13993	15133	26063	1037	-
14547	20430	26063	1038	-
14547	20430	26063	1041	-
13993	15133	26063	1051	-
7782	13512	26063	1054	-
16409	9118	26063	1056	-
10571	3611	26063	1056	-
6114	16064	26063	1064	-
16409	4702	26063	1072	-
5954	8452	26063	1075	nmap
16409	4702	26063	1081	-
16409	18770	26063	1085	-
19603	4981	44878	1088	-
19603	3297	44878	1095	-
19603	4981	44878	1096	-
19603	9554	44878	1097	-
11001	15667	44878	1107	-
14547	1161	44878	1108	-
14547	1161	44878	1109	-
17624	16593	44878	1109	-
17624	16593	44878	1112	-
17624	16593	44878	1114	-
16409	6775	44878	1115	-
17624	16593	44878	1116	-
16409	4702	44878	1117	-
17624	16593	44878	1120	-
17624	16593	44878	1120	-
16409	6775	44878	1124	-
13993	15133	44878	1136	-
5954	8452	44878	1136	nmap
882	14437	44878	1141	-
882	14437	9198	1147	-
3076	3297	9198	1153	-
3076	2843	9198	1153	-
16409	6775	9198	1160	-
16409	9787	9198	1166	-
13993	16772	9198	1167	-
13993	15133	9198	1172	-
13993	15133	9198	1176	-
5954	1390	9198	1176	nmap
5954	1390	9198	1176	nmap
16409	20899	9198	1177	-
13993	16772	9198	1184	-
16409	20899	9198	1186	-
5954	8452	9198	1197	nmap
16409	9118	9198	1200	-
10571	3611	16183	1214	-
10571	3611	16183	1214	-
10571	3611	16183	1214	-
10571	3611	16183	1214	-
10571	3611	16183	1214	-
10571	3611	16183	1215	-
10571	3611	16183	1215	-
16409	20899	16183	1222	-
13993	13918	16183	1224	-
13993	11834	16183	1235	-
13993	1422	16183	1238	-
3611	5938	16183	1240	-
3611	15667	16183	1240	-
13993	5056	16183	1246	-
14547	19834	16183	1250	-
14547	19531	16183	1251	-
5954	8452	16183	1258	nmap
16409	4702	16183	1261	-
13993	5056	16183	1263	-
16409	4702	27218	1270	-
7782	17146	27218	1277	-
16409	4702	27218	1279	-
7782	9869	27218	1296	-
13993	5056	27218	1301	-
16409	6775	27218	1304	-
13993	1848	27218	1304	-
16409	4702	27218	1315	-
10571	3611	27218	1317	-
10571	3611	27218	1317	-
10571	3611	27218	1317	-
10571	3611	27218	1317	-
10571	3611	27218	1317	-
10571	3611	27218	1317	-
10571	3611	27218	1317	-
5954	8452	27218	1319	nmap
13993	22241	27218	1326	-
13993	2973	38146	1332	-
6114	16064	38146	1338	-
6114	10738	38146	1339	-
7782	11900	38146	1350	-
7782	19531	38146	1350	-
16409	20899	38146	1366	-
16409	1909	38146	1373	-
5954	8452	38146	1380	nmap
16409	1909	38146	1382	-
3957	587	22716	1391	-
13993	17219	22716	1394	-
6114	10738	22716	1394	-
6114	10738	22716	1397	-
16409	1909	22716	1418	-
13993	2973	22716	1433	-
7782	9869	22716	1438	-
5954	8452	22716	1441	nmap
13993	17219	22716	1442	-
3297	1001	37357	1454	-
23317	882	37357	1456	-
15394	4800	37357	1456	-
6114	16064	37357	1458	-
16409	4702	37357	1459	-
7782	14693	37357	1462	-
16409	20899	37357	1463	-
16409	20899	37357	1472	-
6114	16064	37357	1482	-
13993	2973	37357	1484	-
16409	17885	37357	1487	-
13993	17219	37357	1489	-
6114	16064	37357	1495	-
5954	8452	37357	1502	nmap
16409	17885	37357	1505	-
16409	20899	22383	1508	-
12332	23167	22383	1526	-
17624	3611	22383	1532	-
17624	3611	22383	1532	-
17624	3611	22383	1532	-
17624	3611	22383	1532	-
17624	3611	22383	1532	-
17624	3611	22383	1532	-
17624	3611	22383	1532	-
12332	23167	22383	1533	-
6114	3076	22383	1534	-
7782	14693	22383	1534	-
12332	3461	22383	1534	-
13993	20988	22383	1537	-
13993	10455	22383	1545	-
16409	9118	22383	1551	-
16409	9118	22383	1560	-
6114	3076	22383	1560	-
16409	1909	22383	1562	-
5954	8452	22383	1564	nmap
13993	17219	22383	1566	-
7179	14437	11286	1567	-
7782	15839	11286	1569	-
13993	10455	11286	1570	-
6114	3076	11286	1574	-
14267	19531	11286	1575	-
16409	17885	11286	1577	-
7782	6687	11286	1583	-
7782	15839	11286	1587	-
7782	9118	11286	1594	-
16409	9118	11286	1596	-
7782	9118	11286	1617	-
12985	15667	11286	1618	-
17624	8452	11286	1621	-
17624	8452	11286	1623	-
17624	8452	11286	1625	-
5954	8452	11286	1625	nmap
17624	8452	42674	1628	-
882	16531	42674	1628	-
17624	8452	42674	1631	-
17624	8452	42674	1631	-
13993	19834	42674	1634	-
13993	19834	42674	1636	-
13993	19834	42674	1638	-
13993	19834	42674	1640	-
13993	19834	42674	1643	-
12332	16531	42674	1643	-
13993	19834	42674	1643	-
3297	21708	42674	1648	-
16409	20899	42674	1652	-
7179	3297	42674	1665	-
16409	20899	42674	1670	-
16409	20899	42674	1679	-
13993	10455	42674	1685	-
5954	8452	42674	1686	nmap
16409	5466	22844	1698	-
13993	12131	22844	1705	-
16409	20899	22844	1715	-
16409	5466	22844	1716	-
7782	15894	22844	1717	-
7782	15667	22844	1717	-
10571	9554	22844	1722	-
6775	16593	22844	1723	-
7782	22416	22844	1728	-
6114	17005	22844	1731	-
6114	3076	22844	1737	-
7782	1689	22844	1740	-
16409	9118	22844	1740	-
5954	8452	27211	1747	nmap
7782	21412	27211	1753	-
7179	9554	27211	1759	-
10429	15667	27211	1763	-
17624	16332	27211	1765	-
17624	16332	27211	1767	-
17624	16332	27211	1769	-
17624	3611	27211	1772	-
17624	16332	27211	1772	-
17624	3611	27211	1772	-
17624	16332	27211	1775	-
17624	16332	27211	1775	-
16409	6775	27211	1779	-
10429	15667	27211	1786	-
16409	6775	27211	1788	-
16409	5466	27211	1788	-
17624	16332	27211	1789	-
17624	16332	27211	1792	-
17624	16332	27211	1794	-
13993	17219	27211	1796	-
17624	16332	27211	1798	-
