3957	15394	10243	0	-
3957	15394	10243	0	-
16409	18332	10243	0	-
882	4981	10243	3	-
3957	15394	10243	3	-
3957	15394	10243	3	-
882	16332	10243	3	-
16409	17146	10243	4	-
3957	15394	10243	4	-
11001	13936	10243	5	-
16409	18332	32382	9	-
3957	19531	32382	15	-
7782	2512	32382	22	-
19181	8452	32382	22	warezclient
12985	4330	32382	23	warezclient
12985	4330	32382	23	warezclient
12985	4330	32382	35	warezclient
19603	3611	32382	39	-
19603	3611	32382	39	-
19603	3611	32382	39	-
19603	3611	32382	39	-
19603	3611	32382	39	-
19603	3611	32382	39	-
19603	3611	32382	39	-
12985	4330	32382	40	warezclient
16409	10177	32382	45	-
16409	18332	32382	45	-
10429	15894	32382	52	-
10429	11900	32382	52	-
16409	10177	32382	54	-
16409	8130	32382	61	-
20367	19350	32382	61	-
20367	19350	32382	62	-
12985	20249	42160	71	warezclient
14547	7215	42160	72	-
14267	1753	42160	74	-
16409	8130	42160	79	-
3957	21708	42160	79	-
19603	3611	42160	80	-
19603	3611	42160	80	-
19603	3611	42160	80	-
19603	3611	42160	80	-
19603	3611	42160	80	-
19603	3611	42160	80	-
19603	3611	42160	80	-
14267	1753	42160	81	-
7215	1398	42160	87	-
14547	11900	42160	89	-
14547	1633	42160	89	-
16409	10177	42160	90	-
20367	19350	42160	92	-
20367	19350	42160	107	-
14267	8530	42160	121	-
20367	19350	42160	121	-
14267	12326	37326	139	-
3957	15667	37326	143	-
14547	7215	37326	145	-
7179	16332	37326	151	-
3957	15394	37326	151	-
16409	8130	37326	151	-
14267	1753	37326	166	-
10571	3611	37326	183	-
3957	11900	37326	183	-
14267	1753	37326	186	-
16409	18332	12721	189	-
11001	22986	12721	191	-
11001	19834	12721	191	-
14267	12326	12721	197	-
3957	13122	12721	207	-
20367	19350	12721	211	-
20367	19350	12721	212	-
20367	19350	12721	212	-
7782	2512	12721	216	-
12985	15667	12721	228	-
3957	15394	12721	230	-
3957	15394	12721	230	-
17624	8452	12721	230	-
6775	16593	12721	230	-
17624	8452	12721	232	-
7215	3901	12721	233	-
16409	10177	12721	234	-
17624	8452	12721	234	-
14547	15839	12721	236	-
17624	8452	12721	237	-
17624	8452	12721	239	-
17624	8452	12721	241	-
14547	17012	12721	241	-
17624	8452	12721	244	-
17624	8452	12721	244	-
17624	8452	12721	244	-
17624	8452	12721	244	-
17624	8452	12721	244	-
17624	8452	12721	244	-
17624	8452	12721	244	-
17624	8452	12721	244	-
17624	8452	12721	244	-
17624	8452	12721	244	-
17624	8452	12721	245	-
17624	8452	12721	245	-
17624	8452	12721	245	-
17624	8452	12721	245	-
17624	8452	12721	245	-
17624	8452	12721	245	-
16409	10177	12721	246	-
16409	17540	10070	252	-
16409	10177	10070	255	-
19531	11900	10070	255	-
3297	1001	10070	255	-
16409	17540	10070	261	-
7782	2512	10070	264	-
3297	1398	10070	267	-
3957	15394	10070	271	-
16409	3702	10070	274	-
7215	11900	10070	275	-
7782	2512	10070	283	-
3297	11947	10070	284	-
14547	17012	10070	286	-
14267	2143	10070	288	-
16671	3374	10070	288	-
16409	10177	10070	291	-
16409	3702	10070	292	-
14267	12326	10070	293	-
19531	22986	10070	296	-
19531	5938	10070	296	-
16409	17540	10070	297	-
19531	13122	10070	298	-
19603	3611	10070	301	-
19603	3611	10070	301	-
19603	3611	10070	301	-
19531	15894	10070	301	-
19603	3611	10070	302	-
19603	3611	10070	302	-
19603	3611	10070	302	-
19603	3611	10070	302	-
19603	3611	10070	302	-
20367	19350	10070	302	-
20367	19350	10070	302	-
19603	3611	10070	302	-
20367	19350	10070	302	-
20367	19350	10070	302	-
20367	19350	10070	302	-
19603	3611	10070	302	-
19603	3611	10070	302	-
19603	3611	10070	303	-
20367	19350	10070	303	-
20367	19350	10070	303	-
19603	3611	10070	303	-
19603	3611	10070	303	-
19603	3611	10070	303	-
19603	3611	10070	303	-
3076	8452	10070	303	-
3076	9554	10070	304	-
19531	19834	10070	305	-
12985	12258	2720	311	warezclient
7215	8532	2720	312	-
19531	15667	2720	313	-
19531	1633	2720	316	-
19531	21708	2720	325	-
7215	8532	2720	330	-
16671	2973	2720	330	-
14267	12326	2720	331	-
3957	15394	2720	332	-
20367	19350	2720	332	-
20367	19350	2720	332	-
3957	15394	2720	332	-
20367	19350	2720	332	-
12985	5938	2720	332	-
14267	12326	2720	348	-
12985	15894	2720	348	-
14267	12326	2720	350	-
17624	14437	2720	356	-
14267	17146	2720	357	-
17624	14437	2720	363	-
3957	15394	2720	363	-
3957	15394	2720	363	-
8048	14437	2720	363	-
14547	11900	2720	363	-
20367	19350	2720	364	-
3957	15394	2720	364	-
20367	19350	2720	364	-
20367	19350	2720	364	-
3957	15394	2720	364	-
16409	3702	2720	364	-
20367	19350	2720	364	-
12985	22986	2720	364	-
7782	13412	2720	366	-
14547	3076	2720	367	-
7215	5938	2720	367	-
7782	13412	36976	369	-
14267	17359	36976	369	-
14547	1633	36976	372	-
7215	11900	36976	373	-
16671	11947	36976	377	-
23317	882	36976	382	-
15394	4800	36976	382	-
14547	15667	36976	382	-
14267	17698	36976	383	-
7782	11900	36976	384	-
14547	7215	36976	385	-
14267	17698	36976	386	-
3957	15394	36976	387	-
14547	3374	36976	387	-
6775	14437	36976	387	-
3957	15394	36976	388	-
20367	19350	36976	394	-
3957	15394	36976	394	-
20367	19350	36976	394	-
20367	19350	36976	394	-
20367	19350	36976	394	-
20367	19350	36976	394	-
7782	6099	36976	395	-
19603	3611	36976	396	-
20367	19350	36976	398	-
20367	19350	36976	398	-
3297	11947	36976	400	-
12985	22986	36976	400	-
19603	3611	36976	401	-
19603	3611	36976	411	-
20367	19350	36976	414	-
20367	19350	36976	414	-
14267	12326	36976	417	-
20367	19350	36976	418	-
882	16593	36976	418	-
3076	16332	36976	419	-
19603	3611	36976	421	-
3076	16332	36976	423	-
882	16332	36976	423	-
20367	19350	36976	424	-
3957	15394	36976	424	-
10571	3611	36976	424	-
3957	15394	36976	424	-
19603	3611	36976	426	-
3611	13122	4943	428	-
14267	17698	4943	430	-
3957	15394	4943	431	-
19603	3611	4943	431	-
7179	14437	4943	431	-
3076	14437	4943	433	-
16409	10177	4943	435	-
3957	15394	4943	435	-
19603	3611	4943	437	-
7782	17698	4943	437	-
14267	17359	4943	441	-
16409	17540	4943	441	-
8048	14437	4943	446	-
3611	19531	4943	446	-
3957	15394	4943	447	-
3957	15394	4943	447	-
14547	3076	4943	447	-
20312	14437	4943	447	-
17624	2843	4943	447	-
3957	5938	4943	448	-
3957	15394	4943	449	-
3957	15394	4943	449	-
20312	3611	4943	449	-
19839	5938	4943	449	-
3611	15667	4943	450	-
6775	3461	4943	450	-
20312	3297	4943	450	-
20312	3297	4943	452	-
3957	15394	4943	453	-
3957	15394	4943	453	-
6775	8452	4943	454	-
20312	4981	4943	454	-
6775	14437	4943	454	-
20312	3297	4943	457	-
3957	15394	4943	458	-
6775	3611	4943	459	-
19839	13122	4943	459	-
6775	23167	4943	459	-
7782	22013	4943	460	-
20312	16531	4943	460	-
7179	4981	4943	461	-
20367	19350	4943	462	-
20312	7268	4943	462	-
6775	3297	4943	462	-
20312	9554	4943	463	-
3957	15394	4943	464	-
6775	4981	4943	464	-
20312	16332	4943	464	-
7179	4981	4943	466	-
3957	15394	4943	468	-
3957	15394	4943	468	-
20367	19350	4943	468	-
3957	15394	4943	468	-
14547	5938	4943	468	-
3957	15394	4943	469	-
7782	4603	4943	469	-
14547	1633	4943	469	-
6775	16531	4943	469	-
3957	15394	4943	471	-
14547	3374	4943	472	-
7782	6099	4943	473	-
16409	8130	4943	474	-
14547	15667	4943	476	-
7782	11900	4943	480	-
20367	19350	4943	481	-
6775	9554	4943	481	-
16409	8130	4943	483	-
20312	4981	4943	485	-
14547	3374	4943	487	-
14267	7884	2810	488	-
7215	13122	2810	493	-
3957	15394	2810	495	-
12332	14437	2810	495	-
3957	15394	2810	495	-
12332	16531	2810	495	-
20312	14437	2810	497	-
3957	15394	2810	497	-
19603	3611	2810	497	-
3957	15394	2810	497	-
20312	2843	2810	497	-
16409	17415	2810	498	-
20367	19350	2810	498	-
20367	19350	2810	498	-
20367	19350	2810	498	-
20367	19350	2810	498	-
20367	19350	2810	498	-
20312	8452	2810	504	-
14267	17359	2810	506	-
19603	3611	2810	506	-
19603	3611	2810	506	-
19603	3611	2810	506	-
19603	3611	2810	506	-
19603	3611	2810	506	-
19603	3611	2810	506	-
19603	3611	2810	506	-
16409	17415	2810	507	-
7782	13122	2810	511	-
7782	5938	2810	512	-
3297	11947	2810	513	-
7782	13122	2810	514	-
14267	17359	2810	515	-
14547	3374	2810	515	-
7782	13122	2810	518	-
14547	3076	2810	519	-
16409	8130	2810	519	-
3297	1398	2810	523	-
14267	17359	2810	526	-
3957	15394	2810	528	-
3957	587	2810	528	-
19603	14437	2810	539	-
3076	14437	2810	541	-
20367	19350	2810	542	-
19603	3611	2810	543	-
19839	19531	2810	543	-
16409	17415	2810	543	-
19603	23167	2810	543	-
3957	15394	2810	544	-
3957	15394	2810	544	-
19603	2843	2810	544	-
20367	19350	2810	546	-
19603	3461	2810	546	-
3957	15394	2810	547	-
19603	16531	2810	547	-
3957	15394	20658	549	-
19603	16593	20658	549	-
3957	15394	20658	550	-
19603	9554	20658	550	-
3297	1398	20658	551	-
13993	15894	20658	551	-
7782	8763	20658	552	-
14547	3076	20658	552	-
3957	15394	20658	552	-
13993	1633	20658	552	-
19531	19531	20658	552	-
19603	16332	20658	555	-
20367	19350	20658	557	-
13993	15667	20658	557	-
3297	22986	20658	558	-
14267	17359	20658	559	-
14547	3374	20658	559	-
3297	19531	20658	561	-
20367	19350	20658	563	-
20367	19350	20658	563	-
20367	19350	20658	563	-
20367	19350	20658	563	-
7782	9805	20658	564	-
19531	19531	20658	567	-
14547	3374	20658	568	-
20367	19350	20658	568	-
20367	19350	20658	571	-
8048	2843	20658	571	-
16409	14135	20658	573	-
16671	3374	20658	576	-
19603	3611	20658	577	-
19603	3611	20658	577	-
19603	3611	20658	577	-
19603	3611	20658	577	-
19603	3611	20658	577	-
19603	3611	20658	577	-
19603	3611	20658	577	-
19603	3611	20658	577	-
19603	3611	20658	577	-
20312	16531	20658	581	-
16409	14135	20658	582	-
13993	5938	20658	583	-
13993	5938	20658	585	-
7782	22986	20658	585	-
7782	9805	20658	586	-
3957	15394	20658	586	-
7179	2843	20658	586	-
7179	8452	20658	587	-
13993	5938	20658	588	-
13993	5938	20658	590	-
13993	5938	20658	592	-
7782	9805	20658	594	-
13993	5938	20658	594	-
14267	19531	20658	595	-
16671	16747	20658	596	-
13993	5938	20658	597	-
13993	5938	20658	597	-
13993	5938	20658	597	-
13993	5938	20658	597	-
13993	5938	20658	597	-
13993	5938	20658	597	-
13993	5938	20658	597	-
13993	5938	20658	597	-
7782	13122	20658	600	-
20367	19350	20658	601	-
20367	19350	20658	601	-
20367	19350	20658	605	-
7179	16332	20658	607	-
20367	19350	20658	607	-
3297	17146	20658	607	-
14267	13936	31870	611	-
7215	1398	31870	614	-
16409	14135	31870	618	-
14267	17359	31870	627	-
14267	12326	31870	628	-
7782	9805	31870	628	-
3297	22986	31870	628	-
7782	9805	31870	632	-
14267	17359	31870	632	-
14267	12326	31870	632	-
16671	21708	31870	635	-
14267	22851	31870	637	-
20367	19350	31870	637	-
20367	19350	31870	637	-
20367	19350	31870	637	-
20367	19350	31870	637	-
16671	16747	31870	641	-
10571	3611	31870	642	-
10571	3611	31870	642	-
10571	3611	31870	648	-
10571	3611	31870	648	-
10571	3611	31870	648	-
10571	3611	31870	648	-
10571	3611	31870	648	-
3297	11900	31870	663	-
16409	8130	31870	663	-
20367	19350	31870	667	-
20367	19350	31870	667	-
20367	19350	31870	667	-
14267	22851	31870	667	-
12985	6988	24251	677	warezclient
3297	10177	24251	679	-
13993	5938	24251	679	-
16409	14228	24251	681	-
16671	13122	24251	681	-
19603	3611	24251	682	-
19603	3611	24251	682	-
19603	3611	24251	682	-
19603	3611	24251	682	-
19603	3611	24251	682	-
19603	3611	24251	682	-
19603	3611	24251	682	-
16409	17415	24251	687	-
14547	13936	24251	690	-
3076	14437	24251	692	-
11001	19531	24251	693	-
10571	3611	24251	695	-
10571	3611	24251	695	-
10571	3611	24251	695	-
10571	3611	24251	695	-
10571	3611	24251	695	-
10571	3611	24251	695	-
10571	3611	24251	695	-
3611	19834	24251	695	-
7782	9805	24251	696	-
20367	19350	24251	698	-
20367	19350	24251	698	-
20367	19350	24251	698	-
20367	19350	24251	698	-
14267	12326	24251	698	-
7215	19523	24251	698	-
16671	16747	24251	698	-
16409	14228	24251	699	-
14547	3374	24251	703	-
1013	8452	24251	720	warezclient
14547	13122	24251	722	-
12985	12469	24251	722	warezclient
12985	12469	24251	722	warezclient
14267	12326	24251	727	-
20367	19350	24251	727	-
20367	19350	24251	727	-
14547	3374	20770	728	-
14267	12599	20770	729	-
16409	17415	20770	731	-
19603	3611	20770	733	-
19603	3611	20770	733	-
19603	3611	20770	733	-
19603	3611	20770	733	-
19603	3611	20770	733	-
19603	3611	20770	733	-
19603	3611	20770	733	-
19603	3611	20770	733	-
19603	3611	20770	733	-
19603	3611	20770	733	-
19603	3611	20770	733	-
19603	3611	20770	733	-
19603	3611	20770	733	-
19603	3611	20770	733	-
19603	3611	20770	733	-
19603	3611	20770	733	-
19603	3611	20770	733	-
19603	3611	20770	734	-
3957	15394	20770	734	-
19603	3611	20770	734	-
19603	3611	20770	734	-
19603	3611	20770	734	-
19603	3611	20770	734	-
19603	3611	20770	734	-
12985	12469	20770	734	warezclient
19603	3611	20770	734	-
3957	15394	20770	735	-
19603	9554	20770	736	-
7215	19523	20770	738	-
12985	12469	20770	738	warezclient
19603	9554	20770	739	-
3957	15394	20770	739	-
16409	17415	20770	740	-
14547	13936	20770	748	-
14547	13936	20770	752	-
7782	20371	20770	760	-
19531	5938	20770	760	-
19531	13122	20770	760	-
16409	14135	20770	762	-
19531	19834	20770	762	-
3297	17146	20770	767	-
7215	13122	20770	769	-
16409	14228	20770	771	-
3611	1633	20770	771	-
16409	17415	20770	776	-
14267	19703	20770	781	-
20367	19350	20770	787	-
20367	19350	20770	787	-
14267	10272	20770	787	-
20367	19350	20770	787	-
3957	15394	20770	787	-
20367	19350	20770	787	-
20367	19350	20770	787	-
20367	19350	20770	787	-
14267	3751	15715	790	-
19603	3611	15715	792	-
14547	3374	15715	795	-
20367	587	15715	801	-
3957	15394	15715	806	-
3957	15394	15715	806	-
8048	2843	15715	806	-
11001	15667	15715	808	-
16671	16747	15715	813	-
587	11900	15715	814	-
14547	13936	15715	817	-
14547	17012	15715	819	-
8048	9554	15715	821	-
3957	15394	15715	822	-
3957	15394	15715	822	-
19603	3611	15715	824	-
19603	3611	15715	824	-
19603	3611	15715	824	-
19603	3611	15715	824	-
19603	3611	15715	824	-
19603	3611	15715	824	-
19603	3611	15715	824	-
17624	23167	15715	825	-
16671	6157	15715	825	-
3957	15394	15715	825	-
17624	16531	15715	825	-
3957	15394	15715	826	-
3957	15394	15715	826	-
3957	15394	15715	829	-
3957	15394	15715	829	-
882	3297	15715	829	-
7215	5290	15715	833	-
14267	3389	15715	836	-
7782	18332	15715	837	-
16671	10812	15715	839	-
14547	17012	15715	842	-
14547	17012	15715	843	-
14547	3374	15715	845	-
3957	15394	15715	847	-
14547	3374	31357	849	-
14267	9869	31357	852	-
3611	22986	31357	854	-
7215	19523	31357	854	-
3611	13122	31357	854	-
3611	15667	31357	857	-
3957	15394	31357	858	-
3957	15394	31357	858	-
3957	5938	31357	859	-
16409	6775	31357	862	-
10571	2843	31357	864	-
3297	10177	31357	867	-
8048	14437	31357	868	-
3957	15394	31357	868	-
8048	23167	31357	868	-
17624	16593	31357	868	-
20367	19350	31357	869	-
3957	15394	31357	869	-
14547	17012	31357	869	-
8048	2843	31357	869	-
16409	6775	31357	871	-
3957	15394	31357	872	-
3957	15394	31357	872	-
8048	16332	31357	872	-
3957	15394	31357	873	-
3957	15394	31357	873	-
3957	15394	31357	877	-
20367	19350	31357	877	-
20367	19350	31357	877	-
20367	19350	31357	877	-
16671	10812	31357	880	-
14547	13122	31357	881	-
14547	6157	31357	882	-
16671	10812	31357	885	-
3957	22986	31357	887	-
3076	3297	31357	887	-
3957	15394	31357	892	-
3957	15394	31357	892	-
7179	4981	31357	892	-
14547	15667	31357	897	-
3076	7268	31357	898	-
10571	3611	31357	902	-
10571	3611	31357	903	-
10571	3611	31357	903	-
10571	3611	31357	903	-
12332	16332	31357	905	-
20312	16593	31357	905	-
20367	19350	31357	907	-
10429	15894	31357	907	-
16409	6775	31357	907	-
3957	15394	31357	907	-
14547	15839	10661	909	-
14267	3737	10661	909	-
16671	6157	10661	910	-
7215	1398	10661	915	-
12332	14437	10661	915	-
3957	15394	10661	916	-
14547	21708	10661	917	-
14547	19531	10661	919	-
3957	15394	10661	920	-
16409	17415	10661	920	-
19603	3461	10661	920	-
14547	21708	10661	920	-
12332	23167	10661	921	-
3957	15394	10661	923	-
12332	3297	10661	923	-
3611	11900	10661	924	-
14267	18671	10661	926	-
16409	17415	10661	927	-
3957	15394	10661	927	-
12332	3461	10661	927	-
14547	3374	10661	928	-
3957	15394	10661	929	-
3957	15394	10661	929	-
12332	4981	10661	929	-
12332	23167	10661	930	-
3957	15394	10661	931	-
20367	19350	10661	931	-
12332	16332	10661	931	-
12332	4981	10661	931	-
20367	19350	10661	935	-
3957	15394	10661	935	-
3957	15394	10661	935	-
12332	16332	10661	935	-
16409	17415	10661	936	-
6775	14437	10661	936	-
20367	19350	10661	937	-
20367	19350	10661	937	-
3957	15394	10661	937	-
3957	15394	10661	937	-
3957	15394	10661	937	-
3957	15394	10661	937	-
20367	19350	10661	940	-
16409	14228	10661	945	-
6775	2843	10661	945	-
20367	19350	10661	945	-
10429	19531	10661	947	-
10429	1633	10661	947	-
16409	14228	10661	954	-
14267	4603	10661	955	-
7782	9805	10661	958	-
3957	15394	10661	959	-
3957	15394	10661	959	-
3957	21708	10661	959	-
3957	5938	10661	959	-
10571	3611	10661	960	-
20367	19350	10661	961	-
20367	19350	10661	961	-
10571	3611	10661	961	-
14547	13936	10661	965	-
14267	13178	10661	967	-
20367	19350	10661	967	-
20367	19350	10661	967	-
3957	15394	10661	967	-
3297	17146	35127	968	-
14267	4603	35127	969	-
16409	17415	35127	972	-
14547	11406	35127	972	-
20312	3297	35127	974	-
14267	3751	35127	980	-
15394	4800	35127	982	-
23317	882	35127	982	-
882	3611	35127	987	-
16409	14228	35127	990	-
14547	13936	35127	990	-
882	3611	35127	991	-
19839	19834	35127	991	-
882	2843	35127	991	-
3957	15394	35127	991	-
882	16531	35127	991	-
3957	15394	35127	992	-
3957	15394	35127	992	-
3297	17146	35127	994	-
16671	10812	35127	994	-
14547	5615	35127	994	-
17624	2843	35127	998	-
14547	11947	35127	1003	-
3297	15839	35127	1006	-
14267	4603	35127	1007	-
3957	15394	35127	1014	-
19603	16531	35127	1014	-
14267	430	35127	1016	-
13993	19531	35127	1016	-
13993	19531	35127	1019	-
13993	19531	35127	1020	-
3957	15394	35127	1022	-
3957	15394	35127	1022	-
19603	16531	35127	1022	-
13993	19531	35127	1024	-
13993	19531	35127	1024	-
13993	19531	35127	1026	-
13993	19834	35127	1027	-
3957	15394	35127	1027	-
7215	15667	35127	1027	-
13993	19531	40489	1028	-
7215	1633	40489	1028	-
7215	19531	40489	1029	-
19350	13122	40489	1029	-
13993	19531	40489	1031	-
16671	10812	40489	1031	-
20367	19350	40489	1033	-
20312	4981	40489	1033	-
7215	21708	40489	1033	-
13993	19531	40489	1035	-
13993	19531	40489	1035	-
17624	4981	40489	1035	-
17624	4981	40489	1038	-
14267	11166	40489	1039	-
17624	4981	40489	1040	-
19603	3611	40489	1040	-
19603	3611	40489	1041	-
19603	3611	40489	1041	-
7782	9805	40489	1041	-
16671	17698	40489	1041	-
19603	3611	40489	1041	-
19603	3611	40489	1041	-
19603	3611	40489	1041	-
19603	3611	40489	1041	-
17624	4981	40489	1044	-
14547	7223	40489	1044	-
7215	3901	40489	1050	-
16409	6775	40489	1051	-
14267	16664	40489	1054	-
3297	3374	40489	1054	-
20367	19350	40489	1057	-
20367	19350	40489	1057	-
20367	19350	40489	1057	-
20367	19350	40489	1061	-
8048	16531	40489	1061	-
14547	9825	40489	1062	-
13993	1633	40489	1063	-
3297	2973	40489	1063	-
13993	1633	40489	1065	-
13993	1633	40489	1067	-
7179	3611	40489	1067	-
16409	11660	40489	1067	-
13993	1633	40489	1069	-
8048	16531	40489	1072	-
10429	5938	40489	1073	-
13993	1633	40489	1074	-
14547	2512	40489	1077	-
13993	1633	40489	1078	-
13993	1633	40489	1078	-
13993	1633	40489	1078	-
13993	1633	40489	1078	-
13993	1633	40489	1079	-
13993	1633	40489	1079	-
13993	1633	40489	1079	-
13993	1633	40489	1079	-
13993	1633	40489	1079	-
13993	1633	40489	1079	-
13993	1633	40489	1079	-
13993	1633	40489	1079	-
13993	1633	40489	1079	-
13993	1633	40489	1079	-
13993	1633	40489	1079	-
13993	1633	40489	1079	-
13993	1633	40489	1079	-
13993	1633	40489	1079	-
16409	11660	40489	1085	-
20367	19350	40489	1087	-
16671	15894	40489	1087	-
20367	19350	40489	1087	-
16671	19834	40489	1087	-
14547	5615	19540	1089	-
14267	11166	19540	1094	-
19603	3611	19540	1094	-
14267	11166	19540	1095	-
16671	17698	19540	1096	-
3297	1633	19540	1096	-
3297	1633	19540	1099	-
16671	15667	19540	1099	-
3297	1633	19540	1102	-
14547	5615	19540	1103	-
3957	19531	19540	1104	-
16671	1633	19540	1104	-
3611	19834	19540	1109	-
10429	5938	19540	1112	-
16409	17415	19540	1116	-
20367	19350	19540	1117	-
20367	19350	19540	1117	-
20367	19350	19540	1117	-
20367	19350	19540	1117	-
20367	19350	19540	1117	-
20367	19350	19540	1118	-
20367	19350	19540	1121	-
19603	3611	19540	1123	-
19603	3611	19540	1123	-
16409	14228	19540	1134	-
16409	17415	19540	1134	-
14547	7223	19540	1134	-
16409	17415	19540	1143	-
14547	3374	19540	1147	-
7215	19523	32037	1156	-
16409	11660	32037	1157	-
19531	5938	32037	1160	-
16409	14228	32037	1161	-
3611	1633	32037	1161	-
16671	17698	32037	1162	-
19531	1633	32037	1163	-
7179	3611	32037	1166	-
3611	19834	32037	1167	-
3611	1633	32037	1168	-
19839	5938	32037	1168	-
16409	14228	32037	1170	-
14547	13936	32037	1170	-
14547	13936	32037	1174	-
3158	8452	32037	1175	warezclient
12985	21950	32037	1176	warezclient
12985	21950	32037	1176	warezclient
7215	17005	32037	1177	-
16671	17540	32037	1179	-
16409	17415	32037	1179	-
7782	9805	32037	1180	-
16671	1633	32037	1180	-
16671	15667	32037	1181	-
20367	19350	32037	1187	-
20367	19350	32037	1187	-
14547	3374	32037	1187	-
20367	19350	32037	1188	-
20367	19350	32037	1188	-
20367	19350	32037	1188	-
20367	19350	32037	1188	-
20367	19350	32037	1188	-
12985	21950	32037	1188	warezclient
3611	1633	32037	1190	-
12985	21950	32037	1192	warezclient
7215	15913	32037	1194	-
14267	23054	32037	1198	-
16409	14228	32037	1206	-
20367	19350	38089	1208	-
20367	19350	38089	1208	-
17624	3461	38089	1208	-
3957	15394	38089	1208	-
3957	15394	38089	1209	-
3957	15394	38089	1209	-
14267	11166	38089	1209	-
12332	14437	38089	1209	-
14267	18770	38089	1217	-
3957	15394	38089	1223	-
3957	15394	38089	1223	-
20367	19350	38089	1223	-
8048	3461	38089	1223	-
19603	3611	38089	1225	-
3297	445	38089	1225	-
12332	23167	38089	1229	-
7782	3555	38089	1233	-
10571	3611	38089	1234	-
3957	11900	38089	1234	-
19603	3611	38089	1235	-
10571	3611	38089	1239	-
10571	3611	38089	1239	-
10571	3611	38089	1239	-
10571	3611	38089	1239	-
10571	3611	38089	1239	-
10571	3611	38089	1239	-
19603	3611	38089	1240	-
19603	3611	38089	1240	-
12332	2843	38089	1240	-
3957	15394	38089	1240	-
19603	3611	38089	1240	-
19603	3611	38089	1240	-
19603	3611	38089	1240	-
12332	3461	38089	1240	-
3957	15394	38089	1242	-
3957	15394	38089	1242	-
12332	4981	38089	1242	-
20367	19350	38089	1243	-
12332	16531	38089	1243	-
3957	15394	38089	1244	-
14547	3374	38089	1250	-
7215	11947	38089	1257	-
16671	17410	38089	1266	-
14547	10888	32467	1288	-
16671	18332	32467	1291	-
14547	2512	32467	1291	-
14267	12459	32467	1291	-
19603	3611	32467	1293	-
12332	2843	32467	1293	-
19603	3611	32467	1293	-
3957	15394	32467	1293	-
12332	16332	32467	1293	-
3957	15394	32467	1294	-
3957	15394	32467	1294	-
14547	10888	32467	1297	-
3297	3374	32467	1300	-
16409	14369	32467	1307	-
3297	20857	32467	1314	-
12332	16531	32467	1314	-
3957	15394	32467	1314	-
14547	13755	32467	1316	-
7179	3611	32467	1319	-
7179	3611	32467	1319	-
3297	3157	32467	1321	-
16409	17415	32467	1323	-
3297	20857	32467	1324	-
16409	14369	32467	1325	-
14547	10888	32467	1327	-
16671	17540	32467	1327	-
12985	17729	20860	1331	warezclient
16409	14228	20860	1350	-
16409	13405	20860	1365	-
16409	17415	20860	1372	-
16409	17415	20860	1381	-
16409	13405	20860	1383	-
10571	3611	20860	1386	-
10571	3611	20860	1386	-
10571	3611	20860	1386	-
13993	22986	5024	1389	-
10429	15667	5024	1389	-
13993	21708	5024	1390	-
17624	16332	5024	1391	-
3611	21708	5024	1391	-
14267	20174	5024	1392	-
3957	5938	5024	1393	-
17624	16332	5024	1393	-
20312	16531	5024	1393	-
17624	16332	5024	1395	-
13993	5938	5024	1395	-
16409	14369	5024	1397	-
17624	16332	5024	1398	-
13993	5938	5024	1398	-
17624	16332	5024	1400	-
13993	5938	5024	1401	-
17624	16332	5024	1402	-
20367	19350	5024	1404	-
20367	19350	5024	1404	-
20367	19350	5024	1404	-
20367	19350	5024	1404	-
17624	16332	5024	1405	-
17624	16332	5024	1405	-
17624	16332	5024	1405	-
13993	5938	5024	1405	-
17624	16332	5024	1405	-
17624	16332	5024	1405	-
17624	16332	5024	1405	-
17624	16332	5024	1405	-
17624	16332	5024	1405	-
17624	16332	5024	1405	-
17624	16332	5024	1405	-
17624	16332	5024	1405	-
17624	16332	5024	1405	-
17624	16332	5024	1405	-
17624	16332	5024	1405	-
17624	16332	5024	1406	-
17624	16332	5024	1406	-
14547	13755	5024	1412	-
14267	4444	5024	1414	-
16409	17415	5024	1417	-
16671	14135	5024	1419	-
10429	15839	5024	1420	-
3297	19834	5024	1423	-
3297	15667	5024	1424	-
20312	3461	5024	1431	-
16671	13122	5024	1431	-
20312	16593	5024	1432	-
16671	21708	5024	1432	-
20312	8452	5024	1433	-
20367	19350	5024	1434	-
3957	587	5024	1434	-
20367	19350	5024	1434	-
20367	19350	5024	1434	-
20367	19350	5024	1434	-
20312	14437	5024	1437	-
20312	23167	5024	1437	-
14547	11284	5024	1438	-
16671	15667	5024	1441	-
17624	3461	5024	1443	-
7782	8130	5024	1444	-
17624	3461	5024	1445	-
17624	3461	5024	1447	-
20312	3297	38181	1449	-
17624	3461	38181	1451	-
16409	13405	38181	1455	-
3957	15394	38181	1455	-
7179	3611	38181	1455	-
14547	10888	38181	1457	-
3957	15394	38181	1459	-
3297	1001	38181	1459	-
17624	14437	38181	1459	-
20312	2843	38181	1459	-
17624	3297	38181	1459	-
7179	3611	38181	1460	-
20312	4981	38181	1461	-
3957	15394	38181	1462	-
3957	15394	38181	1462	-
14547	15839	38181	1463	-
20312	16531	38181	1464	-
20312	9554	38181	1466	-
20312	16332	38181	1467	-
14547	17698	38181	1468	-
11001	5938	38181	1474	-
3297	21708	38181	1483	-
20367	19350	38181	1494	-
20367	19350	38181	1494	-
13993	13412	38181	1495	-
19603	3611	38181	1496	-
11001	5938	38181	1500	-
19603	3611	38181	1501	-
16409	14288	38181	1501	-
11001	15894	38181	1505	-
3297	5938	38181	1505	-
19603	3611	38181	1506	-
19603	3611	38181	1506	-
19603	3611	38181	1507	-
13993	13412	38181	1507	-
19603	3611	38181	1507	-
19603	3611	38181	1507	-
3297	6577	25303	1510	-
14547	15839	25303	1510	-
14267	4444	25303	1518	-
16409	14288	25303	1519	-
20367	19350	25303	1524	-
20367	19350	25303	1524	-
20367	19350	25303	1524	-
14547	13936	25303	1530	-
10571	3611	25303	1534	-
14547	15154	25303	1540	-
3076	14437	25303	1541	-
3076	9554	25303	1547	-
16671	6775	25303	1549	-
12985	5938	25303	1550	-
3297	3157	25303	1553	-
3957	15394	25303	1554	-
10429	19523	25303	1559	-
16409	17415	25303	1561	-
14267	12756	25303	1562	-
20312	2843	25303	1563	-
20312	3461	25303	1563	-
20312	16531	25303	1564	-
14547	11284	25303	1565	-
20312	16332	24951	1568	-
16409	1637	24951	1569	-
13993	17146	24951	1570	-
7215	13745	24951	1573	-
15394	4800	24951	1582	-
23317	882	24951	1582	-
19531	21708	24951	1585	-
16409	1637	24951	1587	-
7782	3702	24951	1587	-
10571	16531	24951	1587	-
13993	11900	24951	1589	-
3957	15394	24951	1591	-
14547	17698	24951	1591	-
13993	11900	24951	1591	-
14547	20991	24951	1591	-
16409	14288	24951	1591	-
19603	23167	24951	1591	-
13993	11900	24951	1593	-
13993	11900	24951	1595	-
7782	8130	24951	1598	-
13993	11900	24951	1599	-
3297	19531	24951	1600	-
10429	19523	24951	1606	-
7179	14437	24951	1607	-
3957	15394	24951	1607	-
3957	15394	24951	1607	-
14547	13936	24951	1609	-
7215	21708	24951	1610	-
20367	19350	24951	1614	-
20367	19350	24951	1614	-
10429	19523	24951	1615	-
3076	14437	24951	1621	-
14547	13936	24951	1622	-
7179	3611	22914	1630	-
3611	5938	22914	1631	-
7179	3611	22914	1635	-
7179	3611	22914	1635	-
7179	3611	22914	1635	-
7179	3611	22914	1635	-
7179	3611	22914	1635	-
7179	3611	22914	1635	-
3076	3461	22914	1636	-
3611	13122	22914	1636	-
3076	4981	22914	1637	-
3076	16531	22914	1638	-
3611	11900	22914	1638	-
10429	16747	22914	1643	-
20367	19350	22914	1644	-
20367	19350	22914	1644	-
20367	19350	22914	1644	-
7215	22986	22914	1650	-
16671	13122	22914	1651	-
14547	16429	22914	1655	-
12985	1001	22914	1658	warezclient
12985	1001	22914	1658	warezclient
3674	8452	22914	1658	warezclient
16409	1637	22914	1659	-
19603	3611	22914	1664	-
19603	3611	22914	1664	-
7215	1633	22914	1666	-
16671	19834	22914	1666	-
14547	15839	22914	1667	-
12985	1001	22914	1671	warezclient
14547	11947	22914	1673	-
3957	15394	22914	1674	-
20367	19350	22914	1674	-
20367	19350	22914	1674	-
20367	19350	22914	1674	-
20367	19350	22914	1674	-
12985	1001	22914	1675	warezclient
7782	22986	22914	1676	-
13993	17146	22914	1679	-
14267	12756	22914	1681	-
14547	10888	22914	1682	-
16409	17415	22914	1687	-
3076	8452	9284	1690	-
14547	10888	9284	1691	-
12985	1001	9284	1693	warezclient
3957	15394	9284	1694	-
6775	3461	9284	1694	-
14547	15373	9284	1696	-
16409	17415	9284	1696	-
16671	5938	9284	1697	-
7215	16747	9284	1698	-
6775	16593	9284	1699	-
10429	23367	9284	1700	-
3957	15394	9284	1700	-
3957	15394	9284	1700	-
20367	587	9284	1701	-
20367	19350	9284	1701	-
20367	19350	9284	1701	-
10429	16747	9284	1702	-
20367	19350	9284	1704	-
20367	19350	9284	1704	-
20367	19350	9284	1704	-
7782	14228	9284	1707	-
7179	3611	9284	1715	-
7782	14228	9284	1719	-
14547	6680	9284	1722	-
3076	3461	9284	1723	-
3076	16593	9284	1723	-
14547	2512	9284	1724	-
13993	10177	9284	1724	-
7782	14228	9284	1725	-
3076	14437	9284	1725	-
19531	22986	9284	1727	-
16671	11660	9284	1727	-
3076	23167	9284	1727	-
3076	3297	9284	1728	-
7782	13405	9284	1729	-
3297	3157	9284	1729	-
3076	2843	9284	1730	-
16409	17415	9284	1732	-
3076	16531	9284	1732	-
3076	9554	9284	1733	-
20367	19350	9284	1734	-
3076	16332	9284	1735	-
14547	18332	9284	1738	-
14547	2512	9284	1739	-
14547	10888	9284	1740	-
16671	14369	9284	1745	-
13993	17146	9284	1747	-
14547	4603	46227	1755	-
3611	5938	46227	1758	-
3611	1633	46227	1758	-
3957	15394	46227	1759	-
14547	2512	46227	1760	-
7782	1637	46227	1760	-
16409	12275	46227	1761	-
3611	19531	46227	1761	-
7215	8109	46227	1762	-
20367	19350	46227	1764	-
20367	19350	46227	1764	-
20367	19350	46227	1764	-
3957	15394	46227	1764	-
7782	6409	46227	1768	-
3297	12131	46227	1776	-
10429	23367	46227	1777	-
16671	14288	46227	1777	-
7782	6409	46227	1779	-
16409	12275	46227	1779	-
16671	22986	46227	1783	-
16671	1633	46227	1783	-
19603	3611	46227	1786	-
19603	3611	46227	1786	-
19603	3611	46227	1787	-
19603	3611	46227	1787	-
19603	3611	46227	1787	-
19603	3611	46227	1787	-
19603	3611	46227	1787	-
7215	18868	46227	1789	-
7215	8109	46227	1790	-
20367	19350	46227	1794	-
12985	12678	46227	1797	warezclient
20367	19350	46227	1799	-
