18246	21874	35168	0	-
18246	21874	35168	0	-
18246	21874	35168	0	-
18246	21874	35168	0	-
18246	21874	35168	0	-
18246	21874	35168	0	-
18246	21874	35168	0	-
18246	21874	35168	1	-
18246	21874	35168	1	-
18246	21874	35168	1	-
18246	21874	35168	1	-
18246	21874	35168	1	-
18246	21874	35168	1	-
3374	10553	35168	5	-
3374	9787	35168	5	-
3374	9787	35168	5	-
3374	9787	35168	5	-
3374	9787	35168	5	-
18246	6573	35168	8	-
18246	6573	35168	8	-
18246	6573	35168	9	-
18246	6573	35168	9	-
18246	6573	35168	9	-
18246	6573	35168	9	-
18246	6573	35168	9	-
18246	6573	35168	9	-
18246	6573	35168	9	-
18246	6573	35168	9	-
18246	6573	35168	9	-
18246	6573	35168	9	-
3611	16409	35168	29	-
3611	16409	35168	29	-
3611	16409	35168	29	-
3611	16409	35168	29	-
3374	9787	35168	35	-
3374	9787	35168	35	-
3374	9787	35168	35	-
3374	10553	35168	35	-
20367	19350	35168	52	-
7179	4981	35168	57	-
3611	10197	1049	64	-
3611	10197	1049	64	-
3611	15737	1049	67	-
3611	10197	1049	67	-
3611	15737	1049	67	-
3611	15737	1049	67	-
3611	10197	1049	67	-
3611	15737	1049	67	-
3611	10197	1049	79	-
12985	21708	1049	82	-
18246	4273	1049	94	-
3374	10553	1049	115	-
3374	9787	1049	115	-
3374	9787	1049	115	-
3374	9787	1049	115	-
3611	10197	2453	132	-
3611	15737	2453	132	-
3611	10197	2453	132	-
3611	15737	2453	132	-
3611	15737	2453	132	-
3611	10197	2453	132	-
3611	15737	2453	132	-
3611	10197	2453	132	-
10571	16531	2453	145	-
18246	3154	2453	169	-
18246	3154	2453	169	-
18246	3154	2453	169	-
18246	3154	2453	169	-
18246	3154	2453	169	-
18246	3154	2453	169	-
18246	3154	2453	169	-
18246	3154	2453	169	-
18246	3154	2453	169	-
18246	3154	2453	169	-
18246	3154	2453	169	-
18246	3154	2453	169	-
18246	3154	2453	172	-
18246	3154	2453	172	-
18246	3154	2453	172	-
13993	21708	14145	195	-
13993	21708	14145	198	-
12332	2843	14145	209	-
12332	3461	14145	210	-
12332	8452	14145	211	-
12332	16332	14145	211	-
3374	10553	41928	240	-
3374	9787	41928	240	-
3374	9787	41928	240	-
3374	9787	41928	240	-
16671	22986	41928	244	-
16671	21708	41928	247	-
10571	23167	41928	292	-
10571	7268	41928	294	-
23317	882	14885	298	-
16671	15894	14885	324	-
18246	14327	14885	331	-
18246	3145	14885	334	-
18246	14327	14885	334	-
16671	22986	14885	336	-
16671	5938	14885	336	-
18246	14327	14885	337	-
18246	17361	14885	337	-
18246	14327	14885	337	-
16671	19834	14885	337	-
18246	14327	14885	338	-
18246	14327	14885	338	-
18246	14327	14885	341	-
18246	14327	14885	341	-
18246	14327	14885	341	-
18246	14327	14885	341	-
18246	16120	14885	341	-
18246	14327	14885	344	-
18246	14327	14885	344	-
18246	13178	14885	344	-
12985	19531	14885	344	-
18246	14327	14885	344	-
3957	15394	14885	345	-
18246	14327	14885	347	-
18246	14327	14885	347	-
18246	14327	14885	347	-
18246	10190	14885	347	-
12985	11900	14885	348	-
7179	8452	14885	352	-
16671	15894	14885	353	-
16671	11900	14885	354	-
3374	10553	14885	355	-
3374	10553	14885	355	-
16671	21708	14885	355	-
12985	15894	25045	360	-
3374	9787	25045	371	-
3374	10553	25045	371	-
3374	9787	25045	371	-
3374	9787	25045	371	-
18246	17923	25045	395	-
18246	17923	25045	396	-
18246	17923	25045	396	-
18246	17923	25045	396	-
18246	17923	25045	396	-
18246	17923	25045	396	-
18246	17923	25045	396	-
18246	17923	25045	396	-
7179	16531	25045	410	-
18246	17923	18522	430	-
13993	21708	18522	434	-
20312	16332	18522	436	-
3611	10197	18522	447	-
3611	10197	18522	447	-
3611	10197	18522	448	-
3611	10197	18522	448	-
3611	10197	18522	448	-
7215	15894	18522	455	-
12332	16332	18522	477	-
10571	9554	10515	488	-
10571	16332	10515	488	-
11001	19531	10515	502	-
19839	15894	10515	529	-
7179	23167	10515	529	-
7179	3611	10515	529	-
7179	3297	10515	529	-
7179	16531	10515	530	-
7179	16593	10515	531	-
7179	7268	10515	532	-
7179	8452	10515	533	-
7179	9554	10515	533	-
7179	16332	10515	533	-
3611	10197	12679	543	-
3611	10197	12679	543	-
3611	10197	12679	543	-
3611	10197	12679	543	-
3611	10197	12679	543	-
3611	10197	12679	543	-
3611	10197	12679	544	-
3611	10197	12679	544	-
3611	10197	12679	544	-
3611	10197	12679	544	-
3611	10197	12679	544	-
3611	10197	12679	544	-
11001	6157	12679	545	-
11001	6157	12679	545	-
11001	6157	12679	545	-
11001	6157	12679	545	-
11001	6157	12679	545	-
11001	6157	12679	545	-
11001	6157	12679	545	-
11001	6157	12679	545	-
11001	6157	12679	545	-
11001	6157	12679	545	-
11001	6157	12679	545	-
11001	6157	12679	545	-
11001	6157	12679	545	-
11001	6157	12679	545	-
11001	6157	12679	545	-
11001	6157	12679	545	-
11001	6157	12679	545	-
11001	6157	12679	545	-
11001	6157	12679	545	-
11001	6157	12679	545	-
11001	6157	12679	545	-
11001	6157	12679	545	-
11001	6157	12679	545	-
11001	18682	12679	545	-
11001	6157	12679	546	-
11001	6157	12679	546	-
11001	6157	12679	546	-
11001	6157	12679	546	-
11001	6157	12679	546	-
11001	6157	12679	546	-
11001	6157	12679	546	-
11001	6157	12679	546	-
11001	6157	12679	546	-
11001	6157	12679	546	-
11001	6157	12679	546	-
11001	18718	12679	546	-
11001	6157	12679	546	-
11001	6157	12679	546	-
11001	18682	12679	546	-
21708	10571	12679	554	-
21708	10571	12679	555	-
21708	10571	12679	555	-
21708	10571	12679	555	-
21708	10571	12679	555	-
21708	10571	12679	555	-
21708	10571	12679	555	-
21708	10571	12679	555	-
21708	10571	12679	555	-
21708	10571	12679	555	-
21708	10571	12679	555	-
21708	10571	12679	555	-
21708	10571	12679	555	-
21708	10571	12679	555	-
21708	10571	12679	555	-
21708	10571	12679	555	-
21708	10571	12679	555	-
21708	10571	12679	555	-
3611	18998	12679	570	-
11001	6157	8946	598	-
3957	587	8946	598	-
11001	10812	8946	601	-
11001	6157	8946	601	-
11001	8092	8946	604	-
11001	8092	8946	604	-
11001	8092	8946	604	-
11001	8092	8946	604	-
11001	8092	8946	604	-
11001	8092	8946	604	-
11001	8092	8946	604	-
11001	8092	8946	604	-
11001	8092	8946	604	-
11001	8092	8946	604	-
11001	8092	8946	604	-
11001	8092	8946	604	-
11001	8092	8946	604	-
11001	8092	8946	604	-
11001	8092	8946	604	-
11001	8092	8946	604	-
11001	8092	8946	604	-
11001	8092	8946	604	-
11001	8092	8946	604	-
11001	8092	8946	604	-
11001	8092	8946	605	-
11001	8092	8946	605	-
11001	8092	8946	605	-
11001	8092	8946	605	-
11001	8092	8946	605	-
11001	8092	8946	605	-
11001	8092	8946	605	-
11001	8092	8946	605	-
11001	8092	8946	605	-
11001	8092	8946	605	-
11001	8092	8946	605	-
11001	8092	8946	605	-
11001	18682	8946	605	-
11001	8092	8946	605	-
11001	8092	8946	605	-
11001	8092	8946	605	-
11001	8092	8946	605	-
3297	22986	8946	620	-
3297	15894	8946	620	-
21708	10571	8946	621	-
21708	10571	8946	621	-
3297	15667	8946	621	-
3297	19531	8946	622	-
19603	3297	8946	626	-
3374	9787	8946	629	-
3374	9787	8946	629	-
3374	10553	8946	629	-
3374	9787	8946	629	-
3374	10553	8946	629	-
3374	9787	8946	629	-
3374	9787	8946	629	-
3374	9787	8946	629	-
18246	20465	8946	636	-
18246	20465	8946	636	-
18246	20465	8946	636	-
18246	20465	8946	636	-
18246	20465	8946	636	-
18246	20465	8946	636	-
18246	20465	8946	636	-
7782	15667	8946	638	-
11001	18718	8946	639	-
3374	9787	8946	639	-
11001	18682	8946	639	-
3374	10553	8946	639	-
3374	9787	8946	639	-
3374	10553	8946	639	-
3374	9787	8946	639	-
3374	9787	8946	639	-
11001	15095	8946	642	-
11001	6157	8946	643	-
11001	6157	8946	643	-
11001	15095	8946	643	-
21708	10571	8946	643	-
11001	18718	8946	643	-
11001	15095	8946	643	-
11001	18682	8946	643	-
11001	15095	8946	643	-
21708	10571	8946	643	-
11001	6157	8946	643	-
11001	6157	8946	643	-
11001	18682	8946	643	-
11001	6157	8946	643	-
11001	6157	8946	643	-
11001	15095	8946	643	-
11001	6157	8946	643	-
11001	15095	8946	643	-
11001	6157	8946	643	-
11001	6157	8946	643	-
11001	6157	8946	643	-
11001	6157	8946	643	-
11001	18682	8946	643	-
11001	15095	8946	643	-
11001	6157	8946	643	-
11001	15095	8946	644	-
11001	15095	8946	644	-
11001	6157	8946	644	-
11001	15095	8946	644	-
11001	15095	8946	644	-
11001	6157	8946	644	-
11001	6157	8946	644	-
11001	18682	8946	644	-
11001	15095	8946	644	-
11001	6157	8946	644	-
20312	8452	8946	644	-
11001	6157	8946	644	-
11001	15095	8946	644	-
11001	6157	8946	644	-
11001	6157	8946	644	-
11001	6157	8946	644	-
11001	6157	8946	644	-
11001	15095	8946	644	-
11001	15095	8946	644	-
11001	15095	8946	644	-
11001	6157	8946	644	-
11001	6157	8946	644	-
11001	6157	8946	644	-
11001	15095	8946	644	-
11001	18682	8946	644	-
11001	6157	8946	644	-
11001	18682	8946	644	-
11001	18682	8946	644	-
11001	15095	8946	644	-
11001	6157	8946	644	-
11001	18682	8946	644	-
11001	6157	8946	644	-
3611	10197	8946	649	-
3611	10197	8946	650	-
3611	10197	8946	650	-
3611	10197	8946	650	-
3611	10197	8946	650	-
3611	10197	8946	650	-
3611	10197	8946	650	-
3611	10197	8946	650	-
3611	10197	8946	650	-
3611	10197	8946	650	-
3611	10197	8946	650	-
3611	10197	8946	650	-
3611	10197	8946	653	-
3611	10197	8946	653	-
3611	10197	8946	653	-
3611	10197	8946	653	-
11001	15667	44339	658	-
11001	16671	44339	661	-
11001	16671	44339	661	-
11001	3957	44339	661	-
11001	16671	44339	661	-
11001	16671	44339	661	-
11001	3957	44339	661	-
11001	3957	44339	661	-
11001	16671	44339	661	-
11001	3957	44339	661	-
11001	16671	44339	661	-
11001	16671	44339	661	-
11001	16671	44339	661	-
11001	16671	44339	661	-
11001	16671	44339	661	-
11001	16671	44339	661	-
11001	16671	44339	666	-
11001	16671	44339	666	-
11001	16671	44339	666	-
11001	16671	44339	666	-
11001	16671	44339	666	-
11001	16671	44339	666	-
11001	16671	44339	666	-
11001	16671	44339	666	-
11001	16671	44339	666	-
11001	3957	44339	666	-
11001	16671	44339	666	-
11001	16671	44339	666	-
11001	16671	44339	666	-
3611	10197	44339	672	-
3611	10197	44339	672	-
3611	10197	44339	672	-
3611	10197	44339	672	-
3611	10197	44339	672	-
3611	10197	44339	672	-
3611	10197	44339	672	-
3611	10197	44339	672	-
3611	10197	44339	672	-
3611	10197	44339	672	-
3611	10197	44339	672	-
3611	10197	44339	672	-
20312	3461	44339	679	-
3957	5938	44339	679	-
21708	6157	44339	694	-
21708	6157	44339	694	-
21708	6157	44339	694	-
21708	6157	44339	694	-
21708	6157	44339	694	-
21708	6157	44339	694	-
21708	6157	44339	695	-
21708	6157	44339	695	-
21708	6157	44339	695	-
21708	6157	44339	695	-
21708	6157	44339	695	-
21708	6157	44339	695	-
21708	6157	44339	695	-
21708	6157	44339	695	-
21708	18682	44339	695	-
21708	6157	44339	695	-
21708	18718	44339	695	-
21708	6157	44339	695	-
21708	6157	44339	695	-
21708	6157	44339	695	-
21708	6157	44339	695	-
21708	6157	44339	695	-
21708	6157	44339	695	-
21708	6157	44339	695	-
21708	6157	44339	695	-
21708	6157	44339	695	-
21708	6157	44339	695	-
21708	6157	44339	695	-
21708	6157	44339	695	-
21708	6157	44339	695	-
21708	6157	44339	695	-
21708	6157	44339	695	-
21708	6157	44339	695	-
21708	6157	44339	695	-
21708	6157	44339	695	-
21708	6157	44339	695	-
21708	6157	44339	695	-
21708	18682	44339	695	-
21708	6157	44339	695	-
11001	20367	44339	697	-
11001	23317	44339	697	-
3374	10553	44339	701	-
3374	6157	44339	701	-
3374	6157	44339	702	-
3374	6157	44339	702	-
3374	18718	44339	702	-
3374	6157	44339	702	-
3374	6157	44339	702	-
3374	6157	44339	702	-
3374	6157	44339	702	-
3374	6157	44339	702	-
3374	6157	44339	702	-
3374	6157	44339	702	-
3374	6157	44339	702	-
3374	6157	44339	702	-
3374	6157	44339	702	-
3374	6157	44339	702	-
3374	6157	44339	702	-
3374	6157	44339	702	-
3374	6157	44339	702	-
3374	6157	44339	702	-
3374	6157	44339	702	-
3374	6157	44339	702	-
3374	6157	44339	702	-
3374	6157	44339	702	-
3374	6157	44339	702	-
3374	6157	44339	702	-
3374	6157	44339	702	-
3374	6157	44339	702	-
3374	6157	44339	702	-
3374	6157	44339	702	-
3374	6157	44339	702	-
3374	18682	44339	702	-
3374	6157	44339	702	-
3374	6157	44339	702	-
3374	6157	44339	702	-
3374	6157	44339	702	-
3374	6157	44339	702	-
16671	15894	44339	703	-
3374	18682	44339	703	-
3374	6157	44339	703	-
3374	6157	44339	703	-
10571	8452	20559	718	-
19839	5938	20559	726	-
20312	14437	20559	726	-
20312	3611	20559	726	-
20312	16593	20559	728	-
20312	9554	20559	728	-
21708	10553	20559	734	-
21708	9787	20559	735	-
21708	9787	20559	735	-
21708	9787	20559	735	-
20312	7268	20559	743	-
3611	15005	20559	746	-
12332	16531	20559	753	-
3957	21708	20559	753	-
3611	10197	20559	754	-
3611	10197	20559	754	-
3611	10197	20559	754	-
3611	10197	20559	754	-
3611	10197	20559	754	-
17624	16531	20559	761	-
3957	15667	20559	761	-
11001	3076	76	785	-
11001	3076	76	785	-
11001	3076	76	785	-
11001	3076	76	785	-
11001	3076	76	785	-
11001	3076	76	785	-
11001	3076	76	785	-
11001	3076	76	786	-
11001	3076	76	786	-
11001	3076	76	786	-
11001	3076	76	786	-
11001	3076	76	786	-
11001	3076	76	786	-
11001	3076	76	786	-
11001	3076	76	786	-
11001	3076	76	786	-
11001	3076	76	786	-
11001	3076	76	786	-
11001	3076	76	786	-
11001	3076	76	786	-
11001	3076	76	786	-
11001	3076	76	786	-
11001	3076	76	786	-
11001	3076	76	786	-
11001	3076	76	786	-
11001	3076	76	786	-
11001	3076	76	786	-
11001	3076	76	786	-
3611	10197	76	794	-
3611	10197	76	794	-
3611	10197	76	794	-
21708	16409	76	808	-
21708	16409	76	808	-
21708	16409	76	808	-
21708	16409	76	808	-
11001	3076	76	817	-
11001	3076	76	817	-
11001	3076	76	817	-
11001	3076	76	817	-
11001	3076	76	817	-
11001	3076	76	817	-
11001	3076	76	817	-
11001	3076	76	817	-
11001	3076	76	817	-
11001	3076	76	817	-
11001	3076	76	817	-
11001	3076	76	817	-
11001	3076	76	817	-
11001	3076	76	817	-
11001	3076	76	817	-
11001	3076	76	817	-
11001	3076	76	817	-
11001	3076	76	817	-
11001	3076	76	818	-
11001	3076	76	818	-
11001	3076	76	818	-
11001	3076	76	818	-
11001	3076	76	818	-
11001	3076	76	818	-
11001	3076	76	818	-
11001	3076	76	818	-
11001	3076	76	818	-
11001	3076	76	818	-
3076	3297	76	819	-
3374	9787	17047	844	-
3374	10553	17047	844	-
3374	9787	17047	844	-
3374	9787	17047	844	-
3374	9787	17047	844	-
3374	10553	17047	844	-
3611	10197	17047	867	-
3374	9787	17047	868	-
3374	9787	17047	868	-
3374	9787	17047	868	-
3374	10553	17047	868	-
21708	16409	17047	869	-
21708	16409	17047	869	-
21708	16409	17047	869	-
21708	16409	17047	869	-
21708	16409	17047	869	-
21708	16409	17047	869	-
21708	16409	17047	869	-
21708	16409	17047	869	-
21708	16409	17047	869	-
21708	16409	17047	869	-
21708	16409	17047	869	-
21708	16409	17047	869	-
21708	16409	17047	869	-
11001	10429	17047	871	-
21708	16409	17047	878	-
21708	16409	17047	878	-
21708	16409	17047	878	-
21708	16409	17047	878	-
11001	22502	17047	879	-
11001	22502	17047	879	-
11001	9423	17047	879	-
11001	22502	17047	879	-
11001	22502	17047	879	-
11001	22502	17047	879	-
11001	22502	17047	880	-
11001	22502	17047	880	-
11001	22502	17047	880	-
11001	22502	17047	880	-
11001	22502	17047	880	-
11001	22502	17047	880	-
11001	22502	17047	880	-
11001	22502	17047	880	-
11001	22502	17047	880	-
11001	22502	17047	880	-
11001	22502	17047	880	-
11001	22502	17047	880	-
11001	22502	17047	880	-
11001	22502	17047	880	-
11001	22502	17047	880	-
11001	22502	17047	880	-
11001	22502	17047	880	-
11001	22502	17047	880	-
11001	22502	17047	880	-
11001	22502	17047	880	-
11001	22502	17047	880	-
11001	22502	17047	880	-
11001	22502	17047	880	-
11001	22502	17047	880	-
3076	3297	17047	888	-
3957	22986	17047	891	-
3076	16531	17047	891	-
15394	4800	15719	898	-
3957	15894	15719	903	-
7179	16531	15719	903	-
3611	21510	15719	905	-
3611	21510	15719	905	-
3611	21510	15719	905	-
3611	21510	15719	905	-
3611	21510	15719	905	-
3611	21510	15719	905	-
3611	21510	15719	905	-
3611	21510	15719	905	-
3611	21510	15719	905	-
3611	21510	15719	905	-
3611	3076	15719	932	-
3611	3076	15719	932	-
3611	3076	15719	932	-
3611	3076	15719	932	-
3611	3076	15719	932	-
3611	3076	15719	932	-
3611	3076	15719	932	-
3611	3076	15719	932	-
3611	3076	15719	932	-
3611	21862	15719	935	-
3611	21862	15719	935	-
3611	3076	15719	936	-
3611	3076	15719	936	-
3611	3076	15719	936	-
3611	3076	15719	936	-
3611	3076	15719	936	-
3611	3076	15719	936	-
3611	3076	15719	936	-
3611	3076	15719	936	-
3611	3076	15719	936	-
3611	3076	15719	936	-
3611	3076	15719	936	-
3611	3076	15719	936	-
3611	3076	15719	936	-
3611	3076	15719	936	-
3611	3076	15719	936	-
3611	3076	15719	936	-
3611	3076	15719	936	-
3611	3076	15719	936	-
21708	16409	15719	938	-
21708	16409	15719	938	-
21708	16409	15719	938	-
21708	16409	15719	938	-
21708	16409	15719	938	-
21708	16409	15719	938	-
21708	16409	15719	938	-
21708	16409	15719	938	-
21708	16409	15719	938	-
21708	16409	15719	938	-
21708	16409	15719	938	-
21708	16409	15719	938	-
21708	16409	15719	938	-
12332	3461	15719	945	-
21708	11909	15719	950	-
21708	11909	15719	951	-
21708	11909	15719	951	-
21708	11909	15719	951	-
21708	11909	15719	951	-
21708	11909	15719	951	-
21708	11909	15719	951	-
21708	11909	15719	951	-
21708	11909	15719	951	-
21708	11909	15719	951	-
21708	11909	15719	951	-
21708	11909	15719	951	-
21708	11909	15719	951	-
21708	11909	15719	951	-
21708	11909	15719	951	-
21708	11909	15719	951	-
21708	11909	15719	951	-
21708	11909	15719	951	-
21708	11909	15719	951	-
21708	11909	15719	951	-
21708	11909	15719	951	-
21708	11909	15719	951	-
21708	11909	15719	951	-
21708	11909	15719	951	-
21708	11909	15719	951	-
21708	11909	15719	951	-
21708	11909	15719	951	-
21708	11909	15719	951	-
21708	11909	15719	951	-
21708	11909	15719	951	-
21708	11909	15719	951	-
21708	11909	15719	951	-
21708	11909	15719	951	-
13993	15737	15719	952	-
13993	10197	15719	952	-
14267	17923	15719	952	-
13993	10197	15719	952	-
13993	15737	15719	952	-
13993	15737	15719	952	-
13993	15737	15719	952	-
13993	10197	15719	952	-
13993	10197	15719	952	-
14267	17923	15719	956	-
14267	17923	15719	956	-
14267	17923	15719	956	-
14267	17923	15719	956	-
14267	17923	15719	956	-
14267	17923	15719	956	-
14267	17923	15719	956	-
20367	19350	10009	958	-
21708	4559	10009	963	-
21708	4559	10009	963	-
21708	4559	10009	963	-
21708	4559	10009	963	-
21708	4559	10009	963	-
21708	4559	10009	963	-
21708	4559	10009	963	-
3374	9787	10009	967	-
3374	9787	10009	967	-
3374	9787	10009	967	-
3374	10553	10009	967	-
3374	22516	10009	972	-
3374	10553	10009	972	-
3374	10553	10009	972	-
3374	9787	10009	972	-
3374	10553	10009	972	-
11001	22502	10009	977	-
11001	22502	10009	977	-
11001	22502	10009	977	-
11001	22502	10009	977	-
11001	22502	10009	977	-
11001	22502	10009	977	-
11001	22502	10009	977	-
11001	22502	10009	977	-
11001	22502	10009	977	-
11001	22502	10009	977	-
11001	22502	10009	977	-
11001	22502	10009	978	-
11001	22502	10009	978	-
11001	22502	10009	978	-
11001	22502	10009	978	-
11001	22502	10009	978	-
11001	22502	10009	978	-
11001	22502	10009	978	-
11001	22502	10009	978	-
11001	22502	10009	978	-
14267	21077	10009	984	-
14267	7601	10009	988	-
3611	21510	10009	989	-
3611	21510	10009	989	-
3611	21510	10009	989	-
3611	21510	10009	989	-
11001	5946	10009	989	-
11001	5946	10009	989	-
11001	5946	10009	989	-
11001	5946	10009	989	-
11001	5946	10009	989	-
11001	5946	10009	989	-
3611	21510	10009	989	-
11001	5946	10009	989	-
3611	21510	10009	989	-
3611	21510	10009	989	-
3611	21510	10009	989	-
3611	21510	10009	989	-
3611	21510	10009	989	-
11001	5946	10009	989	-
11001	5946	10009	989	-
14267	16409	10009	1003	-
14267	16409	10009	1003	-
14267	16409	10009	1003	-
14267	16409	10009	1003	-
11001	5946	10009	1005	-
11001	5946	10009	1005	-
11001	5946	10009	1005	-
11001	5946	10009	1005	-
11001	5946	10009	1005	-
11001	5946	10009	1005	-
11001	5946	10009	1005	-
11001	5946	10009	1005	-
11001	5946	10009	1005	-
11001	5946	10009	1005	-
11001	5946	10009	1005	-
11001	5946	10009	1005	-
11001	5946	10009	1005	-
11001	5946	10009	1005	-
3374	12332	10009	1011	-
3374	12332	10009	1012	-
3374	12332	10009	1012	-
3374	12332	10009	1012	-
3374	12332	10009	1012	-
3374	12332	10009	1012	-
3374	12332	10009	1012	-
3374	12332	10009	1012	-
3374	12332	10009	1012	-
3374	12332	10009	1012	-
3374	12332	10009	1012	-
3374	12332	10009	1012	-
3374	12332	10009	1012	-
3374	12332	10009	1012	-
3374	12332	10009	1012	-
3374	12332	10009	1012	-
3374	12332	10009	1012	-
3374	12332	10009	1012	-
3374	12332	10009	1012	-
3374	12332	10009	1012	-
3374	12332	10009	1012	-
3374	12332	27904	1032	-
3374	12332	27904	1032	-
3374	12332	27904	1032	-
3374	12332	27904	1032	-
3374	12332	27904	1032	-
3374	12332	27904	1032	-
3374	12332	27904	1032	-
3374	12332	27904	1032	-
3374	12332	27904	1032	-
3374	12332	27904	1032	-
3374	12332	27904	1032	-
3374	12332	27904	1032	-
3374	12332	27904	1032	-
3374	12332	27904	1032	-
3374	12332	27904	1032	-
3374	12332	27904	1033	-
3374	12332	27904	1033	-
3374	12332	27904	1033	-
3374	12332	27904	1033	-
3374	12332	27904	1033	-
3374	12332	27904	1033	-
3374	12332	27904	1033	-
3374	12332	27904	1033	-
3374	12332	27904	1033	-
3374	12332	27904	1033	-
3374	12332	27904	1033	-
3374	12332	27904	1033	-
3374	12332	27904	1033	-
3374	12332	27904	1033	-
3374	12332	27904	1033	-
3374	12332	27904	1033	-
3374	12332	27904	1033	-
3374	12332	27904	1033	-
3374	12332	27904	1033	-
3374	12332	27904	1033	-
3374	12332	27904	1033	-
3374	12332	27904	1033	-
3374	12332	27904	1033	-
3374	12332	27904	1033	-
3374	12332	27904	1033	-
15737	16671	27904	1042	-
15737	16671	27904	1046	-
15737	16671	27904	1046	-
15737	16671	27904	1046	-
15737	16671	27904	1046	-
15737	3957	27904	1046	-
15737	3957	27904	1046	-
15737	3957	27904	1046	-
15737	16671	27904	1046	-
15737	16671	27904	1046	-
15737	16671	27904	1046	-
15737	3957	27904	1046	-
15737	16671	27904	1046	-
15737	16671	27904	1046	-
15737	16671	27904	1046	-
11001	5946	27904	1048	-
11001	5946	27904	1048	-
11001	5946	27904	1048	-
11001	5946	27904	1048	-
11001	5946	27904	1048	-
11001	5946	27904	1048	-
11001	5946	27904	1048	-
11001	5946	27904	1048	-
11001	5946	27904	1048	-
3611	2792	27904	1063	-
15737	16671	25523	1083	-
15737	16671	25523	1083	-
15737	16671	25523	1083	-
15737	16671	25523	1083	-
15737	16671	25523	1083	-
15737	16671	25523	1083	-
15737	16671	25523	1083	-
15737	16671	25523	1083	-
15737	3957	25523	1083	-
15737	16671	25523	1083	-
15737	16671	25523	1083	-
15737	16671	25523	1084	-
15737	16671	25523	1084	-
3611	10705	25523	1089	-
11001	11900	25523	1092	-
3611	11900	25523	1092	-
14267	16409	25523	1094	-
14267	16409	25523	1094	-
14267	16409	25523	1094	-
14267	16409	25523	1094	-
14267	16409	25523	1094	-
14267	16409	25523	1094	-
14267	16409	25523	1094	-
14267	16409	25523	1094	-
14267	16409	25523	1094	-
14267	16409	25523	1094	-
14267	16409	25523	1094	-
14267	16409	25523	1094	-
14267	16409	25523	1094	-
13993	7215	25523	1103	-
13993	7215	25523	1103	-
13993	7215	25523	1103	-
13993	7215	25523	1103	-
13993	7215	25523	1103	-
13993	7215	25523	1103	-
13993	7215	25523	1104	-
13993	7215	25523	1104	-
13993	7215	25523	1104	-
13993	7215	25523	1104	-
13993	7215	25523	1104	-
3374	7215	25523	1108	-
3374	7215	25523	1108	-
3374	7215	25523	1108	-
3374	7215	25523	1108	-
3374	7215	25523	1108	-
3374	7215	25523	1108	-
3374	7215	25523	1108	-
3374	7215	25523	1108	-
3374	7215	25523	1108	-
3374	7215	25523	1109	-
3374	7215	25523	1109	-
14267	16409	25523	1117	-
14267	16409	25523	1117	-
14267	16409	25523	1117	-
14267	16409	25523	1117	-
3611	10197	25523	1125	-
15737	12594	25523	1125	-
3374	7215	25523	1125	-
3374	7215	25523	1125	-
15737	16671	25523	1125	-
15737	3957	25523	1125	-
15737	16671	25523	1125	-
15737	3957	25523	1125	-
15737	12594	25523	1125	-
15737	17624	25523	1125	-
17624	16531	25523	1125	-
3374	7215	25523	1125	-
3374	7215	25523	1125	-
3374	7215	25523	1125	-
15737	16671	25523	1125	-
15737	16671	25523	1126	-
15737	16671	25523	1126	-
15737	16671	25523	1126	-
15737	16671	25523	1126	-
15737	16671	25523	1126	-
15737	16671	25523	1126	-
15737	16671	25523	1126	-
11001	5946	25523	1129	-
11001	5946	25523	1132	-
11001	5946	25523	1132	-
11001	5946	25523	1132	-
11001	5946	25523	1132	-
11001	5946	25523	1132	-
11001	17783	25523	1132	-
3611	10197	46508	1142	-
3611	10197	46508	1143	-
3611	10197	46508	1143	-
13993	22986	46508	1145	-
14267	3374	46508	1147	-
14267	3374	46508	1148	-
14267	3374	46508	1148	-
14267	3374	46508	1148	-
14267	3374	46508	1148	-
14267	3374	46508	1148	-
14267	3374	46508	1148	-
3374	7215	46508	1162	-
3374	7215	46508	1162	-
13993	7215	46508	1174	-
3297	15894	7017	1203	-
15737	16671	7017	1203	-
15737	16671	7017	1204	-
15737	16671	7017	1204	-
15737	16671	7017	1204	-
15737	16671	7017	1204	-
15737	16671	7017	1204	-
15737	16671	7017	1204	-
15737	16671	7017	1204	-
15737	16671	7017	1204	-
15737	16671	7017	1204	-
15737	16671	7017	1204	-
15737	16671	7017	1204	-
15737	3957	7017	1204	-
11001	5946	7017	1216	-
11001	5946	7017	1216	-
11001	5946	7017	1216	-
11001	5946	7017	1216	-
11001	5946	7017	1216	-
11001	5946	7017	1216	-
11001	5946	7017	1216	-
11001	5946	7017	1216	-
11001	5946	7017	1216	-
15737	17392	7017	1249	-
11001	15667	7017	1250	-
15737	17392	7017	1250	-
15737	17392	7017	1250	-
15737	17392	7017	1250	-
15737	17392	7017	1250	-
15737	17392	7017	1250	-
15737	17392	7017	1250	-
15737	17392	7017	1250	-
15737	17392	7017	1250	-
15737	17392	7017	1250	-
15737	17392	7017	1250	-
15737	17392	7017	1250	-
15737	17392	7017	1250	-
15737	17392	7017	1250	-
15737	17392	7017	1250	-
15737	17392	7017	1250	-
15737	17392	7017	1250	-
15737	17392	7017	1250	-
15737	17392	7017	1250	-
15737	17392	7017	1250	-
15737	17392	7017	1251	-
15737	17392	7017	1251	-
15737	17392	7017	1251	-
15737	17392	7017	1251	-
15737	17392	7017	1251	-
15737	17392	7017	1251	-
15737	17392	7017	1251	-
15737	17392	7017	1251	-
3374	7215	32585	1261	-
3374	7215	32585	1262	-
3374	7215	32585	1262	-
3611	15737	32585	1273	-
3611	15737	32585	1273	-
3611	10197	32585	1273	-
3611	15737	32585	1273	-
3611	10197	32585	1273	-
3611	15737	32585	1273	-
3611	10197	32585	1273	-
3611	10197	32585	1273	-
14267	3374	32585	1274	-
14267	17005	32585	1274	-
14267	3374	32585	1274	-
14267	3374	32585	1274	-
7215	19834	32585	1300	-
3957	15394	32585	1305	-
15737	17392	32585	1310	-
15737	17392	32585	1310	-
15737	17392	32585	1310	-
15737	17392	32585	1310	-
15737	17392	32585	1310	-
15737	17392	32585	1310	-
15737	17392	32585	1310	-
15737	17392	32585	1310	-
15737	17392	32585	1310	-
15737	17392	32585	1310	-
15737	17392	32585	1310	-
15737	17392	32585	1310	-
15737	17392	32585	1310	-
15737	17392	32585	1310	-
15737	17392	32585	1310	-
15737	17392	32585	1310	-
15737	17392	32585	1310	-
15737	17392	32585	1310	-
15737	17392	32585	1310	-
15737	17392	32585	1310	-
15737	17392	32585	1310	-
15737	17392	32585	1310	-
15737	17392	32585	1310	-
3374	7215	41175	1319	-
3374	7215	41175	1319	-
3374	7215	41175	1319	-
19839	11900	41175	1326	-
3957	11900	41175	1326	-
10571	3611	41175	1326	-
14267	17392	41175	1333	-
14267	17392	41175	1333	-
14267	17392	41175	1334	-
14267	17392	41175	1334	-
14267	17392	41175	1334	-
14267	17392	41175	1334	-
14267	17392	41175	1334	-
14267	17392	41175	1334	-
14267	17392	41175	1334	-
14267	17392	41175	1334	-
14267	17392	41175	1334	-
14267	17392	41175	1334	-
14267	17392	41175	1334	-
14267	17392	41175	1334	-
14267	17392	41175	1334	-
14267	17392	41175	1334	-
14267	17392	41175	1334	-
14267	17392	41175	1334	-
14267	17392	41175	1334	-
14267	17392	41175	1334	-
14267	17392	41175	1334	-
14267	17392	41175	1334	-
14267	17392	41175	1334	-
14267	17392	41175	1334	-
14267	17392	41175	1334	-
14267	17392	41175	1334	-
14267	17392	41175	1334	-
14267	17392	41175	1334	-
12985	15667	41175	1335	-
3374	3374	41175	1357	-
3374	3374	41175	1357	-
3374	3374	41175	1357	-
3374	3374	41175	1357	-
3374	3374	41175	1357	-
3374	3374	41175	1357	-
3374	3374	41175	1357	-
3611	10197	41175	1376	-
3611	10197	41175	1376	-
3611	10197	41175	1376	-
14267	17392	35556	1379	-
14267	17392	35556	1379	-
14267	17392	35556	1379	-
14267	17392	35556	1379	-
14267	17392	35556	1379	-
14267	17392	35556	1379	-
14267	17392	35556	1379	-
14267	17392	35556	1380	-
14267	17392	35556	1380	-
14267	17392	35556	1380	-
14267	17392	35556	1380	-
14267	17392	35556	1380	-
14267	17392	35556	1380	-
14267	17392	35556	1380	-
14267	17392	35556	1380	-
14267	17392	35556	1380	-
14267	4344	35556	1389	-
14267	4181	35556	1392	-
19531	22986	35556	1395	-
19531	5938	35556	1395	-
14267	4181	35556	1396	-
14267	4344	35556	1396	-
14267	4181	35556	1396	-
14267	4181	35556	1396	-
14267	18246	35556	1396	-
19531	19531	35556	1396	-
11001	5946	35556	1399	-
11001	5946	35556	1399	-
11001	5946	35556	1399	-
11001	5946	35556	1399	-
11001	5946	35556	1399	-
11001	5946	35556	1399	-
11001	5946	35556	1399	-
11001	5946	35556	1399	-
19531	15667	35556	1406	-
3374	7215	35556	1413	-
3374	7215	35556	1413	-
3374	7215	35556	1413	-
3374	7215	35556	1414	-
3374	7215	35556	1414	-
3374	7215	35556	1414	-
3374	7215	35556	1414	-
3374	7215	35556	1414	-
3374	7215	35556	1414	-
3374	7215	35556	1414	-
3374	7215	35556	1414	-
14267	4181	35556	1417	-
3611	8882	35556	1417	-
3611	8882	35556	1417	-
3611	8882	35556	1417	-
14267	4181	35556	1417	-
3611	8882	35556	1417	-
3611	8882	35556	1417	-
3611	8882	35556	1417	-
3611	8882	35556	1417	-
3611	8882	35556	1417	-
3611	8882	35556	1417	-
3611	8882	35556	1417	-
3611	8882	35556	1417	-
3611	8882	35556	1417	-
3611	8882	35556	1417	-
3611	8882	35556	1418	-
14267	4181	35556	1418	-
3611	8882	35556	1418	-
14267	4181	35556	1418	-
14267	4181	35556	1418	-
3611	8882	35556	1418	-
3611	8882	35556	1418	-
14267	4181	35556	1418	-
14267	4181	35556	1418	-
14267	4181	35556	1418	-
3611	8882	35556	1418	-
14267	4181	35556	1418	-
14267	4181	35556	1418	-
3611	8882	35556	1418	-
3611	8882	35556	1421	-
3611	8882	35556	1421	-
3611	8882	35556	1421	-
3611	8882	35556	1421	-
3611	3069	35556	1421	-
3611	8882	35556	1424	-
3611	8882	35556	1424	-
3611	8882	35556	1424	-
3611	8882	35556	1424	-
3611	8882	35556	1424	-
3611	3285	35556	1424	-
3611	8882	35556	1424	-
15737	17392	35556	1434	-
15737	17392	35556	1434	-
15737	17392	35556	1434	-
15737	17392	35556	1434	-
15737	17392	35556	1434	-
15737	17392	35556	1434	-
15737	17392	35556	1434	-
15737	17392	35556	1434	-
15737	17392	35556	1434	-
15737	17392	35556	1434	-
15737	17392	35556	1434	-
13993	17005	35556	1434	-
15737	17392	35556	1434	-
15737	17392	35556	1435	-
15737	17392	35556	1435	-
11001	21954	7055	1443	-
11001	21954	7055	1443	-
11001	21954	7055	1443	-
11001	21954	7055	1443	-
11001	21954	7055	1443	-
11001	21954	7055	1443	-
11001	21954	7055	1443	-
11001	21954	7055	1443	-
11001	21954	7055	1444	-
11001	21954	7055	1444	-
11001	21954	7055	1444	-
3374	7215	7055	1446	-
3374	1004	7055	1455	-
3374	1004	7055	1455	-
3374	1004	7055	1455	-
3374	1004	7055	1455	-
3374	1004	7055	1455	-
3374	1004	7055	1455	-
3374	1004	7055	1455	-
3374	1004	7055	1455	-
3374	1004	7055	1455	-
3374	1004	7055	1455	-
3374	1004	7055	1455	-
3374	1004	7055	1455	-
3374	1004	7055	1455	-
3374	1004	7055	1455	-
3374	1004	7055	1455	-
3374	1004	7055	1455	-
3374	1004	7055	1455	-
3374	1004	7055	1455	-
3374	1004	7055	1455	-
3374	1004	7055	1455	-
3374	10429	7055	1455	-
15737	17392	7055	1464	-
3374	21249	7055	1474	-
3374	21249	7055	1474	-
3374	21249	7055	1474	-
3374	21249	7055	1474	-
3374	21249	7055	1474	-
3374	21249	7055	1474	-
3374	21249	7055	1474	-
3374	21249	7055	1474	-
3374	21249	7055	1474	-
3374	21249	7055	1474	-
3374	21249	7055	1474	-
3374	21249	7055	1474	-
3374	21249	7055	1474	-
3374	21249	7055	1475	-
3374	21249	7055	1475	-
3374	21249	7055	1475	-
3374	21249	7055	1475	-
3374	21249	7055	1475	-
3374	21249	7055	1475	-
3374	21249	7055	1475	-
3374	21249	7055	1475	-
3374	21249	7055	1475	-
3374	21249	7055	1475	-
3374	21249	7055	1475	-
3374	21249	7055	1475	-
3374	21249	7055	1475	-
3374	21249	7055	1475	-
3374	21249	7055	1475	-
3374	21249	7055	1475	-
3374	21249	7055	1475	-
3374	21249	7055	1475	-
3374	21249	7055	1475	-
3374	21249	7055	1475	-
3374	21249	7055	1475	-
3374	21249	7055	1475	-
3374	21249	7055	1475	-
3374	21249	7055	1475	-
3374	21249	7055	1475	-
3374	21249	7055	1475	-
3374	21249	7055	1475	-
3374	21249	7055	1475	-
3374	21249	7055	1475	-
3374	21249	7055	1475	-
3374	21249	7055	1475	-
3374	21249	7055	1475	-
14547	5938	7055	1485	-
14547	19834	7055	1487	-
23317	882	43393	1498	-
10429	18998	43393	1505	-
3611	8882	43393	1517	-
3611	8882	43393	1517	-
3611	8882	43393	1517	-
3611	8882	43393	1517	-
3611	8882	43393	1517	-
3611	8882	43393	1517	-
3611	8882	43393	1517	-
3611	8882	43393	1517	-
3611	8882	43393	1517	-
3611	8882	43393	1517	-
3611	8882	43393	1517	-
3611	8882	43393	1517	-
3611	8882	43393	1517	-
3611	8882	43393	1517	-
3611	8882	43393	1517	-
3611	8882	43393	1517	-
3611	8882	43393	1517	-
3957	587	43393	1517	-
3611	16173	43393	1520	-
3611	16173	43393	1520	-
3611	16173	43393	1520	-
3611	16173	43393	1520	-
3611	8882	43393	1520	-
3611	8882	43393	1520	-
3611	16173	43393	1520	-
3957	19834	43393	1521	-
882	3297	43393	1521	-
882	7268	43393	1521	-
882	16332	43393	1522	-
12332	14437	43393	1527	-
19839	21708	43393	1527	-
12332	3611	43393	1527	-
12332	23167	43393	1528	-
12332	2843	43393	1529	-
12332	3461	43393	1530	-
3611	20646	43393	1531	-
3611	20646	43393	1531	-
3611	20646	43393	1531	-
3611	20646	43393	1531	-
3611	20646	43393	1531	-
3611	20646	43393	1531	-
3611	20646	43393	1531	-
3611	20646	43393	1531	-
3611	20646	43393	1531	-
3611	20646	43393	1531	-
3611	20646	43393	1531	-
12332	16531	43393	1531	-
12332	9554	43393	1532	-
12332	16332	43393	1533	-
14267	11097	43393	1557	-
14267	11097	43393	1557	-
14267	11097	43393	1557	-
14267	11097	43393	1557	-
14267	11097	43393	1557	-
14267	11097	43393	1557	-
14267	11097	43393	1557	-
14267	11097	43393	1557	-
14267	11097	43393	1557	-
14267	11097	43393	1557	-
11001	21954	10013	1565	-
882	23167	10013	1575	-
882	16531	10013	1576	-
882	16332	10013	1577	-
14267	11097	10013	1579	-
14267	11097	10013	1579	-
14267	11097	10013	1579	-
14267	11097	10013	1579	-
14267	11097	10013	1579	-
14267	11097	10013	1579	-
14267	11097	10013	1579	-
14267	11097	10013	1579	-
14267	11097	10013	1579	-
14267	11097	10013	1579	-
3374	4273	10013	1594	-
16671	15667	10013	1599	-
13993	11909	10013	1615	-
13993	11909	10013	1616	-
13993	11909	10013	1616	-
13993	11909	10013	1616	-
13993	11909	10013	1616	-
13993	11909	10013	1616	-
13993	11909	10013	1616	-
13993	11909	10013	1616	-
13993	11909	10013	1616	-
13993	11909	10013	1616	-
13993	11909	10013	1616	-
13993	11909	10013	1616	-
13993	11909	10013	1616	-
13993	11909	10013	1616	-
13993	11909	10013	1616	-
13993	11909	10013	1616	-
13993	11909	10013	1616	-
13993	11909	10013	1616	-
13993	11909	10013	1616	-
13993	11909	10013	1616	-
13993	11909	10013	1616	-
13993	11909	10013	1616	-
13993	11909	10013	1616	-
13993	11909	10013	1616	-
13993	11909	10013	1616	-
13993	11909	10013	1616	-
13993	11909	10013	1616	-
3611	8129	10013	1617	-
3611	8129	10013	1617	-
3611	8129	10013	1617	-
3611	8129	10013	1617	-
3611	8129	10013	1617	-
3611	8129	10013	1617	-
3611	8129	10013	1617	-
3611	8129	10013	1617	-
3611	8129	10013	1617	-
13993	11909	10013	1617	-
3611	8129	10013	1617	-
3611	8129	10013	1617	-
13993	11909	10013	1617	-
13993	11909	10013	1617	-
13993	11909	10013	1617	-
13993	11909	10013	1617	-
13993	11909	10013	1617	-
3374	7215	10538	1620	-
14267	11097	10538	1633	-
14267	11097	10538	1633	-
14267	11097	10538	1633	-
14267	11097	10538	1633	-
14267	11097	10538	1633	-
14267	11097	10538	1633	-
14267	11097	10538	1633	-
14267	11097	10538	1633	-
14267	11097	10538	1633	-
14267	11097	10538	1634	-
14267	11097	10538	1634	-
14267	11097	10538	1634	-
14267	11097	10538	1634	-
3611	8129	10538	1638	-
3611	8129	10538	1638	-
3611	8129	10538	1638	-
3611	8129	10538	1638	-
3611	8129	10538	1638	-
3611	8129	10538	1638	-
3611	8129	10538	1638	-
3611	8129	10538	1638	-
3611	8129	10538	1638	-
13993	11909	10538	1645	-
13993	11909	10538	1646	-
13993	11909	10538	1646	-
13993	11909	10538	1646	-
13993	11909	10538	1646	-
13993	11909	10538	1646	-
13993	11909	10538	1646	-
13993	11909	10538	1646	-
13993	11909	10538	1646	-
13993	11909	10538	1646	-
13993	11909	10538	1646	-
13993	11909	10538	1646	-
13993	11909	10538	1646	-
11001	15506	10538	1659	-
13993	19531	10538	1663	-
3611	12382	10538	1671	-
3611	12382	10538	1671	-
3611	12382	10538	1671	-
3611	12382	10538	1671	-
3611	12382	10538	1671	-
3611	12382	10538	1671	-
3611	12382	10538	1671	-
3611	12382	10538	1671	-
13993	3374	4436	1709	-
13993	3374	4436	1709	-
13993	3374	4436	1709	-
13993	3374	4436	1709	-
13993	3374	4436	1709	-
13993	3374	4436	1709	-
13993	3374	4436	1709	-
6775	16531	4436	1719	-
3611	13856	4436	1726	-
3611	13856	4436	1726	-
3611	13856	4436	1726	-
3611	13856	4436	1727	-
3611	13856	4436	1727	-
3611	13856	4436	1727	-
3611	13856	4436	1727	-
3611	13856	4436	1727	-
3611	13856	4436	1727	-
3611	13856	4436	1727	-
15737	12332	34429	1739	-
14267	9787	34429	1739	-
14267	9787	34429	1739	-
14267	10553	34429	1739	-
14267	9787	34429	1739	-
15737	12332	34429	1740	-
15737	12332	34429	1740	-
15737	12332	34429	1740	-
15737	12332	34429	1740	-
15737	12332	34429	1740	-
15737	12332	34429	1740	-
15737	12332	34429	1740	-
15737	12332	34429	1740	-
15737	12332	34429	1740	-
15737	12332	34429	1740	-
15737	12332	34429	1740	-
15737	12332	34429	1741	-
15737	12332	34429	1741	-
15737	12332	34429	1741	-
15737	12332	34429	1741	-
15737	12332	34429	1741	-
15737	12332	34429	1741	-
15737	12332	34429	1741	-
15737	12332	34429	1741	-
15737	12332	34429	1741	-
14267	11097	34429	1751	-
14267	11097	34429	1751	-
14267	11097	34429	1751	-
14267	11097	34429	1751	-
14267	11097	34429	1751	-
14267	11097	34429	1751	-
14267	11097	34429	1751	-
14267	11097	34429	1752	-
14267	11097	34429	1752	-
14267	11097	34429	1752	-
3374	22013	34429	1755	-
3374	7523	34429	1758	-
3374	7523	34429	1758	-
3374	7523	34429	1758	-
3374	7523	34429	1758	-
3374	7523	34429	1758	-
3374	7523	34429	1758	-
3374	7523	34429	1758	-
3374	7523	34429	1758	-
3374	7523	34429	1758	-
3374	7523	34429	1758	-
3374	7523	34429	1758	-
3374	7523	34429	1758	-
3374	7523	34429	1758	-
3374	7523	34429	1758	-
3374	7523	34429	1758	-
3374	7523	34429	1758	-
3374	7523	34429	1758	-
3374	7523	34429	1759	-
3374	7523	34429	1759	-
3374	7523	34429	1759	-
3374	7523	34429	1759	-
3374	7523	34429	1759	-
3374	7523	34429	1759	-
3374	7523	34429	1759	-
3374	7523	34429	1759	-
3374	7523	34429	1759	-
3374	7523	34429	1759	-
3374	7523	34429	1762	-
3374	7523	34429	1762	-
3374	7523	34429	1762	-
3374	7523	34429	1762	-
3374	7523	34429	1762	-
3374	7523	34429	1762	-
3374	7523	34429	1762	-
3374	7523	34429	1762	-
3374	7523	34429	1762	-
3374	7523	34429	1762	-
3374	7523	34429	1762	-
3374	7523	34429	1762	-
