12985	2684	21815	0	warezclient
20312	3611	21815	1	-
20312	3611	21815	1	-
20312	3611	21815	1	-
20312	3611	21815	1	-
20312	3611	21815	1	-
20312	3611	21815	1	-
20312	3611	21815	1	-
20312	3611	32753	5	-
6114	1442	32753	8	-
3957	19531	32753	12	-
6114	1604	32753	17	-
6114	903	32753	43	-
6114	1173	32753	45	-
12985	437	32753	56	warezclient
14267	17146	5350	63	-
7782	13122	5350	81	-
20312	3611	5350	87	-
20367	19350	5350	89	-
14267	17146	5350	109	-
14267	17146	21137	125	-
6114	903	21137	134	-
8048	3611	21137	139	-
8048	3611	21137	139	-
8048	3611	21137	139	-
8048	3611	21137	139	-
8048	3611	21137	139	-
8048	3611	21137	139	-
8048	3611	21137	139	-
3957	19834	21137	142	-
3374	18820	21137	167	-
5954	8452	21137	169	warezclient
12985	437	21137	170	warezclient
12985	437	21137	170	warezclient
19350	13122	21137	171	-
12985	437	7429	182	warezclient
12985	437	7429	186	warezclient
3374	13619	7429	188	-
6114	903	7429	204	-
3957	15667	7429	209	-
3374	13619	7429	211	-
6114	903	7429	215	-
6114	1173	7429	223	-
14267	19531	7429	230	-
3374	2475	7429	240	-
3374	2475	7539	242	-
3374	2475	7539	260	-
14267	17146	7539	279	-
6775	4981	26764	309	-
3957	15394	26764	311	-
6775	4981	26764	311	-
6114	903	26764	314	-
20312	3611	26764	321	-
20312	3611	26764	321	-
20312	3611	26764	321	-
20312	3611	26764	321	-
20312	3611	26764	321	-
20312	3611	26764	321	-
20312	3611	26764	321	-
3374	2475	26764	335	-
6114	903	26764	355	-
3374	2475	26764	361	-
19531	13122	13708	371	-
19531	15667	13708	371	-
15394	4800	13708	376	-
23317	882	13708	376	-
3957	15394	13708	390	-
3957	15394	13708	390	-
14267	17146	13708	405	-
6114	903	13708	415	-
8048	3611	13708	418	-
8048	3611	13708	418	-
8048	3611	13708	418	-
6114	701	27099	422	-
7215	11900	27099	435	-
6114	701	27099	441	-
20367	19350	27099	449	-
14267	21159	27099	461	-
14267	21159	27099	471	-
6114	7532	16474	484	-
8048	3611	16474	514	-
8048	3611	16474	514	-
8048	3611	16474	514	-
3957	15394	16474	514	-
8048	3611	16474	514	-
8048	3611	16474	514	-
8048	3611	16474	514	-
8048	3611	16474	514	-
12985	17729	16474	530	warezclient
6114	23359	16474	537	-
12985	21950	44870	547	warezclient
6114	20771	44870	585	-
20312	3611	44870	586	-
6114	701	23944	620	-
6114	10973	23944	621	-
14267	21159	23944	621	-
12332	16332	23944	623	-
3957	15394	23944	623	-
6114	701	23944	627	-
14267	21159	45470	682	-
6114	10241	45470	715	-
3957	587	9167	726	-
20367	19350	9167	726	-
6114	16207	9167	761	-
3957	5938	32895	786	-
20312	16593	32895	786	-
20367	19350	32895	795	-
20367	587	32895	795	-
13615	8452	32895	797	warezclient
20367	19350	32895	798	-
3957	15394	32895	800	-
13615	8452	32895	800	warezclient
20367	19350	32895	801	-
20367	19350	32895	801	-
12985	185	32895	804	warezclient
12985	185	32895	804	warezclient
19531	587	32895	810	-
17923	14437	32895	810	-
8048	3611	32895	813	-
8048	3611	32895	813	-
8048	3611	32895	813	-
8048	3611	32895	813	-
8048	3611	32895	813	-
8048	3611	32895	813	-
8048	3611	32895	813	-
12985	185	32895	816	warezclient
6114	16207	32895	817	-
12985	185	32895	820	warezclient
14267	21159	25231	844	-
20312	3611	25231	856	-
20312	3611	25231	856	-
20312	3611	25231	856	-
20312	3611	25231	856	-
20312	3611	25231	856	-
20312	3611	25231	856	-
20312	3611	25231	856	-
6114	16207	16097	945	-
14267	21159	16097	950	-
4800	19531	45281	967	-
23317	882	45281	976	-
15394	4800	45281	976	-
20367	2843	45281	1001	-
20367	19350	45281	1001	-
3957	15394	45281	1004	-
3957	15394	45281	1011	-
20367	3461	45281	1011	-
14267	11936	45281	1019	-
8048	3611	19214	1038	-
8048	3611	19214	1038	-
8048	3611	19214	1038	-
8048	3611	19214	1038	-
8048	3611	19214	1038	-
8048	3611	19214	1038	-
8048	3611	19214	1038	-
12985	5846	19214	1039	warezclient
14267	14225	19214	1041	-
6114	16207	19214	1058	-
12985	6137	19214	1065	warezclient
6114	16207	19214	1071	-
14267	9869	19214	1077	-
6114	2123	7484	1119	-
20312	3611	7484	1123	-
20312	3611	7484	1123	-
20312	3611	7484	1123	-
6114	18770	25206	1143	-
14267	18537	25206	1150	-
14267	5377	25206	1194	-
8048	3611	25057	1206	-
8048	3611	25057	1207	-
8048	3611	25057	1207	-
8048	3611	25057	1207	-
8048	3611	25057	1207	-
8048	3611	25057	1207	-
8048	3611	25057	1207	-
8048	3611	25057	1237	-
8048	3611	25057	1237	-
8048	3611	25057	1237	-
8048	3611	25057	1237	-
8048	3611	25057	1237	-
8048	3611	25057	1237	-
8048	3611	25057	1237	-
4405	8452	3321	1274	warezclient
12985	13065	3321	1276	warezclient
12985	13065	3321	1276	warezclient
20367	19350	3321	1285	-
12332	2843	3321	1285	-
12985	13065	3321	1288	warezclient
14267	9869	3321	1290	-
12985	13065	3321	1292	warezclient
14267	9869	3321	1299	-
8048	3611	3321	1320	-
8048	3611	3321	1320	-
8048	3611	3321	1320	-
8048	3611	3321	1320	-
8048	3611	3321	1320	-
8048	3611	3321	1320	-
8048	3611	3321	1320	-
6114	17506	27032	1352	-
8048	3611	27032	1359	-
8048	3611	27032	1359	-
8048	3611	27032	1359	-
8048	3611	27032	1359	-
8048	3611	27032	1359	-
8048	3611	27032	1359	-
8048	3611	27032	1359	-
8048	3611	27032	1359	-
8048	3611	27032	1359	-
8048	3611	27032	1359	-
8048	3611	27032	1359	-
8048	3611	27032	1359	-
8048	3611	27032	1359	-
8048	3611	27032	1359	-
8048	3611	27032	1359	-
8048	3611	27032	1360	-
8048	3611	27032	1360	-
8048	3611	27032	1360	-
8048	3611	27032	1360	-
8048	3611	27032	1360	-
8048	3611	27032	1360	-
8048	3611	27032	1360	-
3957	15394	27032	1360	-
8048	3611	27032	1360	-
8048	3611	27032	1360	-
3957	15394	27032	1373	-
20367	19350	27032	1373	-
20312	3611	27032	1373	-
20312	3611	27032	1373	-
20312	3611	27032	1373	-
20312	3611	27032	1373	-
20312	3611	27032	1373	-
6114	16029	30926	1388	-
6114	17359	30926	1395	-
20312	3611	30926	1422	-
20312	3611	30926	1422	-
3611	5615	30926	1437	-
3611	17005	22831	1456	-
14267	9869	22831	1478	-
3611	1966	46017	1511	-
3611	9853	46017	1515	-
20312	3611	46017	1521	-
20312	3611	46017	1521	-
20312	3611	46017	1522	-
20312	3611	46017	1522	-
20312	3611	46017	1522	-
20312	3611	46017	1522	-
20312	3611	46017	1522	-
14267	21953	46017	1546	-
6114	17359	46017	1549	-
8048	3611	46017	1551	-
8048	3611	46017	1551	-
8048	3611	46017	1551	-
8048	3611	46017	1551	-
8048	3611	46017	1551	-
8048	3611	46017	1551	-
8048	3611	46017	1551	-
14267	21953	46017	1559	-
3611	1966	46017	1561	-
15394	4800	12706	1576	-
23317	882	12706	1576	-
3611	5634	12706	1577	-
8048	3611	12706	1582	-
8048	3611	12706	1583	-
8048	3611	12706	1583	-
8048	3611	12706	1583	-
20312	3611	12706	1620	-
20312	3611	12706	1620	-
20312	3611	12706	1620	-
20312	3611	12706	1620	-
20312	3611	12706	1620	-
20312	3611	12706	1620	-
20312	3611	12706	1620	-
20367	19350	33047	1622	-
3611	5634	33047	1632	-
14267	7499	33047	1640	-
12985	1835	33047	1654	warezclient
14267	18332	33047	1655	-
6114	17359	33047	1676	-
6114	17359	33047	1681	-
20367	587	18085	1695	-
3957	15394	18085	1695	-
3957	5938	18085	1736	-
20367	19350	18085	1736	-
20312	3611	18085	1736	-
20312	3611	18085	1736	-
14267	15960	18085	1741	-
14267	4676	15855	1747	-
3611	5634	15855	1754	-
