23317	12431	3399	0	snmpgetattack
5376	4800	3399	0	snmpgetattack
20312	4800	3399	0	-
23317	5938	3399	0	-
5376	4800	13646	5	snmpgetattack
20312	4800	13646	5	-
23317	5938	13646	5	-
23317	12431	13646	5	snmpgetattack
3957	15394	13646	7	-
7215	15667	13646	7	-
6775	3611	13646	8	-
6775	3611	13646	8	-
6775	3611	13646	8	-
6775	3611	13646	8	-
6775	3611	13646	8	-
6775	3611	13646	8	-
6775	3611	13646	8	-
17624	4981	13646	9	-
20312	4800	13646	10	-
23317	12431	13646	10	snmpgetattack
23317	5938	13646	10	-
17624	4981	13646	10	-
5376	4800	13646	10	snmpgetattack
17624	4981	13646	13	-
5376	4800	13646	15	snmpgetattack
23317	5938	13646	15	-
20312	4800	13646	15	-
23317	12431	13646	15	snmpgetattack
17624	4981	13646	16	-
20312	16332	13646	18	-
5376	4800	13646	20	snmpgetattack
23317	12431	13646	20	snmpgetattack
23317	5938	13646	20	-
20312	4800	13646	20	-
3957	19531	13646	21	-
10571	3461	13646	23	-
14547	14267	13646	23	-
10571	16593	13646	23	-
14547	14267	13646	24	-
5376	4800	13646	25	snmpgetattack
23317	12431	13646	25	snmpgetattack
20312	4800	13646	25	-
23317	5938	13646	25	-
10571	8452	13646	25	-
10571	14437	13646	25	-
3957	587	13646	26	-
10429	5938	13646	26	-
19839	11900	13646	26	-
10571	3611	13646	26	-
10429	21708	13646	26	-
10571	23167	13646	27	-
10571	2843	13646	27	-
20312	4800	13646	30	-
23317	12431	13646	30	snmpgetattack
5376	4800	13646	30	snmpgetattack
23317	5938	13646	30	-
3374	23361	13646	30	-
20312	4800	13646	35	-
5376	4800	13646	35	snmpgetattack
23317	12431	13646	35	snmpgetattack
23317	5938	13646	35	-
10571	3297	13646	36	-
3374	16286	13646	37	-
3374	16286	13646	37	-
10571	4981	13646	37	-
3374	16286	13646	38	-
3374	16286	13646	38	-
3374	16286	13646	38	-
3374	16286	13646	38	-
3374	16286	13646	38	-
3374	16286	13646	38	-
3374	16286	13646	38	-
3374	16286	13646	38	-
3374	16286	13646	38	-
3076	3611	13646	39	-
3076	3611	13646	39	-
3076	3611	13646	39	-
3076	3611	13646	39	-
3957	5938	13646	39	-
3076	3611	13646	39	-
10571	9554	13646	39	-
3076	3611	13646	40	-
5376	4800	13646	40	snmpgetattack
3076	3611	13646	40	-
23317	5938	13646	40	-
20312	4800	13646	40	-
23317	12431	13646	40	snmpgetattack
10571	16332	13646	40	-
3076	3611	13646	40	-
23317	12431	13646	45	snmpgetattack
5376	4800	13646	45	snmpgetattack
23317	5938	13646	45	-
20312	4800	13646	45	-
20312	4800	13646	50	-
5376	4800	13646	50	snmpgetattack
23317	12431	13646	50	snmpgetattack
23317	5938	13646	50	-
12985	11900	13646	51	-
12985	19531	13646	52	-
20312	4800	13646	55	-
23317	5938	13646	55	-
5376	4800	13646	55	snmpgetattack
23317	12431	13646	55	snmpgetattack
5376	4800	13646	60	snmpgetattack
23317	12431	13646	60	snmpgetattack
20312	4800	13646	60	-
23317	5938	13646	60	-
20312	4800	9430	65	-
23317	5938	9430	65	-
5376	4800	9430	65	snmpgetattack
23317	12431	9430	65	snmpgetattack
21708	8478	9430	65	-
21708	8478	9430	65	-
3297	15894	9430	68	-
3297	15667	9430	68	-
20312	4800	9430	70	-
23317	5938	9430	70	-
5376	4800	9430	70	snmpgetattack
23317	12431	9430	70	snmpgetattack
3611	17712	9430	74	-
5376	4800	9430	76	snmpgetattack
23317	12431	9430	76	snmpgetattack
20312	4800	9430	76	-
23317	5938	9430	76	-
20312	4800	9430	81	-
23317	5938	9430	81	-
5376	4800	9430	81	snmpgetattack
23317	12431	9430	81	snmpgetattack
3957	22986	9430	81	-
20312	4800	9430	86	-
5376	4800	9430	86	snmpgetattack
23317	5938	9430	86	-
23317	12431	9430	86	snmpgetattack
23317	5938	9430	91	-
20312	4800	9430	91	-
23317	12431	9430	91	snmpgetattack
5376	4800	9430	91	snmpgetattack
14547	7594	9430	95	-
14547	7594	9430	95	-
14547	7594	9430	95	-
14547	7594	9430	95	-
14547	7594	9430	95	-
14547	7594	9430	95	-
14547	7594	9430	95	-
14547	7594	9430	95	-
14547	7594	9430	95	-
14547	7594	9430	95	-
14547	7594	9430	95	-
5376	4800	9430	96	snmpgetattack
23317	12431	9430	96	snmpgetattack
20312	4800	9430	96	-
23317	5938	9430	96	-
14547	7594	9430	96	-
14547	7594	9430	96	-
14547	7594	9430	96	-
14547	7594	9430	96	-
14547	7594	9430	96	-
14547	7594	9430	96	-
14547	7594	9430	96	-
14547	7594	9430	96	-
14547	7594	9430	96	-
14547	7594	9430	96	-
14547	7594	9430	96	-
14547	7594	9430	96	-
14547	7594	9430	96	-
12985	5938	9430	96	-
14547	7594	9430	96	-
14547	7594	9430	96	-
14547	7594	9430	96	-
14547	7594	9430	96	-
14547	7594	9430	96	-
14547	7594	9430	96	-
14547	7594	9430	96	-
14547	7594	9430	96	-
14547	7594	9430	96	-
14547	7594	9430	96	-
14547	7594	9430	96	-
3076	3611	9430	96	-
14547	7594	9430	96	-
14547	7594	9430	96	-
14547	7594	9430	96	-
14547	7594	9430	96	-
12985	11900	9430	96	-
14547	7594	9430	96	-
14547	7594	9430	97	-
14547	7594	9430	97	-
14547	7594	9430	97	-
14547	7594	9430	97	-
14547	7594	9430	97	-
14547	7594	9430	97	-
14547	7594	9430	97	-
14547	7594	9430	97	-
14547	7594	9430	97	-
14547	8006	9430	97	-
14547	9049	9430	97	-
12985	15894	9430	97	-
7782	15894	9430	98	-
7782	19834	9430	100	-
882	9554	9430	100	-
23317	12431	9430	101	snmpgetattack
23317	5938	9430	101	-
5376	4800	9430	101	snmpgetattack
20312	4800	9430	101	-
3374	21072	9430	105	-
3374	21072	9430	105	-
3374	21072	9430	105	-
3374	5759	9430	105	-
3374	21072	9430	105	-
23317	12431	9430	106	snmpgetattack
20312	4800	9430	106	-
23317	5938	9430	106	-
5376	4800	9430	106	snmpgetattack
21708	5571	9430	110	-
21708	1858	9430	110	-
12985	15894	9430	110	-
21708	5571	9430	110	-
12985	22986	9430	110	-
5376	4800	9430	111	snmpgetattack
20312	4800	9430	111	-
23317	5938	9430	111	-
23317	12431	9430	111	snmpgetattack
5376	4800	9430	116	snmpgetattack
23317	12431	9430	116	snmpgetattack
20312	4800	9430	116	-
23317	5938	9430	116	-
17252	8452	9430	120	warez
12985	6988	9430	121	warez
12985	6988	9430	121	warez
23317	12431	7770	126	snmpgetattack
20312	4800	7770	126	-
23317	5938	7770	126	-
5376	4800	7770	126	snmpgetattack
3374	17792	7770	126	-
21708	18141	7770	127	-
3374	1442	7770	129	-
3374	1442	7770	130	-
3374	1442	7770	130	-
3374	1442	7770	130	-
3374	1442	7770	130	-
3374	1442	7770	130	-
3374	1442	7770	130	-
3374	1442	7770	130	-
3374	1442	7770	130	-
3374	1442	7770	130	-
3374	1442	7770	130	-
3374	1442	7770	130	-
3374	1442	7770	130	-
3374	1442	7770	130	-
23317	12431	7770	131	snmpgetattack
20312	4800	7770	131	-
23317	5938	7770	131	-
5376	4800	7770	131	snmpgetattack
5376	4800	7770	136	snmpgetattack
20312	4800	7770	136	-
23317	5938	7770	136	-
23317	12431	7770	137	snmpgetattack
14547	3374	7770	140	-
14547	3374	7770	140	-
14547	3374	7770	141	-
20312	4800	7770	141	-
23317	5938	7770	141	-
14547	3374	7770	141	-
14547	3374	7770	141	-
14547	3374	7770	141	-
14547	3374	7770	141	-
5376	4800	7770	142	snmpgetattack
23317	12431	7770	142	snmpgetattack
20312	4800	7770	146	-
23317	5938	7770	146	-
8048	9554	7770	147	-
5376	4800	7770	147	snmpgetattack
23317	12431	7770	147	snmpgetattack
17624	23167	7770	149	-
3957	15667	7770	149	-
20312	4800	7770	152	-
23317	5938	7770	152	-
5376	4800	7770	152	snmpgetattack
23317	12431	7770	152	snmpgetattack
16671	5938	7770	152	-
23317	12431	7770	157	snmpgetattack
5376	4800	7770	157	snmpgetattack
23317	5938	7770	157	-
20312	4800	7770	157	-
20312	4800	7770	162	-
23317	5938	7770	162	-
5376	4800	7770	162	snmpgetattack
23317	12431	7770	162	snmpgetattack
3611	1739	7770	163	-
3611	1739	7770	163	-
3611	1739	7770	163	-
3611	1739	7770	163	-
3611	1739	7770	163	-
3611	1739	7770	163	-
3611	1739	7770	163	-
3611	1739	7770	163	-
3611	1739	7770	163	-
3611	1739	7770	163	-
3611	1739	7770	163	-
3611	1739	7770	163	-
3611	1739	7770	163	-
3611	1739	7770	163	-
3611	1739	7770	163	-
3611	1739	7770	163	-
3611	1739	7770	163	-
3611	1739	7770	163	-
3611	1739	7770	163	-
3611	1739	7770	163	-
3611	1739	7770	163	-
3611	1739	7770	164	-
3611	1739	7770	164	-
3611	1739	7770	164	-
3611	1739	7770	164	-
3611	1739	7770	164	-
3611	1739	7770	164	-
3611	1739	7770	164	-
3611	1739	7770	164	-
3611	1739	7770	164	-
3611	1739	7770	164	-
3611	1739	7770	164	-
3611	1739	7770	164	-
3611	1739	7770	164	-
3611	1739	7770	164	-
3611	1739	7770	164	-
20312	4800	7770	167	-
23317	5938	7770	167	-
5376	4800	7770	167	snmpgetattack
23317	12431	7770	167	snmpgetattack
11001	13122	7770	169	-
11001	19834	7770	170	-
882	16593	7770	170	-
14547	7594	7770	171	-
14547	7594	7770	171	-
14547	7594	7770	171	-
14547	7594	7770	171	-
14547	7594	7770	171	-
14547	7594	7770	171	-
14547	7594	7770	171	-
14547	7594	7770	171	-
14547	7594	7770	171	-
14547	7594	7770	171	-
14547	7594	7770	171	-
11001	11900	7770	171	-
11001	1633	7770	171	-
23317	5938	7770	172	-
20312	4800	7770	172	-
5376	4800	7770	172	snmpgetattack
23317	12431	7770	172	snmpgetattack
20312	4800	7770	177	-
23317	5938	7770	177	-
5376	4800	7770	177	snmpgetattack
23317	12431	7770	177	snmpgetattack
7179	3611	7770	179	-
14547	16046	7770	180	-
7179	3611	7770	180	-
7179	3611	7770	180	-
7179	3611	7770	180	-
7179	3611	7770	180	-
7179	3611	7770	180	-
7179	3611	7770	180	-
14547	16046	7770	180	-
14547	16046	7770	180	-
14547	16046	7770	180	-
14547	16046	7770	180	-
14547	16046	7770	180	-
14547	16046	7770	181	-
14547	16046	7770	181	-
14547	16046	7770	181	-
14547	16046	7770	181	-
14547	16046	7770	181	-
14547	16046	7770	181	-
14547	16046	7770	181	-
14547	16046	7770	181	-
14547	16046	7770	181	-
14547	16046	7770	181	-
14547	16046	7770	181	-
14547	16046	7770	181	-
14547	16046	7770	181	-
3611	18114	7770	181	-
3611	18114	7770	181	-
3611	18114	7770	181	-
3611	18114	7770	181	-
3611	18114	7770	181	-
3611	18114	7770	181	-
3611	18114	7770	181	-
14547	16046	7770	181	-
14547	16046	7770	181	-
14547	16046	7770	181	-
14547	16046	7770	181	-
14547	16046	7770	181	-
14547	16046	7770	181	-
14547	16046	7770	181	-
14547	16046	7770	181	-
3611	18114	7770	181	-
3611	18114	7770	181	-
20312	4800	7770	182	-
23317	5938	7770	182	-
5376	4800	7770	182	snmpgetattack
23317	12431	7770	182	snmpgetattack
3611	18114	7770	182	-
3611	18114	7770	182	-
3611	18114	7770	182	-
20312	4800	20479	187	-
23317	5938	20479	187	-
5376	4800	20479	187	snmpgetattack
23317	12431	20479	187	snmpgetattack
14267	10104	20479	190	-
14267	5571	20479	190	-
14267	5571	20479	190	-
20312	4800	20479	192	-
23317	5938	20479	192	-
5376	4800	20479	192	snmpgetattack
23317	12431	20479	192	snmpgetattack
21708	18966	20479	192	-
21708	18966	20479	192	-
14547	20555	20479	192	-
14547	20555	20479	192	-
21708	18966	20479	192	-
21708	18966	20479	192	-
21708	18966	20479	192	-
21708	18966	20479	192	-
21708	18966	20479	192	-
21708	18966	20479	192	-
21708	18966	20479	192	-
21708	18966	20479	192	-
21708	18966	20479	192	-
21708	18966	20479	192	-
20312	4800	20479	197	-
23317	5938	20479	197	-
5376	4800	20479	197	snmpgetattack
23317	12431	20479	197	snmpgetattack
20312	4800	20479	202	-
23317	5938	20479	202	-
5376	4800	20479	202	snmpgetattack
23317	12431	20479	202	snmpgetattack
14267	10104	20479	204	-
14267	5571	20479	204	-
14267	5571	20479	204	-
14267	5571	20479	204	-
5376	4800	20479	207	snmpgetattack
23317	12431	20479	207	snmpgetattack
23317	5938	20479	207	-
20312	4800	20479	207	-
14547	16046	20479	209	-
14547	16046	20479	209	-
14547	16046	20479	209	-
14547	16046	20479	209	-
14547	16046	20479	209	-
14547	16046	20479	209	-
14547	16046	20479	209	-
14547	16046	20479	209	-
14547	16046	20479	209	-
14547	16046	20479	209	-
14547	16046	20479	209	-
14547	16046	20479	209	-
14547	16046	20479	209	-
20312	4800	20479	212	-
23317	5938	20479	212	-
5376	4800	20479	212	snmpgetattack
23317	12431	20479	212	snmpgetattack
19839	11900	20479	216	-
20312	4800	20479	217	-
23317	5938	20479	217	-
5376	4800	20479	217	snmpgetattack
23317	12431	20479	217	snmpgetattack
20312	4800	20479	222	-
23317	5938	20479	222	-
5376	4800	20479	222	snmpgetattack
23317	12431	20479	222	snmpgetattack
20312	16593	20479	225	-
20312	4800	20479	227	-
23317	5938	20479	227	-
5376	4800	20479	227	snmpgetattack
23317	12431	20479	227	snmpgetattack
21708	17069	20479	227	-
21708	17069	20479	227	-
20312	4800	20479	232	-
23317	5938	20479	232	-
5376	4800	20479	232	snmpgetattack
23317	12431	20479	232	snmpgetattack
7179	3611	20479	232	-
7179	3611	20479	232	-
7179	3611	20479	232	-
7179	3611	20479	232	-
7179	3611	20479	232	-
7179	3611	20479	232	-
7179	3611	20479	233	-
7179	3611	20479	233	-
7179	3611	20479	233	-
23317	12431	20479	237	snmpgetattack
5376	4800	20479	237	snmpgetattack
23317	5938	20479	237	-
20312	4800	20479	237	-
3611	1739	20479	239	-
14547	15894	20479	240	-
23317	12431	20479	242	snmpgetattack
5376	4800	20479	242	snmpgetattack
23317	5938	20479	242	-
20312	4800	20479	242	-
3611	1739	20479	243	-
3611	1739	20479	243	-
3611	1739	20479	243	-
3611	1739	20479	243	-
3611	1739	20479	243	-
3611	1739	20479	243	-
3611	1739	20479	243	-
3611	1739	20479	243	-
3611	1739	20479	243	-
3611	1739	20479	243	-
3611	1739	20479	243	-
3611	1739	20479	244	-
3611	1739	20479	244	-
3611	1739	20479	244	-
3611	1739	20479	244	-
3611	1739	20479	244	-
3611	1739	20479	244	-
3611	1739	20479	244	-
3611	1739	20479	244	-
3611	1739	20479	244	-
3611	1739	20479	244	-
3611	1739	20479	244	-
3611	1739	20479	244	-
3611	1739	20479	244	-
3611	1739	20479	244	-
3611	1739	20479	244	-
3611	1739	20479	244	-
3611	1739	20479	244	-
15394	4800	20479	244	-
23317	882	20479	244	-
3611	1739	20479	244	-
3611	1739	20479	244	-
3611	1739	20479	244	-
3611	1739	20479	244	-
3611	1739	20479	244	-
3611	1739	20479	244	-
3611	1739	20479	244	-
20312	4800	14289	247	-
23317	5938	14289	247	-
5376	4800	14289	247	snmpgetattack
23317	12431	14289	248	snmpgetattack
3957	15394	14289	250	-
6775	3611	14289	250	-
6775	3611	14289	251	-
6775	3611	14289	251	-
6775	3611	14289	251	-
6775	3611	14289	251	-
6775	3611	14289	251	-
6775	3611	14289	251	-
20312	4800	14289	252	-
23317	5938	14289	252	-
23317	12431	14289	253	snmpgetattack
5376	4800	14289	253	snmpgetattack
20312	4800	14289	257	-
23317	5938	14289	257	-
23317	12431	14289	258	snmpgetattack
5376	4800	14289	258	snmpgetattack
20312	4800	14289	262	-
7179	23167	14289	262	-
23317	5938	14289	262	-
23317	12431	14289	263	snmpgetattack
5376	4800	14289	263	snmpgetattack
882	14437	14289	266	-
19531	15894	14289	266	-
19531	19834	14289	266	-
19531	11900	14289	266	-
23317	5938	14289	267	-
20312	4800	14289	267	-
19531	21708	14289	268	-
5376	4800	14289	268	snmpgetattack
23317	12431	14289	268	snmpgetattack
13993	15667	14289	269	-
14547	16046	14289	270	-
14547	16046	14289	270	-
14547	16046	14289	270	-
17624	16531	14289	272	-
23317	12431	14289	273	snmpgetattack
5376	4800	14289	273	snmpgetattack
20312	4800	14289	273	-
23317	5938	14289	273	-
12332	16593	14289	274	-
17624	16531	14289	274	-
17624	16531	14289	276	-
20312	4800	14289	278	-
23317	12431	14289	278	snmpgetattack
5376	4800	14289	278	snmpgetattack
23317	5938	14289	278	-
17624	16531	14289	280	-
23317	5938	14289	283	-
5376	4800	14289	283	snmpgetattack
23317	12431	14289	283	snmpgetattack
14547	17712	14289	283	-
20312	4800	14289	283	-
20312	4800	14289	288	-
23317	5938	14289	288	-
5376	4800	14289	288	snmpgetattack
23317	12431	14289	288	snmpgetattack
21708	17069	14289	288	-
3611	1739	14289	288	-
3611	1739	14289	288	-
3611	1739	14289	288	-
3611	1739	14289	288	-
3611	1739	14289	288	-
3611	1739	14289	288	-
3611	1739	14289	288	-
3611	1739	14289	289	-
3611	1739	14289	289	-
3611	1739	14289	289	-
3611	1739	14289	289	-
3611	1739	14289	289	-
3611	1739	14289	289	-
3611	1739	14289	289	-
3611	1739	14289	289	-
3611	1739	14289	289	-
3611	1739	14289	289	-
3611	1739	14289	289	-
3611	1739	14289	289	-
3611	1739	14289	289	-
3611	1739	14289	289	-
20312	4800	14289	293	-
23317	5938	14289	293	-
5376	4800	14289	293	snmpgetattack
23317	12431	14289	293	snmpgetattack
23317	12431	14289	298	snmpgetattack
20312	4800	14289	298	-
23317	5938	14289	298	-
5376	4800	14289	298	snmpgetattack
6775	16593	14289	300	-
6775	9554	14289	300	-
20312	4800	14289	303	-
23317	5938	14289	303	-
5376	4800	14289	303	snmpgetattack
23317	12431	14289	303	snmpgetattack
3076	3611	14289	304	-
3076	3611	25669	305	-
3076	3611	25669	305	-
3076	3611	25669	305	-
3076	3611	25669	305	-
3076	3611	25669	305	-
3076	3611	25669	305	-
3076	3611	25669	305	-
3076	3611	25669	305	-
3076	3611	25669	305	-
3076	3611	25669	305	-
3076	3611	25669	305	-
3076	3611	25669	305	-
3076	3611	25669	305	-
3076	3611	25669	305	-
3076	3611	25669	305	-
3076	3611	25669	305	-
3076	3611	25669	305	-
3076	3611	25669	305	-
3076	3611	25669	305	-
3076	3611	25669	305	-
3076	3611	25669	305	-
3076	3611	25669	305	-
3076	3611	25669	305	-
14547	20555	25669	306	-
14547	20555	25669	306	-
14547	20555	25669	306	-
14547	20555	25669	306	-
14547	20555	25669	306	-
14547	20555	25669	306	-
14547	20555	25669	306	-
14547	20555	25669	306	-
14547	20555	25669	307	-
14547	20555	25669	307	-
14547	20555	25669	307	-
14547	20555	25669	307	-
14547	20555	25669	307	-
14547	20555	25669	307	-
14547	20555	25669	307	-
14547	20555	25669	307	-
14547	20555	25669	307	-
14547	20555	25669	307	-
14547	20555	25669	307	-
14547	20555	25669	307	-
14547	20555	25669	307	-
14547	20555	25669	307	-
14547	20555	25669	307	-
14547	20555	25669	307	-
14547	20555	25669	307	-
14547	20555	25669	307	-
14547	20555	25669	307	-
14547	20555	25669	307	-
14547	20555	25669	307	-
14547	20555	25669	307	-
14547	20555	25669	307	-
14547	20555	25669	307	-
14547	20555	25669	307	-
14547	20555	25669	307	-
14547	20555	25669	307	-
23317	5938	25669	308	-
14547	10952	25669	308	-
14547	10952	25669	308	-
5376	4800	25669	308	snmpgetattack
14547	10952	25669	308	-
14547	10952	25669	308	-
14547	20555	25669	308	-
14547	20555	25669	308	-
23317	12431	25669	308	snmpgetattack
20312	4800	25669	308	-
3297	15894	25669	312	-
12985	19834	25669	312	httptunnel-e
20312	4800	25669	313	-
23317	12431	25669	313	snmpgetattack
23317	5938	25669	313	-
5376	4800	25669	313	snmpgetattack
3374	21072	25669	316	-
3374	21072	25669	316	-
3374	21072	25669	316	-
3374	5759	25669	316	-
3374	21072	25669	316	-
14267	10104	25669	316	-
14267	5571	25669	317	-
14267	5571	25669	317	-
23317	12431	25669	318	snmpgetattack
5376	4800	25669	318	snmpgetattack
23317	5938	25669	318	-
20312	4800	25669	318	-
5376	4800	25669	323	snmpgetattack
23317	5938	25669	323	-
20312	4800	25669	323	-
23317	12431	25669	323	snmpgetattack
23317	12431	25669	328	snmpgetattack
5376	4800	25669	328	snmpgetattack
23317	5938	25669	328	-
20312	4800	25669	328	-
6775	3611	25669	331	-
6775	3611	25669	331	-
20312	4800	25669	333	-
23317	12431	25669	333	snmpgetattack
5376	4800	25669	333	snmpgetattack
23317	5938	25669	333	-
3374	21072	25669	334	-
3374	21072	25669	334	-
3374	21072	25669	334	-
3374	21072	25669	334	-
3374	21072	25669	334	-
3374	21072	25669	334	-
3374	21072	25669	334	-
3374	21072	25669	334	-
13993	19531	25669	334	-
3374	5759	25669	334	-
3374	21072	25669	334	-
3374	21072	25669	334	-
3374	21072	25669	334	-
3374	21072	25669	334	-
3374	21072	25669	335	-
3374	21072	25669	335	-
3374	21072	25669	335	-
3374	21072	25669	335	-
3374	21072	25669	335	-
3374	21072	25669	335	-
3374	21072	25669	335	-
3374	21072	25669	335	-
13993	19531	25669	336	-
23317	12431	25669	338	snmpgetattack
5376	4800	25669	338	snmpgetattack
23317	5938	25669	338	-
20312	4800	25669	338	-
5376	4800	25669	343	snmpgetattack
20312	4800	25669	343	-
23317	5938	25669	343	-
23317	12431	25669	344	snmpgetattack
12985	19834	25669	345	httptunnel-e
20312	4800	25669	348	-
23317	5938	25669	348	-
5376	4800	25669	349	snmpgetattack
23317	12431	25669	349	snmpgetattack
20312	4800	25669	353	-
23317	5938	25669	353	-
5376	4800	25669	354	snmpgetattack
23317	12431	25669	354	snmpgetattack
3076	3611	25669	355	-
23317	5938	25669	358	-
20312	4800	25669	358	-
5376	4800	25669	359	snmpgetattack
23317	12431	25669	359	snmpgetattack
6775	16531	25669	359	-
13993	13122	25669	360	-
19603	16531	25669	362	-
23317	5938	25669	363	-
20312	4800	25669	363	-
13993	13122	25669	363	-
14547	17712	25669	363	-
14547	17712	25669	363	-
14547	17712	25669	363	-
14547	17712	25669	363	-
19603	16593	25669	363	-
5376	4800	25669	364	snmpgetattack
23317	12431	25669	364	snmpgetattack
14547	3374	25669	364	-
19603	9554	25669	364	-
14547	3374	25669	364	-
13993	13122	16001	365	-
14547	3374	16001	365	-
14547	3374	16001	365	-
14547	3374	16001	365	-
14547	3374	16001	365	-
14547	3374	16001	365	-
3611	18114	16001	366	-
3611	18114	16001	366	-
3611	18114	16001	366	-
3611	18114	16001	366	-
3611	18114	16001	366	-
3611	18114	16001	366	-
3611	18114	16001	366	-
3611	18114	16001	366	-
3611	18114	16001	366	-
3611	18114	16001	366	-
3611	18114	16001	366	-
3611	18114	16001	366	-
23317	5938	16001	368	-
20312	4800	16001	368	-
13993	13122	16001	368	-
23317	12431	16001	369	snmpgetattack
5376	4800	16001	369	snmpgetattack
20312	4800	16001	373	-
23317	5938	16001	373	-
5376	4800	16001	374	snmpgetattack
23317	12431	16001	374	snmpgetattack
12985	19834	16001	375	httptunnel-e
20312	4800	16001	378	-
23317	5938	16001	378	-
5376	4800	16001	379	snmpgetattack
23317	12431	16001	379	snmpgetattack
3611	3076	16001	380	-
3611	3076	16001	380	-
3611	3076	16001	380	-
3611	3076	16001	380	-
3611	3076	16001	380	-
3611	3076	16001	380	-
3611	3076	16001	380	-
3611	3076	16001	380	-
3611	3076	16001	380	-
3611	3076	16001	380	-
3611	3076	16001	380	-
3611	3076	16001	380	-
3611	3076	16001	380	-
3611	3076	16001	380	-
3611	3076	16001	380	-
3611	3076	16001	380	-
3611	3076	16001	381	-
3611	3076	16001	381	-
3611	3076	16001	381	-
3611	3076	16001	381	-
3611	3076	16001	381	-
3611	6114	16001	381	-
3611	3076	16001	381	-
3611	3076	16001	381	-
3611	3076	16001	381	-
20312	4800	16001	383	-
23317	5938	16001	384	-
5376	4800	16001	384	snmpgetattack
23317	12431	16001	384	snmpgetattack
23317	12431	16001	389	snmpgetattack
23317	5938	16001	389	-
20312	4800	16001	389	-
5376	4800	16001	389	snmpgetattack
21708	18966	16001	393	-
21708	18966	16001	393	-
21708	18966	16001	393	-
21708	18966	16001	393	-
21708	18966	16001	393	-
21708	18966	16001	393	-
21708	18966	16001	393	-
21708	18966	16001	393	-
3374	21072	16001	393	-
3374	21072	16001	393	-
21708	18966	16001	393	-
21708	18966	16001	393	-
3374	21072	16001	393	-
3374	21072	16001	393	-
21708	18966	16001	393	-
23317	5938	16001	394	-
5376	4800	16001	394	snmpgetattack
23317	12431	16001	394	snmpgetattack
20312	4800	16001	394	-
21708	18966	16001	394	-
3374	21072	16001	394	-
3374	5759	16001	394	-
3374	21072	16001	394	-
3374	21072	16001	394	-
3374	21072	16001	394	-
14547	10952	16001	395	-
14547	10952	16001	395	-
14547	10952	16001	395	-
14547	10952	16001	395	-
14547	10952	16001	395	-
20312	4800	16001	399	-
23317	5938	16001	399	-
5376	4800	16001	399	snmpgetattack
23317	12431	16001	399	snmpgetattack
14267	18219	16001	400	-
14267	18219	16001	401	-
14267	3957	16001	401	-
14267	3957	16001	401	-
14267	18219	16001	401	-
14267	3957	16001	401	-
14267	18219	16001	401	-
14267	18219	16001	401	-
14267	18219	16001	401	-
14267	18219	16001	401	-
14267	18219	16001	401	-
14267	18219	16001	401	-
14267	18219	16001	401	-
14267	18219	16001	401	-
14267	18219	16001	401	-
14267	18219	16001	401	-
14267	18219	16001	401	-
14267	18219	16001	401	-
14267	3957	16001	401	-
14267	18219	16001	401	-
14267	18219	16001	401	-
14547	10952	16001	402	-
14547	10952	16001	402	-
14547	10952	16001	402	-
14547	10952	16001	403	-
14547	10952	16001	403	-
14547	10952	16001	403	-
14547	10952	16001	403	-
14547	10952	16001	403	-
14547	10952	16001	403	-
14547	10952	16001	403	-
14547	10952	16001	403	-
14547	10952	16001	403	-
14547	10952	16001	403	-
14547	10952	16001	403	-
14547	10952	16001	403	-
20312	4800	16001	404	-
23317	5938	16001	404	-
5376	4800	16001	404	snmpgetattack
23317	12431	16001	404	snmpgetattack
13993	15894	16001	404	-
13993	19834	16001	404	-
882	16531	16001	404	-
13993	11900	16001	404	-
21708	18966	16001	405	-
21708	18966	16001	405	-
21708	18966	16001	405	-
21708	18966	16001	405	-
21708	18966	16001	405	-
21708	18966	16001	405	-
21708	18966	16001	405	-
12985	19834	16001	405	httptunnel-e
21708	18966	16001	405	-
13993	15667	16001	405	-
13993	19531	16001	406	-
3374	19083	16001	407	-
3374	19083	16001	407	-
3374	19083	16001	407	-
20312	4800	16001	409	-
5376	4800	16001	409	snmpgetattack
23317	12431	16001	409	snmpgetattack
23317	5938	16001	409	-
3374	8524	16001	410	-
3374	19083	16001	410	-
3374	19083	16001	410	-
3297	5938	16001	413	-
3297	15894	16001	413	-
23317	12431	16001	414	snmpgetattack
23317	5938	16001	414	-
20312	4800	16001	414	-
5376	4800	16001	414	snmpgetattack
3297	21708	16001	414	-
23317	12431	16001	419	snmpgetattack
5376	4800	16001	419	snmpgetattack
23317	5938	16001	419	-
20312	4800	16001	419	-
20312	4800	16001	424	-
23317	5938	16001	424	-
5376	4800	16001	424	snmpgetattack
23317	12431	16001	424	snmpgetattack
23317	12431	8865	429	snmpgetattack
20312	4800	8865	429	-
5376	4800	8865	429	snmpgetattack
23317	5938	8865	429	-
14267	4752	8865	432	-
14267	18219	8865	432	-
14267	18219	8865	432	-
14267	18219	8865	432	-
14267	18219	8865	432	-
14267	18219	8865	432	-
14267	4394	8865	434	-
20312	4800	8865	434	-
23317	5938	8865	434	-
14267	4394	8865	434	-
12985	19834	8865	435	httptunnel-e
17624	16531	8865	437	-
20312	4800	8865	439	-
23317	5938	8865	439	-
5376	4800	8865	440	snmpgetattack
23317	12431	8865	440	snmpgetattack
20312	4800	8865	444	-
23317	5938	8865	444	-
5376	4800	8865	445	snmpgetattack
23317	12431	8865	445	snmpgetattack
7782	22986	8865	445	-
20312	4800	8865	449	-
23317	5938	8865	449	-
23317	12431	8865	450	snmpgetattack
5376	4800	8865	450	snmpgetattack
3076	14437	8865	452	-
3076	23167	8865	452	-
20312	4800	8865	454	-
23317	5938	8865	454	-
3076	16593	8865	454	-
5376	4800	8865	455	snmpgetattack
23317	12431	8865	455	snmpgetattack
23317	5938	8865	459	-
20312	4800	8865	459	-
5376	4800	8865	460	snmpgetattack
23317	12431	8865	460	snmpgetattack
20312	4800	8865	464	-
23317	5938	8865	464	-
12985	19834	8865	465	httptunnel-e
20312	4800	8865	469	-
23317	5938	8865	469	-
7179	14437	8865	469	-
23317	12431	8865	470	snmpgetattack
5376	4800	8865	470	snmpgetattack
23317	5938	8865	474	-
20312	4800	8865	474	-
14547	10952	8865	474	-
14547	10952	8865	474	-
14547	10952	8865	474	-
14547	10952	8865	474	-
14547	10952	8865	474	-
5376	4800	8865	475	snmpgetattack
23317	12431	8865	475	snmpgetattack
20312	4800	8865	479	-
23317	5938	8865	479	-
23317	12431	8865	480	snmpgetattack
5376	4800	8865	480	snmpgetattack
14547	3374	8865	483	-
20312	4800	8865	484	-
23317	5938	8865	484	-
14547	3374	8865	484	-
14547	3374	8865	484	-
14547	3374	8865	484	-
14547	3374	8865	484	-
14547	3374	8865	484	-
14547	3374	8865	484	-
12332	14437	8865	484	-
12332	23167	8865	484	-
5376	4800	35029	485	snmpgetattack
23317	12431	35029	485	snmpgetattack
3611	6114	35029	486	-
20312	4800	35029	489	-
23317	5938	35029	489	-
5376	4800	35029	490	snmpgetattack
23317	12431	35029	490	snmpgetattack
12985	19834	35029	495	httptunnel-e
16671	11900	35029	498	-
20312	4800	35029	500	-
23317	5938	35029	500	-
5376	4800	35029	500	snmpgetattack
23317	12431	35029	500	snmpgetattack
20312	4800	35029	505	-
23317	5938	35029	505	-
5376	4800	35029	505	snmpgetattack
23317	12431	35029	505	snmpgetattack
10571	16593	35029	508	-
20312	4800	35029	510	-
23317	5938	35029	510	-
5376	4800	35029	510	snmpgetattack
23317	12431	35029	510	snmpgetattack
20312	4800	35029	515	-
23317	5938	35029	515	-
5376	4800	35029	515	snmpgetattack
23317	12431	35029	515	snmpgetattack
14267	5592	35029	517	-
14267	5592	35029	517	-
14267	5592	35029	517	-
14267	5592	35029	517	-
14547	10952	35029	519	-
14547	10952	35029	519	-
14547	10952	35029	519	-
14547	10952	35029	519	-
14547	10952	35029	519	-
14547	10952	35029	519	-
14547	10952	35029	519	-
14547	10952	35029	519	-
14547	10952	35029	519	-
14547	10952	35029	519	-
14547	10952	35029	519	-
14547	10952	35029	519	-
14547	10952	35029	519	-
14547	10952	35029	519	-
14547	10952	35029	519	-
3611	17712	35029	519	-
23317	12431	35029	520	snmpgetattack
5376	4800	35029	520	snmpgetattack
20312	4800	35029	520	-
23317	5938	35029	520	-
14547	7918	35029	524	-
14547	7918	35029	524	-
14547	7918	35029	524	-
14547	7918	35029	524	-
14547	7918	35029	524	-
14547	7918	35029	524	-
14547	7918	35029	524	-
14547	7918	35029	524	-
14547	7918	35029	524	-
23317	12431	35029	525	snmpgetattack
20312	4800	35029	525	-
5376	4800	35029	525	snmpgetattack
23317	5938	35029	525	-
14547	7918	35029	525	-
14547	7918	35029	525	-
12985	19834	35029	525	httptunnel-e
7179	3611	35029	527	-
7179	3611	35029	527	-
7179	3611	35029	527	-
7179	3611	35029	527	-
7179	3611	35029	527	-
7179	3611	35029	527	-
7179	3611	35029	527	-
23317	5938	35029	530	-
20312	4800	35029	530	-
5376	4800	35029	531	snmpgetattack
23317	12431	35029	531	snmpgetattack
20312	4800	35029	535	-
23317	5938	35029	535	-
5376	4800	35029	536	snmpgetattack
23317	12431	35029	536	snmpgetattack
10571	14437	35029	537	-
10571	3461	35029	537	-
14547	3374	35029	539	-
14547	3374	35029	539	-
14547	3374	35029	539	-
20312	4800	35029	540	-
23317	5938	35029	540	-
23317	12431	35029	541	snmpgetattack
5376	4800	35029	541	snmpgetattack
20312	4800	19684	545	-
23317	5938	19684	545	-
5376	4800	19684	546	snmpgetattack
23317	12431	19684	546	snmpgetattack
14547	7918	19684	547	-
20312	4800	19684	550	-
23317	5938	19684	550	-
5376	4800	19684	551	snmpgetattack
23317	12431	19684	551	snmpgetattack
14547	7918	19684	551	-
14547	7918	19684	552	-
14547	7918	19684	552	-
14547	7918	19684	552	-
14547	7918	19684	552	-
12985	19834	19684	555	httptunnel-e
5376	4800	19684	556	snmpgetattack
23317	12431	19684	556	snmpgetattack
3611	17712	19684	558	-
3611	17712	19684	558	-
3611	17712	19684	558	-
3611	17712	19684	558	-
20312	4800	19684	560	-
23317	5938	19684	560	-
23317	12431	19684	561	snmpgetattack
5376	4800	19684	561	snmpgetattack
6775	7268	19684	563	-
20312	4800	19684	565	-
23317	5938	19684	565	-
5376	4800	19684	566	snmpgetattack
23317	12431	19684	566	snmpgetattack
19603	2843	19684	568	-
19603	16531	19684	568	-
20312	4800	19684	570	-
23317	5938	19684	570	-
5376	4800	19684	571	snmpgetattack
23317	12431	19684	571	snmpgetattack
3611	445	19684	574	-
3611	445	19684	574	-
3611	445	19684	574	-
3611	445	19684	574	-
3611	445	19684	574	-
3611	445	19684	574	-
3611	445	19684	574	-
3611	445	19684	574	-
3611	445	19684	574	-
3611	445	19684	574	-
3611	445	19684	574	-
3611	445	19684	574	-
3611	445	19684	574	-
3611	445	19684	574	-
3611	445	19684	574	-
20312	4800	19684	575	-
23317	5938	19684	575	-
3076	3611	19684	576	-
3076	3611	19684	576	-
3076	3611	19684	576	-
3076	3611	19684	576	-
3076	3611	19684	576	-
23317	12431	19684	576	snmpgetattack
5376	4800	19684	576	snmpgetattack
3076	3611	19684	576	-
19839	11900	19684	578	-
20312	4800	19684	580	-
23317	5938	19684	580	-
23317	12431	19684	581	snmpgetattack
5376	4800	19684	581	snmpgetattack
7215	11900	19684	582	-
12985	19834	19684	585	httptunnel-e
7215	11900	19684	585	-
20312	4800	19684	585	-
23317	5938	19684	585	-
7215	1633	19684	585	-
21708	18966	19684	586	-
5376	4800	19684	586	snmpgetattack
21708	18966	19684	586	-
23317	12431	19684	586	snmpgetattack
21708	18966	19684	586	-
21708	18966	19684	586	-
21708	18966	19684	586	-
21708	18966	19684	586	-
21708	18966	19684	586	-
21708	18966	19684	586	-
21708	18966	19684	586	-
23317	5938	19684	590	-
20312	4800	19684	590	-
23317	12431	19684	591	snmpgetattack
5376	4800	19684	591	snmpgetattack
6775	3611	19684	592	-
7179	23167	19684	593	-
20312	4800	19684	595	-
23317	5938	19684	595	-
5376	4800	19684	596	snmpgetattack
23317	12431	19684	596	snmpgetattack
14267	10272	19684	597	-
14267	2422	19684	600	-
23317	5938	19684	600	-
20312	4800	19684	600	-
14267	2422	19684	600	-
14267	2422	19684	600	-
14267	2422	19684	600	-
14267	2422	19684	600	-
14267	2422	19684	600	-
14267	2422	19684	600	-
14267	2422	19684	600	-
14267	2422	19684	600	-
14267	2422	19684	600	-
14267	2422	19684	600	-
14267	2422	19684	600	-
14267	2422	19684	600	-
14267	2422	19684	600	-
14267	2422	19684	600	-
14267	2422	19684	600	-
14267	2422	19684	600	-
14267	2422	19684	600	-
14267	2422	19684	600	-
14267	2422	19684	600	-
14267	2422	19684	600	-
23317	12431	19684	601	snmpgetattack
5376	4800	19684	601	snmpgetattack
20312	4800	45468	605	-
23317	5938	45468	605	-
5376	4800	45468	606	snmpgetattack
23317	12431	45468	606	snmpgetattack
7179	3611	45468	607	-
7179	3611	45468	607	-
20312	4800	45468	610	-
3297	22986	45468	610	-
23317	5938	45468	610	-
5376	4800	45468	611	snmpgetattack
23317	12431	45468	611	snmpgetattack
12332	23167	45468	613	-
13993	15894	45468	615	-
13993	1633	45468	615	-
20312	4800	45468	616	-
23317	5938	45468	616	-
5376	4800	45468	616	snmpgetattack
23317	12431	45468	616	snmpgetattack
13993	19531	45468	616	-
12332	23167	45468	617	-
13993	21708	45468	617	-
12332	16332	45468	617	-
14547	3374	45468	620	-
23317	5938	45468	621	-
5376	4800	45468	621	snmpgetattack
23317	12431	45468	621	snmpgetattack
14547	3374	45468	621	-
14547	3374	45468	621	-
14547	3374	45468	621	-
14547	3374	45468	621	-
14547	3374	45468	621	-
14547	3374	45468	621	-
20312	4800	45468	621	-
14547	3374	45468	623	-
14547	3374	45468	623	-
14547	3374	45468	623	-
23317	5938	45468	626	-
5376	4800	45468	626	snmpgetattack
23317	12431	45468	626	snmpgetattack
20312	4800	45468	626	-
23317	12431	45468	631	snmpgetattack
5376	4800	45468	631	snmpgetattack
23317	5938	45468	631	-
20312	4800	45468	631	-
3076	16593	45468	632	-
3076	3611	45468	632	-
3076	3611	45468	633	-
3076	3611	45468	633	-
3076	3611	45468	633	-
3076	3611	45468	634	-
3076	3611	45468	634	-
3076	3611	45468	634	-
5376	4800	45468	636	snmpgetattack
20312	4800	45468	636	-
23317	5938	45468	636	-
23317	12431	45468	636	snmpgetattack
882	4981	45468	639	-
7215	19834	45468	639	-
23317	5938	45468	641	-
20312	4800	45468	641	-
5376	4800	45468	642	snmpgetattack
23317	12431	45468	642	snmpgetattack
882	19350	45468	643	-
882	19350	45468	643	-
20312	4800	45468	646	-
23317	5938	45468	646	-
21708	18966	45468	646	-
14547	12066	45468	646	-
21708	18966	45468	646	-
5376	4800	45468	647	snmpgetattack
23317	12431	45468	647	snmpgetattack
23317	5938	45468	651	-
20312	4800	45468	651	-
5376	4800	45468	652	snmpgetattack
23317	12431	45468	652	snmpgetattack
21708	18966	45468	653	-
882	19350	45468	653	-
21708	18966	45468	655	-
21708	18966	45468	655	-
21708	18966	45468	655	-
21708	18966	45468	655	-
21708	18966	45468	655	-
21708	18966	45468	655	-
21708	18966	45468	655	-
21708	18966	45468	655	-
21708	18966	45468	655	-
21708	18966	45468	655	-
21708	18966	45468	655	-
20312	4800	45468	656	-
23317	5938	45468	656	-
17624	16531	45468	656	-
5376	4800	45468	657	snmpgetattack
23317	12431	45468	657	snmpgetattack
19531	11900	45468	659	-
14547	3374	45468	660	-
14547	3374	45468	660	-
14547	3374	45468	660	-
14547	3374	45468	660	-
14547	3374	45468	660	-
23317	5938	45468	661	-
20312	4800	45468	661	-
23317	12431	45468	662	snmpgetattack
5376	4800	45468	662	snmpgetattack
20312	4800	9238	666	-
23317	5938	9238	666	-
5376	4800	9238	667	snmpgetattack
23317	12431	9238	667	snmpgetattack
882	19350	9238	668	-
20312	4800	9238	671	-
23317	5938	9238	671	-
23317	12431	9238	672	snmpgetattack
5376	4800	9238	672	snmpgetattack
20312	4800	9238	676	-
23317	5938	9238	676	-
5376	4800	9238	677	snmpgetattack
23317	12431	9238	677	snmpgetattack
20312	4800	9238	681	-
23317	5938	9238	681	-
5376	4800	9238	682	snmpgetattack
23317	12431	9238	682	snmpgetattack
20312	4800	9238	686	-
23317	5938	9238	686	-
23317	12431	9238	687	snmpgetattack
5376	4800	9238	687	snmpgetattack
14267	2422	9238	688	-
14267	2422	9238	688	-
14267	2422	9238	688	-
14267	2422	9238	688	-
14267	2422	9238	688	-
14267	2422	9238	688	-
14267	2422	9238	688	-
14267	2422	9238	688	-
14267	2422	9238	688	-
14267	2422	9238	688	-
14267	2422	9238	688	-
14267	2422	9238	688	-
14267	2422	9238	688	-
14267	2422	9238	688	-
14267	2422	9238	688	-
20312	4800	9238	691	-
23317	5938	9238	691	-
23317	12431	9238	692	snmpgetattack
5376	4800	9238	692	snmpgetattack
20312	4800	9238	696	-
23317	5938	9238	696	-
23317	12431	9238	697	snmpgetattack
5376	4800	9238	697	snmpgetattack
882	19350	9238	698	-
20312	4800	9238	701	-
23317	5938	9238	701	-
23317	12431	9238	702	snmpgetattack
5376	4800	9238	702	snmpgetattack
12985	8674	9238	703	warez
12985	8674	9238	703	warez
9326	8452	9238	703	warez
20312	4800	9238	706	-
23317	5938	9238	706	-
23317	12431	9238	707	snmpgetattack
5376	4800	9238	707	snmpgetattack
20312	4800	9238	711	-
23317	5938	9238	711	-
23317	12431	9238	712	snmpgetattack
5376	4800	9238	712	snmpgetattack
7179	16531	9238	715	-
23317	5938	9238	716	-
20312	4800	9238	716	-
23317	12431	9238	717	snmpgetattack
5376	4800	9238	717	snmpgetattack
3957	1633	9238	718	-
8048	2843	9238	718	-
8048	4981	9238	719	-
14547	10340	9238	722	-
14547	10340	9238	722	-
20312	4800	9238	722	-
23317	5938	9238	722	-
5376	4800	9238	722	snmpgetattack
23317	12431	9238	722	snmpgetattack
14547	10340	9238	722	-
14547	10340	9238	722	-
14547	10340	9238	722	-
14547	10340	9238	722	-
14547	10340	9238	722	-
14547	10340	9238	722	-
14547	10340	9238	722	-
14547	10340	9238	722	-
882	19350	9238	723	-
23317	12431	25993	727	snmpgetattack
20312	4800	25993	727	-
23317	5938	25993	727	-
5376	4800	25993	727	snmpgetattack
23317	12431	25993	732	snmpgetattack
5376	4800	25993	732	snmpgetattack
20312	4800	25993	732	-
23317	5938	25993	732	-
882	19350	25993	733	-
23317	12431	25993	737	snmpgetattack
5376	4800	25993	737	snmpgetattack
20312	4800	25993	737	-
23317	5938	25993	737	-
23317	12431	25993	742	snmpgetattack
20312	4800	25993	742	-
23317	5938	25993	742	-
5376	4800	25993	742	snmpgetattack
23317	5938	25993	747	-
20312	4800	25993	747	-
5376	4800	25993	747	snmpgetattack
23317	12431	25993	747	snmpgetattack
882	19350	25993	748	-
14267	2422	25993	750	-
5376	4800	25993	752	snmpgetattack
20312	4800	25993	752	-
23317	5938	25993	752	-
23317	12431	25993	753	snmpgetattack
20312	4800	25993	757	-
23317	5938	25993	757	-
12985	15667	25993	757	-
5376	4800	25993	758	snmpgetattack
23317	12431	25993	758	snmpgetattack
12985	15667	25993	759	-
23317	5938	25993	762	-
17624	8452	25993	762	-
20312	4800	25993	762	-
5376	4800	25993	763	snmpgetattack
23317	12431	25993	763	snmpgetattack
17624	8452	25993	764	-
17624	8452	25993	766	-
23317	5938	25993	767	-
20312	4800	25993	767	-
17624	8452	25993	768	-
5376	4800	25993	768	snmpgetattack
23317	12431	25993	768	snmpgetattack
17624	8452	25993	771	-
3611	445	25993	771	-
3611	445	25993	772	-
20312	4800	25993	772	-
23317	5938	25993	772	-
3611	445	25993	772	-
3611	445	25993	772	-
3611	445	25993	772	-
3611	445	25993	772	-
3611	445	25993	772	-
3611	445	25993	772	-
3611	445	25993	772	-
3611	445	25993	772	-
3611	445	25993	772	-
3611	445	25993	772	-
3611	445	25993	772	-
23317	12431	25993	773	snmpgetattack
5376	4800	25993	773	snmpgetattack
10571	14437	25993	773	-
17624	8452	25993	773	-
10571	16531	25993	773	-
3957	15894	25993	775	-
17624	8452	25993	776	-
14547	3374	25993	776	-
17624	8452	25993	776	-
17624	8452	25993	776	-
17624	8452	25993	776	-
17624	8452	25993	777	-
20312	4800	25993	777	-
23317	5938	25993	777	-
14547	3374	25993	777	-
14547	3374	25993	777	-
17624	8452	25993	777	-
17624	8452	25993	777	-
17624	8452	25993	777	-
14547	2087	25993	778	-
5376	4800	25993	778	snmpgetattack
23317	12431	25993	778	snmpgetattack
882	19350	25993	778	-
14547	2087	25993	778	-
14547	2087	25993	778	-
14547	2087	25993	778	-
14547	2087	25993	778	-
14547	2087	25993	778	-
14547	2087	25993	779	-
14547	2087	25993	779	-
14547	2087	25993	779	-
14547	2087	25993	779	-
14547	2087	25993	779	-
14547	2087	25993	779	-
14547	2087	25993	779	-
14547	2087	25993	779	-
14547	2087	25993	779	-
14547	2087	25993	779	-
20312	4800	25993	782	-
23317	5938	25993	782	-
3611	445	25993	783	-
3611	445	25993	783	-
3611	445	25993	783	-
3611	445	25993	783	-
3611	445	25993	783	-
3611	445	25993	783	-
3611	445	25993	783	-
3611	445	25993	783	-
3611	445	25993	783	-
3611	445	25993	783	-
3611	445	25993	783	-
3611	445	25993	783	-
3611	445	25993	783	-
3611	445	25993	783	-
3611	445	25993	783	-
23317	12431	25993	783	snmpgetattack
5376	4800	25993	783	snmpgetattack
20312	4800	19050	787	-
23317	5938	19050	787	-
5376	4800	19050	788	snmpgetattack
23317	12431	19050	788	snmpgetattack
20312	23167	19050	788	-
20312	4800	19050	792	-
23317	5938	19050	792	-
5376	4800	19050	793	snmpgetattack
23317	12431	19050	793	snmpgetattack
20312	4800	19050	797	-
23317	5938	19050	797	-
5376	4800	19050	798	snmpgetattack
23317	12431	19050	798	snmpgetattack
19839	11900	19050	798	-
8048	16531	19050	800	-
20312	4800	19050	802	-
23317	5938	19050	802	-
5376	4800	19050	803	snmpgetattack
23317	12431	19050	803	snmpgetattack
13993	1633	19050	803	-
13993	1633	19050	806	-
20312	4800	19050	807	-
23317	5938	19050	807	-
5376	4800	19050	808	snmpgetattack
23317	12431	19050	808	snmpgetattack
13993	1633	19050	808	-
13993	1633	19050	810	-
20312	4800	19050	812	-
23317	5938	19050	812	-
5376	4800	19050	813	snmpgetattack
23317	12431	19050	813	snmpgetattack
13993	1633	19050	813	-
14547	20741	19050	814	-
14547	20741	19050	814	-
14547	20741	19050	814	-
14547	20741	19050	814	-
14547	20741	19050	814	-
20312	4800	19050	817	-
23317	5938	19050	817	-
19603	16531	19050	818	-
23317	12431	19050	818	snmpgetattack
5376	4800	19050	818	snmpgetattack
23317	5938	19050	822	-
20312	4800	19050	822	-
3611	19019	19050	822	-
7538	15667	19050	822	-
5376	4800	19050	823	snmpgetattack
23317	12431	19050	823	snmpgetattack
17624	7268	19050	824	-
17624	7268	19050	826	-
20312	4800	19050	827	-
23317	5938	19050	827	-
5376	4800	19050	828	snmpgetattack
23317	12431	19050	828	snmpgetattack
21708	18966	19050	828	-
21708	18966	19050	828	-
21708	18966	19050	828	-
21708	18966	19050	828	-
21708	18966	19050	828	-
21708	18966	19050	828	-
21708	18966	19050	828	-
21708	18966	19050	828	-
21708	18966	19050	828	-
21708	18966	19050	828	-
21708	18966	19050	828	-
21708	18966	19050	828	-
17624	7268	19050	828	-
20312	4800	19050	832	-
23317	5938	19050	832	-
17624	7268	19050	832	-
5376	4800	19050	833	snmpgetattack
23317	12431	19050	833	snmpgetattack
20312	4800	19050	838	-
23317	5938	19050	838	-
5376	4800	19050	838	snmpgetattack
23317	12431	19050	838	snmpgetattack
3611	445	19050	842	-
13993	22986	19050	842	-
23317	12431	19050	843	snmpgetattack
20312	4800	19050	843	-
23317	5938	19050	843	-
5376	4800	19050	843	snmpgetattack
13993	1633	19050	843	-
7179	3611	19050	844	-
7179	3611	19050	844	-
7179	3611	19050	844	-
7179	3611	19050	844	-
23317	882	19050	844	-
7179	3611	19050	844	-
7179	3611	19050	844	-
7179	3611	19050	844	-
15394	4800	19050	844	-
7179	2843	32525	845	-
7179	9554	32525	845	-
23317	12431	32525	848	snmpgetattack
5376	4800	32525	848	snmpgetattack
20312	4800	32525	848	-
23317	5938	32525	848	-
3297	1001	32525	851	-
5376	4800	32525	853	snmpgetattack
23317	12431	32525	853	snmpgetattack
20312	4800	32525	853	-
23317	5938	32525	853	-
3611	18682	32525	854	-
14547	20741	32525	855	-
3076	3611	32525	856	-
3076	3611	32525	856	-
3076	3611	32525	856	-
3076	3611	32525	856	-
3611	6157	32525	857	-
3076	3611	32525	857	-
3076	3611	32525	857	-
3076	3611	32525	857	-
3076	3611	32525	857	-
3076	3611	32525	857	-
14547	20741	32525	858	-
20312	4800	32525	858	-
23317	5938	32525	858	-
5376	4800	32525	858	snmpgetattack
23317	12431	32525	858	snmpgetattack
14547	20741	32525	858	-
14547	20741	32525	858	-
3611	6157	32525	859	-
3611	6157	32525	859	-
3611	6157	32525	859	-
14547	20741	32525	859	-
14547	20741	32525	859	-
14547	20741	32525	859	-
3611	6157	32525	859	-
3611	14263	32525	859	-
3611	6157	32525	859	-
3611	6157	32525	859	-
3611	6157	32525	859	-
3611	6157	32525	859	-
3611	6157	32525	859	-
3611	6157	32525	859	-
3611	6157	32525	859	-
3611	6157	32525	859	-
3611	6157	32525	859	-
3611	6157	32525	860	-
3611	3858	32525	860	-
3611	6157	32525	860	-
3611	6157	32525	860	-
3611	6157	32525	860	-
3611	6157	32525	860	-
3611	6157	32525	860	-
3611	14263	32525	860	-
3611	6157	32525	860	-
3611	6157	32525	860	-
3611	6157	32525	860	-
3611	14263	32525	860	-
3611	6157	32525	860	-
3611	6157	32525	860	-
3611	6157	32525	860	-
3611	14263	32525	860	-
3611	6157	32525	860	-
3611	6157	32525	860	-
3611	6157	32525	860	-
20312	4800	32525	863	-
23317	5938	32525	863	-
23317	12431	32525	864	snmpgetattack
5376	4800	32525	864	snmpgetattack
23317	5938	32525	868	-
20312	4800	32525	868	-
5376	4800	32525	869	snmpgetattack
23317	12431	32525	869	snmpgetattack
14547	3374	32525	871	-
14547	3374	32525	871	-
14547	3374	32525	871	-
14547	3374	32525	871	-
20312	4800	32525	873	-
23317	5938	32525	873	-
5376	4800	32525	874	snmpgetattack
23317	12431	32525	874	snmpgetattack
3957	13122	32525	877	-
6775	3611	32525	877	-
23317	5938	32525	878	-
20312	4800	32525	878	-
5376	4800	32525	879	snmpgetattack
23317	12431	32525	879	snmpgetattack
14547	20741	32525	880	-
14547	20741	32525	880	-
14547	20741	32525	880	-
14547	20741	32525	880	-
14547	20741	32525	880	-
20312	4800	32525	883	-
23317	5938	32525	883	-
23317	12431	32525	884	snmpgetattack
5376	4800	32525	884	snmpgetattack
20312	4800	32525	888	-
23317	5938	32525	888	-
5376	4800	32525	889	snmpgetattack
23317	12431	32525	889	snmpgetattack
20312	4800	32525	893	-
23317	5938	32525	893	-
5376	4800	32525	894	snmpgetattack
23317	12431	32525	894	snmpgetattack
20312	4800	32525	898	-
23317	5938	32525	898	-
5376	4800	32525	899	snmpgetattack
23317	12431	32525	899	snmpgetattack
20312	4800	32525	903	-
23317	5938	32525	903	-
14547	445	32525	904	-
14547	445	32525	904	-
23317	12431	32525	904	snmpgetattack
14547	445	32525	904	-
14547	445	32525	904	-
14547	445	32525	904	-
14547	445	32525	904	-
14547	445	32525	904	-
14547	445	32525	904	-
14547	445	32525	904	-
14547	445	32525	904	-
14547	445	32525	904	-
14547	445	32525	904	-
5376	4800	32525	904	snmpgetattack
14547	445	32525	904	-
14547	445	32525	904	-
14547	445	32525	904	-
14547	21708	33234	907	-
23317	5938	33234	908	-
20312	4800	33234	908	-
5376	4800	33234	909	snmpgetattack
23317	12431	33234	909	snmpgetattack
23317	5938	33234	913	-
20312	4800	33234	913	-
5376	4800	33234	914	snmpgetattack
23317	12431	33234	914	snmpgetattack
20312	4800	33234	918	-
23317	5938	33234	918	-
5376	4800	33234	919	snmpgetattack
23317	12431	33234	919	snmpgetattack
16671	15894	33234	919	-
19531	15894	33234	922	-
20312	4800	33234	923	-
23317	5938	33234	923	-
19531	11900	33234	923	-
5376	4800	33234	924	snmpgetattack
23317	12431	33234	924	snmpgetattack
20312	16531	33234	924	-
13993	19834	33234	926	-
882	16531	33234	926	-
20312	4800	33234	928	-
23317	5938	33234	928	-
5376	4800	33234	929	snmpgetattack
23317	12431	33234	929	snmpgetattack
13993	5938	33234	929	-
3611	10812	33234	929	-
3611	6157	33234	929	-
3957	587	33234	929	-
19603	16531	33234	930	-
3957	19531	33234	930	-
13993	5938	33234	931	-
3611	9911	33234	932	-
20312	4800	33234	933	-
23317	5938	33234	933	-
13993	5938	33234	933	-
23317	12431	33234	934	snmpgetattack
19531	22986	33234	934	-
5376	4800	33234	934	snmpgetattack
3611	9911	33234	936	-
3611	9911	33234	936	-
3611	9911	33234	936	-
3611	9911	33234	936	-
3611	9911	33234	936	-
3611	9911	33234	936	-
3611	9911	33234	936	-
3611	9911	33234	936	-
3611	18621	33234	936	-
3611	9911	33234	936	-
3611	9911	33234	936	-
3611	9911	33234	936	-
3611	9911	33234	936	-
3611	9911	33234	936	-
3611	9911	33234	936	-
3611	9911	33234	936	-
3611	9911	33234	936	-
3611	9911	33234	936	-
3611	9911	33234	936	-
3611	9911	33234	936	-
3611	9911	33234	936	-
3611	18621	33234	936	-
13993	5938	33234	937	-
20312	4800	33234	938	-
23317	5938	33234	938	-
19531	22986	33234	938	-
5376	4800	33234	939	snmpgetattack
23317	12431	33234	939	snmpgetattack
6114	3548	33234	941	-
11001	22986	33234	941	-
10571	23167	33234	942	-
10571	4981	33234	942	-
6114	3548	33234	943	-
6114	3548	33234	943	-
6114	3548	33234	943	-
6114	3548	33234	943	-
6114	3548	33234	943	-
6114	3548	33234	943	-
6114	3548	33234	943	-
20312	4800	33234	943	-
23317	5938	33234	943	-
6114	3548	33234	943	-
6114	3548	33234	943	-
6114	3548	33234	943	-
6114	3548	33234	943	-
6114	3548	33234	943	-
6114	3548	33234	943	-
23317	12431	33234	944	snmpgetattack
6114	3548	33234	944	-
6114	3548	33234	944	-
6114	3548	33234	944	-
6114	3548	33234	944	-
6114	3548	33234	944	-
6114	3548	33234	944	-
5376	4800	33234	944	snmpgetattack
6114	3548	33234	944	-
6114	3548	33234	944	-
6114	3548	33234	944	-
6114	3548	33234	944	-
6114	3548	33234	944	-
23317	5938	33234	948	-
20312	4800	33234	948	-
5376	4800	33234	949	snmpgetattack
23317	12431	33234	949	snmpgetattack
20312	4800	33234	953	-
23317	5938	33234	954	-
5376	4800	33234	954	snmpgetattack
23317	12431	33234	954	snmpgetattack
20312	4800	33234	959	-
5376	4800	33234	959	snmpgetattack
23317	12431	33234	959	snmpgetattack
23317	5938	33234	959	-
5376	4800	33234	964	snmpgetattack
23317	5938	33234	964	-
20312	4800	33234	964	-
23317	12431	33234	964	snmpgetattack
3611	12500	27755	967	-
12332	14437	27755	967	-
3611	12500	27755	967	-
3957	15394	27755	967	-
12332	3297	27755	967	-
20312	4800	27755	969	-
23317	5938	27755	969	-
5376	4800	27755	969	snmpgetattack
23317	12431	27755	969	snmpgetattack
12332	3461	27755	969	-
12332	16531	27755	970	-
7179	14437	27755	970	-
12332	16593	27755	971	-
7179	3461	27755	972	-
23317	12431	27755	974	snmpgetattack
5376	4800	27755	974	snmpgetattack
23317	5938	27755	974	-
20312	4800	27755	974	-
12332	16332	27755	974	-
7179	16593	27755	975	-
14267	2422	27755	976	-
14267	2422	27755	976	-
14267	2422	27755	976	-
14267	2422	27755	976	-
14267	2422	27755	976	-
14267	2422	27755	976	-
14267	2422	27755	976	-
14267	2422	27755	976	-
14267	2422	27755	976	-
14267	2422	27755	976	-
14267	2422	27755	976	-
14267	2422	27755	976	-
14267	2422	27755	977	-
14267	2422	27755	977	-
14267	2422	27755	977	-
20312	4800	27755	979	-
23317	5938	27755	979	-
5376	4800	27755	979	snmpgetattack
23317	12431	27755	979	snmpgetattack
10571	14437	27755	982	-
10571	16531	27755	982	-
8048	16531	27755	983	-
23317	5938	27755	984	-
20312	4800	27755	984	-
5376	4800	27755	985	snmpgetattack
23317	12431	27755	985	snmpgetattack
10571	8452	27755	985	-
8048	9554	27755	986	-
14267	15510	27755	988	-
14267	15510	27755	988	-
23317	5938	27755	989	-
20312	4800	27755	989	-
5376	4800	27755	990	snmpgetattack
23317	12431	27755	990	snmpgetattack
3611	6157	27755	992	-
3611	14263	27755	994	-
3611	6157	27755	994	-
23317	5938	27755	994	-
3611	6157	27755	994	-
3611	6157	27755	994	-
3611	6157	27755	994	-
20312	4800	27755	994	-
3611	6157	27755	994	-
3611	6157	27755	994	-
3611	6157	27755	994	-
3611	6157	27755	994	-
3611	6157	27755	994	-
3611	6157	27755	994	-
3611	6157	27755	994	-
3611	6157	27755	994	-
3611	6157	27755	994	-
3611	6157	27755	994	-
3611	6157	27755	994	-
3611	14263	27755	994	-
3611	6157	27755	994	-
3611	6157	27755	994	-
3611	6157	27755	994	-
3611	14263	27755	994	-
3611	6157	27755	994	-
3611	6157	27755	994	-
3611	6157	27755	994	-
3611	3858	27755	994	-
3611	14263	27755	994	-
3611	6157	27755	994	-
3611	6157	27755	994	-
3611	6157	27755	994	-
3611	6157	27755	994	-
3611	6157	27755	994	-
3611	6157	27755	994	-
3611	6157	27755	994	-
5376	4800	27755	995	snmpgetattack
23317	12431	27755	995	snmpgetattack
14267	18711	27755	996	-
20312	4800	27755	999	-
23317	5938	27755	999	-
23317	12431	27755	1000	snmpgetattack
5376	4800	27755	1000	snmpgetattack
23317	5938	27755	1004	-
20312	4800	27755	1004	-
23317	12431	27755	1005	snmpgetattack
5376	4800	27755	1005	snmpgetattack
14547	17064	27755	1008	-
20312	4800	27755	1009	-
23317	5938	27755	1009	-
5376	4800	27755	1010	snmpgetattack
23317	12431	27755	1010	snmpgetattack
20312	4800	27755	1014	-
23317	5938	27755	1014	-
5376	4800	27755	1015	snmpgetattack
23317	12431	27755	1015	snmpgetattack
20312	4800	27755	1019	-
23317	5938	27755	1019	-
5376	4800	27755	1020	snmpgetattack
23317	12431	27755	1020	snmpgetattack
20312	4800	27755	1024	-
23317	5938	27755	1024	-
23317	12431	254	1025	snmpgetattack
5376	4800	254	1025	snmpgetattack
20312	4800	254	1029	-
23317	5938	254	1029	-
5376	4800	254	1030	snmpgetattack
23317	12431	254	1030	snmpgetattack
20312	4800	254	1034	-
23317	5938	254	1034	-
5376	4800	254	1035	snmpgetattack
23317	12431	254	1035	snmpgetattack
20312	4800	254	1039	-
23317	5938	254	1039	-
23317	12431	254	1040	snmpgetattack
5376	4800	254	1040	snmpgetattack
6775	14437	254	1043	-
23317	5938	254	1044	-
20312	4800	254	1044	-
5376	4800	254	1045	snmpgetattack
23317	12431	254	1045	snmpgetattack
11001	15894	254	1047	-
20312	4800	254	1049	-
23317	5938	254	1049	-
6114	3548	254	1049	-
6114	3548	254	1050	-
6114	3548	254	1050	-
6114	3548	254	1050	-
6114	3548	254	1050	-
6114	3548	254	1050	-
6114	3548	254	1050	-
6114	3548	254	1050	-
6114	3548	254	1050	-
6114	3548	254	1050	-
6114	3548	254	1050	-
6114	3548	254	1050	-
23317	12431	254	1050	snmpgetattack
5376	4800	254	1050	snmpgetattack
6114	3548	254	1050	-
6114	3548	254	1050	-
6114	3548	254	1050	-
6114	3548	254	1050	-
6114	3548	254	1050	-
6114	3548	254	1050	-
6114	3548	254	1050	-
6114	3548	254	1050	-
6114	3548	254	1050	-
6114	3548	254	1050	-
6114	3548	254	1050	-
20367	587	254	1053	-
20312	4800	254	1054	-
23317	5938	254	1054	-
5376	4800	254	1055	snmpgetattack
23317	12431	254	1055	snmpgetattack
20312	4800	254	1059	-
23317	5938	254	1059	-
5376	4800	254	1060	snmpgetattack
23317	12431	254	1060	snmpgetattack
3957	22986	254	1061	-
17624	3461	254	1062	-
3957	15667	254	1062	-
12332	16531	254	1062	-
20312	4800	254	1064	-
23317	5938	254	1064	-
5376	4800	254	1065	snmpgetattack
23317	12431	254	1065	snmpgetattack
13993	21708	254	1067	-
20312	4800	254	1069	-
23317	5938	254	1069	-
13993	21708	254	1069	-
5376	4800	254	1070	snmpgetattack
23317	12431	254	1070	snmpgetattack
13993	21708	254	1071	-
13993	21708	254	1073	-
13993	21708	254	1074	-
20312	4800	254	1075	-
23317	5938	254	1075	-
5376	4800	254	1075	snmpgetattack
23317	12431	254	1075	snmpgetattack
13993	21708	254	1077	-
7179	3611	254	1077	-
7179	3611	254	1077	-
7179	3611	254	1077	-
7179	3611	254	1077	-
7179	3611	254	1077	-
7179	3611	254	1077	-
7179	3611	254	1077	-
20312	4800	254	1080	-
23317	5938	254	1080	-
13993	21708	254	1080	-
13993	21708	254	1080	-
13993	21708	254	1080	-
13993	21708	254	1080	-
13993	21708	254	1080	-
13993	21708	254	1080	-
13993	21708	254	1080	-
13993	21708	254	1080	-
13993	21708	254	1080	-
13993	21708	254	1080	-
13993	21708	254	1080	-
13993	21708	254	1080	-
13993	21708	254	1080	-
13993	21708	254	1081	-
13993	21708	254	1081	-
13993	21708	254	1081	-
13993	21708	254	1081	-
13993	21708	254	1081	-
13993	21708	254	1081	-
13993	21708	254	1081	-
23317	12431	254	1081	snmpgetattack
5376	4800	254	1081	snmpgetattack
13993	21708	254	1081	-
13993	21708	254	1081	-
13993	21708	254	1081	-
13993	21708	254	1081	-
19531	11900	254	1084	-
19531	1633	254	1084	-
20312	4800	16374	1085	-
23317	5938	16374	1085	-
5376	4800	16374	1086	snmpgetattack
23317	12431	16374	1086	snmpgetattack
20312	4800	16374	1090	-
23317	5938	16374	1090	-
5376	4800	16374	1091	snmpgetattack
23317	12431	16374	1091	snmpgetattack
20312	4800	16374	1095	-
23317	5938	16374	1095	-
5376	4800	16374	1096	snmpgetattack
23317	12431	16374	1096	snmpgetattack
20312	4800	16374	1100	-
23317	5938	16374	1100	-
5376	4800	16374	1101	snmpgetattack
23317	12431	16374	1101	snmpgetattack
20312	4800	16374	1105	-
23317	5938	16374	1105	-
5376	4800	16374	1106	snmpgetattack
23317	12431	16374	1106	snmpgetattack
6775	16531	16374	1108	-
20312	4800	16374	1110	-
23317	5938	16374	1110	-
5376	4800	16374	1111	snmpgetattack
23317	12431	16374	1111	snmpgetattack
20312	4800	16374	1115	-
23317	5938	16374	1115	-
5376	4800	16374	1116	snmpgetattack
23317	12431	16374	1116	snmpgetattack
20312	4800	16374	1120	-
23317	5938	16374	1120	-
6114	20271	16374	1121	-
6114	20271	16374	1121	-
6114	20271	16374	1121	-
6114	20271	16374	1121	-
6114	20271	16374	1121	-
6114	20271	16374	1121	-
6114	20271	16374	1121	-
6114	20271	16374	1121	-
6114	20271	16374	1121	-
6114	20271	16374	1121	-
6114	20271	16374	1121	-
6114	20271	16374	1121	-
6114	20271	16374	1121	-
6114	20271	16374	1121	-
6114	20271	16374	1121	-
5376	4800	16374	1121	snmpgetattack
6114	3548	16374	1121	-
23317	12431	16374	1121	snmpgetattack
6114	20271	16374	1125	-
20312	4800	16374	1125	-
23317	5938	16374	1125	-
6114	20271	16374	1125	-
6114	20271	16374	1125	-
6114	20271	16374	1125	-
6114	20271	16374	1125	-
6114	20271	16374	1125	-
6114	20271	16374	1125	-
6114	20271	16374	1125	-
6114	20271	16374	1125	-
6114	20271	16374	1125	-
6114	20271	16374	1125	-
6114	20271	16374	1125	-
6114	20271	16374	1125	-
23317	12431	16374	1126	snmpgetattack
5376	4800	16374	1126	snmpgetattack
23317	5938	16374	1130	-
20312	4800	16374	1130	-
5376	4800	16374	1131	snmpgetattack
23317	12431	16374	1131	snmpgetattack
20312	4800	16374	1135	-
23317	5938	16374	1135	-
5376	4800	16374	1136	snmpgetattack
23317	12431	16374	1136	snmpgetattack
23317	5938	16374	1140	-
20312	4800	16374	1140	-
5376	4800	16374	1141	snmpgetattack
23317	12431	16374	1141	snmpgetattack
3076	8452	16374	1141	-
20312	4800	34954	1145	-
23317	5938	34954	1145	-
23317	12431	34954	1146	snmpgetattack
5376	4800	34954	1146	snmpgetattack
12985	22986	34954	1149	-
12985	13122	34954	1149	-
20312	4800	34954	1150	-
23317	5938	34954	1150	-
12985	19834	34954	1150	-
882	8452	34954	1150	-
3076	3611	34954	1150	-
12985	15894	34954	1150	-
3076	3611	34954	1151	-
5376	4800	34954	1151	snmpgetattack
23317	12431	34954	1151	snmpgetattack
3076	3611	34954	1151	-
3076	3611	34954	1151	-
3076	3611	34954	1151	-
3076	3611	34954	1151	-
3076	3611	34954	1151	-
3957	15394	34954	1152	-
6775	3611	34954	1152	-
20312	4800	34954	1155	-
23317	5938	34954	1155	-
23317	12431	34954	1156	snmpgetattack
5376	4800	34954	1156	snmpgetattack
20312	4800	34954	1160	-
23317	5938	34954	1160	-
5376	4800	34954	1161	snmpgetattack
23317	12431	34954	1161	snmpgetattack
16671	5938	34954	1162	-
20312	4800	34954	1165	-
23317	5938	34954	1165	-
5376	4800	34954	1166	snmpgetattack
23317	12431	34954	1166	snmpgetattack
6775	8452	34954	1166	-
6775	3297	34954	1169	-
6775	8452	34954	1169	-
20312	4800	34954	1170	-
23317	5938	34954	1170	-
14547	20271	34954	1170	-
5376	4800	34954	1171	snmpgetattack
23317	12431	34954	1171	snmpgetattack
14547	20271	34954	1171	-
14547	20271	34954	1171	-
14547	20271	34954	1171	-
14547	20271	34954	1171	-
14547	20271	34954	1171	-
14547	20271	34954	1171	-
14547	20271	34954	1171	-
14547	20271	34954	1171	-
14547	20271	34954	1171	-
14547	20271	34954	1171	-
14547	20271	34954	1171	-
14547	20271	34954	1171	-
14547	20271	34954	1172	-
14547	20271	34954	1172	-
14547	20271	34954	1172	-
14547	20271	34954	1172	-
14547	20271	34954	1172	-
14547	20271	34954	1172	-
14547	20271	34954	1172	-
14547	20271	34954	1172	-
14547	20271	34954	1172	-
14547	20271	34954	1172	-
14547	20271	34954	1172	-
14547	20271	34954	1172	-
20312	4800	34954	1175	-
23317	5938	34954	1175	-
23317	12431	34954	1176	snmpgetattack
5376	4800	34954	1176	snmpgetattack
20312	4800	34954	1180	-
23317	5938	34954	1180	-
5376	4800	34954	1181	snmpgetattack
23317	12431	34954	1181	snmpgetattack
6114	17214	34954	1181	-
6114	17214	34954	1182	-
6114	17214	34954	1182	-
6114	17214	34954	1182	-
6114	17214	34954	1182	-
6114	17214	34954	1182	-
6114	17214	34954	1182	-
6114	17214	34954	1182	-
6114	17214	34954	1182	-
6114	17214	34954	1182	-
6114	17214	34954	1182	-
6114	17214	34954	1182	-
6114	17214	34954	1182	-
6114	17214	34954	1182	-
6114	17214	34954	1182	-
6114	17214	34954	1182	-
6114	17214	34954	1182	-
6114	17214	34954	1182	-
6114	17214	34954	1182	-
6114	17214	34954	1182	-
6114	17214	34954	1182	-
6114	17214	34954	1182	-
6114	17214	34954	1182	-
6114	17214	34954	1182	-
6114	17214	34954	1182	-
14267	22368	34954	1183	-
14267	22368	34954	1183	-
14267	22368	34954	1183	-
14267	22368	34954	1183	-
14267	8524	34954	1183	-
14267	22368	34954	1183	-
14267	22368	34954	1183	-
14267	22368	34954	1183	-
14267	22368	34954	1183	-
14267	22368	34954	1183	-
14267	22368	34954	1183	-
14267	22368	34954	1183	-
14267	22368	34954	1183	-
14267	22368	34954	1183	-
20312	4800	34954	1185	-
23317	5938	34954	1185	-
5376	4800	34954	1186	snmpgetattack
23317	12431	34954	1186	snmpgetattack
20312	4800	34954	1191	-
23317	5938	34954	1191	-
5376	4800	34954	1191	snmpgetattack
23317	12431	34954	1191	snmpgetattack
23317	12431	34954	1196	snmpgetattack
5376	4800	34954	1196	snmpgetattack
23317	5938	34954	1196	-
20312	4800	34954	1196	-
14267	5138	34954	1200	-
14267	5138	34954	1200	-
14267	5138	34954	1200	-
14267	5138	34954	1200	-
14267	5138	34954	1200	-
14267	5138	34954	1200	-
14267	5138	34954	1200	-
14267	5138	34954	1200	-
14267	5138	34954	1200	-
14267	5138	34954	1200	-
14267	5138	34954	1200	-
14267	5138	34954	1200	-
14267	5138	34954	1200	-
14267	5138	34954	1200	-
14267	5138	34954	1200	-
14267	5138	34954	1200	-
14267	5138	34954	1200	-
14267	5138	34954	1200	-
14267	5138	34954	1200	-
14267	5138	34954	1200	-
14267	5138	34954	1200	-
23317	5938	34954	1201	-
20312	4800	34954	1201	-
23317	12431	34954	1202	snmpgetattack
5376	4800	34954	1202	snmpgetattack
23317	5938	29389	1206	-
20312	4800	29389	1206	-
5376	4800	29389	1207	snmpgetattack
23317	12431	29389	1207	snmpgetattack
20312	4800	29389	1211	-
23317	5938	29389	1211	-
5376	4800	29389	1212	snmpgetattack
23317	12431	29389	1212	snmpgetattack
20312	4800	29389	1216	-
6114	17214	29389	1216	-
6114	17214	29389	1216	-
6114	17214	29389	1216	-
6114	17214	29389	1216	-
6114	17214	29389	1216	-
6114	17214	29389	1216	-
6114	17214	29389	1216	-
6114	17214	29389	1216	-
6114	17214	29389	1216	-
6114	17214	29389	1216	-
6114	17214	29389	1216	-
23317	5938	29389	1216	-
6114	17214	29389	1216	-
6114	17214	29389	1216	-
6114	17214	29389	1217	-
6114	17214	29389	1217	-
6114	17214	29389	1217	-
6114	17214	29389	1217	-
23317	12431	29389	1217	snmpgetattack
5376	4800	29389	1217	snmpgetattack
20312	4800	29389	1221	-
23317	5938	29389	1221	-
5376	4800	29389	1222	snmpgetattack
23317	12431	29389	1222	snmpgetattack
6114	8530	29389	1222	-
6114	8530	29389	1223	-
6114	8530	29389	1223	-
6114	8530	29389	1223	-
6114	8530	29389	1223	-
6114	8530	29389	1223	-
6114	8530	29389	1223	-
6114	8530	29389	1223	-
6114	8530	29389	1223	-
6114	8530	29389	1223	-
6114	8530	29389	1223	-
6114	8530	29389	1223	-
6114	8530	29389	1223	-
6114	8530	29389	1223	-
6114	8530	29389	1223	-
6114	8530	29389	1223	-
6114	8530	29389	1223	-
6114	8530	29389	1223	-
6114	8530	29389	1223	-
6114	8530	29389	1223	-
6114	8530	29389	1223	-
6114	8530	29389	1224	-
6114	8530	29389	1224	-
6114	8530	29389	1224	-
6114	8530	29389	1224	-
6114	8530	29389	1224	-
6114	8530	29389	1224	-
6114	8530	29389	1224	-
6114	8530	29389	1224	-
6114	8530	29389	1224	-
6114	8530	29389	1224	-
6114	8530	29389	1224	-
6114	8530	29389	1224	-
6114	8530	29389	1224	-
6114	8530	29389	1224	-
6114	8530	29389	1224	-
6114	8530	29389	1224	-
6114	8530	29389	1224	-
6114	8530	29389	1224	-
6114	8530	29389	1224	-
6114	8530	29389	1224	-
6114	8530	29389	1224	-
20312	4800	29389	1226	-
23317	5938	29389	1226	-
5376	4800	29389	1227	snmpgetattack
23317	12431	29389	1227	snmpgetattack
20312	4800	29389	1231	-
23317	5938	29389	1231	-
5376	4800	29389	1232	snmpgetattack
23317	12431	29389	1232	snmpgetattack
20312	4800	29389	1236	-
23317	5938	29389	1236	-
5376	4800	29389	1237	snmpgetattack
23317	12431	29389	1237	snmpgetattack
18246	18219	29389	1237	-
14547	21609	29389	1238	-
14547	21609	29389	1239	-
14547	21609	29389	1239	-
14547	21609	29389	1239	-
14547	21609	29389	1239	-
14547	21609	29389	1239	-
14547	21609	29389	1239	-
14547	21609	29389	1239	-
14547	21609	29389	1239	-
18246	18219	29389	1240	-
18246	18219	29389	1240	-
18246	18219	29389	1241	-
23317	5938	29389	1241	-
18246	18219	29389	1241	-
18246	18219	29389	1241	-
18246	18219	29389	1241	-
18246	18219	29389	1241	-
18246	3957	29389	1241	-
18246	18219	29389	1241	-
18246	18219	29389	1241	-
18246	18219	29389	1241	-
18246	18219	29389	1241	-
18246	3957	29389	1241	-
18246	3957	29389	1241	-
18246	18219	29389	1241	-
18246	3957	29389	1241	-
18246	18219	29389	1241	-
18246	18219	29389	1241	-
18246	18219	29389	1241	-
18246	18219	29389	1241	-
20312	4800	29389	1241	-
23317	12431	29389	1242	snmpgetattack
5376	4800	29389	1242	snmpgetattack
14547	20271	29389	1245	-
14547	20271	29389	1246	-
14547	20271	29389	1246	-
4800	17923	29389	1246	-
4800	17923	29389	1246	-
4800	17923	29389	1246	-
23317	5938	29389	1246	-
20312	4800	29389	1246	-
14547	20271	29389	1246	-
14547	20271	29389	1246	-
14547	20271	29389	1246	-
14547	20271	29389	1246	-
14547	20271	29389	1246	-
14547	20271	29389	1246	-
14547	20271	29389	1246	-
14547	20271	29389	1246	-
14547	20271	29389	1246	-
14547	20271	29389	1246	-
14547	20271	29389	1246	-
14547	20271	29389	1246	-
14547	20271	29389	1246	-
14547	20271	29389	1246	-
14547	20271	29389	1247	-
14547	20271	29389	1247	-
5376	4800	29389	1247	snmpgetattack
14547	20271	29389	1247	-
14547	20271	29389	1247	-
14547	20271	29389	1247	-
14547	20271	29389	1247	-
14547	20271	29389	1247	-
14547	20271	29389	1247	-
14547	20271	29389	1247	-
14547	20271	29389	1247	-
14547	20271	29389	1247	-
14547	20271	29389	1247	-
14547	20271	29389	1247	-
14547	20271	29389	1247	-
23317	12431	29389	1247	snmpgetattack
14547	20271	29389	1247	-
14547	20271	29389	1247	-
7179	3611	29389	1249	-
7179	3611	29389	1249	-
7179	3611	29389	1249	-
7179	3611	29389	1249	-
7179	3611	29389	1249	-
7179	3611	29389	1250	-
7179	3611	29389	1250	-
20312	4800	29389	1251	-
23317	5938	29389	1251	-
5376	4800	29389	1252	snmpgetattack
23317	12431	29389	1252	snmpgetattack
18246	4752	29389	1252	-
18246	18219	29389	1252	-
18246	18219	29389	1253	-
18246	18219	29389	1253	-
18246	18219	29389	1253	-
18246	18219	29389	1253	-
20312	4800	29389	1256	-
23317	5938	29389	1256	-
20312	3461	29389	1256	-
5376	4800	29389	1257	snmpgetattack
23317	12431	29389	1257	snmpgetattack
20312	4800	29389	1261	-
23317	5938	29389	1261	-
5376	4800	29389	1262	snmpgetattack
23317	12431	29389	1262	snmpgetattack
14547	21609	29389	1263	-
12985	11900	29389	1263	-
20312	4800	16253	1266	-
23317	5938	16253	1266	-
14547	21609	16253	1266	-
14547	21609	16253	1266	-
14547	21609	16253	1266	-
14547	21609	16253	1266	-
14547	21609	16253	1266	-
14547	21609	16253	1266	-
14547	21609	16253	1266	-
14547	21609	16253	1266	-
14547	21609	16253	1266	-
14547	21609	16253	1266	-
14547	21609	16253	1266	-
14547	21609	16253	1266	-
14547	21609	16253	1266	-
14547	17726	16253	1266	-
14547	21609	16253	1266	-
12985	15667	16253	1266	-
23317	12431	16253	1267	snmpgetattack
5376	4800	16253	1267	snmpgetattack
18246	17005	16253	1268	-
23317	5938	16253	1271	-
20312	4800	16253	1271	-
5376	4800	16253	1272	snmpgetattack
23317	12431	16253	1272	snmpgetattack
14547	7151	16253	1272	-
14547	7151	16253	1272	-
14547	7151	16253	1272	-
14547	7151	16253	1272	-
14547	7151	16253	1272	-
14547	7151	16253	1272	-
3611	6157	16253	1274	-
3611	10812	16253	1274	-
3611	6157	16253	1274	-
3611	6157	16253	1274	-
3611	3858	16253	1274	-
3611	6157	16253	1274	-
3611	6157	16253	1275	-
3611	6157	16253	1275	-
3611	14263	16253	1275	-
3611	6157	16253	1275	-
3611	6157	16253	1275	-
3611	6157	16253	1275	-
3611	6157	16253	1275	-
3611	6157	16253	1275	-
3611	6157	16253	1275	-
3611	14263	16253	1275	-
3611	6157	16253	1275	-
3611	6157	16253	1275	-
3611	6157	16253	1275	-
3611	6157	16253	1275	-
3611	20495	16253	1275	-
3611	6157	16253	1275	-
3611	6157	16253	1275	-
23317	5938	16253	1276	-
20312	4800	16253	1276	-
7782	5938	16253	1276	-
5376	4800	16253	1277	snmpgetattack
23317	12431	16253	1277	snmpgetattack
14547	16240	16253	1278	-
7782	5938	16253	1278	-
14547	10214	16253	1281	-
14547	10214	16253	1281	-
14547	10214	16253	1281	-
14547	10214	16253	1281	-
14547	10214	16253	1281	-
14547	10214	16253	1281	-
14547	10214	16253	1281	-
20312	4800	16253	1281	-
14547	10214	16253	1281	-
23317	5938	16253	1281	-
14547	10214	16253	1281	-
14547	10214	16253	1281	-
5376	4800	16253	1282	snmpgetattack
23317	12431	16253	1282	snmpgetattack
14267	15443	16253	1283	-
14267	15443	16253	1283	-
14267	15443	16253	1283	-
14267	15443	16253	1283	-
14267	15443	16253	1283	-
14267	15443	16253	1283	-
14267	15443	16253	1283	-
14267	15443	16253	1283	-
4323	8452	16253	1284	warez
12985	22412	16253	1285	warez
12985	22412	16253	1285	warez
20312	4800	16253	1286	-
23317	5938	16253	1286	-
14267	15443	16253	1286	-
14267	15443	16253	1286	-
14267	15443	16253	1286	-
14267	15443	16253	1286	-
14267	15443	16253	1286	-
14267	15443	16253	1286	-
14267	15443	16253	1286	-
14267	15443	16253	1286	-
14267	15443	16253	1286	-
14267	15443	16253	1286	-
14267	15443	16253	1286	-
14267	15443	16253	1286	-
14267	15443	16253	1286	-
14267	15443	16253	1286	-
14267	15443	16253	1286	-
14267	11037	16253	1286	-
14267	15443	16253	1286	-
5376	4800	16253	1287	snmpgetattack
23317	12431	16253	1287	snmpgetattack
14267	15443	16253	1287	-
11001	11900	16253	1289	-
20312	4800	16253	1291	-
23317	5938	16253	1291	-
23317	12431	16253	1292	snmpgetattack
5376	4800	16253	1292	snmpgetattack
20312	4800	16253	1296	-
23317	5938	16253	1296	-
5376	4800	16253	1297	snmpgetattack
23317	12431	16253	1297	snmpgetattack
20312	4800	16253	1301	-
23317	5938	16253	1301	-
5376	4800	16253	1302	snmpgetattack
23317	12431	16253	1302	snmpgetattack
13993	11900	16253	1306	-
23317	5938	16253	1306	-
20312	4800	16253	1306	-
5376	4800	16253	1308	snmpgetattack
23317	12431	16253	1308	snmpgetattack
20312	4800	16253	1311	-
23317	5938	16253	1311	-
5376	4800	16253	1313	snmpgetattack
23317	12431	16253	1313	snmpgetattack
21708	15667	16253	1316	-
7215	13122	16253	1316	-
20312	4800	16253	1317	-
23317	5938	16253	1317	-
6114	8530	16253	1317	-
6114	8530	16253	1317	-
6114	8530	16253	1317	-
6114	8530	16253	1317	-
6114	8530	16253	1318	-
6114	8530	16253	1318	-
6114	8530	16253	1318	-
6114	8530	16253	1318	-
6114	8530	16253	1318	-
6114	8530	16253	1318	-
6114	8530	16253	1318	-
14267	15443	16253	1318	-
14267	15443	16253	1318	-
6114	8530	16253	1318	-
6114	8530	16253	1318	-
6114	8530	16253	1318	-
6114	8530	16253	1318	-
23317	12431	16253	1318	snmpgetattack
6114	8530	16253	1318	-
6114	8530	16253	1318	-
6114	8530	16253	1318	-
6114	8530	16253	1318	-
6114	8530	16253	1318	-
5376	4800	16253	1318	snmpgetattack
20312	4800	16253	1322	-
23317	5938	16253	1322	-
23317	12431	16253	1323	snmpgetattack
5376	4800	16253	1323	snmpgetattack
20312	4800	20169	1327	-
23317	5938	20169	1327	-
5376	4800	20169	1328	snmpgetattack
23317	12431	20169	1328	snmpgetattack
23317	5938	20169	1332	-
20312	4800	20169	1332	-
23317	12431	20169	1333	snmpgetattack
5376	4800	20169	1333	snmpgetattack
23317	5938	20169	1337	-
20312	4800	20169	1337	-
23317	12431	20169	1338	snmpgetattack
5376	4800	20169	1338	snmpgetattack
18246	17005	20169	1339	-
20312	4800	20169	1342	-
23317	5938	20169	1342	-
23317	12431	20169	1343	snmpgetattack
5376	4800	20169	1343	snmpgetattack
14547	17726	20169	1344	-
14547	17726	20169	1344	-
14547	17726	20169	1344	-
14547	17726	20169	1344	-
14547	17726	20169	1344	-
14547	17726	20169	1344	-
14547	17726	20169	1344	-
14547	17726	20169	1344	-
14547	17726	20169	1344	-
14547	17726	20169	1344	-
14547	17726	20169	1344	-
14547	17726	20169	1344	-
14547	17726	20169	1344	-
14547	17726	20169	1344	-
14547	17726	20169	1344	-
14547	17726	20169	1344	-
14547	17726	20169	1344	-
14547	17726	20169	1344	-
14547	17726	20169	1344	-
14547	17726	20169	1344	-
14547	17726	20169	1344	-
14547	17726	20169	1344	-
14547	17726	20169	1345	-
14547	17726	20169	1345	-
4800	3076	20169	1346	-
4800	3076	20169	1347	-
4800	3076	20169	1347	-
4800	3076	20169	1347	-
4800	3076	20169	1347	-
4800	3076	20169	1347	-
4800	3076	20169	1347	-
4800	3076	20169	1347	-
4800	3076	20169	1347	-
4800	3076	20169	1347	-
4800	3076	20169	1347	-
4800	3076	20169	1347	-
4800	3076	20169	1347	-
4800	3076	20169	1347	-
4800	6114	20169	1347	-
4800	3076	20169	1347	-
4800	3076	20169	1347	-
4800	3076	20169	1347	-
4800	3076	20169	1347	-
4800	3076	20169	1347	-
4800	3076	20169	1347	-
4800	3076	20169	1347	-
4800	3076	20169	1347	-
23317	5938	20169	1347	-
20312	4800	20169	1347	-
4800	3076	20169	1347	-
5376	4800	20169	1348	snmpgetattack
23317	12431	20169	1348	snmpgetattack
4800	3076	20169	1348	-
3611	6554	20169	1351	-
3611	6554	20169	1351	-
3611	6554	20169	1351	-
3611	6554	20169	1351	-
3611	6554	20169	1351	-
3611	6554	20169	1351	-
3611	6554	20169	1351	-
3611	6554	20169	1351	-
3611	6554	20169	1351	-
3611	6554	20169	1351	-
3611	6554	20169	1351	-
3611	6554	20169	1351	-
3611	6554	20169	1351	-
3611	6554	20169	1351	-
3611	6554	20169	1351	-
3611	6554	20169	1351	-
3611	6554	20169	1351	-
3611	6554	20169	1351	-
3611	6554	20169	1351	-
3611	6554	20169	1351	-
3611	6554	20169	1351	-
3611	6554	20169	1351	-
3611	6554	20169	1351	-
3611	6554	20169	1351	-
3611	6554	20169	1351	-
3611	6554	20169	1351	-
20312	4800	20169	1352	-
23317	5938	20169	1352	-
14547	17726	20169	1352	-
14547	17726	20169	1352	-
14547	17726	20169	1352	-
5376	4800	20169	1353	snmpgetattack
23317	12431	20169	1353	snmpgetattack
20312	4800	20169	1357	-
23317	5938	20169	1357	-
5376	4800	20169	1358	snmpgetattack
23317	12431	20169	1358	snmpgetattack
20312	4800	20169	1362	-
23317	5938	20169	1362	-
5376	4800	20169	1363	snmpgetattack
23317	12431	20169	1363	snmpgetattack
20312	4800	20169	1367	-
23317	5938	20169	1367	-
5376	4800	20169	1368	snmpgetattack
23317	12431	20169	1368	snmpgetattack
20312	4800	20169	1372	-
23317	5938	20169	1372	-
5376	4800	20169	1373	snmpgetattack
23317	12431	20169	1373	snmpgetattack
3076	8452	20169	1375	-
20312	4800	20169	1377	-
23317	5938	20169	1377	-
23317	12431	20169	1378	snmpgetattack
5376	4800	20169	1378	snmpgetattack
6114	17923	20169	1379	-
6114	17923	20169	1379	-
6114	17923	20169	1379	-
20312	4800	20169	1382	-
23317	5938	20169	1382	-
5376	4800	20169	1383	snmpgetattack
23317	12431	20169	1383	snmpgetattack
3611	5592	20169	1383	-
3611	5592	20169	1383	-
3611	5592	20169	1383	-
3611	5592	20169	1383	-
23317	5938	24973	1387	-
20312	4800	24973	1387	-
5376	4800	24973	1388	snmpgetattack
23317	12431	24973	1388	snmpgetattack
20312	4800	24973	1392	-
23317	5938	24973	1392	-
5376	4800	24973	1394	snmpgetattack
23317	12431	24973	1394	snmpgetattack
20312	4800	24973	1397	-
23317	5938	24973	1397	-
23317	12431	24973	1399	snmpgetattack
18246	14267	24973	1399	-
18246	3499	24973	1399	-
5376	4800	24973	1399	snmpgetattack
18246	3499	24973	1399	-
18246	3499	24973	1399	-
18246	14267	24973	1399	-
18246	14267	24973	1399	-
18246	3499	24973	1399	-
3611	5592	24973	1400	-
20312	4800	24973	1402	-
23317	5938	24973	1402	-
5376	4800	24973	1404	snmpgetattack
23317	12431	24973	1404	snmpgetattack
20312	4800	24973	1407	-
23317	5938	24973	1407	-
5376	4800	24973	1409	snmpgetattack
14547	16772	24973	1409	-
14547	16772	24973	1409	-
14547	16772	24973	1409	-
14547	16772	24973	1409	-
14547	16772	24973	1409	-
23317	12431	24973	1409	snmpgetattack
14547	16772	24973	1409	-
14547	16772	24973	1409	-
14547	16772	24973	1409	-
4800	3076	24973	1410	-
4800	3076	24973	1410	-
4800	3076	24973	1410	-
4800	3076	24973	1411	-
4800	3076	24973	1411	-
4800	3076	24973	1411	-
4800	3076	24973	1411	-
4800	3076	24973	1411	-
4800	3076	24973	1411	-
4800	3076	24973	1411	-
4800	3076	24973	1411	-
20312	4800	24973	1412	-
23317	5938	24973	1412	-
5376	4800	24973	1414	snmpgetattack
23317	12431	24973	1414	snmpgetattack
20312	4800	24973	1417	-
23317	5938	24973	1417	-
18246	3901	24973	1418	-
18246	3835	24973	1418	-
5376	4800	24973	1419	snmpgetattack
23317	12431	24973	1419	snmpgetattack
20312	4800	24973	1422	-
23317	5938	24973	1422	-
5376	4800	24973	1424	snmpgetattack
23317	12431	24973	1424	snmpgetattack
20312	4800	24973	1427	-
23317	5938	24973	1427	-
5376	4800	24973	1429	snmpgetattack
23317	12431	24973	1429	snmpgetattack
20312	4800	24973	1433	-
23317	5938	24973	1433	-
5376	4800	24973	1434	snmpgetattack
23317	12431	24973	1434	snmpgetattack
20312	4800	24973	1438	-
23317	5938	24973	1438	-
5376	4800	24973	1439	snmpgetattack
23317	12431	24973	1439	snmpgetattack
20312	4800	24973	1443	-
23317	5938	24973	1443	-
5376	4800	24973	1444	snmpgetattack
23317	12431	24973	1444	snmpgetattack
15394	4800	24973	1444	-
23317	882	24973	1444	-
3076	3611	6498	1446	-
20312	4800	6498	1448	-
23317	5938	6498	1448	-
5376	4800	6498	1449	snmpgetattack
23317	12431	6498	1449	snmpgetattack
20312	4800	6498	1453	-
23317	5938	6498	1453	-
5376	4800	6498	1454	snmpgetattack
23317	12431	6498	1454	snmpgetattack
3611	19379	6498	1457	-
20312	4800	6498	1458	-
6114	17923	6498	1458	-
6114	17923	6498	1458	-
23317	5938	6498	1458	-
6114	17923	6498	1458	-
23317	12431	6498	1459	snmpgetattack
5376	4800	6498	1459	snmpgetattack
3611	5896	6498	1460	-
3611	5896	6498	1460	-
3611	5896	6498	1460	-
3611	5896	6498	1460	-
3611	5896	6498	1460	-
3611	5896	6498	1460	-
3611	5896	6498	1460	-
3611	5896	6498	1460	-
3611	5896	6498	1460	-
3611	5896	6498	1460	-
3611	5896	6498	1460	-
3611	5896	6498	1460	-
3611	5896	6498	1460	-
3611	5896	6498	1460	-
3611	5896	6498	1460	-
3611	5896	6498	1460	-
3611	5896	6498	1460	-
3611	5896	6498	1460	-
3611	5896	6498	1460	-
20312	4800	6498	1463	-
23317	5938	6498	1463	-
5376	4800	6498	1464	snmpgetattack
23317	12431	6498	1464	snmpgetattack
20312	4800	6498	1468	-
23317	5938	6498	1468	-
5376	4800	6498	1469	snmpgetattack
23317	12431	6498	1469	snmpgetattack
6114	17923	6498	1471	-
20312	4800	6498	1473	-
23317	5938	6498	1473	-
5376	4800	6498	1474	snmpgetattack
23317	12431	6498	1474	snmpgetattack
6114	17923	6498	1474	-
6114	17923	6498	1474	-
6114	17923	6498	1474	-
14547	16772	6498	1475	-
14547	16772	6498	1475	-
14547	16772	6498	1475	-
18246	8006	6498	1476	-
18246	9049	6498	1476	-
20312	4800	6498	1478	-
23317	5938	6498	1478	-
5376	4800	6498	1479	snmpgetattack
23317	12431	6498	1479	snmpgetattack
20312	4800	6498	1483	-
23317	5938	6498	1483	-
5376	4800	6498	1484	snmpgetattack
23317	12431	6498	1484	snmpgetattack
20312	4800	6498	1488	-
23317	5938	6498	1488	-
5376	4800	6498	1489	snmpgetattack
23317	12431	6498	1489	snmpgetattack
20312	4800	6498	1493	-
23317	5938	6498	1493	-
7179	3611	6498	1494	-
23317	12431	6498	1494	snmpgetattack
5376	4800	6498	1494	snmpgetattack
7179	3611	6498	1494	-
20312	4800	6498	1498	-
23317	5938	6498	1498	-
5376	4800	6498	1499	snmpgetattack
23317	12431	6498	1499	snmpgetattack
14547	16772	6498	1501	-
14547	16772	6498	1501	-
14547	16772	6498	1501	-
20312	4800	6498	1503	-
23317	5938	6498	1503	-
5376	4800	6498	1504	snmpgetattack
23317	12431	6498	1504	snmpgetattack
20312	4800	12066	1508	-
23317	5938	12066	1508	-
5376	4800	12066	1510	snmpgetattack
23317	12431	12066	1510	snmpgetattack
20312	4800	12066	1513	-
23317	5938	12066	1513	-
5376	4800	12066	1515	snmpgetattack
23317	12431	12066	1515	snmpgetattack
14547	16772	12066	1515	-
20312	4800	12066	1518	-
23317	5938	12066	1518	-
5376	4800	12066	1520	snmpgetattack
23317	12431	12066	1520	snmpgetattack
20312	4800	12066	1523	-
23317	5938	12066	1523	-
6114	18219	12066	1524	-
5376	4800	12066	1525	snmpgetattack
23317	12431	12066	1525	snmpgetattack
6114	18219	12066	1525	-
6114	18219	12066	1525	-
6114	3957	12066	1525	-
6114	3957	12066	1525	-
6114	18219	12066	1525	-
6114	3957	12066	1525	-
6114	18219	12066	1525	-
6114	18219	12066	1525	-
6114	18219	12066	1525	-
6114	18219	12066	1525	-
6114	18219	12066	1525	-
6114	18219	12066	1525	-
6114	18219	12066	1525	-
6114	18219	12066	1525	-
6114	18219	12066	1525	-
6114	18219	12066	1525	-
6114	3957	12066	1525	-
6114	18219	12066	1525	-
6114	18219	12066	1525	-
6114	18219	12066	1525	-
14267	15443	12066	1527	-
14267	15443	12066	1527	-
14267	15443	12066	1527	-
14267	15443	12066	1527	-
14267	15443	12066	1527	-
14267	15443	12066	1527	-
14267	15443	12066	1527	-
14267	15443	12066	1527	-
14267	15443	12066	1527	-
20312	4800	12066	1528	-
23317	5938	12066	1528	-
14267	15443	12066	1528	-
14267	15443	12066	1528	-
5376	4800	12066	1530	snmpgetattack
23317	12431	12066	1530	snmpgetattack
6114	4752	12066	1531	-
6114	4807	12066	1531	-
6114	3957	12066	1531	-
6114	4807	12066	1532	-
6114	4807	12066	1532	-
6114	4807	12066	1532	-
6114	4807	12066	1532	-
6114	4807	12066	1532	-
6114	4807	12066	1532	-
6114	4807	12066	1532	-
6114	4807	12066	1532	-
6114	4807	12066	1532	-
6114	4807	12066	1532	-
6114	4807	12066	1532	-
6114	4807	12066	1532	-
6114	4807	12066	1532	-
6114	4807	12066	1532	-
6114	4807	12066	1532	-
6114	4807	12066	1532	-
6114	4807	12066	1532	-
6114	4807	12066	1532	-
6114	4807	12066	1532	-
23317	5938	12066	1533	-
20312	4800	12066	1533	-
18246	445	12066	1535	-
18246	445	12066	1535	-
18246	445	12066	1535	-
18246	445	12066	1535	-
18246	445	12066	1535	-
18246	445	12066	1535	-
18246	445	12066	1535	-
18246	445	12066	1535	-
23317	12431	12066	1535	snmpgetattack
5376	4800	12066	1535	snmpgetattack
18246	445	12066	1535	-
18246	445	12066	1535	-
18246	445	12066	1536	-
18246	445	12066	1536	-
18246	445	12066	1536	-
18246	445	12066	1536	-
18246	445	12066	1536	-
20312	4800	12066	1538	-
23317	5938	12066	1538	-
5376	4800	12066	1540	snmpgetattack
23317	12431	12066	1540	snmpgetattack
20312	4800	12066	1543	-
23317	5938	12066	1543	-
5376	4800	12066	1545	snmpgetattack
23317	12431	12066	1545	snmpgetattack
20312	4800	12066	1548	-
23317	5938	12066	1548	-
6114	17923	12066	1549	-
5376	4800	12066	1550	snmpgetattack
23317	12431	12066	1550	snmpgetattack
20312	4800	12066	1553	-
23317	5938	12066	1553	-
4800	3076	12066	1554	-
4800	3076	12066	1554	-
5376	4800	12066	1555	snmpgetattack
23317	12431	12066	1555	snmpgetattack
4800	3076	12066	1555	-
4800	3076	12066	1555	-
4800	3076	12066	1555	-
4800	3076	12066	1555	-
4800	3076	12066	1555	-
4800	3076	12066	1555	-
4800	3076	12066	1555	-
4800	3076	12066	1555	-
4800	3076	12066	1555	-
4800	3076	12066	1555	-
4800	3076	12066	1555	-
20312	4800	12066	1559	-
23317	5938	12066	1559	-
5376	4800	12066	1560	snmpgetattack
23317	12431	12066	1560	snmpgetattack
20312	4800	12066	1564	-
23317	5938	12066	1564	-
5376	4800	16852	1565	snmpgetattack
23317	12431	16852	1565	snmpgetattack
20312	4800	16852	1569	-
23317	5938	16852	1569	-
5376	4800	16852	1570	snmpgetattack
23317	12431	16852	1570	snmpgetattack
20312	4800	16852	1574	-
23317	5938	16852	1574	-
5376	4800	16852	1575	snmpgetattack
23317	12431	16852	1575	snmpgetattack
3611	9094	16852	1577	-
20312	4800	16852	1579	-
23317	5938	16852	1579	-
5376	4800	16852	1580	snmpgetattack
23317	12431	16852	1580	snmpgetattack
3076	3611	16852	1582	-
20312	4800	16852	1584	-
23317	5938	16852	1584	-
5376	4800	16852	1585	snmpgetattack
23317	12431	16852	1585	snmpgetattack
6114	17005	16852	1587	-
20312	4800	16852	1589	-
23317	5938	16852	1589	-
5376	4800	16852	1590	snmpgetattack
23317	12431	16852	1590	snmpgetattack
20312	4800	16852	1594	-
23317	5938	16852	1594	-
5376	4800	16852	1595	snmpgetattack
23317	12431	16852	1595	snmpgetattack
20312	9554	16852	1596	-
14547	17726	16852	1597	-
14547	17726	16852	1597	-
14547	17726	16852	1597	-
14547	17726	16852	1597	-
14547	17726	16852	1597	-
14547	17726	16852	1597	-
14547	17726	16852	1597	-
14547	17726	16852	1597	-
14547	17726	16852	1597	-
14547	17726	16852	1597	-
14547	16772	16852	1598	-
14547	16772	16852	1598	-
14547	16772	16852	1598	-
20312	4800	16852	1599	-
23317	5938	16852	1599	-
5376	4800	16852	1600	snmpgetattack
14547	17726	16852	1600	-
23317	12431	16852	1600	snmpgetattack
14547	17726	16852	1600	-
4800	3076	16852	1601	-
4800	3076	16852	1601	-
4800	3076	16852	1601	-
4800	3076	16852	1601	-
4800	3076	16852	1601	-
4800	3076	16852	1601	-
4800	3076	16852	1601	-
14547	17726	16852	1601	-
4800	3076	16852	1601	-
4800	3076	16852	1601	-
6114	19427	16852	1604	-
6114	20367	16852	1604	-
23317	5938	16852	1604	-
20312	4800	16852	1604	-
23317	12431	16852	1605	snmpgetattack
5376	4800	16852	1605	snmpgetattack
20312	4800	16852	1609	-
23317	5938	16852	1609	-
5376	4800	16852	1610	snmpgetattack
23317	12431	16852	1610	snmpgetattack
14547	16772	16852	1612	-
14547	16772	16852	1612	-
14547	16772	16852	1612	-
14547	16772	16852	1612	-
20312	4800	16852	1614	-
23317	5938	16852	1614	-
7179	3611	16852	1614	-
23317	12431	16852	1615	snmpgetattack
5376	4800	16852	1615	snmpgetattack
20312	4800	16852	1619	-
23317	5938	16852	1619	-
6114	20367	16852	1620	-
6114	20367	16852	1620	-
6114	20367	16852	1620	-
6114	20367	16852	1620	-
6114	20367	16852	1620	-
6114	19427	16852	1620	-
6114	19427	16852	1620	-
6114	19427	16852	1620	-
6114	20367	16852	1620	-
23317	12431	16852	1621	snmpgetattack
5376	4800	16852	1621	snmpgetattack
23317	5938	16852	1624	-
20312	4800	16852	1624	-
23317	12431	33937	1626	snmpgetattack
5376	4800	33937	1626	snmpgetattack
23317	5938	33937	1629	-
20312	4800	33937	1629	-
23317	12431	33937	1631	snmpgetattack
5376	4800	33937	1631	snmpgetattack
20312	4800	33937	1634	-
23317	5938	33937	1634	-
5376	4800	33937	1636	snmpgetattack
23317	12431	33937	1636	snmpgetattack
23317	5938	33937	1639	-
20312	4800	33937	1639	-
23317	12431	33937	1641	snmpgetattack
6114	4807	33937	1641	-
6114	4807	33937	1641	-
5376	4800	33937	1641	snmpgetattack
6114	4807	33937	1641	-
6114	4807	33937	1641	-
6114	4807	33937	1642	-
6114	4807	33937	1642	-
6114	4807	33937	1642	-
6114	4807	33937	1642	-
6114	4807	33937	1642	-
6114	4807	33937	1642	-
6114	4807	33937	1642	-
6114	4807	33937	1642	-
6114	4807	33937	1642	-
6114	4807	33937	1642	-
6114	4807	33937	1642	-
6114	4807	33937	1642	-
23317	5938	33937	1644	-
20312	4800	33937	1644	-
5376	4800	33937	1646	snmpgetattack
23317	12431	33937	1646	snmpgetattack
23317	5938	33937	1649	-
20312	4800	33937	1649	-
23317	12431	33937	1651	snmpgetattack
5376	4800	33937	1651	snmpgetattack
20312	4800	33937	1654	-
23317	5938	33937	1654	-
5376	4800	33937	1656	snmpgetattack
23317	12431	33937	1656	snmpgetattack
6114	20367	33937	1659	-
6114	20367	33937	1659	-
6114	20367	33937	1659	-
6114	20367	33937	1659	-
6114	20367	33937	1659	-
6114	20367	33937	1659	-
6114	20367	33937	1659	-
20312	4800	33937	1659	-
23317	5938	33937	1659	-
5376	4800	33937	1661	snmpgetattack
7215	22986	33937	1661	-
23317	12431	33937	1661	snmpgetattack
7215	11900	33937	1661	-
7215	19531	33937	1662	-
14547	11526	33937	1663	-
14547	3316	33937	1663	-
3957	1633	33937	1663	-
7215	1633	33937	1663	-
14547	11526	33937	1663	-
8048	16531	33937	1663	-
14547	11526	33937	1664	-
14547	11526	33937	1664	-
14547	11526	33937	1664	-
14547	11526	33937	1664	-
14547	11526	33937	1664	-
14547	11526	33937	1664	-
14547	11526	33937	1664	-
14547	11526	33937	1664	-
14547	11526	33937	1664	-
14547	11526	33937	1664	-
14547	11526	33937	1664	-
14547	11526	33937	1664	-
14547	11526	33937	1664	-
14547	11526	33937	1664	-
23317	5938	33937	1664	-
20312	4800	33937	1664	-
14547	11526	33937	1664	-
14547	11526	33937	1664	-
14547	11526	33937	1664	-
13993	1633	33937	1665	-
23317	12431	33937	1666	snmpgetattack
5376	4800	33937	1666	snmpgetattack
13993	1633	33937	1667	-
20312	4800	33937	1669	-
23317	5938	33937	1670	-
14267	17702	33937	1670	-
23317	12431	33937	1671	snmpgetattack
5376	4800	33937	1671	snmpgetattack
13993	1633	33937	1673	-
20312	4800	33937	1675	-
23317	5938	33937	1675	-
5376	4800	33937	1676	snmpgetattack
23317	12431	33937	1676	snmpgetattack
3611	5592	33937	1677	-
13993	1633	33937	1678	-
6114	9678	33937	1680	-
20312	4800	33937	1680	-
23317	5938	33937	1680	-
6114	9678	33937	1680	-
6114	9678	33937	1680	-
6114	9678	33937	1680	-
6114	9678	33937	1681	-
6114	9678	33937	1681	-
6114	9678	33937	1681	-
6114	9678	33937	1681	-
6114	9678	33937	1681	-
6114	9678	33937	1681	-
6114	9678	33937	1681	-
6114	9678	33937	1681	-
6114	9678	33937	1681	-
5376	4800	33937	1681	snmpgetattack
23317	12431	33937	1681	snmpgetattack
6114	9678	33937	1681	-
6114	9678	33937	1681	-
6114	9678	33937	1681	-
6114	9678	33937	1681	-
6114	9678	33937	1681	-
6114	9678	33937	1681	-
13993	1633	33937	1681	-
6114	9678	33937	1681	-
6114	9678	33937	1681	-
6114	9678	33937	1681	-
6114	9678	33937	1681	-
6114	9678	33937	1681	-
6114	9678	33937	1681	-
6114	9678	33937	1681	-
14547	3509	33937	1683	-
14547	3509	33937	1683	-
14547	3509	33937	1683	-
14547	3509	33937	1683	-
14547	3509	33937	1683	-
14547	3509	33937	1683	-
14547	3509	33937	1683	-
14547	79	33937	1683	-
14547	3509	33937	1684	-
14547	3509	33937	1684	-
14547	3509	33937	1684	-
14547	3509	33937	1684	-
14547	3509	33937	1684	-
14547	3509	33937	1684	-
13993	1633	33937	1684	-
23317	5938	44102	1685	-
20312	4800	44102	1685	-
23317	12431	44102	1686	snmpgetattack
5376	4800	44102	1686	snmpgetattack
4800	3076	44102	1689	-
4800	3076	44102	1689	-
4800	3076	44102	1689	-
4800	3076	44102	1689	-
14267	18332	44102	1689	-
4800	3076	44102	1689	-
4800	3076	44102	1689	-
4800	3076	44102	1689	-
4800	3076	44102	1689	-
4800	3076	44102	1689	-
4800	3076	44102	1689	-
4800	3076	44102	1689	-
4800	3076	44102	1690	-
23317	5938	44102	1690	-
20312	4800	44102	1690	-
5376	4800	44102	1691	snmpgetattack
23317	12431	44102	1691	snmpgetattack
3611	1633	44102	1692	-
3611	21708	44102	1692	-
7179	3611	44102	1694	-
7179	3611	44102	1694	-
20312	4800	44102	1695	-
23317	5938	44102	1695	-
5376	4800	44102	1696	snmpgetattack
23317	12431	44102	1696	snmpgetattack
6114	4807	44102	1699	-
6114	3957	44102	1699	-
6114	4807	44102	1699	-
6114	4807	44102	1699	-
6114	4807	44102	1699	-
6114	4807	44102	1699	-
6114	4807	44102	1699	-
6114	4807	44102	1699	-
6114	4807	44102	1699	-
6114	4807	44102	1700	-
23317	5938	44102	1700	-
20312	4800	44102	1700	-
6114	4807	44102	1700	-
6114	4807	44102	1700	-
6114	4807	44102	1700	-
6114	4807	44102	1700	-
6114	4807	44102	1700	-
6114	4807	44102	1700	-
6114	4807	44102	1700	-
6114	4807	44102	1700	-
3611	5124	44102	1700	-
6114	4807	44102	1700	-
6114	4807	44102	1700	-
6114	4807	44102	1700	-
3611	5124	44102	1700	-
5376	4800	44102	1701	snmpgetattack
23317	12431	44102	1701	snmpgetattack
3611	5124	44102	1701	-
3611	5124	44102	1701	-
3611	5124	44102	1701	-
3611	5124	44102	1701	-
20312	4800	44102	1705	-
23317	5938	44102	1705	-
5376	4800	44102	1706	snmpgetattack
23317	12431	44102	1706	snmpgetattack
3611	5124	44102	1709	-
3611	5124	44102	1709	-
3611	5124	44102	1709	-
3611	5124	44102	1709	-
3611	5124	44102	1709	-
3611	5124	44102	1709	-
3611	5124	44102	1709	-
3611	5124	44102	1709	-
3611	5124	44102	1709	-
3611	5124	44102	1709	-
3611	5124	44102	1709	-
3611	5124	44102	1709	-
3611	5124	44102	1710	-
20312	4800	44102	1710	-
23317	5938	44102	1710	-
3611	5124	44102	1710	-
5376	4800	44102	1711	snmpgetattack
23317	12431	44102	1711	snmpgetattack
7215	21708	44102	1711	-
3611	5124	44102	1713	-
3611	5124	44102	1713	-
3611	5124	44102	1713	-
3611	5124	44102	1713	-
3611	5124	44102	1713	-
3611	5124	44102	1713	-
3611	5124	44102	1713	-
3611	5124	44102	1713	-
3611	5124	44102	1713	-
3611	5124	44102	1713	-
3611	5124	44102	1713	-
3611	5124	44102	1713	-
3611	5124	44102	1713	-
23317	5938	44102	1715	-
20312	4800	44102	1715	-
23317	12431	44102	1716	snmpgetattack
5376	4800	44102	1716	snmpgetattack
3611	5124	44102	1716	-
3611	5124	44102	1716	-
3611	5124	44102	1716	-
3611	5124	44102	1716	-
3611	5124	44102	1716	-
3611	5124	44102	1716	-
3611	5124	44102	1716	-
3611	5124	44102	1716	-
3611	5124	44102	1717	-
3611	5124	44102	1717	-
3611	5124	44102	1717	-
3611	5124	44102	1717	-
3611	5124	44102	1717	-
3611	5124	44102	1717	-
20312	4800	44102	1720	-
23317	5938	44102	1720	-
5376	4800	44102	1721	snmpgetattack
23317	12431	44102	1721	snmpgetattack
14547	18966	44102	1723	-
14547	18966	44102	1724	-
14547	18966	44102	1724	-
14547	18966	44102	1724	-
14547	18966	44102	1724	-
14547	18966	44102	1724	-
14547	18966	44102	1724	-
14547	18966	44102	1724	-
14547	18966	44102	1724	-
14547	18966	44102	1724	-
14547	18966	44102	1724	-
14547	18966	44102	1724	-
20312	4800	44102	1725	-
23317	5938	44102	1725	-
5376	4800	44102	1726	snmpgetattack
23317	12431	44102	1726	snmpgetattack
23317	5938	44102	1730	-
20312	4800	44102	1730	-
5376	4800	44102	1732	snmpgetattack
23317	12431	44102	1732	snmpgetattack
20312	4800	44102	1735	-
23317	5938	44102	1735	-
5376	4800	44102	1737	snmpgetattack
23317	12431	44102	1737	snmpgetattack
20312	4800	44102	1740	-
23317	5938	44102	1740	-
5376	4800	44102	1742	snmpgetattack
23317	12431	44102	1742	snmpgetattack
3611	15394	44102	1742	-
3611	18332	44102	1742	-
20312	4800	2517	1745	-
23317	5938	2517	1745	-
5376	4800	2517	1747	snmpgetattack
23317	12431	2517	1747	snmpgetattack
20312	4800	2517	1750	-
23317	5938	2517	1750	-
6114	3374	2517	1750	-
6114	3374	2517	1750	-
6114	3374	2517	1750	-
6114	3374	2517	1750	-
6114	3374	2517	1751	-
6114	3374	2517	1751	-
6114	3374	2517	1751	-
5376	4800	2517	1752	snmpgetattack
23317	12431	2517	1752	snmpgetattack
20312	4800	2517	1755	-
23317	5938	2517	1755	-
5376	4800	2517	1757	snmpgetattack
23317	12431	2517	1757	snmpgetattack
4800	16409	2517	1758	-
4800	16409	2517	1758	-
4800	16409	2517	1758	-
4800	16409	2517	1758	-
20312	4800	2517	1760	-
23317	5938	2517	1760	-
5376	4800	2517	1762	snmpgetattack
23317	12431	2517	1762	snmpgetattack
20312	4800	2517	1765	-
23317	5938	2517	1765	-
3611	5124	2517	1766	-
3611	5124	2517	1766	-
3611	5124	2517	1766	-
3611	5124	2517	1766	-
3611	5124	2517	1766	-
3611	5124	2517	1766	-
3611	5124	2517	1766	-
3611	5124	2517	1766	-
3611	5124	2517	1766	-
3611	5124	2517	1766	-
3611	5124	2517	1766	-
3611	5124	2517	1766	-
3611	5124	2517	1766	-
5376	4800	2517	1767	snmpgetattack
23317	12431	2517	1767	snmpgetattack
14267	15443	2517	1769	-
14267	15443	2517	1769	-
14267	15443	2517	1769	-
20312	4800	2517	1770	-
23317	5938	2517	1770	-
14267	15443	2517	1770	-
14267	15443	2517	1770	-
14267	15443	2517	1770	-
14267	15443	2517	1770	-
14267	15443	2517	1770	-
14267	15443	2517	1770	-
14267	15443	2517	1770	-
14267	15443	2517	1770	-
5376	4800	2517	1772	snmpgetattack
23317	12431	2517	1772	snmpgetattack
20312	4800	2517	1775	-
14547	15750	2517	1775	-
23317	5938	2517	1776	-
5376	4800	2517	1777	snmpgetattack
23317	12431	2517	1777	snmpgetattack
20312	4800	2517	1781	-
23317	5938	2517	1781	-
5376	4800	2517	1782	snmpgetattack
23317	12431	2517	1782	snmpgetattack
7179	3611	2517	1785	-
7179	3611	2517	1785	-
20312	4800	2517	1786	-
23317	5938	2517	1786	-
5376	4800	2517	1787	snmpgetattack
23317	12431	2517	1787	snmpgetattack
3611	5124	2517	1788	-
3611	5124	2517	1788	-
3611	5124	2517	1788	-
3611	5124	2517	1788	-
3611	5124	2517	1788	-
3611	5124	2517	1788	-
3611	5124	2517	1788	-
3611	5124	2517	1788	-
3611	5124	2517	1788	-
3611	5124	2517	1788	-
3611	5124	2517	1788	-
14547	1025	2517	1791	-
14547	1025	2517	1791	-
14547	1025	2517	1791	-
14547	1025	2517	1791	-
14547	1025	2517	1791	-
14547	1025	2517	1791	-
14547	1025	2517	1791	-
14547	1025	2517	1791	-
14547	1025	2517	1791	-
14547	1025	2517	1791	-
14547	1025	2517	1791	-
14547	1025	2517	1791	-
14547	1025	2517	1791	-
14547	1025	2517	1791	-
14547	1025	2517	1791	-
14547	1025	2517	1791	-
14547	1025	2517	1791	-
14547	1025	2517	1791	-
14547	1025	2517	1791	-
14547	1025	2517	1791	-
14547	1025	2517	1791	-
14547	1025	2517	1791	-
14547	1025	2517	1791	-
14547	1025	2517	1791	-
23317	5938	2517	1791	-
20312	4800	2517	1791	-
14547	1025	2517	1791	-
14547	1025	2517	1791	-
23317	12431	2517	1792	snmpgetattack
14547	1025	2517	1792	-
14547	1025	2517	1792	-
14547	1025	2517	1792	-
14547	1025	2517	1792	-
14547	1025	2517	1792	-
14547	1025	2517	1792	-
14547	1025	2517	1792	-
14547	1025	2517	1792	-
14547	1025	2517	1792	-
6114	9678	2517	1792	-
5376	4800	2517	1792	snmpgetattack
18246	16051	2517	1793	-
3611	5124	2517	1794	-
20312	4800	2517	1796	-
23317	5938	2517	1796	-
