6114	6799	11102	0	-
6114	6799	11102	0	-
6114	6799	11102	0	-
6114	6799	11102	0	-
6114	6799	11102	0	-
6114	16991	11102	0	-
20312	4800	11102	3	-
20312	4800	9549	8	-
4800	1398	9549	8	-
4800	1398	9549	8	-
20312	4800	9549	13	-
20312	4800	9549	18	-
4800	1398	9549	19	-
4800	1398	9549	19	-
4800	1398	9549	19	-
20312	4800	9549	23	-
20312	4800	9549	28	-
11001	5938	9549	28	-
20312	4800	9549	33	-
20312	4800	9549	38	-
20312	4800	9549	43	-
10429	15894	9549	43	-
4800	1398	9549	44	-
4800	1398	9549	44	-
4800	1398	9549	44	-
4800	1398	9549	44	-
11001	5938	9549	44	-
19603	8452	9549	45	-
20312	4800	9549	48	-
20312	4800	9549	53	-
11001	5938	9549	56	-
20312	4800	9549	58	-
20312	4800	9549	63	-
20312	4800	45442	68	-
20312	4800	45442	73	-
16409	19829	45442	76	-
20312	4800	45442	78	-
17624	23167	45442	78	-
16409	19829	45442	80	-
16409	19829	45442	80	-
16409	8524	45442	80	-
16409	19829	45442	80	-
16409	8524	45442	80	-
16409	19829	45442	80	-
16409	8524	45442	80	-
16409	19829	45442	80	-
16409	8524	45442	80	-
16409	19829	45442	80	-
16409	19829	45442	80	-
16409	19829	45442	80	-
16409	19829	45442	80	-
16409	19829	45442	80	-
16409	19829	45442	80	-
16409	19829	45442	80	-
3297	15667	45442	82	-
20312	4800	45442	83	-
12332	3297	45442	84	-
14547	19834	45442	86	-
20312	4800	45442	88	-
20312	4800	45442	94	-
7179	2843	45442	94	-
20312	4800	45442	99	-
23317	5938	45442	99	-
7179	14437	45442	99	-
19603	3611	45442	100	-
14267	7282	45442	100	-
14267	7282	45442	103	-
14267	7282	45442	103	-
14267	7282	45442	103	-
14267	7282	45442	103	-
14267	7282	45442	103	-
20312	4800	45442	104	-
14267	7282	45442	104	-
14267	7282	45442	104	-
14267	7282	45442	104	-
14267	7282	45442	104	-
14267	7282	45442	104	-
14267	7282	45442	104	-
14267	7282	45442	104	-
14267	7282	45442	104	-
14267	7282	45442	104	-
14267	7282	45442	104	-
14267	7282	45442	104	-
14267	7282	45442	104	-
14267	7282	45442	104	-
14267	7282	45442	104	-
14267	7282	45442	104	-
14267	7282	45442	104	-
14267	7282	45442	104	-
14267	7282	45442	104	-
14267	7282	45442	104	-
14267	7282	45442	104	-
8294	11780	45442	107	nmap
10571	23167	45442	108	-
20312	4800	45442	109	-
20312	4800	45442	114	-
20312	4800	45442	119	-
20312	4800	45442	124	-
11001	15894	45442	126	-
19603	3611	45442	127	-
20312	4800	956	129	-
7782	1633	956	133	-
20312	4800	956	134	-
20312	4800	956	139	-
3611	15894	956	139	-
20312	4800	956	144	-
11001	13122	956	146	-
20312	4800	956	149	-
20312	4800	956	154	-
11001	13122	956	158	-
20312	4800	956	159	-
20312	4800	956	164	-
14267	7282	956	164	-
14267	7282	956	164	-
14267	7282	956	164	-
14267	7282	956	164	-
14267	7282	956	164	-
14267	7282	956	164	-
14267	7282	956	164	-
14267	7282	956	164	-
14267	7282	956	164	-
14267	15394	956	164	-
20367	587	956	164	-
20312	4800	956	169	-
10429	19834	956	170	-
20312	4800	956	174	-
20312	4800	956	179	-
20312	4800	956	184	-
20312	4800	38085	189	-
20312	4800	38085	194	-
19603	3611	38085	195	-
19603	3611	38085	195	-
20312	4800	38085	199	-
20312	4800	38085	204	-
20312	4800	38085	210	-
3611	16409	38085	213	-
3611	16409	38085	213	-
3611	16409	38085	213	-
3611	16409	38085	213	-
20312	4800	38085	215	-
16671	15667	38085	217	-
11001	13122	38085	218	-
882	2843	38085	218	-
17624	3461	38085	219	-
20312	4800	38085	220	-
17624	3461	38085	221	-
17624	3461	38085	223	-
20312	4800	38085	225	-
14267	7282	38085	225	-
14267	7282	38085	225	-
14267	7282	38085	225	-
14267	7282	38085	225	-
14267	15394	38085	225	-
17624	3461	38085	227	-
3611	16409	38085	228	-
3611	16409	38085	228	-
3611	16409	38085	228	-
3611	16409	38085	228	-
3611	16409	38085	228	-
3611	16409	38085	228	-
3611	16409	38085	228	-
3611	16409	38085	228	-
3611	16409	38085	228	-
3611	16409	38085	228	-
3611	16409	38085	228	-
3611	16409	38085	228	-
3611	16409	38085	228	-
20312	4800	38085	230	-
3611	16409	38085	232	-
3611	16409	38085	232	-
3611	16409	38085	232	-
3611	16409	38085	232	-
3611	16409	38085	232	-
3611	16409	38085	232	-
3611	16409	38085	232	-
3611	16409	38085	232	-
3611	16409	38085	232	-
3611	16409	38085	232	-
3611	16409	38085	232	-
3611	16409	38085	232	-
3611	16409	38085	232	-
3611	16409	38085	232	-
3611	16409	38085	232	-
20312	4800	38085	235	-
16409	19829	38085	237	-
20312	4800	38085	240	-
16409	19829	38085	240	-
16409	19829	38085	240	-
16409	19829	38085	241	-
16409	19829	38085	241	-
16409	19829	38085	241	-
16409	19829	38085	241	-
16409	19829	38085	241	-
16409	19829	38085	241	-
16409	19829	38085	241	-
16409	19829	38085	241	-
16409	19829	38085	241	-
16409	19829	38085	241	-
16409	19829	38085	241	-
16409	19829	38085	241	-
16409	19829	38085	242	-
16409	19829	38085	242	-
16409	19829	38085	242	-
3611	16409	38085	242	-
16409	19829	38085	242	-
16409	19829	38085	245	-
16409	19829	38085	245	-
3611	16409	38085	245	-
20312	4800	38085	245	-
16409	19829	38085	245	-
16409	19829	38085	245	-
3611	16409	38085	245	-
3611	16409	38085	246	-
3611	16409	38085	246	-
3611	16409	38085	246	-
3611	16409	38085	246	-
3611	16409	38085	246	-
3611	16409	38085	246	-
3611	16409	38085	246	-
3611	16409	38085	246	-
3611	16409	38085	246	-
3611	16409	38085	246	-
10429	15894	18369	249	-
20312	4800	18369	250	-
20312	4800	18369	255	-
8294	11780	18369	259	nmap
8294	11780	18369	259	nmap
20312	4800	18369	260	-
4800	6157	18369	262	-
3611	16409	18369	263	-
3611	16409	18369	263	-
3611	16409	18369	263	-
3611	16409	18369	263	-
3611	16409	18369	263	-
3611	16409	18369	263	-
3611	16409	18369	263	-
3611	16409	18369	263	-
3611	16409	18369	263	-
3611	16409	18369	263	-
3611	16409	18369	263	-
3611	16409	18369	263	-
3611	16409	18369	263	-
20312	4800	18369	265	-
4800	6157	18369	268	-
4800	6157	18369	268	-
20312	4800	18369	270	-
4800	6157	18369	271	-
4800	14263	18369	271	-
4800	6157	18369	271	-
4800	6157	18369	274	-
4800	6157	18369	274	-
4800	6157	18369	274	-
4800	6157	18369	274	-
4800	6157	18369	274	-
4800	6157	18369	274	-
4800	6157	18369	274	-
4800	6157	18369	274	-
4800	6157	18369	274	-
4800	6157	18369	274	-
4800	14263	18369	274	-
4800	14263	18369	274	-
4800	6157	18369	274	-
4800	6157	18369	274	-
4800	6157	18369	274	-
4800	6157	18369	274	-
4800	6157	18369	274	-
4800	3858	18369	274	-
20312	4800	18369	275	-
20312	4800	18369	280	-
6114	16991	18369	281	-
6114	16991	18369	281	-
6114	16991	18369	281	-
6114	16991	18369	281	-
6114	16991	18369	281	-
6114	16991	18369	281	-
7179	8452	18369	281	-
7179	3297	18369	283	-
19839	15894	18369	283	-
7179	3611	18369	283	-
14267	7282	18369	285	-
20312	4800	18369	285	-
14267	15394	18369	285	-
14267	7282	18369	285	-
20312	4800	18369	290	-
3297	1001	18369	291	-
20312	4800	18369	295	-
3611	21980	18369	296	-
3611	21980	18369	297	-
3611	21980	18369	297	-
20312	4800	18369	300	-
4800	10812	18369	301	-
4800	8092	18369	304	-
16671	19834	18369	305	-
20312	4800	18369	305	-
4800	8092	187	309	-
4800	8092	187	309	-
4800	8092	187	309	-
4800	8092	187	309	-
4800	8092	187	309	-
4800	8092	187	309	-
4800	8092	187	309	-
4800	8092	187	309	-
4800	8092	187	309	-
4800	8092	187	309	-
4800	8092	187	309	-
4800	8092	187	309	-
4800	8092	187	309	-
4800	8092	187	309	-
4800	8092	187	309	-
3611	21980	187	310	-
20312	4800	187	310	-
4800	8092	187	312	-
4800	8092	187	312	-
4800	8092	187	312	-
16409	7215	187	312	-
4800	8092	187	312	-
4800	8092	187	312	-
4800	8092	187	312	-
16409	7215	187	312	-
4800	18682	187	312	-
4800	8092	187	312	-
4800	8092	187	312	-
4800	8092	187	312	-
4800	8092	187	312	-
4800	6157	187	312	-
16409	7215	187	312	-
4800	8092	187	312	-
16409	7215	187	312	-
4800	8092	187	312	-
16409	7215	187	312	-
4800	8092	187	312	-
3611	8006	187	313	-
16409	7215	187	313	-
16409	7215	187	313	-
16409	7215	187	313	-
3611	8006	187	313	-
16409	7215	187	313	-
3611	17470	187	313	-
3611	8006	187	313	-
16409	7215	187	313	-
16409	7215	187	313	-
20312	4800	187	315	-
4800	18965	187	319	-
4800	18965	187	320	-
4800	18965	187	320	-
4800	18965	187	320	-
4800	18965	187	320	-
4800	18965	187	320	-
4800	18965	187	320	-
4800	18965	187	320	-
4800	18965	187	320	-
12332	2843	187	320	-
4800	18965	187	320	-
4800	18965	187	320	-
4800	18965	187	320	-
4800	18965	187	320	-
4800	18965	187	320	-
4800	18965	187	320	-
16409	7215	187	320	-
4800	18965	187	320	-
4800	18965	187	320	-
4800	18965	187	320	-
20312	4800	187	320	-
20312	4800	187	325	-
19603	16593	187	329	-
3611	15667	187	329	-
20312	4800	187	330	-
20312	4800	187	335	-
3611	11900	187	340	-
20312	4800	187	340	-
14267	7282	187	345	-
20312	4800	187	346	-
20312	4800	187	351	-
3611	21980	187	352	-
3611	21980	187	352	-
3611	21980	187	352	-
20312	4800	187	356	-
12332	16332	187	357	-
14267	17697	187	360	-
16671	19531	187	360	-
14267	1398	187	360	-
13993	15894	187	360	-
14267	17697	187	360	-
14267	1398	187	361	-
20312	4800	187	361	-
14267	1398	187	361	-
14267	17697	187	361	-
14267	17697	187	361	-
14267	1398	187	361	-
12332	3461	187	363	-
20312	4800	187	366	-
19603	16593	187	366	-
882	3297	187	367	-
20312	4800	10782	371	-
20312	4800	10782	376	-
3611	21980	10782	378	-
4800	18965	10782	381	-
20312	4800	10782	381	-
3611	7215	10782	382	-
4800	18965	10782	382	-
4800	18965	10782	382	-
4800	18965	10782	382	-
4800	18965	10782	382	-
4800	18965	10782	382	-
4800	18965	10782	382	-
4800	18965	10782	382	-
4800	18965	10782	382	-
4800	18965	10782	382	-
4800	18965	10782	382	-
4800	18965	10782	382	-
4800	18965	10782	382	-
4800	18965	10782	382	-
3611	7215	10782	382	-
4800	18965	10782	382	-
4800	18965	10782	382	-
4800	18965	10782	382	-
3611	7215	10782	382	-
4800	18965	10782	382	-
3611	7215	10782	382	-
3611	7215	10782	382	-
4800	18965	10782	382	-
3611	7215	10782	382	-
3611	7215	10782	382	-
3611	7215	10782	382	-
3611	7215	10782	382	-
3611	7215	10782	382	-
6775	3297	10782	383	-
3611	7215	10782	383	-
20312	4800	10782	386	-
20312	4800	10782	391	-
20312	4800	10782	396	-
6114	16991	10782	397	-
16409	7215	10782	399	-
16409	7215	10782	399	-
16409	7215	10782	399	-
16409	7215	10782	399	-
16409	7215	10782	399	-
16409	7215	10782	399	-
16409	7215	10782	399	-
16409	7215	10782	399	-
16409	7215	10782	399	-
16409	7215	10782	399	-
16409	7215	10782	399	-
16409	7215	10782	399	-
16409	7215	10782	399	-
16409	7215	10782	399	-
3957	15894	10782	399	-
20367	19350	10782	399	-
16409	7215	10782	399	-
16409	7215	10782	400	-
16409	7215	10782	400	-
16409	7215	10782	400	-
16409	7215	10782	400	-
20312	4800	10782	401	-
3957	15394	10782	403	-
20312	4800	10782	406	-
4800	3076	10782	410	-
8294	11780	10782	410	nmap
20312	4800	10782	411	-
4800	3076	10782	411	-
4800	3076	10782	412	-
4800	3076	10782	412	-
4800	3076	10782	412	-
4800	3076	10782	412	-
4800	3076	10782	412	-
4800	3076	10782	412	-
4800	3076	10782	412	-
4800	3076	10782	412	-
4800	3076	10782	412	-
4800	3076	10782	412	-
4800	3076	10782	412	-
4800	3076	10782	412	-
4800	3076	10782	412	-
4800	3076	10782	412	-
4800	6114	10782	412	-
4800	3076	10782	412	-
4800	3076	10782	412	-
4800	3076	10782	412	-
4800	3076	10782	412	-
4800	3076	10782	412	-
4800	3076	10782	412	-
4800	3076	10782	412	-
4800	3076	10782	412	-
4800	3076	10782	413	-
4800	3076	10782	413	-
4800	3076	10782	413	-
20312	4800	10782	416	-
13993	15894	10782	418	-
19603	3461	10782	419	-
20312	4800	10782	421	-
16409	7215	10782	427	-
20312	4800	10782	427	-
16409	7215	10782	427	-
16409	7215	10782	427	-
16409	7215	10782	427	-
16409	7215	10782	427	-
19603	3611	38611	429	-
19603	3611	38611	429	-
3297	15667	38611	430	-
14267	20961	38611	430	-
14267	20961	38611	430	-
14267	20961	38611	430	-
14267	20961	38611	431	-
14267	20961	38611	431	-
14267	20961	38611	431	-
20312	4800	38611	432	-
14267	20961	38611	432	-
14267	20961	38611	432	-
14267	20961	38611	432	-
14267	20961	38611	432	-
14267	20961	38611	432	-
14267	20961	38611	432	-
14267	20961	38611	432	-
14267	20961	38611	432	-
14267	20961	38611	432	-
14267	20961	38611	432	-
14267	20961	38611	432	-
14267	20961	38611	432	-
14267	20961	38611	432	-
14267	20961	38611	432	-
14267	20961	38611	432	-
14267	20961	38611	433	-
14267	20961	38611	433	-
14267	20961	38611	433	-
14267	20961	38611	433	-
14267	20961	38611	433	-
14267	20961	38611	433	-
14267	20961	38611	433	-
14267	20961	38611	433	-
14267	20961	38611	433	-
14267	20961	38611	433	-
14267	20961	38611	433	-
14267	20961	38611	433	-
14267	20961	38611	433	-
14267	20961	38611	433	-
14267	20961	38611	433	-
14267	20961	38611	433	-
14267	20961	38611	433	-
8048	14437	38611	434	-
20312	4800	38611	437	-
20312	16593	38611	439	-
20312	4800	38611	442	-
6114	12893	38611	444	-
6114	12893	38611	444	-
6114	12893	38611	444	-
20312	4800	38611	447	-
20312	23167	38611	448	-
20312	4800	38611	452	-
16409	7215	38611	452	-
16409	7215	38611	452	-
16409	7215	38611	452	-
16409	7215	38611	452	-
16409	7215	38611	452	-
16409	7215	38611	453	-
16409	7215	38611	453	-
16409	7215	38611	453	-
16409	7215	38611	453	-
19603	3611	38611	454	-
19603	3611	38611	454	-
19603	3611	38611	454	-
19603	3611	38611	454	-
19603	3611	38611	454	-
19603	3611	38611	454	-
19603	3611	38611	454	-
20312	4800	38611	457	-
23317	5938	38611	462	-
16409	7215	38611	462	-
20312	4800	38611	462	-
16409	7215	38611	462	-
16409	7215	38611	462	-
16409	7215	38611	462	-
16409	7215	38611	462	-
16409	7215	38611	462	-
16409	7215	38611	462	-
16409	7215	38611	462	-
16409	7215	38611	462	-
16409	7215	38611	462	-
4800	445	38611	463	-
4800	445	38611	463	-
4800	445	38611	463	-
4800	445	38611	463	-
4800	445	38611	463	-
4800	445	38611	463	-
4800	445	38611	463	-
4800	445	38611	463	-
4800	445	38611	463	-
4800	445	38611	463	-
4800	445	38611	463	-
4800	445	38611	463	-
4800	445	38611	463	-
4800	445	38611	463	-
4800	445	38611	463	-
20312	4800	38611	467	-
20312	23167	38611	467	-
20312	4800	38611	472	-
4800	445	38611	473	-
20312	4800	38611	477	-
16671	13122	38611	477	-
20312	4800	38611	482	-
20312	4800	38611	487	-
3076	9554	42066	489	-
20312	4800	42066	492	-
23317	882	42066	493	-
15394	4800	42066	493	-
20312	4800	42066	497	-
7782	13122	42066	501	-
20312	4800	42066	502	-
19603	3611	42066	502	-
7179	16531	42066	503	-
20312	4800	42066	507	-
20312	4800	42066	512	-
20312	4800	42066	517	-
3611	7215	42066	517	-
3611	7215	42066	517	-
3611	7215	42066	517	-
3611	7215	42066	517	-
3611	7215	42066	517	-
20312	4800	42066	523	-
7179	8452	42066	524	-
20312	4800	42066	528	-
3957	1633	42066	528	-
19603	3611	42066	529	-
19603	3611	42066	529	-
19603	3611	42066	529	-
19603	3611	42066	529	-
19603	3611	42066	529	-
19603	3611	42066	529	-
19603	3611	42066	529	-
20312	4800	42066	533	-
3611	15667	42066	537	-
20312	4800	42066	538	-
6114	15586	42066	540	-
6114	3970	42066	540	-
14547	7282	42066	541	-
20312	4800	42066	543	-
14547	7282	42066	544	-
14547	7282	42066	544	-
14547	7282	42066	544	-
14547	7282	42066	544	-
14547	7282	42066	545	-
14547	7282	42066	545	-
14547	7282	42066	545	-
14547	7282	42066	545	-
14547	7282	42066	545	-
14547	7282	42066	545	-
14547	7282	42066	546	-
14547	7282	42066	546	-
14547	7282	42066	546	-
14547	7282	42066	546	-
14547	7282	42066	546	-
14547	7282	42066	546	-
14547	7282	42066	546	-
14547	7282	42066	546	-
14547	7282	42066	546	-
14547	7282	42066	546	-
14547	7282	42066	546	-
14547	7282	42066	546	-
14547	7282	42066	546	-
14547	7282	42066	546	-
14547	7282	42066	546	-
20312	4800	26731	548	-
3297	21708	26731	548	-
882	23167	26731	549	-
14547	7282	26731	549	-
14547	7282	26731	550	-
14547	7282	26731	550	-
14547	7282	26731	550	-
14547	7282	26731	550	-
14547	7282	26731	550	-
14547	7282	26731	550	-
14547	7282	26731	550	-
14547	7282	26731	550	-
14547	15394	26731	550	-
4800	445	26731	551	-
20312	4800	26731	553	-
20312	4800	26731	558	-
12985	15894	26731	559	-
12985	1633	26731	560	-
16409	8530	26731	560	-
8294	11780	26731	561	nmap
8294	11780	26731	561	nmap
16409	8530	26731	563	-
16409	8530	26731	563	-
16409	8530	26731	563	-
16409	8530	26731	563	-
16409	8530	26731	563	-
16409	8530	26731	563	-
16409	8530	26731	563	-
16409	8530	26731	563	-
16409	8530	26731	563	-
16409	8530	26731	563	-
16409	8530	26731	563	-
20312	4800	26731	563	-
16409	8530	26731	563	-
16409	8530	26731	563	-
3611	15667	26731	563	-
17624	2843	26731	565	-
16409	8530	26731	567	-
16409	8530	26731	567	-
16409	8530	26731	567	-
16409	8530	26731	567	-
16409	8530	26731	567	-
16409	8530	26731	567	-
16409	8530	26731	567	-
16409	20495	26731	567	-
16409	8530	26731	567	-
16409	8530	26731	567	-
16409	8530	26731	567	-
16409	8530	26731	567	-
16409	8530	26731	567	-
16409	8530	26731	567	-
17624	2843	26731	567	-
16409	8530	26731	567	-
16409	8530	26731	567	-
16409	8530	26731	567	-
16409	8530	26731	567	-
16409	8530	26731	567	-
16409	8530	26731	567	-
16409	8530	26731	567	-
16409	8530	26731	567	-
16409	8530	26731	567	-
16409	8530	26731	567	-
16409	8530	26731	567	-
16409	8530	26731	567	-
16409	8530	26731	567	-
16409	8530	26731	567	-
20312	4800	26731	568	-
17624	2843	26731	569	-
20312	4800	26731	573	-
17624	2843	26731	573	-
4800	18682	26731	573	-
4800	6157	26731	573	-
20312	4800	26731	578	-
14547	15894	26731	579	-
4800	6157	26731	580	-
4800	6157	26731	580	-
4800	6157	26731	580	-
4800	6157	26731	580	-
4800	14263	26731	580	-
4800	6157	26731	580	-
4800	6157	26731	580	-
4800	3858	26731	580	-
4800	6157	26731	580	-
4800	6157	26731	580	-
4800	6157	26731	580	-
4800	6157	26731	580	-
4800	6157	26731	580	-
4800	14263	26731	580	-
4800	14263	26731	580	-
4800	6157	26731	580	-
4800	6157	26731	580	-
4800	6157	26731	580	-
4800	6157	26731	580	-
4800	6157	26731	580	-
4800	6157	26731	581	-
4800	6157	26731	581	-
4800	6157	26731	581	-
20312	4800	26731	583	-
16671	5938	26731	583	-
4800	15095	26731	586	-
4800	10812	26731	586	-
20312	4800	26731	588	-
4800	6157	26731	590	-
4800	6157	26731	590	-
4800	15095	26731	590	-
4800	14263	26731	590	-
4800	18682	26731	590	-
4800	15095	26731	590	-
4800	3858	26731	590	-
4800	6157	26731	590	-
4800	14263	26731	590	-
4800	18682	26731	590	-
4800	6157	26731	590	-
4800	15095	26731	590	-
4800	18682	26731	590	-
4800	6157	26731	590	-
4800	15095	26731	590	-
4800	6157	26731	590	-
4800	15095	26731	590	-
4800	14263	26731	590	-
4800	15095	26731	590	-
4800	6157	26731	590	-
4800	15095	26731	590	-
4800	6157	26731	590	-
4800	6157	26731	590	-
4800	6157	26731	591	-
4800	6157	26731	591	-
4800	18682	26731	591	-
4800	15095	26731	592	-
4800	14263	26731	592	-
4800	15095	26731	592	-
4800	14263	26731	592	-
4800	15095	26731	592	-
4800	15095	26731	592	-
20312	4800	26731	593	-
19603	16593	26731	595	-
20312	4800	26731	598	-
20312	4800	26731	603	-
16409	8530	26731	604	-
16409	8530	26731	604	-
20312	4800	12250	608	-
19531	19531	12250	608	-
14547	7282	12250	610	-
14547	7282	12250	610	-
14547	7282	12250	610	-
14547	15394	12250	610	-
14547	7282	12250	610	-
14267	445	12250	611	-
14267	445	12250	611	-
14267	445	12250	611	-
14267	445	12250	611	-
14267	445	12250	611	-
14267	445	12250	611	-
14267	445	12250	611	-
14267	445	12250	611	-
14267	445	12250	611	-
14267	445	12250	611	-
14267	445	12250	611	-
14267	445	12250	611	-
14267	445	12250	611	-
14267	445	12250	611	-
14267	445	12250	611	-
20312	4800	12250	613	-
20312	4800	12250	618	-
6775	2843	12250	618	-
11001	13122	12250	622	-
20312	4800	12250	623	-
20312	14437	12250	626	-
20312	4800	12250	628	-
14547	15894	12250	630	-
20312	4800	12250	634	-
19531	5938	12250	636	-
20312	4800	12250	639	-
20312	4800	12250	644	-
19603	23167	12250	644	-
20312	4800	12250	649	-
10429	13122	12250	650	-
16409	8530	12250	652	-
16409	8530	12250	652	-
16409	8530	12250	652	-
16409	8530	12250	652	-
16409	8530	12250	652	-
16409	8530	12250	652	-
16409	8530	12250	652	-
16409	8530	12250	652	-
16409	8530	12250	652	-
16409	8530	12250	652	-
16409	8530	12250	652	-
16409	8530	12250	652	-
16409	8530	12250	652	-
16409	8530	12250	652	-
16409	8530	12250	652	-
16409	8530	12250	652	-
16409	8530	12250	652	-
16409	8530	12250	652	-
16409	8530	12250	652	-
16409	8530	12250	652	-
16409	8530	12250	652	-
16409	8530	12250	652	-
16409	8530	12250	652	-
16409	8530	12250	652	-
16409	8530	12250	652	-
16409	8530	12250	652	-
16409	8530	12250	652	-
20312	4800	12250	654	-
14267	445	12250	658	-
3611	13122	12250	658	-
14547	13122	12250	658	-
20312	4800	12250	659	-
20312	4800	12250	664	-
20312	4800	2244	669	-
14547	7282	2244	670	-
14547	15394	2244	670	-
14547	7282	2244	670	-
20312	4800	2244	674	-
20312	4800	2244	679	-
4800	4035	2244	682	-
20312	4800	2244	684	-
6114	18332	2244	687	-
20312	4800	2244	689	-
13993	15894	2244	691	-
20312	4800	2244	694	-
20312	4800	2244	699	-
20312	4800	2244	704	-
20312	4800	2244	709	-
8294	11780	2244	712	nmap
20312	4800	2244	714	-
14547	15894	2244	715	-
6114	10026	2244	718	-
6114	10026	2244	718	-
6114	10026	2244	718	-
6114	10026	2244	718	-
20312	4800	2244	719	-
20312	4800	2244	724	-
19603	23167	34919	728	-
20312	4800	34919	729	-
14547	7282	34919	731	-
20312	4800	34919	734	-
14267	8006	34919	736	-
14267	17470	34919	736	-
14267	8006	34919	736	-
14267	8006	34919	736	-
19531	15894	34919	739	-
20312	4800	34919	739	-
10429	13122	34919	741	-
19603	3611	34919	741	-
20312	4800	34919	745	-
20312	4800	34919	750	-
6775	14437	34919	754	-
17624	3297	34919	754	-
20312	4800	34919	755	-
11001	19531	34919	756	-
6775	14437	34919	759	-
20312	4800	34919	760	-
3611	19531	34919	762	-
20312	4800	34919	765	-
20312	4800	34919	770	-
20312	4800	34919	775	-
14547	15667	34919	775	-
14267	18527	34919	777	-
14267	18527	34919	777	-
14267	18527	34919	777	-
14267	18527	34919	777	-
14267	18527	34919	777	-
14267	18527	34919	777	-
14267	18527	34919	777	-
14267	18527	34919	777	-
20312	4800	34919	780	-
20312	4800	34919	785	-
20312	4800	24531	790	-
20312	4800	24531	795	-
10429	1633	24531	795	-
6114	10026	24531	795	-
4800	7782	24531	796	-
4800	7782	24531	797	-
4800	7782	24531	797	-
4800	7782	24531	797	-
4800	7782	24531	797	-
4800	7782	24531	797	-
4800	7782	24531	797	-
4800	7782	24531	797	-
4800	7782	24531	797	-
4800	7782	24531	797	-
4800	7782	24531	797	-
4800	7782	24531	797	-
4800	7782	24531	797	-
4800	7782	24531	797	-
4800	7782	24531	797	-
6114	19063	24531	798	-
14547	15667	24531	798	-
6114	10026	24531	799	-
6114	17726	24531	799	-
6114	10026	24531	799	-
6114	10026	24531	799	-
6114	10026	24531	799	-
6114	10026	24531	799	-
6114	10026	24531	799	-
6114	10026	24531	799	-
6114	10026	24531	799	-
6114	10026	24531	799	-
6114	10026	24531	799	-
6114	10026	24531	799	-
6114	10026	24531	799	-
6114	10026	24531	799	-
6114	10026	24531	799	-
6114	10026	24531	799	-
6114	10026	24531	799	-
6114	10026	24531	799	-
6114	10026	24531	799	-
6114	10026	24531	799	-
6114	10026	24531	799	-
6114	5410	24531	799	-
20312	4800	24531	800	-
17624	3297	24531	800	-
14547	1398	24531	802	-
14547	17697	24531	802	-
14547	17697	24531	802	-
14547	1398	24531	802	-
14547	17697	24531	802	-
14547	1398	24531	802	-
14547	17697	24531	802	-
14547	1398	24531	802	-
17624	3297	24531	802	-
17624	3297	24531	804	-
20312	4800	24531	805	-
17624	3297	24531	806	-
14547	20961	24531	806	-
14547	20961	24531	808	-
14547	20961	24531	808	-
14547	20961	24531	808	-
14547	20961	24531	808	-
14547	20961	24531	808	-
14547	20961	24531	808	-
14547	20961	24531	808	-
14547	20961	24531	808	-
14547	20961	24531	808	-
14547	20961	24531	808	-
14547	20961	24531	808	-
14547	20961	24531	808	-
14547	20961	24531	808	-
14547	20961	24531	808	-
14547	20961	24531	808	-
14547	20961	24531	808	-
14547	20961	24531	808	-
14547	20961	24531	808	-
14547	20961	24531	808	-
14547	20961	24531	808	-
14547	20961	24531	808	-
14547	20961	24531	808	-
14547	20961	24531	808	-
14547	20961	24531	809	-
14547	20961	24531	809	-
14547	20961	24531	809	-
14547	20961	24531	809	-
14547	20961	24531	809	-
14547	20961	24531	809	-
14547	20961	24531	809	-
14547	20961	24531	809	-
17624	3297	24531	809	-
14547	20961	24531	809	-
14547	20961	24531	809	-
14547	20961	24531	809	-
14547	20961	24531	809	-
14547	20961	24531	809	-
14547	20961	24531	809	-
20312	4800	24531	810	-
17624	3297	24531	811	-
17624	3297	24531	815	-
20312	4800	24531	815	-
4800	7782	24531	817	-
4800	7782	24531	817	-
4800	7782	24531	817	-
4800	7782	24531	817	-
4800	7782	24531	817	-
4800	7782	24531	817	-
4800	7782	24531	817	-
4800	7782	24531	817	-
4800	7782	24531	817	-
4800	7782	24531	817	-
4800	7782	24531	817	-
7215	15894	24531	819	-
20312	4800	24531	820	-
23317	5938	24531	825	-
20312	4800	24531	825	-
14267	18527	24531	827	-
14267	18527	24531	827	-
14267	18527	24531	827	-
14267	18527	24531	827	-
14267	18527	24531	827	-
14267	18527	24531	827	-
14267	18527	24531	827	-
14267	18527	24531	827	-
14267	18527	24531	827	-
14267	18527	24531	827	-
14267	18527	24531	827	-
14267	18527	24531	827	-
14267	18527	24531	827	-
14267	18527	24531	827	-
14267	18527	24531	827	-
14267	18527	24531	827	-
14267	18527	24531	827	-
14267	18527	24531	827	-
14267	18527	24531	827	-
14267	18527	24531	827	-
14267	18527	24531	827	-
14267	18527	24531	827	-
14267	18527	24531	827	-
14267	18527	24531	827	-
14267	18527	24531	827	-
14267	18527	24531	827	-
14267	18527	24531	827	-
14267	18527	24531	827	-
14267	18527	24531	827	-
14267	18527	24531	827	-
14267	18527	24531	827	-
14267	18527	24531	827	-
20312	4800	24531	830	-
7215	13122	24531	832	-
20312	4981	24531	832	-
7215	22986	24531	834	-
20312	4800	24531	835	-
20312	4800	24531	840	-
20312	4800	24531	845	-
20312	4800	25936	850	-
7179	8452	25936	853	-
20312	4800	25936	855	-
20312	4800	25936	861	-
7782	15894	25936	862	-
8294	11780	25936	863	nmap
8294	11780	25936	863	nmap
20312	4800	25936	866	-
13993	5938	25936	866	-
20312	4800	25936	871	-
20312	4800	25936	876	-
20312	4800	25936	881	-
20312	4800	25936	886	-
16409	7215	25936	890	-
16409	7215	25936	890	-
16409	7215	25936	890	-
16409	7215	25936	890	-
16409	7215	25936	890	-
16409	7215	25936	890	-
16409	7215	25936	890	-
16409	7215	25936	890	-
16409	7215	25936	890	-
16409	7215	25936	890	-
16409	7215	25936	890	-
16409	7215	25936	890	-
16409	7215	25936	890	-
16409	7215	25936	890	-
16409	7215	25936	890	-
16409	7215	25936	890	-
16409	7215	25936	890	-
16409	7215	25936	890	-
16409	7215	25936	890	-
20312	4800	25936	891	-
14267	18527	25936	894	-
14267	18527	25936	894	-
14267	18527	25936	894	-
14267	18527	25936	894	-
14267	18527	25936	894	-
14267	18527	25936	894	-
14267	18527	25936	894	-
14267	18527	25936	894	-
4800	7782	25936	895	-
4800	7782	25936	895	-
4800	7782	25936	895	-
4800	7782	25936	895	-
4800	7782	25936	895	-
4800	7782	25936	895	-
4800	7782	25936	895	-
4800	7782	25936	895	-
4800	7782	25936	895	-
4800	7782	25936	895	-
4800	7782	25936	896	-
20312	4800	25936	896	-
20312	4800	25936	901	-
14267	18527	25936	902	-
14267	18527	25936	902	-
14267	18527	25936	902	-
14267	18527	25936	902	-
14267	18527	25936	902	-
14267	18527	25936	902	-
14267	18527	25936	902	-
14267	18527	25936	902	-
14267	18527	25936	902	-
16409	7215	25936	905	-
20312	4800	25936	906	-
6114	10026	35869	909	-
6114	10026	35869	909	-
6114	10026	35869	909	-
6114	10026	35869	909	-
6114	17726	35869	909	-
6114	10026	35869	909	-
6114	10026	35869	909	-
6114	10026	35869	909	-
6114	10026	35869	909	-
6114	10026	35869	909	-
6114	10026	35869	909	-
6114	10026	35869	909	-
6114	10026	35869	909	-
6114	10026	35869	909	-
6114	10026	35869	909	-
6114	10026	35869	909	-
6114	10026	35869	909	-
6114	10026	35869	909	-
6114	10026	35869	909	-
20312	4800	35869	911	-
16409	7215	35869	912	-
16409	17005	35869	913	-
20312	4800	35869	916	-
20312	4800	35869	921	-
20312	4800	35869	926	-
10429	15667	35869	926	-
4800	7782	35869	928	-
4800	7782	35869	928	-
4800	7782	35869	928	-
4800	7782	35869	928	-
4800	7782	35869	928	-
4800	7782	35869	928	-
4800	7782	35869	928	-
4800	7782	35869	928	-
4800	7782	35869	929	-
4800	7782	35869	929	-
4800	7782	35869	929	-
13993	19531	35869	930	-
14267	18527	35869	930	-
14267	18527	35869	930	-
14267	18527	35869	930	-
14267	18527	35869	930	-
14267	18527	35869	930	-
14267	18527	35869	930	-
14267	18527	35869	930	-
14267	18527	35869	930	-
7782	5938	35869	931	-
20312	4800	35869	931	-
20312	4800	35869	936	-
20312	4800	35869	941	-
16671	15667	35869	942	-
17624	3461	35869	944	-
13993	11900	35869	944	-
17624	3461	35869	946	-
20312	4800	35869	946	-
17624	3461	35869	948	-
14547	445	35869	950	-
14547	445	35869	950	-
14547	445	35869	950	-
14547	445	35869	950	-
14547	445	35869	950	-
14547	445	35869	950	-
14547	445	35869	950	-
14547	445	35869	950	-
14547	445	35869	950	-
14547	445	35869	950	-
14547	445	35869	950	-
14547	445	35869	950	-
14547	445	35869	950	-
14547	445	35869	950	-
14547	445	35869	950	-
20312	4800	35869	951	-
17624	3461	35869	952	-
3297	5938	35869	954	-
20312	4800	35869	956	-
20312	4800	35869	961	-
20312	4800	35869	967	-
16409	7215	31563	968	-
20312	4800	31563	972	-
20312	4800	31563	977	-
14547	445	31563	977	-
882	23167	31563	978	-
3957	587	31563	979	-
12332	3297	31563	982	-
20312	4800	31563	982	-
20312	4800	31563	987	-
16409	8530	31563	989	-
20312	4800	31563	992	-
16409	8530	31563	993	-
16409	8530	31563	993	-
16409	8530	31563	993	-
16409	8530	31563	993	-
16409	8530	31563	993	-
16409	8530	31563	993	-
16409	8530	31563	993	-
16409	8530	31563	993	-
16409	8530	31563	993	-
16409	8530	31563	993	-
16409	8530	31563	993	-
16409	8530	31563	993	-
16409	8530	31563	993	-
16409	8530	31563	993	-
16409	20495	31563	993	-
16409	8530	31563	993	-
16409	8530	31563	993	-
16409	8530	31563	993	-
16409	8530	31563	993	-
16409	8530	31563	993	-
16409	8530	31563	993	-
16409	8530	31563	993	-
16409	8530	31563	994	-
16409	8530	31563	994	-
16409	8530	31563	994	-
16409	8530	31563	994	-
16409	8530	31563	994	-
16409	8530	31563	994	-
16409	8530	31563	995	-
16409	8530	31563	995	-
16409	8530	31563	995	-
16409	8530	31563	995	-
16409	8530	31563	995	-
16409	8530	31563	995	-
16409	8530	31563	995	-
16409	8530	31563	995	-
16409	8530	31563	995	-
16409	8530	31563	995	-
16409	8530	31563	995	-
16409	8530	31563	995	-
16409	8530	31563	995	-
20312	4800	31563	997	-
19603	3611	31563	999	-
19603	3611	31563	999	-
19603	3611	31563	999	-
19603	3611	31563	999	-
20312	4800	31563	1002	-
14267	18527	31563	1007	-
20312	4800	31563	1007	-
14267	18527	31563	1007	-
14267	18527	31563	1007	-
14267	18527	31563	1007	-
14267	18527	31563	1008	-
14267	18527	31563	1008	-
14267	18527	31563	1008	-
14267	18527	31563	1008	-
14267	18527	31563	1008	-
7215	22986	31563	1010	-
14547	13122	31563	1010	-
20312	4800	31563	1012	-
8294	11780	31563	1014	nmap
14267	18527	31563	1016	-
14267	18527	31563	1016	-
14267	18527	31563	1016	-
14267	18527	31563	1016	-
14267	18527	31563	1016	-
14267	18527	31563	1016	-
14267	18527	31563	1016	-
14267	18527	31563	1016	-
20312	4800	31563	1017	-
19603	3611	31563	1018	-
19603	3611	31563	1018	-
19603	3611	31563	1018	-
19603	3611	31563	1018	-
19603	3611	31563	1018	-
19603	3611	31563	1018	-
19603	3611	31563	1018	-
6114	12723	31563	1019	-
20312	4800	31563	1022	-
20312	4800	31563	1027	-
6114	3076	17088	1028	-
6114	3076	17088	1031	-
6114	3076	17088	1031	-
6114	3076	17088	1031	-
6114	3076	17088	1031	-
6114	3076	17088	1031	-
6114	3076	17088	1031	-
6114	3076	17088	1032	-
6114	3076	17088	1032	-
6114	3076	17088	1032	-
6114	3076	17088	1032	-
6114	3076	17088	1032	-
6114	3076	17088	1032	-
6114	3076	17088	1032	-
6114	3076	17088	1032	-
6114	3076	17088	1032	-
6114	3076	17088	1032	-
6114	3076	17088	1032	-
6114	3076	17088	1032	-
6114	3076	17088	1032	-
6114	3076	17088	1032	-
20312	4800	17088	1032	-
4800	7782	17088	1033	-
4800	7782	17088	1033	-
4800	7782	17088	1033	-
4800	7782	17088	1033	-
4800	7782	17088	1033	-
4800	7782	17088	1033	-
4800	7782	17088	1033	-
4800	7782	17088	1033	-
4800	7782	17088	1033	-
4800	7782	17088	1033	-
4800	7782	17088	1033	-
4800	7782	17088	1033	-
4800	7782	17088	1033	-
4800	7782	17088	1033	-
4800	7782	17088	1033	-
6114	6114	17088	1035	-
6114	3076	17088	1035	-
6114	3076	17088	1035	-
6114	3076	17088	1035	-
6114	3076	17088	1035	-
6114	3076	17088	1035	-
6114	3076	17088	1035	-
20312	4800	17088	1037	-
6114	14709	17088	1041	-
20312	4800	17088	1042	-
6114	14709	17088	1042	-
6114	14709	17088	1042	-
6114	14709	17088	1042	-
6114	14709	17088	1042	-
6114	15113	17088	1042	-
6114	12545	17088	1042	-
6114	14709	17088	1042	-
6114	14709	17088	1042	-
6114	14709	17088	1042	-
6114	14709	17088	1042	-
6114	14709	17088	1045	-
6114	14709	17088	1045	-
6114	14709	17088	1045	-
6114	14709	17088	1045	-
6114	14709	17088	1045	-
6114	19063	17088	1045	-
6114	14709	17088	1045	-
6114	14709	17088	1045	-
6114	14709	17088	1045	-
6114	14709	17088	1045	-
6114	15113	17088	1045	-
6114	14709	17088	1045	-
6114	14709	17088	1045	-
6114	16181	17088	1045	-
6114	14709	17088	1045	-
6114	22527	17088	1045	-
20312	4800	17088	1047	-
6114	2989	17088	1048	-
6114	6683	17088	1048	-
6114	14709	17088	1048	-
6114	3760	17088	1049	-
6114	14709	17088	1049	-
6114	14709	17088	1049	-
6114	14709	17088	1049	-
6114	2063	17088	1049	-
6114	3760	17088	1049	-
6114	14709	17088	1049	-
6114	14709	17088	1049	-
6114	14709	17088	1049	-
6114	17726	17088	1049	-
6114	14709	17088	1049	-
14547	8006	17088	1049	-
14547	17470	17088	1049	-
14547	8006	17088	1049	-
14547	8006	17088	1049	-
20312	4800	17088	1052	-
14267	18527	17088	1052	-
14267	18527	17088	1052	-
14267	18527	17088	1052	-
14267	18527	17088	1052	-
14267	18527	17088	1052	-
14267	18527	17088	1052	-
14267	18527	17088	1052	-
14267	18527	17088	1052	-
14267	18527	17088	1052	-
6775	3297	17088	1053	-
20312	4800	17088	1057	-
6775	14437	17088	1057	-
20312	4800	17088	1062	-
20312	4800	17088	1067	-
20312	4800	17088	1072	-
4800	10577	17088	1073	-
4800	10577	17088	1073	-
4800	10577	17088	1073	-
4800	10577	17088	1073	-
4800	10577	17088	1073	-
4800	10577	17088	1073	-
4800	10577	17088	1073	-
4800	10577	17088	1073	-
4800	10577	17088	1073	-
4800	10577	17088	1073	-
4800	10577	17088	1073	-
4800	10577	17088	1073	-
20312	4800	17088	1077	-
19603	3611	17088	1079	-
20312	4800	17088	1082	-
20312	4800	17088	1087	-
14547	18527	28082	1090	-
14547	18527	28082	1090	-
14547	18527	28082	1090	-
14547	18527	28082	1091	-
14547	18527	28082	1091	-
14547	18527	28082	1091	-
14547	18527	28082	1091	-
14547	18527	28082	1091	-
20312	4800	28082	1093	-
15394	4800	28082	1093	-
23317	882	28082	1093	-
20312	4800	28082	1098	-
20312	4800	28082	1103	-
7215	15894	28082	1103	-
20312	4800	28082	1108	-
20312	4800	28082	1113	-
20312	4800	28082	1118	-
14547	18527	28082	1118	-
14547	18527	28082	1119	-
14547	18527	28082	1119	-
14547	18527	28082	1119	-
14547	18527	28082	1119	-
14547	18527	28082	1119	-
14547	18527	28082	1119	-
14547	18527	28082	1119	-
14547	18527	28082	1119	-
14547	18527	28082	1119	-
14547	18527	28082	1119	-
14547	18527	28082	1119	-
14547	18527	28082	1119	-
14547	18527	28082	1119	-
14547	18527	28082	1119	-
14547	18527	28082	1119	-
14547	18527	28082	1119	-
14547	18527	28082	1119	-
14547	18527	28082	1119	-
14547	18527	28082	1119	-
14547	18527	28082	1119	-
14547	18527	28082	1119	-
14547	18527	28082	1119	-
14547	18527	28082	1119	-
14547	18527	28082	1119	-
14547	18527	28082	1119	-
14547	18527	28082	1119	-
14547	18527	28082	1119	-
14547	18527	28082	1119	-
14547	18527	28082	1119	-
14547	18527	28082	1119	-
14547	18527	28082	1119	-
20312	4800	28082	1123	-
20312	4800	28082	1128	-
19603	3611	28082	1131	-
20312	4800	28082	1133	-
20312	4800	28082	1138	-
20312	4800	28082	1143	-
20312	4800	10546	1148	-
20312	4800	10546	1153	-
20312	4800	10546	1158	-
20312	4800	10546	1163	-
8294	11780	10546	1165	nmap
8294	11780	10546	1165	nmap
20312	4800	10546	1168	-
20312	4800	10546	1173	-
20312	4800	10546	1178	-
20312	4800	10546	1183	-
16409	3076	10546	1186	-
16409	3076	10546	1186	-
16409	10090	10546	1186	-
16409	3076	10546	1186	-
16409	3076	10546	1186	-
16409	10090	10546	1186	-
16409	3076	10546	1186	-
16409	3076	10546	1186	-
16409	10090	10546	1186	-
16409	3076	10546	1186	-
16409	10090	10546	1186	-
16409	3076	10546	1186	-
16409	10090	10546	1186	-
14267	13936	10546	1187	-
20312	4800	10546	1188	-
23317	5938	10546	1188	-
20312	4800	10546	1193	-
6114	11558	10546	1195	-
6114	11558	10546	1195	-
20312	4800	10546	1198	-
20312	4800	10546	1203	-
16409	8530	10546	1205	-
20312	4800	35346	1208	-
16409	8530	35346	1209	-
14547	18527	35346	1209	-
16409	8530	35346	1209	-
14547	18527	35346	1209	-
14547	18527	35346	1209	-
16409	8530	35346	1209	-
16409	8530	35346	1209	-
16409	8530	35346	1209	-
16409	8530	35346	1209	-
16409	20495	35346	1209	-
16409	8530	35346	1209	-
16409	8530	35346	1209	-
16409	8530	35346	1209	-
16409	8530	35346	1209	-
16409	8530	35346	1209	-
16409	8530	35346	1209	-
16409	8530	35346	1209	-
16409	8530	35346	1209	-
16409	8530	35346	1209	-
16409	8530	35346	1209	-
16409	8530	35346	1209	-
16409	8530	35346	1209	-
16409	8530	35346	1209	-
16409	8530	35346	1209	-
16409	8530	35346	1209	-
16409	8530	35346	1209	-
14547	18527	35346	1209	-
14547	18527	35346	1210	-
16409	8530	35346	1210	-
14547	18527	35346	1210	-
16409	8530	35346	1210	-
14547	18527	35346	1210	-
14547	18527	35346	1210	-
16409	8530	35346	1210	-
16409	8530	35346	1210	-
16409	8530	35346	1210	-
16409	8530	35346	1210	-
16409	8530	35346	1210	-
16409	8530	35346	1210	-
16409	8530	35346	1210	-
16409	8530	35346	1210	-
16409	8530	35346	1210	-
16409	8530	35346	1210	-
16409	8530	35346	1210	-
16409	8530	35346	1210	-
16409	8530	35346	1210	-
16409	8530	35346	1210	-
16409	8530	35346	1210	-
16409	8530	35346	1210	-
20312	4800	35346	1213	-
6114	16409	35346	1214	-
6114	16409	35346	1214	-
6114	16409	35346	1215	-
6114	16409	35346	1215	-
20312	4800	35346	1218	-
3297	5938	35346	1222	-
20312	4800	35346	1223	-
16409	8530	35346	1224	-
16409	8530	35346	1224	-
16409	8530	35346	1224	-
16409	8530	35346	1224	-
16409	8530	35346	1224	-
16409	8530	35346	1224	-
20312	4800	35346	1229	-
20312	4800	35346	1234	-
20312	4800	35346	1239	-
20312	4800	35346	1244	-
14547	18527	35346	1246	-
14547	18527	35346	1246	-
14547	18527	35346	1246	-
14547	18527	35346	1246	-
14547	18527	35346	1246	-
14547	18527	35346	1246	-
14547	18527	35346	1246	-
14547	18527	35346	1246	-
14547	18527	35346	1246	-
3611	21708	35346	1249	-
20312	4800	35346	1249	-
12332	2843	35346	1253	-
20312	4800	35346	1254	-
20312	4800	35346	1259	-
4800	22013	35346	1261	-
882	23167	35346	1261	-
4800	7523	35346	1264	-
20312	4800	35346	1264	-
4800	7523	35346	1264	-
4800	7523	35346	1264	-
4800	7523	35346	1264	-
4800	7523	35346	1264	-
4800	7523	35346	1264	-
4800	7523	35346	1264	-
4800	7523	35346	1264	-
4800	7523	35346	1264	-
4800	7523	35346	1264	-
4800	7523	35346	1264	-
4800	7523	35346	1264	-
4800	7523	35346	1264	-
4800	7523	35346	1264	-
4800	7523	35346	1264	-
4800	7523	35346	1264	-
4800	7523	35346	1264	-
4800	7523	35346	1264	-
4800	7523	35346	1264	-
4800	7523	35346	1264	-
4800	7523	35346	1264	-
4800	7523	35346	1264	-
4800	7523	35346	1264	-
4800	7523	35346	1264	-
4800	7523	35346	1264	-
4800	7523	35346	1264	-
4800	7523	35346	1264	-
4800	7523	35346	1264	-
4800	7523	35346	1265	-
4800	7523	35346	1265	-
4800	7523	35346	1265	-
4800	7523	35346	1265	-
4800	7523	35346	1265	-
4800	15394	35346	1265	-
20367	587	35346	1265	-
4800	7523	35346	1265	-
6114	14709	9619	1268	-
6114	2989	9619	1269	-
6114	14709	9619	1269	-
6114	14709	9619	1269	-
6114	14709	9619	1269	-
6114	14709	9619	1269	-
6114	19063	9619	1269	-
6114	14709	9619	1269	-
6114	14709	9619	1269	-
6114	14709	9619	1269	-
6114	14709	9619	1269	-
6114	14709	9619	1269	-
6114	6683	9619	1269	-
6114	14709	9619	1269	-
6114	14709	9619	1269	-
6114	14709	9619	1269	-
6114	22527	9619	1269	-
6114	14709	9619	1269	-
6114	14709	9619	1269	-
6114	14709	9619	1269	-
6114	14709	9619	1269	-
6114	12545	9619	1269	-
6114	15113	9619	1269	-
6114	14709	9619	1269	-
6114	14709	9619	1269	-
6114	14709	9619	1269	-
6114	14709	9619	1269	-
20312	4800	9619	1269	-
6114	15113	9619	1269	-
6114	16181	9619	1269	-
6114	14709	9619	1269	-
6114	3760	9619	1270	-
6114	14709	9619	1270	-
6114	14709	9619	1270	-
6114	14709	9619	1270	-
6114	2063	9619	1270	-
6114	3760	9619	1270	-
6114	14709	9619	1270	-
6114	14709	9619	1270	-
6114	14709	9619	1270	-
6114	17726	9619	1270	-
6114	14709	9619	1270	-
20312	4800	9619	1274	-
20312	4800	9619	1279	-
20312	4800	9619	1284	-
20312	4800	9619	1289	-
6114	16409	9619	1293	-
6114	16409	9619	1293	-
6114	16409	9619	1293	-
6114	16409	9619	1293	-
6114	16409	9619	1293	-
6114	16409	9619	1293	-
6114	16409	9619	1293	-
6114	16409	9619	1293	-
6114	16409	9619	1293	-
6114	16409	9619	1293	-
6114	16409	9619	1293	-
6114	16409	9619	1293	-
6114	16409	9619	1293	-
20312	4800	9619	1294	-
20312	4800	9619	1299	-
6114	3076	9619	1301	-
6114	3076	9619	1301	-
6114	3076	9619	1301	-
6114	3076	9619	1301	-
6114	3076	9619	1301	-
6114	3076	9619	1301	-
6114	3076	9619	1301	-
6114	20495	9619	1301	-
6114	3076	9619	1301	-
6114	3076	9619	1301	-
6114	3076	9619	1301	-
6114	3076	9619	1301	-
6114	3076	9619	1301	-
6114	3076	9619	1301	-
20312	4800	9619	1304	-
19839	1633	9619	1308	-
8048	3611	9619	1308	-
8048	23167	9619	1309	-
20312	4800	9619	1309	-
14547	21708	9619	1310	-
20312	4800	9619	1314	-
12332	3461	9619	1316	-
8294	11780	9619	1316	nmap
14267	13936	9619	1317	-
14267	13936	9619	1317	-
14267	13936	9619	1317	-
14267	13936	9619	1317	-
6114	3076	9619	1319	-
20312	4800	9619	1319	-
6114	3076	9619	1323	-
6114	3076	9619	1323	-
6114	3076	9619	1323	-
6114	3076	9619	1323	-
6114	3076	9619	1323	-
6114	3076	9619	1323	-
6114	3076	9619	1323	-
6114	3076	9619	1323	-
6114	3076	9619	1323	-
6114	3076	9619	1323	-
6114	3076	9619	1323	-
6114	3076	9619	1323	-
6114	3076	9619	1323	-
6114	3076	9619	1323	-
6114	3076	9619	1323	-
6114	3076	9619	1323	-
6114	3076	9619	1323	-
6114	3076	9619	1323	-
6114	3076	9619	1323	-
6114	3076	9619	1323	-
6114	3076	9619	1323	-
6114	3076	9619	1323	-
6114	6114	9619	1323	-
6114	3076	9619	1323	-
6114	3076	9619	1323	-
6114	3076	9619	1323	-
6114	3076	9619	1323	-
20312	4800	9619	1325	-
4800	15394	9619	1325	-
13993	19531	9619	1325	-
14547	15667	9619	1325	-
4800	7523	9619	1325	-
10571	14437	45615	1330	-
20312	4800	45615	1330	-
14547	18527	45615	1334	-
14547	18527	45615	1334	-
14547	18527	45615	1334	-
14547	18527	45615	1334	-
14547	18527	45615	1334	-
14547	18527	45615	1334	-
14547	18527	45615	1334	-
14547	18527	45615	1334	-
20312	4800	45615	1335	-
882	8452	45615	1338	-
14547	18527	45615	1339	-
14547	18527	45615	1339	-
882	7268	45615	1339	-
14547	18527	45615	1339	-
14547	18527	45615	1339	-
14547	18527	45615	1339	-
14547	18527	45615	1339	-
14547	18527	45615	1339	-
14547	18527	45615	1339	-
14547	18527	45615	1339	-
20312	4800	45615	1340	-
6114	14709	45615	1345	-
6114	17726	45615	1345	-
6114	14709	45615	1345	-
6114	14709	45615	1345	-
6114	14709	45615	1345	-
6114	14709	45615	1345	-
6114	14709	45615	1345	-
6114	14709	45615	1345	-
6114	14709	45615	1345	-
6114	14709	45615	1345	-
6114	14709	45615	1345	-
6114	14709	45615	1345	-
20312	4800	45615	1345	-
6114	14709	45615	1345	-
6114	7774	45615	1345	-
6114	14709	45615	1345	-
6114	14709	45615	1345	-
6114	14709	45615	1345	-
6114	14709	45615	1345	-
6114	14709	45615	1345	-
6114	14709	45615	1345	-
6114	14709	45615	1345	-
12332	3611	45615	1347	-
20312	4800	45615	1350	-
19839	21708	45615	1351	-
12332	3611	45615	1351	-
19603	3297	45615	1352	-
20312	4800	45615	1355	-
20312	4800	45615	1360	-
3957	15394	45615	1363	-
20312	4800	45615	1365	-
20312	4800	45615	1370	-
16409	8530	45615	1372	-
16409	8530	45615	1372	-
14267	21426	45615	1372	-
14267	21426	45615	1372	-
14267	21426	45615	1372	-
14267	21426	45615	1372	-
14267	21426	45615	1372	-
16409	8530	45615	1372	-
16409	8530	45615	1372	-
14267	21426	45615	1372	-
14267	21426	45615	1373	-
14267	21426	45615	1373	-
14267	21426	45615	1373	-
14267	21426	45615	1373	-
14267	21426	45615	1373	-
14267	21426	45615	1373	-
14267	21426	45615	1373	-
14267	21426	45615	1373	-
14267	21426	45615	1373	-
14267	21426	45615	1373	-
14267	21426	45615	1373	-
20312	4800	45615	1375	-
6114	14709	45615	1379	-
6114	16409	45615	1380	-
20312	4800	45615	1380	-
4800	7523	45615	1385	-
20312	4800	45615	1385	-
4800	7523	45615	1385	-
4800	7523	45615	1385	-
4800	7523	45615	1385	-
20312	4800	6088	1390	-
16409	11542	6088	1393	-
20312	4800	6088	1395	-
14547	13122	6088	1395	-
4800	7523	6088	1396	-
20312	4800	6088	1400	-
16671	13122	6088	1403	-
20312	4800	6088	1405	-
19603	3611	6088	1405	-
19603	3611	6088	1405	-
19603	3611	6088	1405	-
19603	3611	6088	1405	-
19603	3611	6088	1405	-
19603	3611	6088	1405	-
19603	3611	6088	1405	-
6114	6467	6088	1406	-
6114	6467	6088	1406	-
6114	6467	6088	1406	-
6114	6467	6088	1406	-
6114	6467	6088	1406	-
6114	6467	6088	1406	-
6114	6467	6088	1406	-
17624	4981	6088	1408	-
20312	4800	6088	1410	-
10571	3297	6088	1414	-
6114	14709	6088	1415	-
6114	14709	6088	1415	-
6114	14709	6088	1415	-
6114	14709	6088	1415	-
6114	14709	6088	1415	-
4800	22275	6088	1415	-
6114	14709	6088	1415	-
6114	14709	6088	1415	-
6114	14709	6088	1415	-
6114	14709	6088	1415	-
6114	14709	6088	1415	-
6114	14709	6088	1415	-
6114	14709	6088	1415	-
6114	14709	6088	1415	-
6114	14709	6088	1415	-
6114	14709	6088	1415	-
6114	14709	6088	1415	-
6114	17726	6088	1415	-
6114	14709	6088	1415	-
6114	14709	6088	1415	-
20312	4800	6088	1415	-
6114	7774	6088	1415	-
6114	14709	6088	1415	-
4800	17516	6088	1418	-
4800	17516	6088	1418	-
4800	17516	6088	1418	-
10571	3297	6088	1418	-
20312	4800	6088	1420	-
14547	5938	6088	1422	-
6775	16593	6088	1424	-
20312	4800	6088	1425	-
3611	11900	6088	1426	-
20312	4800	6088	1430	-
4800	18586	6088	1430	-
4800	18586	6088	1431	-
4800	18586	6088	1431	-
14267	21426	6088	1435	-
14267	21426	6088	1435	-
14267	21426	6088	1435	-
14267	21426	6088	1435	-
14267	21426	6088	1435	-
14267	21426	6088	1435	-
14267	21426	6088	1435	-
14267	21426	6088	1435	-
14267	21426	6088	1436	-
14267	21426	6088	1436	-
14267	21426	6088	1436	-
14267	21426	6088	1436	-
14267	21426	6088	1436	-
14267	21426	6088	1436	-
14267	21426	6088	1436	-
14267	21426	6088	1436	-
20312	4800	6088	1436	-
13993	1633	6088	1441	-
20312	4800	6088	1441	-
20367	19350	6088	1444	-
3957	15667	6088	1444	-
8048	2843	6088	1444	-
6114	14709	6088	1445	-
19603	2843	6088	1445	-
20312	4800	6088	1446	-
6114	14709	6088	1446	-
6114	14709	6088	1446	-
6114	14709	6088	1446	-
6114	14709	6088	1446	-
6114	15113	6088	1446	-
6114	14709	6088	1446	-
6114	12545	6088	1446	-
6114	14709	6088	1447	-
6114	14709	6088	1447	-
6114	14709	6088	1447	-
6114	22527	6088	1447	-
6114	14709	6088	1447	-
6114	16181	6088	1447	-
6114	14709	6088	1447	-
6114	14709	6088	1447	-
6114	15113	6088	1447	-
6114	14709	6088	1447	-
6114	14709	6088	1447	-
6114	14709	6088	1447	-
6114	14709	6088	1447	-
6114	14709	6088	1447	-
6114	19063	6088	1447	-
6114	14709	6088	1447	-
6114	14709	6088	1447	-
6114	14709	6088	1447	-
6114	14709	6088	1447	-
6114	2989	6088	1447	-
6114	6683	6088	1447	-
6114	14709	6088	1447	-
6114	3760	6088	1447	-
6114	14709	6088	1447	-
6114	14709	6088	1447	-
6114	14709	6088	1447	-
6114	2063	6088	1447	-
6114	14709	6088	1447	-
6114	3760	6088	1447	-
6114	14709	6088	1447	-
6114	14709	6088	1447	-
6114	14709	28418	1448	-
6114	17726	28418	1448	-
6114	14709	28418	1448	-
20312	4800	28418	1451	-
14267	21426	28418	1452	-
20312	4800	28418	1456	-
10571	16332	28418	1457	-
20312	4800	28418	1461	-
10571	14437	28418	1461	-
20312	4800	28418	1466	-
8294	11780	28418	1467	nmap
8294	11780	28418	1467	nmap
20312	4800	28418	1471	-
6114	3760	28418	1473	-
6114	3760	28418	1473	-
6114	3760	28418	1473	-
6114	3760	28418	1473	-
6114	3760	28418	1473	-
6114	3760	28418	1473	-
6114	3760	28418	1473	-
6114	3760	28418	1473	-
6114	3760	28418	1473	-
20312	4800	28418	1476	-
20312	4800	28418	1481	-
6775	16593	28418	1482	-
6114	3076	28418	1485	-
20312	4800	28418	1486	-
882	4981	28418	1487	-
7179	8452	28418	1489	-
20312	4800	28418	1491	-
6114	3076	28418	1495	-
6114	3076	28418	1495	-
6114	3076	28418	1495	-
6114	3076	28418	1495	-
6114	3076	28418	1495	-
6114	3076	28418	1495	-
6114	3076	28418	1495	-
6114	3076	28418	1495	-
6114	3076	28418	1495	-
6114	3076	28418	1495	-
6114	3076	28418	1495	-
6114	3076	28418	1495	-
6114	3076	28418	1495	-
6114	3076	28418	1495	-
6114	3076	28418	1495	-
6114	3076	28418	1495	-
6114	3076	28418	1495	-
6114	3076	28418	1496	-
6114	3076	28418	1496	-
6114	3076	28418	1496	-
6114	3076	28418	1496	-
6114	3076	28418	1496	-
6114	3076	28418	1496	-
6114	3076	28418	1496	-
6114	3076	28418	1496	-
6114	3076	28418	1496	-
6114	3076	28418	1496	-
6114	3076	28418	1496	-
6114	3076	28418	1496	-
6114	3076	28418	1496	-
6114	3076	28418	1496	-
6114	3076	28418	1496	-
6114	3076	28418	1496	-
6775	3297	28418	1496	-
6114	3076	28418	1496	-
6114	3076	28418	1496	-
6114	3076	28418	1496	-
6114	3076	28418	1496	-
6114	3076	28418	1496	-
6114	3076	28418	1496	-
6114	3076	28418	1496	-
6114	3076	28418	1496	-
20312	4800	28418	1496	-
6114	3076	28418	1496	-
6114	3076	28418	1496	-
6114	18246	28418	1498	-
6114	18246	28418	1498	-
6114	18246	28418	1498	-
7179	3297	28418	1498	-
3297	1001	28418	1500	-
20312	4800	28418	1501	-
20312	4800	28418	1506	-
3957	1633	23914	1508	-
20312	4800	23914	1511	-
6114	6467	23914	1513	-
6114	6467	23914	1513	-
6114	6467	23914	1513	-
6114	6467	23914	1513	-
6114	6467	23914	1513	-
6114	6467	23914	1513	-
6114	6467	23914	1513	-
6114	6467	23914	1513	-
6114	6467	23914	1513	-
6114	6467	23914	1513	-
6114	6467	23914	1513	-
6114	6467	23914	1514	-
6114	6467	23914	1514	-
6114	6467	23914	1514	-
6114	6467	23914	1514	-
6114	6467	23914	1514	-
6114	6467	23914	1514	-
6114	6467	23914	1514	-
6114	6467	23914	1514	-
6114	6467	23914	1514	-
6114	6467	23914	1514	-
6114	15297	23914	1515	-
6114	15297	23914	1515	-
6114	15297	23914	1515	-
6114	15297	23914	1515	-
6114	15297	23914	1515	-
6114	15297	23914	1515	-
6114	15297	23914	1515	-
6114	15297	23914	1515	-
6114	15297	23914	1515	-
6114	15297	23914	1515	-
20312	4800	23914	1516	-
14267	20961	23914	1520	-
20312	4800	23914	1521	-
14267	20961	23914	1522	-
14267	20961	23914	1522	-
14267	20961	23914	1522	-
14267	20961	23914	1522	-
14267	20961	23914	1522	-
14267	20961	23914	1522	-
14267	20961	23914	1522	-
14267	20961	23914	1522	-
14267	20961	23914	1523	-
14267	20961	23914	1523	-
14267	20961	23914	1523	-
14267	20961	23914	1523	-
14267	20961	23914	1523	-
14267	20961	23914	1523	-
14267	20961	23914	1523	-
14267	20961	23914	1523	-
14267	20961	23914	1523	-
14267	20961	23914	1523	-
14267	20961	23914	1523	-
14267	20961	23914	1523	-
14267	20961	23914	1523	-
14267	20961	23914	1523	-
14267	20961	23914	1523	-
14267	20961	23914	1523	-
14267	20961	23914	1523	-
14267	20961	23914	1523	-
14267	20961	23914	1523	-
14267	20961	23914	1523	-
14267	20961	23914	1523	-
14267	20961	23914	1523	-
14267	20961	23914	1523	-
14267	20961	23914	1523	-
14267	20961	23914	1523	-
14267	20961	23914	1523	-
14267	20961	23914	1523	-
14267	20961	23914	1523	-
14267	20961	23914	1523	-
20312	4800	23914	1526	-
14547	18527	23914	1527	-
14547	18527	23914	1527	-
14547	18527	23914	1527	-
14547	18527	23914	1527	-
14547	18527	23914	1527	-
14547	18527	23914	1527	-
14547	18527	23914	1527	-
14547	18527	23914	1527	-
14267	20961	23914	1529	-
20312	4800	23914	1532	-
14267	20961	23914	1532	-
14267	20961	23914	1532	-
14267	20961	23914	1533	-
14267	20961	23914	1533	-
14267	20961	23914	1533	-
14267	20961	23914	1533	-
14267	20961	23914	1533	-
14267	20961	23914	1533	-
14267	20961	23914	1533	-
14267	20961	23914	1533	-
14267	20961	23914	1533	-
14267	20961	23914	1533	-
14267	20961	23914	1533	-
14267	20961	23914	1533	-
14267	20961	23914	1533	-
14267	20961	23914	1533	-
14267	20961	23914	1533	-
14267	20961	23914	1533	-
14267	20961	23914	1533	-
14267	20961	23914	1533	-
14267	20961	23914	1533	-
14267	20961	23914	1533	-
14267	20961	23914	1533	-
14267	20961	23914	1533	-
14267	20961	23914	1533	-
14267	20961	23914	1533	-
14267	20961	23914	1533	-
14267	20961	23914	1533	-
14267	20961	23914	1533	-
14267	20961	23914	1534	-
14267	20961	23914	1534	-
14267	20961	23914	1534	-
14267	20961	23914	1534	-
14267	20961	23914	1534	-
20312	4800	23914	1537	-
16671	21708	23914	1540	-
20312	4800	23914	1542	-
4800	7626	23914	1546	-
4800	7626	23914	1546	-
4800	7626	23914	1546	-
4800	7626	23914	1546	-
4800	7626	23914	1546	-
4800	7626	23914	1546	-
4800	7626	23914	1546	-
4800	7626	23914	1546	-
4800	7626	23914	1546	-
4800	7626	23914	1546	-
4800	7626	23914	1546	-
4800	7626	23914	1546	-
4800	7626	23914	1546	-
4800	7626	23914	1546	-
4800	7626	23914	1546	-
4800	7626	23914	1546	-
4800	7626	23914	1546	-
4800	7626	23914	1546	-
4800	7626	23914	1546	-
4800	7626	23914	1546	-
4800	7626	23914	1546	-
4800	7626	23914	1546	-
4800	7626	23914	1546	-
4800	7626	23914	1546	-
4800	7626	23914	1546	-
4800	7626	23914	1546	-
4800	7626	23914	1547	-
20312	4800	23914	1547	-
4800	7626	23914	1547	-
23317	5938	23914	1552	-
19603	3611	23914	1552	-
20312	4800	23914	1552	-
16671	21708	23914	1555	-
20312	4800	23914	1557	-
20312	4800	23914	1562	-
14547	18527	23914	1563	-
14547	18527	23914	1563	-
14547	18527	23914	1563	-
14547	18527	23914	1563	-
14547	18527	23914	1563	-
14547	18527	23914	1563	-
16409	22368	23914	1563	-
16409	22368	23914	1563	-
16409	22368	23914	1563	-
16409	22368	23914	1563	-
16409	22368	23914	1563	-
16409	22368	23914	1563	-
16409	8524	23914	1563	-
16409	22368	23914	1563	-
16409	22368	23914	1563	-
16409	22368	23914	1563	-
16409	22368	23914	1563	-
16409	22368	23914	1563	-
16409	22368	23914	1563	-
16409	22368	23914	1563	-
14547	18527	23914	1563	-
14547	18527	23914	1564	-
14547	18527	23914	1564	-
20312	4800	23914	1567	-
20312	3461	29227	1568	-
6114	15297	29227	1572	-
6114	15297	29227	1572	-
3957	13122	29227	1572	-
6114	15297	29227	1572	-
6114	15297	29227	1572	-
6114	15297	29227	1572	-
20312	4800	29227	1572	-
6114	15297	29227	1572	-
11001	5938	29227	1572	-
6114	15297	29227	1572	-
6114	15297	29227	1572	-
6114	15297	29227	1572	-
6114	15297	29227	1572	-
6114	15297	29227	1572	-
6114	15297	29227	1573	-
6114	15297	29227	1573	-
6114	15297	29227	1573	-
6114	15297	29227	1573	-
6114	15297	29227	1573	-
6114	15297	29227	1573	-
6114	15297	29227	1573	-
6114	15297	29227	1573	-
20312	4800	29227	1577	-
3297	445	29227	1579	-
3297	445	29227	1579	-
3297	445	29227	1579	-
3297	445	29227	1579	-
3297	445	29227	1579	-
3297	445	29227	1579	-
3297	445	29227	1579	-
3297	445	29227	1579	-
3297	445	29227	1579	-
3297	445	29227	1579	-
3297	445	29227	1579	-
3297	445	29227	1579	-
3297	445	29227	1579	-
3297	445	29227	1579	-
3297	445	29227	1579	-
6114	10577	29227	1580	-
20312	4800	29227	1582	-
20312	4800	29227	1587	-
20312	4800	29227	1592	-
6114	3076	29227	1593	-
6114	3076	29227	1596	-
6114	3076	29227	1596	-
6114	3076	29227	1596	-
6114	3076	29227	1597	-
6114	3076	29227	1597	-
6114	3076	29227	1597	-
6114	3076	29227	1597	-
6114	6114	29227	1597	-
6114	3076	29227	1597	-
20312	4800	29227	1597	-
6114	3076	29227	1597	-
6114	3076	29227	1597	-
6114	3076	29227	1597	-
6114	3076	29227	1597	-
6114	3076	29227	1597	-
6114	3076	29227	1597	-
6114	3076	29227	1597	-
6114	3076	29227	1597	-
6114	3076	29227	1597	-
6114	3076	29227	1597	-
6114	3076	29227	1597	-
6114	3076	29227	1597	-
6114	3076	29227	1597	-
6114	3076	29227	1597	-
6114	3076	29227	1597	-
6114	3076	29227	1597	-
6114	3076	29227	1597	-
6114	3076	29227	1597	-
20312	4800	29227	1602	-
6114	6467	29227	1606	-
6114	6467	29227	1606	-
6114	6467	29227	1606	-
6114	6467	29227	1606	-
20312	4800	29227	1607	-
10429	5938	29227	1610	-
6114	6467	29227	1610	-
20312	4800	29227	1612	-
20312	4800	29227	1617	-
8294	11780	29227	1618	nmap
6114	5873	29227	1622	-
6114	5873	29227	1622	-
6114	5873	29227	1622	-
6114	5873	29227	1622	-
6114	5873	29227	1622	-
6114	5873	29227	1622	-
6114	5873	29227	1622	-
6114	5873	29227	1622	-
6114	5873	29227	1622	-
20312	4800	29227	1622	-
6114	5873	29227	1622	-
6114	5873	29227	1622	-
6114	5873	29227	1622	-
6114	5873	29227	1622	-
6114	5873	29227	1622	-
6114	3076	29227	1625	-
6114	3076	29227	1625	-
6114	3076	29227	1625	-
6114	20495	29227	1625	-
6114	3076	29227	1625	-
6114	3076	29227	1625	-
6114	3076	29227	1625	-
6114	3076	29227	1625	-
6114	3076	29227	1625	-
6114	3076	29227	1625	-
6114	3076	29227	1625	-
6114	3076	29227	1625	-
20312	4800	29227	1627	-
6114	6467	29227	1627	-
20312	4800	13358	1632	-
3957	22986	13358	1636	-
20312	4800	13358	1637	-
4800	7626	13358	1641	-
4800	7626	13358	1641	-
4800	7626	13358	1641	-
4800	7626	13358	1641	-
4800	7626	13358	1641	-
4800	7626	13358	1641	-
4800	7626	13358	1641	-
4800	7626	13358	1641	-
4800	7626	13358	1641	-
4800	7626	13358	1641	-
7782	1633	13358	1641	-
4800	7626	13358	1641	-
4800	7626	13358	1641	-
20312	4800	13358	1642	-
3957	15894	13358	1645	-
20312	4800	13358	1647	-
8048	14437	13358	1649	-
20312	4800	13358	1653	-
6114	1398	13358	1657	-
6114	17697	13358	1657	-
6114	1398	13358	1657	-
6114	17697	13358	1657	-
6114	1398	13358	1657	-
6114	1398	13358	1657	-
6114	17697	13358	1657	-
6114	17697	13358	1657	-
20312	4800	13358	1658	-
20312	4800	13358	1663	-
20312	4800	13358	1668	-
20312	4800	13358	1673	-
20312	4800	13358	1678	-
6114	3076	13358	1682	-
20312	4800	13358	1683	-
6114	3076	13358	1685	-
6114	3076	13358	1685	-
6114	3076	13358	1685	-
6114	3076	13358	1685	-
6114	3076	13358	1685	-
6114	3076	13358	1685	-
6114	3076	13358	1685	-
6114	3076	13358	1685	-
6114	3076	13358	1685	-
6114	3076	13358	1685	-
6114	3076	13358	1685	-
6114	3076	13358	1685	-
6114	3076	13358	1685	-
6114	3076	13358	1685	-
6114	3076	13358	1685	-
6114	3076	13358	1685	-
6114	3076	13358	1685	-
6114	3076	13358	1685	-
6114	3076	13358	1685	-
6114	3076	13358	1685	-
6114	3076	13358	1685	-
6114	3076	13358	1685	-
6114	3076	13358	1686	-
6114	3076	13358	1686	-
6114	6114	13358	1686	-
6114	3076	13358	1686	-
6114	3076	13358	1686	-
20312	4800	43726	1688	-
14267	19829	43726	1688	-
14267	8524	43726	1689	-
14267	8524	43726	1689	-
14267	19829	43726	1689	-
14267	19829	43726	1689	-
14267	19829	43726	1689	-
14267	19829	43726	1689	-
14267	19829	43726	1689	-
14267	8524	43726	1689	-
14267	19829	43726	1689	-
14267	8524	43726	1689	-
14267	19829	43726	1689	-
14267	19829	43726	1689	-
14267	19829	43726	1689	-
14267	19829	43726	1689	-
14267	19829	43726	1689	-
14267	19829	43726	1689	-
6114	17470	43726	1692	-
6114	8006	43726	1692	-
6114	8006	43726	1692	-
6114	8006	43726	1692	-
15394	4800	43726	1693	-
20312	4800	43726	1693	-
23317	882	43726	1693	-
20312	4800	43726	1698	-
3957	21708	43726	1699	-
3957	19834	43726	1701	-
4800	22427	43726	1702	-
4800	22427	43726	1702	-
4800	22427	43726	1702	-
4800	22427	43726	1702	-
4800	22427	43726	1702	-
4800	22427	43726	1702	-
4800	22427	43726	1702	-
4800	22427	43726	1702	-
4800	22427	43726	1702	-
4800	22427	43726	1702	-
4800	22427	43726	1702	-
4800	22427	43726	1702	-
20312	4800	43726	1703	-
20312	4800	43726	1708	-
20312	4800	43726	1713	-
20312	4800	43726	1718	-
6775	14437	43726	1719	-
3297	445	43726	1723	-
20312	4800	43726	1723	-
20312	4800	43726	1728	-
12985	15894	43726	1730	-
12985	1633	43726	1730	-
12985	19834	43726	1731	-
20312	4800	43726	1733	-
14267	19829	43726	1734	-
14267	19829	43726	1734	-
14267	19829	43726	1734	-
14267	19829	43726	1734	-
14267	19829	43726	1734	-
14267	19829	43726	1734	-
14267	8524	43726	1734	-
14267	19829	43726	1734	-
14267	19829	43726	1734	-
14267	19829	43726	1734	-
14267	19829	43726	1734	-
14267	19829	43726	1734	-
14267	19829	43726	1734	-
14267	19829	43726	1734	-
14267	19829	43726	1734	-
14267	19829	43726	1734	-
14267	19829	43726	1734	-
14267	19829	43726	1734	-
14267	19829	43726	1734	-
14267	19829	43726	1734	-
14267	19829	43726	1734	-
20312	4800	43726	1738	-
14547	11900	43726	1743	-
20312	4800	43726	1743	-
20312	4800	34512	1748	-
20312	4800	34512	1753	-
20312	4800	34512	1758	-
12985	15667	34512	1759	-
17624	8452	34512	1761	-
20312	4800	34512	1763	-
17624	8452	34512	1763	-
6114	18609	34512	1764	-
17624	8452	34512	1765	-
6114	13015	34512	1767	-
20312	4800	34512	1768	-
17624	8452	34512	1769	-
8294	11780	34512	1769	nmap
8294	11780	34512	1769	nmap
20312	4800	34512	1773	-
14267	19829	34512	1774	-
14267	19829	34512	1775	-
14267	19829	34512	1775	-
14267	19829	34512	1775	-
14267	19829	34512	1775	-
14267	19829	34512	1775	-
14267	19829	34512	1775	-
14267	19829	34512	1775	-
14267	19829	34512	1775	-
14267	19829	34512	1775	-
14267	19829	34512	1775	-
14267	19829	34512	1775	-
14267	19829	34512	1775	-
14267	19829	34512	1775	-
14267	19829	34512	1775	-
14267	19829	34512	1775	-
14267	19829	34512	1775	-
14267	19829	34512	1775	-
14267	19829	34512	1775	-
14267	19829	34512	1775	-
14267	19829	34512	1775	-
4800	13127	34512	1776	-
4800	13127	34512	1776	-
4800	13127	34512	1776	-
4800	13127	34512	1776	-
4800	13127	34512	1776	-
4800	13127	34512	1776	-
4800	13127	34512	1776	-
4800	13127	34512	1776	-
4800	13127	34512	1776	-
14267	19829	34512	1777	-
14267	19829	34512	1777	-
14267	19829	34512	1777	-
14267	19829	34512	1777	-
14267	19829	34512	1777	-
14267	19829	34512	1777	-
14267	19829	34512	1777	-
14267	19829	34512	1777	-
14267	3882	34512	1777	-
14267	19829	34512	1777	-
14267	19829	34512	1777	-
14267	19829	34512	1777	-
14267	19829	34512	1777	-
14267	19829	34512	1777	-
20312	4800	34512	1779	-
11001	11900	34512	1782	-
20312	4800	34512	1784	-
19603	3611	34512	1786	-
20312	4800	34512	1789	-
20312	4800	34512	1794	-
3076	9554	34512	1799	-
20312	4800	34512	1799	-
