12332	3611	30560	0	back
12332	3611	30560	0	back
12332	3611	30560	1	back
12332	3611	30560	1	back
12332	3611	30560	1	back
12332	3611	30560	2	back
12332	3611	30560	3	back
12332	3611	30560	3	back
12332	3611	30560	4	back
12332	3611	30560	5	back
12332	3611	30560	5	back
12332	3611	30560	6	back
12332	3611	30560	7	back
12332	3611	30560	7	back
12332	3611	38687	8	back
12332	3611	38687	9	back
12332	3611	38687	9	back
12332	3611	38687	10	back
12332	3611	38687	11	back
11001	4603	38687	11	-
12332	3611	38687	11	back
12332	3611	38687	12	back
12332	3611	38687	13	back
12332	3611	38687	14	back
12332	3611	38687	14	back
12332	3611	38687	15	back
12332	3611	38687	16	back
12332	3611	38687	16	back
12332	3611	38687	17	back
12332	3611	38687	18	back
3076	3611	38687	18	-
12332	3611	38687	19	back
12332	3611	38687	19	back
12332	3611	38687	20	back
12332	3611	38687	21	back
12332	3611	38687	21	back
12332	3611	38687	22	back
12332	3611	38687	23	back
12332	3611	38687	24	back
19839	22986	38687	24	-
3076	3611	38687	24	-
3076	3461	38687	25	-
12332	3611	38687	25	back
12332	3611	38687	25	back
12332	3611	38687	26	back
12332	3611	38687	27	back
8048	2843	38687	27	-
12332	3611	38687	28	back
12332	3611	38687	29	back
12332	3611	38687	29	back
12332	3611	38687	30	back
12332	3611	38687	31	back
12332	3611	38687	31	back
12332	3611	38687	32	back
12332	3611	38687	32	back
12332	3611	38687	33	back
12332	3611	38687	34	back
12332	3611	38687	34	back
12332	3611	38687	35	back
12332	3611	38687	36	back
19603	3611	38687	37	-
19603	3611	38687	38	-
19603	3611	38687	38	-
12332	3611	38687	38	back
19603	3611	38687	38	-
19603	3611	38687	38	-
19603	3611	38687	38	-
12332	3611	38687	38	back
19603	3611	38687	38	-
12332	3611	38687	38	back
12332	3611	38687	39	back
7215	17353	38687	39	-
12332	3611	38687	40	back
12332	3611	38687	40	back
12332	3611	38687	41	back
12332	3611	38687	41	back
12332	3611	38687	42	back
12332	3611	38687	42	back
11001	5481	38687	42	-
19603	3461	38687	42	-
12332	3611	38687	43	back
12332	3611	38687	44	back
12332	3611	38687	45	back
12332	3611	38687	45	back
12332	3611	38687	46	back
12332	3611	38687	47	back
12332	3611	38687	47	back
12332	3611	38687	48	back
12332	3611	38687	48	back
12332	3611	38687	49	back
12332	3611	38687	50	back
7215	17353	38687	50	-
12332	3611	38687	50	back
12332	3611	38687	51	back
13993	10197	38687	51	-
12332	3611	38687	52	back
12332	3611	38687	52	back
12332	3611	38687	53	back
12332	3611	38687	53	back
12332	3611	38687	54	back
12332	3611	38687	55	back
13993	3901	38687	55	-
7179	3611	38687	55	-
7179	3611	38687	55	-
7179	3611	38687	55	-
7179	3611	38687	55	-
7179	3611	38687	55	-
7179	3611	38687	55	-
7179	3611	38687	55	-
12332	3611	38687	56	back
12332	3611	38687	56	back
12332	3611	38687	57	back
12332	3611	38687	58	back
12332	3611	38687	58	back
12332	3611	38687	59	back
11001	10903	38687	59	-
12332	3611	38687	59	back
12332	3611	38687	60	back
12332	3611	38687	60	back
12332	3611	38687	61	back
12332	3611	38687	61	back
12332	3611	38687	62	back
12332	3611	38687	63	back
12332	3611	38687	63	back
14547	15894	38687	64	-
12332	3611	38687	64	back
12332	3611	38687	65	back
12332	3611	38687	65	back
12332	3611	38687	66	back
12332	3611	38687	67	back
12332	3611	8546	68	back
12332	3611	8546	68	back
14547	15894	8546	68	-
12332	3611	8546	69	back
12332	3611	8546	70	back
12332	3611	8546	71	back
12332	3611	8546	71	back
12332	3611	8546	72	back
12332	3611	8546	72	back
12332	3611	8546	73	back
12332	3611	8546	74	back
12332	3611	8546	74	back
23317	882	8546	75	-
12332	3611	8546	75	back
12332	3611	8546	76	back
12332	3611	8546	76	back
11001	10903	8546	77	-
11001	4603	8546	77	-
12332	3611	8546	77	back
12332	3611	8546	77	back
12332	3611	8546	78	back
12332	3611	8546	79	back
12332	3611	8546	79	back
12332	3611	8546	80	back
12332	3611	8546	80	back
12332	3611	8546	81	back
12332	3611	8546	81	back
12332	3611	8546	82	back
12332	3611	8546	83	back
12332	3611	8546	83	back
12332	3611	8546	84	back
12332	3611	8546	85	back
12332	3611	8546	85	back
12332	3611	8546	86	back
12332	3611	8546	87	back
11001	10903	8546	87	-
12332	3611	8546	87	back
12332	3611	8546	88	back
12332	3611	8546	89	back
12332	3611	8546	89	back
12332	3611	8546	90	back
12332	3611	8546	91	back
12332	3611	8546	91	back
12332	3611	8546	92	back
12332	3611	8546	93	back
12332	3611	8546	94	back
12332	3611	8546	94	back
12332	3611	8546	95	back
13993	20312	8546	95	-
12332	3611	8546	96	back
12332	3611	8546	96	back
12332	3611	8546	97	back
7179	3611	8546	97	-
12332	3611	8546	98	back
12332	3611	8546	99	back
12332	3611	8546	100	back
12332	3611	8546	100	back
12332	3611	8546	101	back
6775	16593	8546	101	-
12332	3611	8546	102	back
12332	3611	8546	103	back
12332	3611	8546	104	back
12332	3611	8546	104	back
12332	3611	8546	106	back
12332	3611	8546	108	back
12332	3611	8546	108	back
12332	3611	8546	109	back
11001	10903	8546	109	-
7215	15033	8546	109	-
12332	3611	8546	110	back
12332	3611	8546	111	back
12332	3611	8546	111	back
12332	3611	8546	112	back
12332	3611	8546	113	back
14547	15894	8546	113	-
12332	3611	8546	115	back
12332	3611	8546	116	back
12332	3611	8546	117	back
11001	10903	8546	117	-
12332	3611	8546	118	back
12332	3611	8546	118	back
12332	3611	8546	119	back
12332	3611	8546	120	back
12332	3611	8546	121	back
12332	3611	8546	122	back
12332	3611	8546	122	back
12332	3611	8546	123	back
12332	3611	8546	123	back
12332	3611	8546	124	back
12332	3611	8546	124	back
12332	3611	8546	125	back
20312	3461	8546	125	-
12332	3611	8546	125	back
12332	3611	8546	126	back
12332	3611	8546	127	back
12332	3611	8546	127	back
12332	3611	2189	128	back
12332	3611	2189	129	back
12332	3611	2189	129	back
20312	16593	2189	129	-
12332	3611	2189	130	back
12332	3611	2189	130	back
20312	8452	2189	131	-
20312	14437	2189	131	-
12332	3611	2189	132	back
12332	3611	2189	132	back
12332	3611	2189	133	back
12332	3611	2189	133	back
20312	23167	2189	133	-
12332	3611	2189	134	back
12332	3611	2189	135	back
12332	3611	2189	135	back
12332	3611	2189	136	back
20312	2843	2189	136	-
12332	3611	2189	137	back
12332	3611	2189	137	back
12332	3611	2189	138	back
20312	16531	2189	138	-
12332	3611	2189	139	back
12332	3611	2189	139	back
11001	4603	2189	139	-
12332	3611	2189	140	back
12332	3611	2189	140	back
12332	3611	2189	141	back
20312	16332	2189	141	-
12332	3611	2189	142	back
12332	3611	2189	142	back
12332	3611	2189	142	back
12332	3611	2189	143	back
12332	3611	2189	144	back
12332	3611	2189	144	back
12332	3611	2189	145	back
12332	3611	2189	145	back
12332	3611	2189	146	back
12332	3611	2189	147	back
12332	3611	2189	147	back
12332	3611	2189	148	back
12332	3611	2189	148	back
11001	4603	2189	148	-
12332	3611	2189	149	back
12332	3611	2189	150	back
12332	3611	2189	151	back
12332	3611	2189	151	back
12332	3611	2189	152	back
12332	3611	2189	153	back
12332	3611	2189	154	back
12332	3611	2189	154	back
12332	3611	2189	155	back
12332	3611	2189	155	back
12332	3611	2189	156	back
12332	3611	2189	157	back
12332	3611	2189	158	back
12332	3611	2189	158	back
12332	3611	2189	159	back
12332	3611	2189	160	back
12332	3611	2189	160	back
12332	3611	2189	161	back
12332	3611	2189	161	back
12332	3611	2189	161	back
12332	3611	2189	162	back
12332	3611	2189	162	back
12332	3611	2189	163	back
12332	3611	2189	164	back
12332	3611	2189	165	back
12332	3611	2189	165	back
12332	3611	2189	166	back
12332	3611	2189	167	back
12332	3611	2189	167	back
12332	3611	2189	168	back
12332	3611	2189	169	back
12332	3611	2189	169	back
12332	3611	2189	170	back
12332	3611	2189	170	back
12332	3611	2189	171	back
12332	3611	2189	172	back
12332	3611	2189	173	back
14547	22986	2189	173	-
12332	3611	2189	174	back
14547	5938	2189	174	-
12332	3611	2189	175	back
12332	3611	2189	175	back
12332	3611	2189	176	back
14547	1633	2189	176	-
12332	3611	2189	177	back
12332	3611	2189	178	back
12332	3611	2189	179	back
12332	3611	2189	179	back
12332	3611	2189	180	back
12332	3611	2189	181	back
12332	3611	2189	181	back
12332	3611	2189	182	back
12332	3611	2189	182	back
12332	3611	2189	183	back
12332	3611	2189	184	back
12332	3611	2189	184	back
12332	3611	2189	185	back
12332	3611	2189	185	back
12332	3611	2189	186	back
12332	3611	44748	188	back
12332	3611	44748	188	back
12332	3611	44748	188	back
12332	3611	44748	189	back
12332	3611	44748	190	back
12332	3611	44748	190	back
12332	3611	44748	192	back
12332	3611	44748	192	back
12332	3611	44748	193	back
12332	3611	44748	193	back
12332	3611	44748	194	back
12332	3611	44748	195	back
12332	3611	44748	196	back
20312	2843	44748	198	-
12332	3611	44748	198	back
12332	3611	44748	198	back
12332	3611	44748	198	back
20312	4981	44748	198	-
12332	3611	44748	199	back
12332	3611	44748	200	back
12332	3611	44748	201	back
12332	3611	44748	201	back
20312	9554	44748	201	-
12332	3611	44748	202	back
12332	3611	44748	202	back
10571	9554	44748	202	-
12332	3611	44748	203	back
12332	3611	44748	203	back
20312	16332	44748	203	-
12332	3611	44748	204	back
12332	3611	44748	204	back
12332	3611	44748	205	back
12332	3611	44748	206	back
12332	3611	44748	206	back
12332	3611	44748	208	back
12332	3611	44748	208	back
12332	3611	44748	208	back
12332	3611	44748	209	back
12332	3611	44748	210	back
12332	3611	44748	211	back
12332	3611	44748	211	back
12332	3611	44748	212	back
12332	3611	44748	213	back
12332	3611	44748	213	back
12332	3611	44748	214	back
12332	3611	44748	215	back
12332	3611	44748	216	back
12332	3611	44748	216	back
12332	3611	44748	218	back
12332	3611	44748	218	back
12332	3611	44748	218	back
11001	4603	44748	218	-
3374	4664	44748	218	-
12332	3611	44748	219	back
12332	3611	44748	220	back
12332	3611	44748	220	back
12332	3611	44748	221	back
7215	15033	44748	221	-
12332	3611	44748	221	back
12332	3611	44748	221	back
12332	3611	44748	222	back
12332	3611	44748	222	back
12332	3611	44748	223	back
12332	3611	44748	223	back
12332	3611	44748	224	back
12332	3611	44748	225	back
11001	10903	44748	225	-
12332	3611	44748	225	back
12332	3611	44748	226	back
12332	3611	44748	226	back
12332	3611	44748	227	back
12332	3611	44748	228	back
12332	3611	44748	229	back
12332	3611	44748	229	back
12332	3611	44748	230	back
7179	3611	44748	231	-
12332	3611	44748	231	back
12332	3611	44748	231	back
7179	3611	44748	231	-
12332	3611	44748	232	back
12332	3611	44748	233	back
12332	3611	44748	233	back
12332	3611	44748	233	back
12332	3611	44748	235	back
12332	3611	44748	235	back
12332	3611	44748	236	back
12332	3611	44748	236	back
12332	3611	44748	237	back
12332	3611	44748	238	back
12332	3611	44748	239	back
12332	3611	44748	239	back
12332	3611	44748	240	back
12332	3611	44748	240	back
12332	3611	44748	241	back
12332	3611	44748	241	back
12332	3611	44748	242	back
12332	3611	44748	242	back
12332	3611	44748	243	back
12332	3611	44748	244	back
13993	17392	44748	244	-
12332	3611	44748	244	back
12332	3611	44748	246	back
12332	3611	44748	246	back
12332	3611	44748	247	back
12332	3611	10700	248	back
12332	3611	10700	248	back
12332	3611	10700	249	back
12332	3611	10700	249	back
12332	3611	10700	251	back
12332	3611	10700	252	back
3076	2843	10700	252	-
12332	3611	10700	252	back
20312	4981	10700	252	-
13993	17392	10700	253	-
12332	3611	10700	253	back
20312	7268	10700	254	-
12332	3611	10700	254	back
12332	3611	10700	254	back
12332	3611	10700	256	back
12332	3611	10700	257	back
12332	3611	10700	257	back
12332	3611	10700	258	back
3076	2843	10700	258	-
12332	3611	10700	259	back
12332	3611	10700	260	back
12332	3611	10700	260	back
12332	3611	10700	261	back
12332	3611	10700	261	back
12332	3611	10700	262	back
12332	3611	10700	262	back
12332	3611	10700	263	back
12332	3611	10700	264	back
12332	3611	10700	264	back
12332	3611	10700	265	back
12332	3611	10700	266	back
12332	3611	10700	266	back
12332	3611	10700	267	back
11001	4603	10700	267	-
12332	3611	10700	268	back
12332	3611	10700	268	back
8048	3611	10700	269	-
8048	3611	10700	269	-
12332	3611	10700	269	back
8048	3611	10700	269	-
8048	3611	10700	269	-
19603	3611	10700	269	-
8048	3611	10700	269	-
19603	3611	10700	269	-
8048	3611	10700	269	-
19603	3611	10700	269	-
8048	3611	10700	269	-
19603	3611	10700	269	-
19603	3611	10700	269	-
19603	3611	10700	269	-
19603	3611	10700	269	-
12332	3611	10700	270	back
12332	3611	10700	270	back
12332	3611	10700	271	back
12332	3611	10700	271	back
13993	13512	10700	272	-
12332	3611	10700	272	back
12332	3611	10700	273	back
12332	3611	10700	274	back
12332	3611	10700	274	back
12332	3611	10700	275	back
12332	3611	10700	276	back
12332	3611	10700	276	back
12332	3611	10700	277	back
12332	3611	10700	278	back
15737	7215	10700	278	-
12332	3611	10700	278	back
12332	3611	10700	279	back
12332	3611	10700	280	back
12332	3611	10700	280	back
12332	3611	10700	280	back
12332	3611	10700	281	back
12332	3611	10700	281	back
12332	3611	10700	282	back
12332	3611	10700	282	back
12332	3611	10700	283	back
12332	3611	10700	284	back
12332	3611	10700	284	back
12332	3611	10700	285	back
12332	3611	10700	286	back
12332	3611	10700	286	back
12332	3611	10700	287	back
12332	3611	10700	288	back
12332	3611	10700	288	back
12332	3611	10700	289	back
12332	3611	10700	290	back
12332	3611	10700	290	back
12332	3611	10700	291	back
12332	3611	10700	292	back
12332	3611	10700	292	back
12332	3611	10700	293	back
12332	3611	10700	294	back
12332	3611	10700	294	back
12332	3611	10700	295	back
12332	3611	10700	296	back
12332	3611	10700	296	back
12332	3611	10700	297	back
12332	3611	10700	297	back
13993	17392	10700	298	-
12332	3611	10700	298	back
12332	3611	10700	299	back
12332	3611	10700	299	back
12332	3611	10700	300	back
12332	3611	10700	300	back
12332	3611	10700	300	back
23317	7439	10700	301	-
12332	3611	10700	301	back
12332	3611	10700	302	back
12332	3611	10700	302	back
12332	3611	10700	303	back
12332	3611	10700	303	back
12332	3611	10700	304	back
12332	3611	10700	305	back
12332	3611	10700	306	back
12332	3611	10700	306	back
12332	3611	10700	307	back
7215	15033	22906	308	-
3374	4664	22906	308	-
12332	3611	22906	308	back
12332	3611	22906	308	back
12332	3611	22906	309	back
12332	3611	22906	310	back
12332	3611	22906	310	back
11001	8742	22906	311	-
12332	3611	22906	311	back
12332	3611	22906	311	back
12332	3611	22906	313	back
12332	3611	22906	313	back
12332	3611	22906	314	back
12332	3611	22906	315	back
12332	3611	22906	315	back
12332	3611	22906	316	back
7215	15033	22906	316	-
12332	3611	22906	316	back
12332	3611	22906	318	back
12332	3611	22906	318	back
12332	3611	22906	318	back
12332	3611	22906	319	back
12332	3611	22906	319	back
12332	3611	22906	320	back
12332	3611	22906	320	back
12332	3611	22906	321	back
15737	7215	22906	321	-
12332	3611	22906	322	back
12332	3611	22906	322	back
12332	3611	22906	323	back
12332	3611	22906	323	back
12332	3611	22906	324	back
12332	3611	22906	325	back
12332	3611	22906	326	back
12332	3611	22906	326	back
15737	7215	22906	327	-
12332	3611	22906	327	back
12332	3611	22906	327	back
12332	3611	22906	328	back
12332	3611	22906	329	back
13993	13512	22906	329	-
12332	3611	22906	329	back
12332	3611	22906	330	back
12332	3611	22906	331	back
12332	3611	22906	331	back
12332	3611	22906	332	back
12332	3611	22906	333	back
12332	3611	22906	333	back
12332	3611	22906	334	back
12332	3611	22906	335	back
12332	3611	22906	335	back
12332	3611	22906	336	back
12332	3611	22906	337	back
12332	3611	22906	337	back
12332	3611	22906	337	back
12332	3611	22906	338	back
12332	3611	22906	338	back
12332	3611	22906	339	back
12332	3611	22906	339	back
12332	3611	22906	340	back
12332	3611	22906	341	back
12332	3611	22906	342	back
12332	3611	22906	342	back
12332	3611	22906	343	back
12332	3611	22906	343	back
12332	3611	22906	344	back
12332	3611	22906	345	back
7215	5938	22906	345	-
12332	3611	22906	346	back
12332	3611	22906	347	back
12332	3611	22906	347	back
12332	3611	22906	348	back
12332	3611	22906	349	back
12332	3611	22906	349	back
12332	3611	22906	350	back
12332	3611	22906	351	back
12332	3611	22906	351	back
12332	3611	22906	352	back
12332	3611	22906	353	back
12332	3611	22906	353	back
7215	3780	22906	354	-
12332	3611	22906	354	back
12332	3611	22906	354	back
12332	3611	22906	355	back
12332	3611	22906	356	back
12332	3611	22906	357	back
12332	3611	22906	357	back
12332	3611	22906	357	back
12332	3611	22906	358	back
12332	3611	22906	358	back
20367	587	22906	359	-
12332	3611	22906	359	back
12332	3611	22906	360	back
12332	3611	22906	360	back
12332	3611	22906	361	back
11001	4603	22906	361	-
12332	3611	22906	362	back
12332	3611	22906	362	back
12332	3611	22906	363	back
12332	3611	22906	363	back
12332	3611	22906	364	back
12332	3611	22906	365	back
15737	6157	22906	366	-
12332	3611	22906	366	back
12332	3611	22906	366	back
12332	3611	22906	367	back
12332	3611	3939	368	back
12332	3611	3939	368	back
12332	3611	3939	369	back
3957	5938	3939	370	-
12332	3611	3939	370	back
12332	3611	3939	370	back
3957	15394	3939	370	-
12332	3611	3939	372	back
12332	3611	3939	372	back
12332	3611	3939	373	back
12332	3611	3939	374	back
12332	3611	3939	374	back
12332	3611	3939	375	back
12332	3611	3939	375	back
3297	5938	3939	376	-
12332	3611	3939	377	back
12332	3611	3939	378	back
12332	3611	3939	378	back
12332	3611	3939	378	back
12332	3611	3939	379	back
12332	3611	3939	379	back
12332	3611	3939	379	back
12332	3611	3939	381	back
12332	3611	3939	381	back
12332	3611	3939	382	back
12332	3611	3939	382	back
12332	3611	3939	383	back
12332	3611	3939	384	back
12332	3611	3939	384	back
12332	3611	3939	385	back
12332	3611	3939	386	back
12332	3611	3939	387	back
12332	3611	3939	387	back
12332	3611	3939	388	back
12332	3611	3939	389	back
12332	3611	3939	390	back
12332	3611	3939	390	back
12332	3611	3939	391	back
12332	3611	3939	392	back
12332	3611	3939	393	back
12332	3611	3939	393	back
12332	3611	3939	394	back
12332	3611	3939	395	back
12332	3611	3939	396	back
12332	3611	3939	396	back
12332	3611	3939	397	back
8048	16593	3939	397	-
12332	3611	3939	397	back
12332	3611	3939	398	back
12332	3611	3939	398	back
12332	3611	3939	399	back
12332	3611	3939	399	back
12332	3611	3939	400	back
12332	3611	3939	401	back
12332	3611	3939	402	back
12332	3611	3939	402	back
12332	3611	3939	403	back
12332	3611	3939	403	back
3374	4664	3939	404	-
12332	3611	3939	404	back
12332	3611	3939	405	back
12332	3611	3939	405	back
12332	3611	3939	406	back
12332	3611	3939	406	back
12332	3611	3939	408	back
12332	3611	3939	408	back
12332	3611	3939	408	back
12332	3611	3939	410	back
12332	3611	3939	410	back
12332	3611	3939	411	back
12332	3611	3939	412	back
12332	3611	3939	412	back
12332	3611	3939	413	back
12332	3611	3939	413	back
12332	3611	3939	414	back
12332	3611	3939	415	back
12332	3611	3939	415	back
12332	3611	3939	416	back
12332	3611	3939	416	back
3374	13712	3939	417	-
12332	3611	3939	417	back
12332	3611	3939	417	back
12332	3611	3939	418	back
12332	3611	3939	419	back
12332	3611	3939	419	back
12332	3611	3939	420	back
12332	3611	3939	420	back
13993	17392	3939	420	-
12332	3611	3939	421	back
12332	3611	3939	422	back
12332	3611	3939	422	back
12332	3611	3939	423	back
12332	3611	3939	424	back
7215	5938	3939	424	-
12332	3611	3939	425	back
13993	22275	3939	425	-
12332	3611	3939	425	back
12332	3611	3939	426	back
12332	3611	3939	427	back
12332	3611	3939	427	back
12332	3611	24810	428	back
7215	15326	24810	428	-
12332	3611	24810	429	back
12332	3611	24810	429	back
12332	3611	24810	430	back
12332	3611	24810	431	back
12332	3611	24810	431	back
11001	3011	24810	432	-
12332	3611	24810	432	back
7215	15334	24810	433	-
12332	3611	24810	433	back
12332	3611	24810	433	back
12332	3611	24810	434	back
12332	3611	24810	435	back
12332	3611	24810	435	back
12332	3611	24810	436	back
12332	3611	24810	436	back
12332	3611	24810	436	back
12332	3611	24810	437	back
12332	3611	24810	438	back
12332	3611	24810	438	back
12332	3611	24810	439	back
12332	3611	24810	440	back
12332	3611	24810	440	back
12332	3611	24810	440	back
12332	3611	24810	441	back
12332	3611	24810	442	back
12332	3611	24810	443	back
12332	3611	24810	443	back
12332	3611	24810	444	back
3374	4296	24810	444	-
12332	3611	24810	445	back
12332	3611	24810	445	back
12332	3611	24810	446	back
12332	3611	24810	447	back
11001	18332	24810	447	-
12332	3611	24810	448	back
12332	3611	24810	448	back
12332	3611	24810	449	back
12332	3611	24810	450	back
12332	3611	24810	451	back
12332	3611	24810	451	back
12332	3611	24810	452	back
12332	3611	24810	452	back
11001	8742	24810	453	-
12332	3611	24810	453	back
12332	3611	24810	454	back
12332	3611	24810	454	back
12332	3611	24810	455	back
12332	3611	24810	455	back
12332	3611	24810	456	back
12332	3611	24810	456	back
12332	3611	24810	458	back
12332	3611	24810	459	back
12332	3611	24810	459	back
12332	3611	24810	460	back
12332	3611	24810	460	back
11001	3011	24810	461	-
12332	3611	24810	461	back
12332	3611	24810	462	back
12332	3611	24810	462	back
12332	3611	24810	463	back
12332	3611	24810	464	back
12332	3611	24810	464	back
15737	22275	24810	464	-
12332	3611	24810	465	back
12332	3611	24810	466	back
12332	3611	24810	466	back
12332	3611	24810	467	back
12332	3611	24810	468	back
12332	3611	24810	468	back
12332	3611	24810	469	back
12332	3611	24810	470	back
12332	3611	24810	470	back
10429	5938	24810	471	-
12332	3611	24810	471	back
12332	3611	24810	472	back
12332	3611	24810	473	back
12332	3611	24810	473	back
12332	3611	24810	474	back
12332	3611	24810	475	back
12332	3611	24810	475	back
7215	3919	24810	475	-
12332	3611	24810	476	back
12332	3611	24810	476	back
12332	3611	24810	476	back
12332	3611	24810	477	back
12332	3611	24810	479	back
12332	3611	24810	479	back
12332	3611	24810	479	back
12332	3611	24810	480	back
12332	3611	24810	481	back
12332	3611	24810	481	back
12332	3611	24810	482	back
12332	3611	24810	483	back
12332	3611	24810	483	back
12332	3611	24810	484	back
12332	3611	24810	485	back
12332	3611	24810	485	back
12332	3611	24810	486	back
12332	3611	24810	486	back
12332	3611	21350	488	back
11001	8742	21350	488	-
3374	4296	21350	488	-
12332	3611	21350	488	back
12332	3611	21350	489	back
14547	15667	21350	489	-
12332	3611	21350	490	back
12332	3611	21350	490	back
12332	3611	21350	490	back
14547	15667	21350	491	-
12332	3611	21350	492	back
12332	3611	21350	492	back
3611	15894	21350	493	-
12332	3611	21350	493	back
14547	15667	21350	493	-
12332	3611	21350	494	back
12332	3611	21350	494	back
12332	3611	21350	495	back
12332	3611	21350	495	back
14547	15667	21350	496	-
12332	3611	21350	496	back
12332	3611	21350	496	back
12332	3611	21350	497	back
14547	15667	21350	498	-
12332	3611	21350	498	back
12332	3611	21350	498	back
12332	3611	21350	499	back
12332	3611	21350	500	back
12332	3611	21350	501	back
14547	15667	21350	501	-
14547	15667	21350	501	-
12332	3611	21350	501	back
12332	3611	21350	502	back
12332	3611	21350	503	back
12332	3611	21350	503	back
12332	3611	21350	504	back
12332	3611	21350	505	back
19603	3611	21350	505	-
19603	3611	21350	505	-
12332	3611	21350	505	back
12332	3611	21350	506	back
12332	3611	21350	507	back
12332	3611	21350	507	back
19531	21708	21350	508	-
12332	3611	21350	510	back
12332	3611	21350	510	back
12332	3611	21350	510	back
12332	3611	21350	511	back
12332	3611	21350	512	back
12332	3611	21350	513	back
12332	3611	21350	513	back
12332	3611	21350	514	back
12332	3611	21350	514	back
12332	3611	21350	515	back
8048	3611	21350	516	-
8048	3611	21350	516	-
8048	3611	21350	516	-
8048	3611	21350	516	-
8048	3611	21350	516	-
12332	3611	21350	516	back
8048	3611	21350	516	-
12332	3611	21350	516	back
10571	16593	21350	516	-
8048	3611	21350	517	-
12332	3611	21350	517	back
12332	3611	21350	518	back
12332	3611	21350	518	back
7179	3611	21350	518	-
12332	3611	21350	519	back
12332	3611	21350	520	back
12332	3611	21350	520	back
12332	3611	21350	521	back
12332	3611	21350	522	back
12332	3611	21350	522	back
12332	3611	21350	523	back
12332	3611	21350	524	back
12332	3611	21350	524	back
12332	3611	21350	525	back
12332	3611	21350	526	back
12332	3611	21350	527	back
12332	3611	21350	527	back
12332	3611	21350	528	back
12332	3611	21350	529	back
12332	3611	21350	529	back
12332	3611	21350	529	back
12332	3611	21350	530	back
12332	3611	21350	531	back
12332	3611	21350	532	back
12332	3611	21350	532	back
12332	3611	21350	533	back
12332	3611	21350	534	back
12332	3611	21350	534	back
12332	3611	21350	535	back
12332	3611	21350	535	back
12332	3611	21350	536	back
12332	3611	21350	536	back
12332	3611	21350	536	back
12332	3611	21350	537	back
12332	3611	21350	538	back
12332	3611	21350	539	back
12332	3611	21350	539	back
12332	3611	21350	540	back
12332	3611	21350	541	back
12332	3611	21350	541	back
12332	3611	21350	542	back
12332	3611	21350	542	back
12332	3611	21350	543	back
12332	3611	21350	544	back
12332	3611	21350	545	back
12332	3611	21350	545	back
12332	3611	21350	546	back
12332	3611	21350	547	back
13993	9869	21350	547	-
12332	3611	21350	547	back
12332	3611	31063	548	back
12332	3611	31063	549	back
12332	3611	31063	549	back
12332	3611	31063	550	back
12332	3611	31063	551	back
13993	17093	31063	551	-
12332	3611	31063	551	back
12332	3611	31063	552	back
12332	3611	31063	552	back
12332	3611	31063	553	back
12332	3611	31063	553	back
12332	3611	31063	554	back
12332	3611	31063	554	back
12332	3611	31063	555	back
12332	3611	31063	555	back
12332	3611	31063	556	back
12332	3611	31063	557	back
12332	3611	31063	558	back
12332	3611	31063	558	back
7179	3611	31063	558	-
7179	3611	31063	558	-
7179	3611	31063	558	-
7179	3611	31063	558	-
7179	3611	31063	558	-
7179	3611	31063	558	-
20312	16593	31063	558	-
7179	3611	31063	559	-
12332	3611	31063	559	back
12332	3611	31063	560	back
12332	3611	31063	561	back
12332	3611	31063	561	back
13993	405	31063	561	-
12332	3611	31063	562	back
12332	3611	31063	563	back
12332	3611	31063	563	back
12332	3611	31063	564	back
12332	3611	31063	564	back
8048	3611	31063	565	-
8048	3611	31063	565	-
12332	3611	31063	565	back
12332	3611	31063	566	back
12332	3611	31063	568	back
12332	3611	31063	568	back
12332	3611	31063	569	back
7215	15334	31063	569	-
12332	3611	31063	570	back
12332	3611	31063	571	back
12332	3611	31063	571	back
12332	3611	31063	571	back
12332	3611	31063	572	back
12332	3611	31063	573	back
12332	3611	31063	573	back
12332	3611	31063	574	back
12332	3611	31063	575	back
12332	3611	31063	575	back
13993	405	31063	575	-
12332	3611	31063	575	back
12332	3611	31063	576	back
12332	3611	31063	577	back
15737	16094	31063	578	-
12332	3611	31063	578	back
12332	3611	31063	580	back
12332	3611	31063	580	back
12332	3611	31063	581	back
12332	3611	31063	581	back
12332	3611	31063	582	back
12332	3611	31063	583	back
15737	16094	31063	583	-
11001	16409	31063	583	-
12332	3611	31063	583	back
12332	3611	31063	584	back
12332	3611	31063	585	back
12332	3611	31063	586	back
12332	3611	31063	587	back
12332	3611	31063	587	back
11001	6096	31063	587	-
13993	23321	31063	588	-
12332	3611	31063	588	back
12332	3611	31063	589	back
12332	3611	31063	589	back
12332	3611	31063	590	back
12332	3611	31063	590	back
12332	3611	31063	592	back
12332	3611	31063	592	back
12332	3611	31063	593	back
12332	3611	31063	594	back
3374	18140	31063	594	-
12332	3611	31063	594	back
12332	3611	31063	595	back
12332	3611	31063	595	back
12332	3611	31063	595	back
12332	3611	31063	596	back
12332	3611	31063	597	back
12332	3611	31063	597	back
12332	3611	31063	597	back
12332	3611	31063	598	back
12332	3611	31063	599	back
12332	3611	31063	600	back
12332	3611	31063	600	back
12332	3611	31063	601	back
12332	3611	31063	602	back
12332	3611	31063	602	back
12332	3611	31063	602	back
12332	3611	31063	604	back
12332	3611	31063	604	back
12332	3611	31063	605	back
12332	3611	31063	606	back
12332	3611	31063	606	back
12332	3611	31063	607	back
12332	3611	31063	607	back
12332	3611	20153	608	back
12332	3611	20153	609	back
12332	3611	20153	610	back
12332	3611	20153	610	back
12332	3611	20153	611	back
12332	3611	20153	612	back
12332	3611	20153	612	back
7215	15334	20153	613	-
12332	3611	20153	613	back
12332	3611	20153	613	back
12332	3611	20153	614	back
12332	3611	20153	614	back
12332	3611	20153	615	back
12332	3611	20153	615	back
6775	3611	20153	616	-
12332	3611	20153	616	back
6775	3611	20153	616	-
6775	3611	20153	616	-
12332	3611	20153	616	back
6775	3611	20153	616	-
6775	3611	20153	616	-
6775	3611	20153	616	-
6775	3611	20153	616	-
12332	3611	20153	617	back
12332	3611	20153	617	back
12332	3611	20153	618	back
12332	3611	20153	619	back
12332	3611	20153	620	back
12332	3611	20153	620	back
12332	3611	20153	621	back
12332	3611	20153	621	back
12332	3611	20153	622	back
12332	3611	20153	623	back
12332	3611	20153	623	back
12332	3611	20153	624	back
12332	3611	20153	625	back
12332	3611	20153	626	back
12332	3611	20153	626	back
12332	3611	20153	627	back
12332	3611	20153	628	back
12332	3611	20153	628	back
12332	3611	20153	629	back
12332	3611	20153	630	back
12332	3611	20153	630	back
13993	23321	20153	630	-
12332	3611	20153	631	back
12332	3611	20153	631	back
11001	16409	20153	632	-
12332	3611	20153	632	back
12332	3611	20153	633	back
12332	3611	20153	633	back
12332	3611	20153	634	back
12332	3611	20153	634	back
12332	3611	20153	635	back
12332	3611	20153	635	back
12332	3611	20153	636	back
12332	3611	20153	636	back
12332	3611	20153	637	back
12332	3611	20153	637	back
11001	16409	20153	660	-
23317	7439	20153	661	-
18246	445	19661	669	-
19531	5938	19661	672	-
18246	16094	19661	675	-
23317	882	19661	675	-
7215	15334	19661	676	-
13993	5070	19661	679	-
18246	16094	19661	679	-
3297	13122	19661	683	-
3374	18140	19661	683	-
3297	11900	19661	683	-
3297	19531	19661	684	-
13993	23321	19661	689	-
10571	23167	19661	707	-
10571	23167	19661	711	-
3374	21762	19661	712	-
19603	23167	30139	735	-
13993	4580	30139	747	-
19603	3611	30139	748	-
19603	3611	30139	748	-
19603	3611	30139	748	-
19603	3611	30139	748	-
19603	3611	30139	748	-
19603	3611	30139	748	-
19603	3611	30139	748	-
19603	3611	30139	748	-
3957	15394	30139	750	-
6775	23167	30139	761	-
13993	13593	30139	762	-
3374	22480	30139	763	-
13993	13593	30139	767	-
3957	15894	30139	780	-
3957	587	30139	786	-
7215	19444	27703	789	-
11001	16409	27703	793	-
15737	4603	27703	798	-
11001	16409	27703	801	-
20312	16593	27703	819	-
3374	21762	27703	822	-
17624	16531	27703	825	-
7179	3611	27703	829	-
7179	3611	27703	829	-
7179	3611	27703	829	-
17624	16531	27703	830	-
17624	16531	27703	833	-
17624	16531	27703	835	-
882	16531	27703	836	-
17624	16531	27703	837	-
17624	16531	27703	840	-
882	16531	27703	842	-
13993	15667	27703	842	-
882	16531	27703	843	-
13993	15667	27703	844	-
7179	3611	27703	846	-
882	16531	27703	846	-
7179	3611	27703	846	-
7179	3611	27703	846	-
7179	3611	27703	846	-
7179	3611	27703	846	-
7179	3611	27703	846	-
7179	3611	27703	846	-
13993	15667	27703	847	-
15737	6157	34348	848	-
882	16531	34348	848	-
13993	15667	34348	849	-
882	16531	34348	850	-
13993	15667	34348	851	-
882	16531	34348	852	-
13993	15667	34348	853	-
882	16531	34348	855	-
13993	15667	34348	855	-
882	16531	34348	855	-
882	16531	34348	856	-
882	16531	34348	856	-
882	16531	34348	856	-
882	16531	34348	856	-
882	16531	34348	856	-
882	16531	34348	856	-
882	16531	34348	856	-
882	16531	34348	856	-
882	16531	34348	856	-
882	16531	34348	856	-
882	16531	34348	856	-
8048	3611	34348	858	-
13993	15667	34348	858	-
13993	15667	34348	859	-
13993	15667	34348	859	-
13993	15667	34348	859	-
13993	15667	34348	859	-
13993	15667	34348	859	-
13993	15667	34348	859	-
13993	15667	34348	859	-
13993	23321	34348	859	-
13993	15667	34348	859	-
13993	15667	34348	859	-
13993	15667	34348	859	-
13993	15667	34348	859	-
18246	16094	34348	864	-
3374	2322	34348	869	-
3076	16531	34348	870	-
3076	16531	34348	875	-
3076	16531	34348	877	-
20312	16593	34348	878	-
3076	16531	34348	879	-
3076	16531	34348	882	-
18246	4603	34348	895	-
6775	3611	34348	898	-
6775	3611	34348	898	-
6775	3611	34348	899	-
6775	3611	34348	899	-
6775	3611	34348	899	-
6775	3611	34348	899	-
6775	14880	34348	899	-
6775	3611	34348	899	-
6775	3611	34348	899	-
6775	3611	34348	899	-
3374	2322	34348	902	-
10571	23167	16258	909	-
10571	23167	16258	913	-
13993	5938	16258	921	-
19603	3611	16258	927	-
19603	3611	16258	927	-
3076	3611	16258	929	-
3076	3611	16258	929	-
18246	4603	16258	936	-
18246	4603	16258	937	-
8048	3611	16258	938	-
13993	23321	16258	938	-
8048	3611	16258	938	-
8048	3611	16258	938	-
8048	3611	16258	938	-
8048	3611	16258	938	-
8048	3611	16258	938	-
8048	3611	16258	938	-
11001	16409	16258	960	-
15737	20112	16093	969	-
6775	16593	16093	978	-
3374	11886	16093	980	-
13993	18332	16093	989	-
10429	21708	16093	1007	-
6775	3611	16093	1013	-
13993	14636	16093	1016	-
23317	7439	16093	1021	-
15737	6157	38070	1028	-
3374	10513	38070	1033	-
7179	3611	38070	1042	-
7179	3611	38070	1042	-
7179	3611	38070	1042	-
7179	3611	38070	1042	-
7179	3611	38070	1042	-
7179	3611	38070	1042	-
7179	3611	38070	1042	-
15737	6157	38070	1044	-
15737	6157	38070	1048	-
11001	16409	38070	1060	-
3374	10513	38070	1061	-
18246	15839	38070	1063	-
11001	16409	38070	1072	-
19603	3611	38070	1075	-
19603	3611	38070	1076	-
19603	3611	38070	1076	-
19603	3611	38070	1076	-
19603	3611	38070	1076	-
3611	13122	38070	1076	-
6775	2843	1745	1102	-
882	3611	1745	1109	-
882	3611	1745	1109	-
882	3611	1745	1109	-
882	3611	1745	1109	-
882	3611	1745	1109	-
882	3611	1745	1109	-
882	3611	1745	1109	-
13993	17244	1745	1118	-
3374	11575	1745	1123	-
7179	3611	1745	1125	-
7179	3611	1745	1125	-
7179	3611	1745	1125	-
7179	3611	1745	1125	-
7179	3611	1745	1125	-
3076	3611	1745	1125	-
7179	3611	1745	1125	-
7179	3611	1745	1125	-
3076	3611	1745	1126	-
3076	3611	1745	1126	-
3076	3611	1745	1126	-
3076	3611	1745	1126	-
3076	3611	1745	1126	-
3076	3611	1745	1126	-
3076	3611	1745	1126	-
3076	3611	1745	1126	-
6775	3611	1745	1139	-
6775	3611	1745	1139	-
8048	3611	1745	1143	-
8048	3611	1745	1144	-
8048	3611	1745	1144	-
8048	3611	1745	1144	-
8048	3611	1745	1144	-
8048	3611	1745	1144	-
8048	3611	1745	1144	-
11001	16409	20574	1154	-
3076	3611	20574	1157	-
3076	3611	20574	1157	-
3076	3611	20574	1157	-
3076	3611	20574	1157	-
7179	2843	20574	1176	-
7179	3461	20574	1176	-
7179	16593	20574	1178	-
7179	9554	20574	1181	-
15737	21712	20574	1188	-
10571	23167	20574	1189	-
6775	3611	20574	1191	-
13993	17307	20574	1198	-
3957	13122	20574	1199	-
19603	3611	7004	1212	-
19603	3611	7004	1212	-
19603	3611	7004	1212	-
19603	3611	7004	1212	-
19603	3611	7004	1212	-
19603	3611	7004	1212	-
19603	3611	7004	1212	-
19603	3611	7004	1212	-
19603	3611	7004	1212	-
19603	3611	7004	1212	-
19603	3611	7004	1212	-
19603	3611	7004	1212	-
19603	3611	7004	1212	-
19603	3611	7004	1212	-
19603	3611	7004	1212	-
19603	3611	7004	1212	-
19603	3611	7004	1212	-
19603	3611	7004	1212	-
19603	3611	7004	1212	-
19603	3611	7004	1213	-
19603	3611	7004	1213	-
19603	3611	7004	1213	-
19603	3611	7004	1213	-
19603	3611	7004	1213	-
882	3611	7004	1221	-
882	3611	7004	1221	-
882	3611	7004	1221	-
882	3611	7004	1221	-
882	3611	7004	1221	-
882	3611	7004	1221	-
882	3611	7004	1221	-
11001	2973	7004	1227	-
7179	3611	7004	1231	-
7179	3611	7004	1231	-
7179	3611	7004	1231	-
15737	15581	7004	1246	-
11001	1778	7004	1254	-
13993	21879	7004	1258	-
8048	16531	7004	1267	-
8048	16531	3383	1272	-
8048	16531	3383	1274	-
23317	882	3383	1275	-
8048	16531	3383	1276	-
15506	19350	3383	1278	-
8048	16531	3383	1278	-
8048	16531	3383	1280	-
13993	17307	3383	1281	-
8048	16531	3383	1283	-
8048	16531	3383	1286	-
8048	16531	3383	1286	-
8048	16531	3383	1286	-
8048	16531	3383	1286	-
8048	16531	3383	1286	-
8048	16531	3383	1286	-
8048	16531	3383	1286	-
8048	16531	3383	1286	-
8048	16531	3383	1286	-
8048	16531	3383	1286	-
8048	16531	3383	1286	-
8048	16531	3383	1286	-
3611	15894	3383	1288	-
11001	9936	3383	1299	-
15737	15581	3383	1300	-
11001	9936	3383	1302	-
15737	15581	3383	1305	-
8048	3611	3383	1317	-
15737	7958	3383	1320	-
11001	626	27391	1346	-
13993	21879	27391	1358	-
23317	7439	27391	1381	-
13993	359	34269	1394	-
3076	3611	34269	1395	-
3076	3611	34269	1395	-
15737	7958	34269	1425	-
18246	5607	34269	1428	-
11001	15667	34269	1442	-
11001	9936	34269	1444	-
15737	7958	33617	1450	-
882	3611	33617	1455	-
882	3611	33617	1456	-
6775	3611	33617	1459	-
6775	3611	33617	1459	-
18246	15839	33617	1463	-
11001	15894	33617	1469	-
7179	3611	33617	1475	-
7179	3611	33617	1475	-
7179	3611	33617	1475	-
7179	3611	33617	1475	-
7179	3611	33617	1475	-
7179	3611	33617	1475	-
7179	3611	33617	1475	-
13993	13	33617	1494	-
16671	15894	33617	1498	-
15737	7958	8797	1510	-
11001	9936	8797	1511	-
3611	15894	8797	1517	-
3076	16332	8797	1521	-
17624	16593	8797	1534	-
18246	15839	8797	1536	-
10429	22986	8797	1542	-
6775	3611	8797	1546	-
20367	587	8797	1546	-
13993	9840	8797	1558	-
882	8452	8797	1558	-
12985	22986	8797	1560	-
12985	19834	8797	1561	-
8048	3611	17476	1575	-
8048	3611	17476	1576	-
8048	3611	17476	1576	-
8048	3611	17476	1576	-
8048	3611	17476	1576	-
8048	3611	17476	1576	-
8048	3611	17476	1576	-
882	3611	17476	1581	-
882	3611	17476	1581	-
882	3611	17476	1581	-
882	3611	17476	1581	-
882	3611	17476	1581	-
882	3611	17476	1581	-
882	3611	17476	1581	-
17624	23167	17476	1592	-
15737	7958	17476	1597	-
19839	15667	17476	1597	-
17624	3611	17476	1597	-
17624	16531	17476	1598	-
17624	8452	17476	1598	-
14547	21708	17476	1602	-
12332	3297	17476	1609	-
15737	14135	17476	1614	-
11001	9936	17476	1617	-
882	9554	17476	1622	-
13993	15667	42995	1641	-
15737	14135	42995	1655	-
20367	19350	42995	1660	-
3957	15667	42995	1660	-
13993	5776	42995	1676	-
15737	17052	42995	1682	-
3076	3611	42995	1685	-
3076	8452	35551	1713	-
3076	8452	35551	1717	-
18246	15839	35551	1718	-
15737	2345	35551	1727	-
13993	5776	35551	1727	-
8048	3611	35551	1740	-
8048	3611	35551	1740	-
8048	3611	35551	1740	-
8048	3611	35551	1740	-
8048	3611	35551	1740	-
8048	3611	35551	1740	-
23317	7439	35551	1741	-
11001	4273	40989	1753	-
14547	3374	40989	1764	-
18246	15839	40989	1766	-
11001	4273	40989	1769	-
6775	3611	40989	1770	-
6775	3611	40989	1770	-
3957	15394	40989	1774	-
7782	19834	40989	1774	-
18246	4603	40989	1791	-
8048	3611	40989	1792	-
8048	3611	40989	1792	-
8048	3611	40989	1792	-
8048	3611	40989	1792	-
8048	3611	40989	1792	-
8048	3611	40989	1792	-
8048	3611	40989	1792	-
8048	3611	40989	1792	-
3611	15667	40989	1794	-
3611	15667	40989	1796	-
3611	15667	40989	1799	-
