20312	4800	45031	0	-
3297	5938	45031	3	-
20312	4800	42540	5	-
20312	4800	42540	10	-
7179	3611	42540	12	-
7179	3611	42540	12	-
7179	3611	42540	12	-
7179	3611	42540	12	-
7179	3611	42540	12	-
7179	3611	42540	12	-
7179	3611	42540	12	-
20312	4800	42540	15	-
20312	4800	42540	20	-
12332	3611	42540	21	-
20312	4800	42540	25	-
12332	3611	42540	26	-
19839	21708	42540	26	-
16409	16979	42540	27	-
16409	16979	42540	27	-
16409	16979	42540	27	-
16409	16979	42540	28	-
16409	16979	42540	28	-
16409	16979	42540	28	-
16409	16979	42540	28	-
16409	16979	42540	28	-
16409	16979	42540	28	-
16409	16979	42540	28	-
16409	16979	42540	28	-
16409	16979	42540	28	-
16409	16979	42540	28	-
16409	16979	42540	28	-
16409	2989	42540	28	-
16409	16979	42540	28	-
16409	16979	42540	28	-
16409	16979	42540	28	-
16409	16979	42540	28	-
16409	16979	42540	28	-
16409	16979	42540	28	-
6114	18719	42540	29	-
6114	18719	42540	29	-
6114	18719	42540	29	-
6114	18719	42540	29	-
6114	18719	42540	29	-
6114	18719	42540	29	-
6114	18719	42540	29	-
6114	18719	42540	29	-
6114	18719	42540	29	-
6114	18719	42540	29	-
6114	18719	42540	29	-
6114	18719	42540	29	-
6114	18719	42540	29	-
20312	4800	42540	30	-
13993	19834	42540	32	-
20312	4800	42540	35	-
20312	4800	42540	40	-
20312	4800	42540	45	-
16409	16979	42540	45	-
16409	16979	42540	48	-
16409	16979	42540	48	-
16409	16979	42540	48	-
16409	16979	42540	49	-
16409	16979	42540	49	-
16409	16979	42540	49	-
16409	16979	42540	49	-
16409	16979	42540	49	-
16409	16979	42540	49	-
16409	16979	42540	49	-
16409	16979	42540	49	-
16409	16979	42540	49	-
20312	4800	42540	50	-
6114	7523	42540	51	-
6114	7523	42540	51	-
6114	7523	42540	51	-
6114	7523	42540	51	-
20312	4800	42540	55	-
6114	18719	42540	56	-
19531	13122	42540	60	-
7782	19834	42540	60	-
16671	19829	42540	60	-
16671	19829	42540	60	-
16671	8524	42540	60	-
16671	19829	42540	60	-
20312	4800	42540	60	-
16671	8524	42540	60	-
16671	19829	42540	61	-
16671	19829	42540	61	-
16671	19829	42540	61	-
16671	19829	42540	61	-
16671	19829	42540	61	-
16671	19829	42540	61	-
16671	19829	42540	61	-
16671	19829	42540	61	-
16671	19829	42540	61	-
16671	8524	42540	61	-
16671	19829	42540	61	-
16671	8524	42540	61	-
14547	19531	42540	62	-
20312	4800	9762	65	-
16409	18332	9762	66	-
20312	4800	9762	70	-
10429	19834	9762	71	-
20312	4800	9762	75	-
20312	4800	9762	80	-
10429	13122	9762	81	-
3297	18770	9762	81	-
16671	19829	9762	82	-
16671	19829	9762	83	-
16671	19829	9762	83	-
16671	19829	9762	83	-
16671	19829	9762	83	-
16671	19829	9762	83	-
16671	19829	9762	83	-
16671	19829	9762	83	-
16671	19829	9762	83	-
16671	19829	9762	83	-
16671	19829	9762	83	-
16671	19829	9762	83	-
16671	19829	9762	83	-
16671	19829	9762	83	-
16671	19829	9762	83	-
16671	19829	9762	83	-
16671	19829	9762	83	-
16671	19829	9762	83	-
16671	19829	9762	83	-
16671	19829	9762	83	-
16671	19829	9762	83	-
16671	19829	9762	83	-
16671	19829	9762	83	-
16671	19829	9762	83	-
16671	19829	9762	83	-
16671	19829	9762	83	-
16671	19829	9762	83	-
16671	19829	9762	83	-
3297	15895	9762	84	-
20312	4800	9762	85	-
3297	15895	9762	88	-
3297	15895	9762	88	-
3297	15895	9762	88	-
3297	22853	9762	88	-
3297	15895	9762	88	-
3297	15895	9762	88	-
3297	15895	9762	88	-
3297	15895	9762	88	-
3297	15895	9762	88	-
3297	15895	9762	88	-
3297	15895	9762	88	-
3297	15895	9762	88	-
3297	22853	9762	88	-
3297	15895	9762	88	-
3297	15895	9762	88	-
3297	15895	9762	88	-
3297	15895	9762	88	-
3297	15895	9762	88	-
3297	15895	9762	88	-
3297	15895	9762	88	-
3297	15895	9762	88	-
3297	15895	9762	88	-
3297	15895	9762	88	-
3297	15895	9762	88	-
3297	15895	9762	88	-
3297	15895	9762	88	-
3297	15895	9762	88	-
20312	4800	9762	90	-
14547	11900	9762	94	-
3297	21708	9762	94	-
20312	4800	9762	95	-
16409	16979	9762	100	-
16409	16979	9762	100	-
16409	16979	9762	100	-
16409	16979	9762	100	-
16409	16979	9762	100	-
16409	16979	9762	100	-
16409	16979	9762	100	-
16409	16979	9762	100	-
16409	16979	9762	100	-
16409	16979	9762	100	-
16409	16979	9762	100	-
16409	16979	9762	100	-
16409	16979	9762	100	-
16409	16979	9762	100	-
20312	4800	9762	100	-
20312	4800	9762	105	-
16671	22275	9762	107	-
16671	17516	9762	107	-
16671	17516	9762	107	-
16671	17516	9762	107	-
16409	16979	9762	108	-
16409	16979	9762	108	-
16409	16979	9762	108	-
16409	16979	9762	108	-
16409	16979	9762	108	-
16409	16979	9762	108	-
16409	16979	9762	108	-
16409	16979	9762	108	-
16409	16979	9762	108	-
16409	16979	9762	108	-
16409	16979	9762	108	-
16409	16979	9762	108	-
16409	16979	9762	109	-
20312	4800	9762	110	-
19531	21708	9762	110	-
13993	13122	9762	111	-
16409	18192	9762	112	-
16409	18192	9762	113	-
16409	18192	9762	113	-
16409	18192	9762	113	-
16409	18192	9762	113	-
16409	18192	9762	114	-
16409	18192	9762	114	-
16409	18192	9762	114	-
16409	18192	9762	115	-
16409	18192	9762	115	-
20312	4800	9762	116	-
16409	18192	9762	116	-
16409	18192	9762	116	-
16409	18192	9762	116	-
16409	18192	9762	116	-
16409	18192	9762	116	-
16409	13	9762	119	-
16409	21560	9762	119	-
16409	18192	9762	119	-
16409	18192	9762	119	-
16409	21560	9762	119	-
16409	18192	9762	119	-
16409	21560	9762	119	-
16409	18192	9762	119	-
16409	18192	9762	119	-
16409	18192	9762	119	-
20312	4800	9762	121	-
20312	4800	40829	126	-
23317	5938	40829	126	-
8294	11780	40829	128	nmap
20312	4800	40829	131	-
20312	4800	40829	136	-
3957	587	40829	138	-
6775	16332	40829	139	-
20312	4800	40829	141	-
3297	6478	40829	142	-
3297	6478	40829	142	-
3297	6478	40829	142	-
3297	6478	40829	142	-
3297	6478	40829	142	-
20312	4800	40829	146	-
16409	18192	40829	146	-
16409	18192	40829	146	-
16409	18192	40829	146	-
16409	18192	40829	146	-
16409	18192	40829	146	-
16409	18192	40829	146	-
16409	18192	40829	147	-
16409	18192	40829	147	-
16409	18192	40829	150	-
16409	18192	40829	150	-
16409	18192	40829	150	-
16409	18192	40829	150	-
16409	18192	40829	150	-
16409	18192	40829	150	-
16409	18192	40829	150	-
20312	4800	40829	151	-
20312	4800	40829	156	-
20312	4800	40829	161	-
11001	21708	40829	161	-
6114	7523	40829	161	-
20312	4800	40829	166	-
11001	15894	40829	169	-
20312	4800	40829	171	-
6775	16332	40829	174	-
20312	4800	40829	176	-
19839	15667	40829	176	-
20312	4800	40829	181	-
20312	4800	2242	186	-
20312	4800	2242	191	-
20312	4800	2242	196	-
20312	4800	2242	201	-
20312	4800	2242	206	-
20312	4800	2242	211	-
20312	4800	2242	216	-
3297	6478	2242	218	-
3297	6478	2242	218	-
3297	6478	2242	218	-
3297	6478	2242	218	-
20312	4800	2242	221	-
6114	511	2242	221	-
6114	511	2242	221	-
6114	511	2242	221	-
6114	511	2242	221	-
20312	4800	2242	226	-
16671	1398	2242	228	-
16671	17697	2242	228	-
16671	17697	2242	228	-
16671	1398	2242	228	-
16671	17697	2242	228	-
16671	1398	2242	228	-
16671	17697	2242	228	-
16671	1398	2242	228	-
10571	16531	2242	229	-
20312	4800	2242	231	-
3297	11900	2242	233	-
20312	4800	2242	236	-
7179	3611	2242	236	-
13993	11900	2242	236	-
13993	11900	2242	239	-
20312	4800	2242	241	-
8048	14437	2242	243	-
13993	11900	2242	243	-
20312	4800	3967	247	-
13993	11900	3967	248	-
20312	4800	3967	252	-
11001	15667	3967	254	-
17624	16593	3967	256	-
20312	4800	3967	257	-
17624	16593	3967	258	-
17624	16593	3967	260	-
20312	4800	3967	262	-
17624	16593	3967	262	-
16671	3901	3967	263	-
16671	15581	3967	264	-
16671	15581	3967	264	-
16671	15581	3967	264	-
16671	15581	3967	264	-
16671	15581	3967	264	-
16671	15581	3967	264	-
16671	15581	3967	264	-
16671	15581	3967	264	-
16671	15581	3967	264	-
16671	15581	3967	264	-
16671	15581	3967	264	-
16671	15581	3967	264	-
16671	15581	3967	264	-
16671	15581	3967	264	-
16671	15581	3967	264	-
16671	15581	3967	264	-
16671	15581	3967	264	-
16671	15581	3967	264	-
16671	15581	3967	264	-
17624	16593	3967	265	-
17624	16593	3967	267	-
20312	4800	3967	267	-
16671	22986	3967	269	-
17624	16593	3967	270	-
20312	4800	3967	272	-
3297	8578	3967	276	-
3297	8578	3967	276	-
20312	4800	3967	277	-
8294	11780	3967	279	nmap
8294	11780	3967	279	nmap
21708	18609	3967	280	-
21708	13015	3967	280	-
20312	4800	3967	282	-
16409	18192	3967	282	-
20312	4800	3967	287	-
20312	4800	3967	292	-
20312	4800	3967	297	-
10429	19834	3967	301	-
20312	4800	3967	302	-
20312	4800	10266	307	-
20312	4800	10266	312	-
20312	4800	10266	317	-
20312	4800	10266	322	-
3297	1001	10266	322	-
6114	22275	10266	322	-
6114	17516	10266	322	-
6114	17516	10266	322	-
6114	17516	10266	322	-
16409	18192	10266	326	-
16409	18192	10266	326	-
16409	18192	10266	326	-
16409	18192	10266	326	-
16409	18192	10266	326	-
16409	18192	10266	326	-
16409	18192	10266	326	-
20312	4800	10266	327	-
20312	4800	10266	332	-
16409	18192	10266	335	-
16409	18192	10266	335	-
16409	18192	10266	335	-
16409	18192	10266	335	-
16409	18192	10266	335	-
16409	18192	10266	335	-
20312	4800	10266	337	-
20312	4800	10266	342	-
16671	17697	10266	347	-
20312	4800	10266	347	-
16671	1398	10266	347	-
16671	17697	10266	347	-
16671	17697	10266	347	-
16671	1398	10266	347	-
16671	1398	10266	347	-
16671	17697	10266	347	-
16671	1398	10266	347	-
20312	4800	10266	353	-
20312	4800	10266	358	-
20312	4800	10266	363	-
3297	8578	30081	367	-
3297	8578	30081	367	-
3297	8578	30081	367	-
3297	8578	30081	367	-
3297	8578	30081	367	-
3297	8578	30081	367	-
3297	8578	30081	367	-
3297	8578	30081	367	-
3297	8578	30081	367	-
3297	8578	30081	367	-
3297	8578	30081	367	-
3297	8578	30081	367	-
3297	8578	30081	367	-
3297	8578	30081	367	-
3297	8578	30081	367	-
3297	8578	30081	367	-
3297	8578	30081	367	-
3297	8578	30081	368	-
3297	8578	30081	368	-
3297	8578	30081	368	-
3297	8578	30081	368	-
3297	8578	30081	368	-
20312	4800	30081	368	-
19531	5938	30081	372	-
20312	4800	30081	373	-
20312	14437	30081	374	-
16409	18192	30081	377	-
16409	18192	30081	377	-
16409	18192	30081	377	-
16409	18192	30081	377	-
16409	18192	30081	377	-
16409	18192	30081	377	-
16409	18192	30081	377	-
16409	18192	30081	377	-
16409	18192	30081	377	-
16409	18192	30081	377	-
16409	18192	30081	377	-
16409	18192	30081	377	-
16409	18192	30081	377	-
20312	4800	30081	378	-
20312	4800	30081	383	-
20312	4800	30081	388	-
6775	4981	30081	389	-
21708	15301	30081	390	-
21708	15301	30081	390	-
21708	15301	30081	390	-
21708	15301	30081	390	-
21708	15301	30081	390	-
21708	15301	30081	390	-
21708	1012	30081	393	-
20312	4800	30081	393	-
21708	15301	30081	393	-
21708	15301	30081	393	-
20312	4800	30081	398	-
21708	1398	30081	400	-
21708	17697	30081	400	-
21708	17697	30081	400	-
21708	17697	30081	400	-
21708	1398	30081	400	-
21708	17697	30081	400	-
21708	1398	30081	400	-
21708	1398	30081	400	-
20312	4800	30081	403	-
20312	4800	30081	408	-
20312	3297	30081	408	-
16671	19829	30081	411	-
20312	4800	30081	413	-
16671	8524	30081	415	-
16671	8524	30081	415	-
16671	19829	30081	415	-
16671	8524	30081	415	-
16671	19829	30081	415	-
16671	19829	30081	415	-
16671	19829	30081	415	-
16671	8524	30081	415	-
16671	19829	30081	415	-
16671	19829	30081	415	-
16671	19829	30081	415	-
16671	19829	30081	416	-
16671	19829	30081	416	-
16671	19829	30081	416	-
16671	19829	30081	416	-
16671	19829	30081	416	-
6114	18586	30081	417	-
20312	4800	30081	418	-
6114	18586	30081	418	-
6114	18586	30081	418	-
16671	19829	30081	420	-
16671	19829	30081	422	-
16671	19829	30081	422	-
16671	19829	30081	422	-
16671	19829	30081	422	-
16671	19829	30081	422	-
21708	3901	30081	422	-
16671	19829	30081	422	-
16671	19829	30081	422	-
16671	19829	30081	422	-
16671	19829	30081	423	-
16671	19829	30081	423	-
16671	19829	30081	423	-
16671	19829	30081	423	-
16671	19829	30081	423	-
16671	19829	30081	423	-
16671	19829	30081	423	-
16671	19829	30081	423	-
16671	19829	30081	423	-
20312	4800	30081	423	-
16671	19829	30081	423	-
16671	19829	30081	423	-
16671	19829	23258	424	-
21708	10197	23258	425	-
17624	3611	23258	425	-
21708	10197	23258	425	-
21708	10197	23258	425	-
21708	10197	23258	425	-
21708	10197	23258	425	-
21708	10197	23258	425	-
21708	10197	23258	425	-
21708	10197	23258	425	-
17624	3611	23258	426	-
17624	3611	23258	426	-
17624	3611	23258	426	-
17624	3611	23258	426	-
17624	3611	23258	426	-
17624	3611	23258	426	-
6114	7626	23258	428	-
20312	4800	23258	428	-
6114	7626	23258	428	-
6114	7626	23258	428	-
6114	7626	23258	428	-
6114	7626	23258	428	-
6114	7626	23258	429	-
6114	7626	23258	429	-
6114	7626	23258	429	-
6114	7626	23258	429	-
6114	7626	23258	429	-
6114	7626	23258	429	-
6114	7626	23258	429	-
6114	7626	23258	429	-
6114	7626	23258	429	-
6114	7626	23258	429	-
6114	7626	23258	429	-
6114	7626	23258	429	-
6114	7626	23258	429	-
6114	18719	23258	429	-
6114	7626	23258	430	-
6114	7626	23258	430	-
6114	7626	23258	430	-
6114	7626	23258	430	-
6114	7626	23258	430	-
6114	7626	23258	430	-
6114	7626	23258	430	-
6114	7626	23258	430	-
6114	7626	23258	430	-
6114	7626	23258	430	-
8294	11780	23258	431	nmap
6114	7626	23258	433	-
20312	4800	23258	433	-
6114	7626	23258	433	-
6114	7626	23258	433	-
6114	7626	23258	433	-
6114	7626	23258	433	-
6114	7626	23258	433	-
6114	7626	23258	433	-
3297	1964	23258	433	-
6114	7626	23258	433	-
6114	7626	23258	433	-
6114	7626	23258	433	-
3297	1964	23258	433	-
6114	7626	23258	433	-
6114	7626	23258	433	-
20312	4800	23258	438	-
20312	4800	23258	443	-
16409	6090	23258	447	-
16409	6090	23258	447	-
16409	6090	23258	447	-
16409	6090	23258	447	-
16409	6090	23258	447	-
16409	6090	23258	447	-
16409	6090	23258	447	-
16409	6090	23258	447	-
16409	6090	23258	447	-
20312	4800	23258	448	-
20312	4800	23258	453	-
20312	4800	23258	458	-
21708	1398	23258	458	-
21708	17697	23258	458	-
21708	17697	23258	458	-
21708	1398	23258	458	-
21708	17697	23258	458	-
21708	1398	23258	458	-
21708	17697	23258	458	-
21708	1398	23258	458	-
16409	4619	23258	461	-
16409	4619	23258	461	-
16409	4619	23258	461	-
16409	4619	23258	461	-
16409	4619	23258	461	-
16409	4619	23258	461	-
16409	4619	23258	461	-
16409	4619	23258	461	-
16409	4619	23258	461	-
16409	4619	23258	461	-
16409	4619	23258	461	-
16409	4619	23258	461	-
16409	4619	23258	461	-
16409	4619	23258	461	-
16409	4619	23258	461	-
16409	4619	23258	461	-
16409	4619	23258	461	-
16409	4619	23258	461	-
16409	4619	23258	461	-
16409	4619	23258	461	-
21708	1398	23258	463	-
20312	4800	23258	463	-
16409	4619	23258	465	-
16409	4619	23258	465	-
6775	16593	23258	465	-
20312	4800	23258	468	-
19603	14437	23258	472	-
10429	13122	23258	472	-
20312	4800	23258	474	-
20312	4800	23258	479	-
882	9554	23258	480	-
3297	1964	23258	483	-
3297	1964	23258	483	-
20312	4800	39346	484	-
23317	5938	39346	489	-
20312	4800	39346	489	-
23317	882	39346	489	-
15394	4800	39346	489	-
20312	4800	39346	494	-
16671	21980	39346	498	-
20312	4800	39346	499	-
16671	21980	39346	501	-
16671	21980	39346	501	-
20312	4800	39346	504	-
20312	4800	39346	509	-
6114	18719	39346	512	-
6114	18719	39346	512	-
6114	18719	39346	512	-
6114	18719	39346	512	-
6114	18719	39346	512	-
6114	18719	39346	512	-
6114	18719	39346	512	-
6114	18719	39346	512	-
6114	18719	39346	512	-
6114	18719	39346	512	-
6114	18719	39346	512	-
6114	18719	39346	512	-
6114	18719	39346	512	-
20312	4800	39346	514	-
20312	4800	39346	519	-
20312	4800	39346	524	-
3297	1964	39346	525	-
3297	1964	39346	526	-
6114	20313	39346	529	-
20312	4800	39346	529	-
7179	3611	39346	531	-
7179	3611	39346	531	-
7179	3611	39346	531	-
7179	3611	39346	531	-
7179	3611	39346	532	-
7179	3611	39346	532	-
7179	3611	39346	532	-
16409	4619	39346	534	-
16409	4619	39346	534	-
20312	4800	39346	534	-
16409	4619	39346	534	-
16409	4619	39346	534	-
16409	4619	39346	534	-
16409	4619	39346	534	-
16409	4619	39346	534	-
16409	4619	39346	534	-
16409	4619	39346	534	-
16409	4619	39346	534	-
16409	4619	39346	534	-
16409	4619	39346	534	-
16409	4619	39346	534	-
16409	4619	39346	534	-
17624	14437	39346	536	-
20312	4800	39346	539	-
7179	3611	39346	540	-
7179	3611	39346	540	-
7179	3611	39346	540	-
7179	3611	39346	540	-
7179	3611	39346	540	-
7179	3611	39346	540	-
7179	3611	39346	540	-
20312	4800	3961	544	-
20312	4800	3961	549	-
21708	17697	3961	550	-
21708	1398	3961	550	-
21708	17697	3961	550	-
21708	17697	3961	550	-
21708	1398	3961	550	-
21708	17697	3961	550	-
21708	1398	3961	550	-
21708	1398	3961	550	-
6775	14437	3961	551	-
6114	22427	3961	553	-
6114	22427	3961	553	-
6114	22427	3961	553	-
6114	22427	3961	553	-
6114	22427	3961	553	-
6114	22427	3961	553	-
6114	22427	3961	553	-
6114	22427	3961	553	-
6114	22427	3961	553	-
6114	22427	3961	553	-
6114	22427	3961	553	-
6114	22427	3961	553	-
20312	4800	3961	554	-
20312	4800	3961	559	-
6114	13127	3961	560	-
6114	13127	3961	560	-
6114	13127	3961	560	-
6114	13127	3961	560	-
6114	13127	3961	560	-
6114	13127	3961	560	-
6114	13127	3961	560	-
6114	13127	3961	560	-
6114	13127	3961	560	-
21708	9121	3961	563	-
21708	12737	3961	564	-
20312	4800	3961	564	-
21708	9121	3961	564	-
21708	12737	3961	564	-
21708	9121	3961	564	-
21708	9121	3961	564	-
21708	12737	3961	564	-
21708	9121	3961	564	-
21708	9121	3961	565	-
21708	9121	3961	565	-
21708	9121	3961	565	-
21708	9121	3961	566	-
21708	9121	3961	566	-
21708	9121	3961	566	-
21708	9121	3961	566	-
21708	9121	3961	567	-
21708	9121	3961	567	-
21708	9121	3961	567	-
21708	12737	3961	567	-
21708	9121	3961	567	-
21708	9121	3961	567	-
21708	9121	3961	567	-
21708	9121	3961	567	-
7215	13122	3961	567	-
20312	4800	3961	569	-
20312	4800	3961	574	-
20312	4800	3961	579	-
8294	11780	3961	582	nmap
8294	11780	3961	582	nmap
21708	15153	3961	584	-
6114	8567	3961	584	-
16671	1949	3961	584	-
16671	22030	3961	584	-
20312	4800	3961	585	-
21708	16606	3961	587	-
21708	16606	3961	587	-
21708	16606	3961	587	-
21708	16606	3961	587	-
21708	16606	3961	587	-
21708	16606	3961	587	-
21708	16606	3961	587	-
21708	16606	3961	587	-
21708	16606	3961	587	-
21708	16606	3961	587	-
21708	16606	3961	587	-
21708	16606	3961	587	-
20312	4800	3961	590	-
20312	4800	3961	595	-
20312	4800	3961	600	-
20312	4800	4991	605	-
20312	4800	4991	610	-
16671	21980	4991	615	-
20312	4800	4991	615	-
16671	21980	4991	616	-
16671	21980	4991	616	-
16409	11824	4991	617	-
20312	4800	4991	620	-
21708	16606	4991	624	-
21708	16606	4991	625	-
21708	16606	4991	625	-
21708	16606	4991	625	-
21708	16606	4991	625	-
20312	4800	4991	625	-
21708	16606	4991	625	-
21708	16606	4991	625	-
21708	16606	4991	625	-
21708	16606	4991	625	-
21708	16606	4991	625	-
6114	13127	4991	630	-
6114	13127	4991	630	-
6114	13127	4991	630	-
20312	4800	4991	630	-
6114	13127	4991	630	-
20312	4800	4991	635	-
3957	15394	4991	639	-
20312	4800	4991	640	-
20312	4800	4991	645	-
20312	4800	4991	650	-
6114	13127	4991	653	-
6114	13127	4991	653	-
6114	13127	4991	653	-
6114	13127	4991	653	-
6114	13127	4991	653	-
6114	13127	4991	653	-
6114	13127	4991	654	-
6114	13127	4991	654	-
6114	13127	4991	654	-
20312	4800	4991	655	-
16671	7215	4991	655	-
16671	7215	4991	655	-
16671	7215	4991	655	-
16671	7215	4991	655	-
16671	7215	4991	655	-
16671	7215	4991	655	-
16671	7215	4991	655	-
16671	7215	4991	656	-
16671	7215	4991	656	-
16671	7215	4991	657	-
16671	7215	4991	657	-
6114	9062	4991	657	-
6114	9062	4991	657	-
6114	7782	4991	657	-
6114	9062	4991	657	-
6114	9062	4991	657	-
6114	9062	4991	657	-
6114	9062	4991	657	-
21708	1398	4991	658	-
20312	4800	4991	660	-
20312	4800	28854	665	-
20312	4800	28854	670	-
20312	4800	28854	675	-
20312	4800	28854	680	-
7179	3611	28854	684	-
7179	3611	28854	684	-
7179	3611	28854	684	-
7179	3611	28854	684	-
7179	3611	28854	684	-
7179	3611	28854	684	-
7179	3611	28854	684	-
20312	4800	28854	685	-
6114	9062	28854	687	-
6114	9062	28854	687	-
6114	9062	28854	687	-
6114	7782	28854	687	-
6114	9062	28854	687	-
20312	4800	28854	690	-
20312	4800	28854	695	-
7179	3611	28854	695	-
7179	3611	28854	696	-
7179	3611	28854	696	-
7179	3611	28854	696	-
7179	3611	28854	696	-
7179	3611	28854	696	-
7179	3611	28854	696	-
20312	4800	28854	700	-
20312	4800	28854	705	-
20312	4800	28854	710	-
17624	3611	28854	714	-
17624	3611	28854	714	-
17624	3611	28854	714	-
17624	3611	28854	714	-
17624	3611	28854	714	-
17624	3611	28854	714	-
17624	3611	28854	714	-
20312	4800	28854	715	-
16409	4619	28854	719	-
16409	4619	28854	719	-
16409	4619	28854	719	-
16409	4619	28854	719	-
16409	4619	28854	719	-
16409	4619	28854	719	-
16409	4619	28854	719	-
16409	4619	28854	719	-
16409	4619	28854	719	-
16409	4619	28854	719	-
16409	4619	28854	719	-
16409	4619	28854	719	-
16409	4619	28854	719	-
16409	4619	28854	719	-
16409	4619	28854	719	-
16409	4619	28854	719	-
16409	4619	28854	719	-
16409	4619	28854	719	-
16409	4619	28854	719	-
16409	4619	28854	719	-
20312	4800	28854	720	-
21708	3076	28854	723	-
20312	4800	26056	725	-
19603	14437	26056	726	-
20312	4800	26056	731	-
21708	3076	26056	731	-
21708	3076	26056	731	-
21708	3076	26056	731	-
21708	3076	26056	731	-
21708	3076	26056	731	-
21708	3076	26056	731	-
21708	3076	26056	731	-
21708	3076	26056	731	-
21708	3076	26056	732	-
21708	3076	26056	732	-
21708	3076	26056	732	-
21708	3076	26056	732	-
21708	3076	26056	732	-
21708	3076	26056	732	-
21708	3076	26056	732	-
21708	3076	26056	732	-
21708	3076	26056	732	-
21708	3076	26056	732	-
21708	3076	26056	732	-
21708	3076	26056	732	-
21708	3076	26056	732	-
21708	6114	26056	732	-
21708	3076	26056	732	-
21708	3076	26056	732	-
21708	3076	26056	732	-
21708	3076	26056	732	-
21708	3076	26056	732	-
8294	11780	26056	733	nmap
20312	4800	26056	736	-
20312	4800	26056	741	-
20312	4800	26056	746	-
6114	18719	26056	748	-
6114	18719	26056	748	-
6114	18719	26056	748	-
6114	18719	26056	748	-
6114	18719	26056	749	-
6114	18719	26056	749	-
6114	18719	26056	749	-
6114	18719	26056	749	-
6114	18719	26056	749	-
6114	18719	26056	749	-
6114	18719	26056	749	-
6114	18719	26056	749	-
6114	18719	26056	749	-
20312	4800	26056	751	-
16409	22521	26056	752	-
20312	4800	26056	756	-
20312	4800	26056	761	-
14547	5938	26056	765	-
21708	19829	26056	765	-
21708	8524	26056	765	-
21708	8524	26056	765	-
21708	8524	26056	765	-
21708	19829	26056	765	-
21708	8524	26056	765	-
21708	19829	26056	765	-
21708	19829	26056	765	-
21708	19829	26056	765	-
21708	19829	26056	765	-
21708	19829	26056	765	-
21708	19829	26056	765	-
21708	19829	26056	765	-
21708	19829	26056	765	-
21708	19829	26056	765	-
21708	19829	26056	765	-
21708	19829	26056	765	-
20312	4800	26056	766	-
20312	4800	26056	771	-
16409	4619	26056	775	-
16409	4619	26056	775	-
20312	4800	26056	776	-
20312	4800	26056	781	-
20312	4800	19828	786	-
16409	16087	19828	788	-
16409	16087	19828	788	-
16409	16087	19828	788	-
20312	4800	19828	791	-
20312	4800	19828	796	-
16671	7215	19828	798	-
20312	4800	19828	801	-
20312	4800	19828	806	-
6114	9062	19828	806	-
20312	4800	19828	811	-
20312	4800	19828	816	-
6775	3461	19828	818	-
20312	4800	19828	821	-
20312	4800	19828	826	-
12332	3461	19828	829	-
20312	4800	19828	831	-
20312	4800	19828	836	-
20312	4800	19828	841	-
6775	3461	22360	845	-
20312	4800	22360	846	-
6775	3461	22360	850	-
20312	4800	22360	851	-
21708	20961	22360	851	-
21708	20961	22360	851	-
21708	20961	22360	851	-
21708	20961	22360	851	-
23317	5938	22360	851	-
21708	20961	22360	851	-
21708	20961	22360	852	-
21708	20961	22360	852	-
21708	20961	22360	852	-
21708	20961	22360	852	-
21708	20961	22360	852	-
21708	20961	22360	853	-
21708	20961	22360	853	-
21708	20961	22360	853	-
21708	20961	22360	854	-
21708	20961	22360	854	-
6775	3461	22360	854	-
21708	20961	22360	854	-
21708	20961	22360	855	-
21708	20961	22360	855	-
21708	20961	22360	855	-
21708	20961	22360	855	-
21708	20961	22360	855	-
21708	20961	22360	855	-
21708	20961	22360	855	-
21708	20961	22360	855	-
21708	20961	22360	855	-
21708	20961	22360	855	-
21708	20961	22360	855	-
21708	20961	22360	855	-
21708	20961	22360	855	-
21708	20961	22360	855	-
21708	20961	22360	855	-
21708	20961	22360	855	-
21708	20961	22360	855	-
21708	20961	22360	855	-
21708	20961	22360	855	-
21708	20961	22360	855	-
21708	20961	22360	855	-
21708	20961	22360	855	-
20312	4800	22360	856	-
20312	4800	22360	862	-
21708	19829	22360	863	-
21708	19829	22360	863	-
21708	19829	22360	863	-
21708	19829	22360	863	-
21708	19829	22360	863	-
21708	19829	22360	863	-
21708	19829	22360	863	-
21708	19829	22360	863	-
21708	19829	22360	863	-
21708	19829	22360	863	-
21708	19829	22360	863	-
21708	19829	22360	863	-
21708	19829	22360	863	-
21708	19829	22360	863	-
21708	19829	22360	863	-
21708	19829	22360	863	-
21708	19829	22360	864	-
21708	19829	22360	864	-
21708	19829	22360	864	-
21708	19829	22360	864	-
21708	19829	22360	864	-
17624	3611	22360	866	-
20312	4800	22360	867	-
17624	3611	22360	867	-
17624	3611	22360	867	-
17624	3611	22360	867	-
17624	3611	22360	867	-
6114	15121	22360	868	-
6114	15121	22360	868	-
6114	15121	22360	868	-
6114	15121	22360	868	-
6114	15978	22360	868	-
6114	15121	22360	868	-
6114	15121	22360	868	-
16409	19167	22360	869	-
16409	19167	22360	869	-
16409	19167	22360	869	-
16409	19167	22360	869	-
16409	19167	22360	869	-
16409	19167	22360	869	-
6114	15121	22360	869	-
6114	15121	22360	869	-
6114	19063	22360	869	-
6114	3689	22360	869	-
6114	20445	22360	869	-
6114	15121	22360	869	-
6114	15121	22360	869	-
6114	15121	22360	869	-
16409	19167	22360	869	-
16409	19167	22360	870	-
16409	19167	22360	870	-
16409	19167	22360	870	-
16409	19167	22360	870	-
20312	4800	22360	872	-
21708	19829	22360	873	-
21708	19829	22360	873	-
21708	3076	22360	874	-
20312	4800	22360	877	-
21708	3076	22360	881	-
21708	3076	22360	881	-
21708	3076	22360	881	-
21708	3076	22360	881	-
21708	3076	22360	881	-
21708	3076	22360	881	-
21708	3076	22360	881	-
21708	3076	22360	881	-
21708	3076	22360	881	-
21708	3076	22360	881	-
21708	3076	22360	881	-
21708	3076	22360	881	-
21708	3076	22360	881	-
16671	22275	22360	881	-
21708	3076	22360	882	-
20312	4800	22360	882	-
16671	17516	22360	882	-
21708	3076	22360	882	-
16671	17516	22360	882	-
21708	3076	22360	882	-
16671	17516	22360	882	-
21708	3076	22360	882	-
21708	3076	22360	882	-
21708	3076	22360	882	-
21708	3076	22360	882	-
21708	3076	22360	882	-
21708	3076	22360	882	-
21708	6114	22360	883	-
21708	3076	22360	883	-
21708	3076	22360	883	-
21708	3076	22360	883	-
21708	3076	22360	883	-
8294	11780	22360	884	nmap
8294	11780	22360	884	nmap
6114	18719	22360	885	-
6114	18719	22360	885	-
6114	18719	22360	885	-
6114	18719	22360	885	-
6114	18719	22360	885	-
6114	18719	22360	885	-
6114	18719	22360	885	-
20312	4800	22360	887	-
3611	13122	22360	890	-
20312	4800	22360	892	-
20312	4800	22360	897	-
20312	4800	22360	902	-
21708	19829	22360	903	-
21708	19829	22360	903	-
21708	8524	22360	903	-
21708	8524	22360	903	-
21708	8524	22360	903	-
21708	19829	22360	903	-
21708	8524	22360	903	-
21708	19829	22360	903	-
21708	19829	22360	903	-
21708	19829	22360	903	-
21708	19829	22360	903	-
21708	19829	22360	903	-
21708	19829	22360	903	-
21708	19829	22360	903	-
21708	19829	22360	903	-
21708	19829	22360	903	-
21708	19829	22360	903	-
20312	4800	23337	907	-
6114	3689	23337	908	-
6114	3689	23337	908	-
6114	3689	23337	908	-
6114	3689	23337	908	-
6114	3689	23337	908	-
6114	14903	23337	908	-
6114	3689	23337	908	-
6114	3689	23337	908	-
6114	3689	23337	908	-
6114	3689	23337	908	-
6114	3689	23337	908	-
6114	3689	23337	908	-
20312	4800	23337	912	-
3076	3461	23337	913	-
17624	3611	23337	915	-
20312	4800	23337	917	-
16671	12737	23337	921	-
16671	12737	23337	921	-
16671	12737	23337	921	-
20312	4800	23337	922	-
20312	4800	23337	927	-
16671	21708	23337	929	-
16671	6775	23337	932	-
20312	4800	23337	932	-
16671	10429	23337	933	-
16671	10429	23337	933	-
21708	3076	23337	933	-
16671	10429	23337	933	-
21708	3076	23337	934	-
21708	3076	23337	934	-
21708	3076	23337	934	-
21708	3076	23337	934	-
21708	3076	23337	934	-
21708	3076	23337	934	-
21708	3076	23337	934	-
21708	3076	23337	934	-
21708	20495	23337	934	-
21708	3076	23337	934	-
21708	3076	23337	934	-
20312	4800	23337	937	-
16671	17005	23337	939	-
20312	4800	23337	942	-
7215	5938	23337	945	-
6114	18719	23337	945	-
6114	18719	23337	945	-
6114	18719	23337	945	-
6114	18719	23337	945	-
6114	18719	23337	945	-
6114	18719	23337	945	-
20312	4800	23337	947	-
20312	4800	23337	952	-
20312	4800	23337	957	-
20312	4800	23337	962	-
3297	1964	42603	965	-
3297	1964	42603	965	-
20312	4800	42603	967	-
3297	22986	42603	967	-
20312	4800	42603	972	-
3297	21625	42603	972	-
3297	21625	42603	973	-
3297	21625	42603	973	-
3297	21625	42603	973	-
3297	21625	42603	973	-
3297	21625	42603	973	-
3297	21625	42603	973	-
3297	21625	42603	973	-
3297	21625	42603	973	-
3297	21625	42603	974	-
21708	13936	42603	976	-
20312	4800	42603	977	-
20312	4800	42603	982	-
7179	3611	42603	982	-
7179	3611	42603	982	-
20312	4800	42603	987	-
19531	15894	42603	988	-
6114	15516	42603	989	-
6114	15516	42603	989	-
6114	15516	42603	989	-
21708	3076	42603	990	-
20312	4800	42603	992	-
6114	17942	42603	992	-
6114	17942	42603	992	-
6114	17942	42603	992	-
6114	12819	42603	992	-
6114	17942	42603	992	-
6114	23074	42603	992	-
20312	4800	42603	997	-
21708	3076	42603	1001	-
21708	3076	42603	1001	-
21708	3076	42603	1001	-
21708	3076	42603	1001	-
21708	3076	42603	1001	-
21708	3076	42603	1001	-
21708	3076	42603	1001	-
21708	3076	42603	1001	-
21708	3076	42603	1001	-
21708	3076	42603	1001	-
21708	3076	42603	1001	-
21708	3076	42603	1001	-
21708	3076	42603	1001	-
21708	3076	42603	1001	-
21708	3076	42603	1001	-
21708	3076	42603	1001	-
21708	3076	42603	1001	-
21708	3076	42603	1001	-
21708	3076	42603	1001	-
21708	3076	42603	1001	-
21708	3076	42603	1001	-
21708	3076	42603	1001	-
21708	3076	42603	1001	-
21708	3076	42603	1001	-
21708	3076	42603	1001	-
21708	3076	42603	1001	-
21708	3076	42603	1002	-
21708	3076	42603	1002	-
21708	3076	42603	1002	-
21708	3076	42603	1002	-
21708	3076	42603	1002	-
21708	3076	42603	1002	-
21708	3076	42603	1002	-
20312	4800	42603	1002	-
21708	3076	42603	1002	-
21708	3076	42603	1002	-
21708	3076	42603	1002	-
21708	3076	42603	1002	-
21708	3076	42603	1004	-
21708	3076	42603	1004	-
21708	3076	42603	1004	-
21708	3076	42603	1004	-
21708	3076	42603	1004	-
21708	3076	42603	1004	-
21708	3076	42603	1004	-
21708	3076	42603	1004	-
21708	3076	42603	1004	-
21708	3076	42603	1004	-
21708	3076	42603	1004	-
21708	3076	42603	1004	-
21708	3076	42603	1004	-
21708	3076	42603	1004	-
21708	3076	42603	1004	-
20312	4800	42603	1008	-
16671	6775	42603	1011	-
16671	19603	42603	1011	-
20312	4800	42603	1013	-
20312	4800	42603	1018	-
21708	3076	42603	1018	-
21708	3076	42603	1018	-
21708	3076	42603	1018	-
21708	3076	42603	1018	-
21708	3076	42603	1018	-
21708	3076	42603	1019	-
21708	3076	42603	1019	-
21708	3076	42603	1019	-
21708	3076	42603	1019	-
21708	3076	42603	1020	-
21708	3076	42603	1020	-
21708	3076	42603	1020	-
21708	3076	42603	1021	-
21708	3076	42603	1021	-
21708	3076	42603	1021	-
21708	3076	42603	1022	-
21708	3076	42603	1022	-
21708	3076	42603	1022	-
21708	3076	42603	1022	-
21708	3076	42603	1022	-
21708	3076	42603	1022	-
21708	3076	42603	1022	-
21708	3076	42603	1022	-
21708	3076	42603	1022	-
21708	3076	42603	1022	-
21708	3076	42603	1022	-
21708	3076	42603	1022	-
21708	3076	42603	1022	-
21708	3076	42603	1022	-
21708	3076	42603	1022	-
21708	3076	42603	1022	-
21708	3076	42603	1022	-
21708	3076	42603	1022	-
21708	3076	42603	1022	-
20312	4800	42603	1023	-
21708	3076	42603	1023	-
21708	3076	42603	1023	-
21708	3076	42603	1023	-
10571	3461	2526	1027	-
20312	4800	2526	1028	-
20312	4800	2526	1033	-
8294	11780	2526	1035	nmap
21708	18609	2526	1036	-
21708	13015	2526	1036	-
20312	4800	2526	1038	-
3297	21625	2526	1039	-
3297	21625	2526	1039	-
3297	21625	2526	1039	-
16671	13000	2526	1040	-
16671	13000	2526	1040	-
16671	13000	2526	1040	-
16671	13000	2526	1041	-
16671	13000	2526	1041	-
20312	4800	2526	1043	-
20312	4800	2526	1048	-
20312	4800	2526	1053	-
21708	3076	2526	1055	-
20312	4800	2526	1058	-
21708	3076	2526	1060	-
21708	3076	2526	1060	-
21708	3076	2526	1060	-
21708	3076	2526	1060	-
21708	3076	2526	1060	-
21708	3076	2526	1060	-
21708	3076	2526	1060	-
21708	3076	2526	1060	-
21708	3076	2526	1061	-
21708	3076	2526	1061	-
21708	3076	2526	1061	-
21708	3076	2526	1061	-
21708	3076	2526	1061	-
21708	3076	2526	1061	-
21708	6114	2526	1061	-
21708	3076	2526	1061	-
21708	3076	2526	1061	-
21708	3076	2526	1061	-
21708	3076	2526	1061	-
21708	3076	2526	1061	-
21708	3076	2526	1061	-
21708	3076	2526	1061	-
21708	3076	2526	1061	-
21708	3076	2526	1061	-
21708	3076	2526	1061	-
21708	3076	2526	1061	-
21708	3076	2526	1061	-
20312	4800	2526	1063	-
20312	4800	2526	1068	-
20312	4800	2526	1073	-
19603	3461	2526	1075	-
3957	587	2526	1077	-
7215	13122	2526	1077	-
20312	4800	2526	1078	-
6114	15516	2526	1078	-
6114	15516	2526	1078	-
6114	15516	2526	1078	-
6114	15516	2526	1078	-
16409	19167	37338	1084	-
16409	19167	37338	1084	-
20312	4800	37338	1084	-
16409	19167	37338	1084	-
16409	19167	37338	1084	-
16409	19167	37338	1084	-
16409	19167	37338	1084	-
16409	19167	37338	1084	-
20312	4800	37338	1089	-
15394	4800	37338	1089	-
23317	882	37338	1089	-
20312	4800	37338	1094	-
20312	4800	37338	1099	-
20312	4800	37338	1104	-
3297	21625	37338	1107	-
3297	21625	37338	1108	-
16671	13000	37338	1108	-
16671	13000	37338	1108	-
16671	13000	37338	1108	-
16671	13000	37338	1108	-
16671	13000	37338	1108	-
16671	13000	37338	1108	-
16671	13000	37338	1108	-
16671	13000	37338	1108	-
16671	13000	37338	1108	-
16671	13000	37338	1108	-
16671	13000	37338	1108	-
3297	21625	37338	1108	-
16671	13000	37338	1108	-
20312	4800	37338	1109	-
16671	13000	37338	1110	-
16671	13000	37338	1110	-
16671	13000	37338	1110	-
20312	4800	37338	1114	-
6114	21426	37338	1119	-
20312	4800	37338	1119	-
6114	21426	37338	1120	-
6114	21426	37338	1120	-
6114	21426	37338	1120	-
6114	21426	37338	1120	-
6114	21426	37338	1120	-
6114	21426	37338	1120	-
6114	21426	37338	1120	-
6114	21426	37338	1120	-
6114	21426	37338	1120	-
6114	21426	37338	1120	-
6114	21426	37338	1120	-
6114	21426	37338	1120	-
6114	21426	37338	1120	-
6114	21426	37338	1120	-
6114	21426	37338	1120	-
6114	21426	37338	1120	-
6114	21426	37338	1120	-
6114	21426	37338	1120	-
6114	21426	37338	1120	-
6114	21426	37338	1120	-
6114	21426	37338	1120	-
6114	21426	37338	1120	-
6114	21426	37338	1120	-
6114	21426	37338	1120	-
6114	21426	37338	1120	-
6114	21426	37338	1120	-
6114	21426	37338	1120	-
6114	21426	37338	1120	-
20312	4800	37338	1124	-
16671	2234	37338	1126	-
16671	2234	37338	1126	-
20312	4800	37338	1129	-
21708	6157	37338	1133	-
21708	18718	37338	1133	-
20312	4800	37338	1134	-
6114	21426	37338	1136	-
6114	21426	37338	1136	-
6114	21426	37338	1136	-
6114	21426	37338	1136	-
6114	21426	37338	1136	-
6114	21426	37338	1136	-
6114	21426	37338	1136	-
6114	21426	37338	1136	-
6114	21426	37338	1136	-
6114	21426	37338	1136	-
6114	21426	37338	1136	-
6114	21426	37338	1136	-
6114	21426	37338	1136	-
6114	21426	37338	1136	-
6114	21426	37338	1136	-
6114	21426	37338	1136	-
6114	21426	37338	1136	-
6114	21426	37338	1136	-
6114	21426	37338	1136	-
6114	21426	37338	1136	-
6114	21426	37338	1136	-
6114	21426	37338	1137	-
6114	21426	37338	1137	-
6114	21426	37338	1137	-
20312	4800	37338	1139	-
21708	6114	37338	1141	-
20312	4800	42528	1144	-
7215	5938	42528	1145	-
16671	13122	42528	1145	-
10429	15667	42528	1146	-
21708	6157	42528	1147	-
21708	6157	42528	1148	-
21708	14263	42528	1148	-
21708	6157	42528	1148	-
21708	3858	42528	1148	-
21708	6157	42528	1148	-
21708	6157	42528	1148	-
21708	6157	42528	1148	-
21708	6157	42528	1148	-
21708	6157	42528	1148	-
21708	14263	42528	1148	-
21708	14263	42528	1148	-
21708	6157	42528	1148	-
21708	6157	42528	1148	-
21708	6157	42528	1148	-
21708	6157	42528	1148	-
21708	6157	42528	1148	-
21708	6157	42528	1148	-
21708	6157	42528	1148	-
21708	6157	42528	1148	-
20312	4800	42528	1149	-
21708	6157	42528	1149	-
21708	6157	42528	1149	-
21708	6157	42528	1149	-
17624	16332	42528	1150	-
17624	16332	42528	1152	-
21708	6157	42528	1152	-
21708	10812	42528	1152	-
20312	4800	42528	1154	-
17624	16332	42528	1154	-
17624	16332	42528	1156	-
21708	18682	42528	1157	-
21708	6157	42528	1158	-
21708	6157	42528	1158	-
21708	6157	42528	1158	-
21708	6157	42528	1158	-
21708	6157	42528	1158	-
21708	6157	42528	1158	-
21708	6157	42528	1158	-
21708	14263	42528	1158	-
21708	6157	42528	1158	-
21708	6157	42528	1158	-
21708	6157	42528	1158	-
21708	6157	42528	1158	-
21708	6157	42528	1158	-
21708	6157	42528	1158	-
21708	6157	42528	1158	-
21708	14263	42528	1158	-
21708	3858	42528	1158	-
21708	6157	42528	1158	-
21708	14263	42528	1158	-
21708	6157	42528	1158	-
21708	18682	42528	1158	-
21708	6157	42528	1158	-
21708	6157	42528	1158	-
17624	16332	42528	1159	-
20312	4800	42528	1159	-
3297	21625	42528	1161	-
3297	21625	42528	1161	-
3297	21625	42528	1161	-
3297	21625	42528	1161	-
3297	21625	42528	1161	-
3297	21625	42528	1161	-
3297	21625	42528	1161	-
3297	21625	42528	1161	-
3297	21625	42528	1161	-
3297	21625	42528	1161	-
6114	6083	42528	1163	-
6114	6083	42528	1163	-
6114	6083	42528	1163	-
6114	6083	42528	1163	-
6114	6083	42528	1163	-
6114	6083	42528	1163	-
6114	6083	42528	1163	-
6114	6083	42528	1163	-
6114	6083	42528	1163	-
6114	6083	42528	1163	-
6114	6083	42528	1163	-
6114	6083	42528	1163	-
6114	6083	42528	1163	-
6114	6083	42528	1163	-
6114	6083	42528	1163	-
6114	6083	42528	1163	-
6114	6083	42528	1163	-
6114	6083	42528	1163	-
6114	6083	42528	1163	-
6114	6083	42528	1163	-
6114	6083	42528	1163	-
6114	6083	42528	1163	-
6114	6083	42528	1163	-
6114	6083	42528	1163	-
6114	6083	42528	1163	-
6114	6083	42528	1163	-
20312	4800	42528	1164	-
20312	4800	42528	1169	-
20312	4800	42528	1174	-
7179	3611	42528	1176	-
7179	3611	42528	1176	-
7179	3611	42528	1176	-
7179	3611	42528	1176	-
7179	3611	42528	1176	-
7179	3611	42528	1176	-
7179	3611	42528	1176	-
20312	4800	42528	1179	-
6114	3357	42528	1182	-
6114	3357	42528	1182	-
6114	3357	42528	1182	-
6114	3357	42528	1182	-
6114	3357	42528	1182	-
6114	3357	42528	1182	-
6114	3357	42528	1182	-
6114	3357	42528	1182	-
20312	4800	42528	1184	-
17624	3611	42528	1186	-
17624	3611	42528	1186	-
17624	3611	42528	1186	-
17624	3611	42528	1186	-
17624	3611	42528	1186	-
17624	3611	42528	1186	-
8294	11780	42528	1186	nmap
8294	11780	42528	1186	nmap
17624	3611	42528	1186	-
16671	12985	42528	1188	-
20312	4800	42528	1189	-
6114	15516	42528	1189	-
6114	15516	42528	1192	-
20312	4800	42528	1194	-
10571	14437	42528	1195	-
21708	8530	42528	1197	-
20312	4800	42528	1199	-
21708	8530	42528	1199	-
21708	8530	42528	1199	-
10571	14437	42528	1199	-
21708	8530	42528	1200	-
21708	8530	42528	1200	-
21708	8530	42528	1200	-
21708	8530	42528	1201	-
21708	8530	42528	1201	-
21708	8530	42528	1201	-
21708	8530	42528	1201	-
21708	8530	42528	1201	-
21708	8530	42528	1201	-
21708	8530	42528	1201	-
21708	8530	42528	1201	-
21708	8530	42528	1201	-
21708	20495	42528	1201	-
21708	8530	42528	1201	-
21708	8530	42528	1201	-
21708	8530	42528	1201	-
21708	8530	42528	1201	-
21708	8530	42528	1201	-
21708	8530	42528	1201	-
21708	8530	42528	1201	-
21708	8530	42528	1201	-
21708	8530	42528	1202	-
21708	8530	42528	1202	-
21708	8530	42528	1202	-
21708	8530	42528	1202	-
21708	8530	42528	1202	-
21708	8530	42528	1202	-
21708	8530	42528	1202	-
21708	8530	42528	1202	-
21708	8530	42528	1202	-
21708	8530	42528	1202	-
21708	8530	42528	1202	-
21708	8530	42528	1202	-
21708	8530	42528	1202	-
21708	8530	42528	1202	-
21708	8530	42528	1202	-
21708	8530	42528	1202	-
21708	8530	42528	1202	-
21708	8530	42528	1202	-
16671	13000	42528	1202	-
16671	13000	42528	1202	-
16671	13000	42528	1202	-
16671	13000	42528	1202	-
16671	13000	42528	1202	-
16671	13000	42528	1202	-
16671	13000	42528	1202	-
16671	13000	42528	1203	-
16671	13000	42528	1203	-
16671	13000	42528	1203	-
16671	13000	42528	1203	-
16671	13000	42528	1203	-
16671	13000	42528	1203	-
16671	13000	42528	1203	-
16671	13000	42528	1203	-
20312	4800	15586	1204	-
20312	4800	15586	1210	-
20312	3297	15586	1211	-
20312	4800	15586	1215	-
23317	5938	15586	1215	-
20312	4800	15586	1220	-
20312	4800	15586	1225	-
16671	13000	15586	1229	-
16671	13000	15586	1229	-
16671	13000	15586	1229	-
16671	13000	15586	1229	-
16671	13000	15586	1229	-
16671	13000	15586	1229	-
20312	4800	15586	1230	-
16671	13000	15586	1230	-
16671	13000	15586	1230	-
16671	13000	15586	1230	-
16671	13000	15586	1230	-
16671	13000	15586	1230	-
16671	13000	15586	1230	-
16671	13000	15586	1230	-
16671	13000	15586	1230	-
12332	3461	15586	1231	-
20312	4800	15586	1235	-
20312	4800	15586	1240	-
6114	3389	15586	1242	-
6114	3389	15586	1243	-
20312	4800	15586	1245	-
21708	8530	15586	1249	-
20312	4800	15586	1250	-
21708	8530	15586	1250	-
21708	8530	15586	1250	-
21708	8530	15586	1250	-
21708	8530	15586	1250	-
21708	8530	15586	1250	-
21708	8530	15586	1250	-
21708	8530	15586	1250	-
20312	4800	15586	1255	-
20312	4800	15586	1260	-
21708	6157	15586	1260	-
20312	4800	34689	1265	-
20312	4800	34689	1270	-
3297	21625	34689	1270	-
3297	21625	34689	1271	-
3297	21625	34689	1271	-
3297	21625	34689	1271	-
3297	21625	34689	1271	-
3297	21625	34689	1271	-
3297	21625	34689	1271	-
3297	21625	34689	1271	-
20312	4800	34689	1275	-
21708	6157	34689	1276	-
21708	6157	34689	1276	-
21708	3858	34689	1276	-
21708	6157	34689	1276	-
21708	6157	34689	1276	-
21708	6157	34689	1276	-
21708	6157	34689	1276	-
21708	6157	34689	1276	-
21708	6157	34689	1276	-
21708	6157	34689	1276	-
21708	6157	34689	1276	-
21708	6157	34689	1276	-
21708	6157	34689	1276	-
21708	6157	34689	1276	-
21708	6157	34689	1276	-
21708	14263	34689	1276	-
21708	6157	34689	1276	-
21708	6157	34689	1276	-
21708	6157	34689	1276	-
21708	14263	34689	1276	-
21708	14263	34689	1276	-
21708	6157	34689	1276	-
21708	6157	34689	1276	-
16671	13000	34689	1277	-
16671	13000	34689	1277	-
16671	13000	34689	1277	-
16671	13000	34689	1277	-
16671	13000	34689	1277	-
16671	13000	34689	1277	-
16671	13000	34689	1277	-
16671	13000	34689	1277	-
16671	13000	34689	1277	-
16671	13000	34689	1277	-
16671	13000	34689	1278	-
16671	13000	34689	1278	-
16671	13000	34689	1278	-
16671	13000	34689	1278	-
16671	13000	34689	1278	-
20312	4800	34689	1280	-
6114	18715	34689	1285	-
6114	18715	34689	1285	-
20312	4800	34689	1285	-
20312	4800	34689	1290	-
20312	4800	34689	1295	-
16671	13000	34689	1297	-
16671	13000	34689	1297	-
16671	13000	34689	1297	-
16671	13000	34689	1297	-
16671	13000	34689	1297	-
20312	4800	34689	1300	-
20312	4800	34689	1305	-
20312	4800	34689	1310	-
20312	4800	34689	1315	-
6775	16593	34689	1318	-
20312	4800	34689	1320	-
20312	4800	42065	1325	-
21708	8530	42065	1330	-
20312	4800	42065	1330	-
21708	8530	42065	1330	-
21708	8530	42065	1330	-
21708	8530	42065	1330	-
21708	8530	42065	1330	-
21708	8530	42065	1330	-
21708	8530	42065	1330	-
21708	8530	42065	1330	-
20312	4800	42065	1335	-
6114	15516	42065	1336	-
6114	15516	42065	1336	-
6114	15516	42065	1336	-
8294	11780	42065	1337	nmap
20312	4800	42065	1340	-
20312	4800	42065	1346	-
16671	13000	42065	1350	-
16671	13000	42065	1350	-
16671	13000	42065	1350	-
16671	13000	42065	1350	-
16671	13000	42065	1350	-
16671	13000	42065	1350	-
16671	13000	42065	1350	-
16671	13000	42065	1350	-
16671	13000	42065	1350	-
16671	13000	42065	1350	-
16671	13000	42065	1350	-
16671	13000	42065	1350	-
16671	13000	42065	1350	-
16671	13000	42065	1350	-
16671	13000	42065	1350	-
16671	13000	42065	1350	-
16671	13000	42065	1350	-
16671	13000	42065	1350	-
16671	13000	42065	1350	-
16671	13000	42065	1350	-
16671	13000	42065	1350	-
16671	13000	42065	1350	-
16671	13000	42065	1350	-
16671	13000	42065	1350	-
20312	4800	42065	1351	-
20312	4800	42065	1356	-
17624	3611	42065	1356	-
17624	3611	42065	1356	-
17624	3611	42065	1356	-
20312	2843	42065	1358	-
20312	4800	42065	1361	-
16671	13000	42065	1365	-
16671	13000	42065	1365	-
16671	13000	42065	1365	-
16671	13000	42065	1365	-
16671	13000	42065	1365	-
16671	13000	42065	1365	-
16671	13000	42065	1365	-
16671	13000	42065	1365	-
20312	4800	42065	1366	-
21708	8530	42065	1366	-
21708	8530	42065	1369	-
21708	8530	42065	1370	-
21708	8530	42065	1370	-
20312	4800	42065	1371	-
21708	8530	42065	1371	-
21708	8530	42065	1371	-
21708	8530	42065	1371	-
21708	8530	42065	1371	-
21708	8530	42065	1372	-
21708	8530	42065	1372	-
21708	8530	42065	1372	-
21708	8530	42065	1373	-
21708	8530	42065	1373	-
21708	8530	42065	1373	-
21708	8530	42065	1373	-
21708	8530	42065	1373	-
21708	8530	42065	1373	-
21708	8530	42065	1373	-
21708	8530	42065	1373	-
21708	8530	42065	1374	-
21708	8530	42065	1374	-
21708	8530	42065	1374	-
21708	8530	42065	1374	-
21708	8530	42065	1374	-
21708	8530	42065	1374	-
21708	8530	42065	1374	-
21708	8530	42065	1374	-
21708	8530	42065	1374	-
21708	8530	42065	1374	-
21708	8530	42065	1374	-
21708	8530	42065	1374	-
21708	8530	42065	1374	-
21708	8530	42065	1374	-
21708	8530	42065	1374	-
21708	8530	42065	1374	-
21708	8530	42065	1374	-
21708	8530	42065	1374	-
20312	4800	42065	1376	-
6114	23074	42065	1376	-
6114	23074	42065	1376	-
6114	23074	42065	1376	-
20312	4800	42065	1381	-
10571	23167	42065	1382	-
20312	4800	29365	1386	-
20312	4800	29365	1391	-
6114	3576	29365	1392	-
6114	3576	29365	1392	-
6114	3576	29365	1392	-
6114	3576	29365	1392	-
6114	3576	29365	1392	-
6114	3576	29365	1392	-
6114	3576	29365	1392	-
6114	3576	29365	1392	-
6114	3576	29365	1392	-
6114	3576	29365	1392	-
6114	3576	29365	1392	-
6114	3576	29365	1392	-
6114	3576	29365	1392	-
21708	1630	29365	1392	-
6114	3576	29365	1392	-
6114	3576	29365	1392	-
6114	3576	29365	1392	-
21708	6157	29365	1392	-
21708	6157	29365	1393	-
21708	6157	29365	1393	-
21708	6157	29365	1393	-
21708	6157	29365	1393	-
21708	6157	29365	1393	-
21708	6157	29365	1393	-
21708	6157	29365	1393	-
21708	6157	29365	1393	-
21708	6157	29365	1393	-
21708	6157	29365	1393	-
21708	6157	29365	1393	-
21708	6157	29365	1393	-
21708	6157	29365	1394	-
21708	6157	29365	1394	-
21708	6157	29365	1394	-
20312	4800	29365	1396	-
20312	4800	29365	1401	-
20312	4800	29365	1406	-
20367	19350	29365	1406	-
3957	19531	29365	1406	-
16671	13000	29365	1407	-
16671	13000	29365	1407	-
16671	13000	29365	1407	-
16671	13000	29365	1407	-
16671	13000	29365	1407	-
16671	13000	29365	1407	-
16671	13000	29365	1407	-
16671	13000	29365	1407	-
20312	4800	29365	1411	-
19603	8452	29365	1416	-
20312	4800	29365	1416	-
16671	20196	29365	1417	-
16671	20196	29365	1417	-
16671	20196	29365	1417	-
16671	20196	29365	1417	-
16671	20196	29365	1417	-
16671	20196	29365	1418	-
16671	20196	29365	1418	-
16671	20196	29365	1418	-
19603	4981	29365	1419	-
20312	4800	29365	1421	-
20312	4800	29365	1426	-
3076	3297	29365	1429	-
20312	4800	29365	1431	-
3957	15667	29365	1435	-
20312	4800	29365	1436	-
20312	4800	29365	1441	-
16671	20196	29365	1443	-
20312	4800	42007	1446	-
20312	4800	42007	1451	-
20312	4800	42007	1456	-
11001	19531	42007	1457	-
20312	4800	42007	1461	-
12985	19531	42007	1463	-
12985	15667	42007	1463	-
20312	4800	42007	1467	-
6114	16656	42007	1469	-
6114	16656	42007	1469	-
6114	16656	42007	1469	-
6114	16656	42007	1469	-
6114	16656	42007	1469	-
6114	16656	42007	1469	-
20312	4800	42007	1472	-
20312	4800	42007	1477	-
20312	4800	42007	1482	-
20367	587	42007	1485	-
20312	4800	42007	1487	-
8294	11780	42007	1488	nmap
8294	11780	42007	1488	nmap
20312	4800	42007	1492	-
14547	11900	42007	1492	-
21708	6157	42007	1495	-
21708	6157	42007	1495	-
21708	6157	42007	1495	-
21708	6157	42007	1495	-
21708	6157	42007	1495	-
21708	6157	42007	1495	-
21708	6157	42007	1495	-
21708	6157	42007	1495	-
21708	6157	42007	1495	-
21708	6157	42007	1495	-
6114	16656	42007	1496	-
6114	16656	42007	1496	-
20312	4800	42007	1497	-
20312	4800	42007	1502	-
21708	8530	9579	1504	-
21708	8530	9579	1505	-
21708	8530	9579	1505	-
21708	8530	9579	1505	-
21708	8530	9579	1505	-
21708	8530	9579	1505	-
21708	8530	9579	1505	-
21708	8530	9579	1505	-
20312	4800	9579	1507	-
20312	4800	9579	1512	-
20312	4800	9579	1517	-
20312	4800	9579	1522	-
20312	4800	9579	1527	-
16671	21708	9579	1527	-
21708	8530	9579	1530	-
20312	4800	9579	1532	-
20312	4800	9579	1537	-
3297	1001	9579	1537	-
21708	8530	9579	1537	-
21708	8530	9579	1537	-
21708	8530	9579	1538	-
20312	4800	9579	1542	-
16671	13000	9579	1543	-
16671	13000	9579	1543	-
16671	13000	9579	1543	-
16671	13000	9579	1543	-
16671	13000	9579	1543	-
16671	13000	9579	1543	-
16671	13000	9579	1543	-
16671	13000	9579	1543	-
20312	4800	9579	1547	-
20312	4800	9579	1552	-
16671	21708	9579	1554	-
20312	4800	9579	1557	-
20312	4800	9579	1562	-
20312	4800	19464	1567	-
3297	21625	19464	1571	-
17624	3611	19464	1571	-
17624	3611	19464	1571	-
17624	3611	19464	1571	-
17624	3611	19464	1571	-
20312	4800	19464	1572	-
17624	3611	19464	1572	-
17624	3611	19464	1572	-
17624	3611	19464	1572	-
3297	21625	19464	1572	-
3297	21625	19464	1572	-
21708	16772	19464	1574	-
21708	16772	19464	1574	-
21708	16772	19464	1574	-
21708	16772	19464	1574	-
21708	16772	19464	1574	-
21708	16772	19464	1574	-
21708	16772	19464	1575	-
21708	16772	19464	1575	-
20312	4800	19464	1577	-
21708	6157	19464	1577	-
21708	6157	19464	1577	-
21708	6157	19464	1577	-
21708	6157	19464	1577	-
21708	6157	19464	1577	-
21708	6157	19464	1577	-
21708	6157	19464	1577	-
23317	5938	19464	1577	-
21708	6157	19464	1577	-
21708	6157	19464	1577	-
20312	4800	19464	1582	-
20312	4800	19464	1587	-
20312	4800	19464	1592	-
20312	4800	19464	1598	-
3957	15394	19464	1599	-
14547	5938	19464	1600	-
20312	4800	19464	1603	-
7179	14437	19464	1604	-
20312	4800	19464	1608	-
10429	5938	19464	1608	-
20312	4800	19464	1613	-
882	4981	19464	1617	-
20312	4800	19464	1618	-
21708	6157	19464	1620	-
882	4981	19464	1620	-
21708	6157	19464	1621	-
21708	6157	19464	1621	-
21708	6157	19464	1621	-
21708	6157	19464	1621	-
21708	6157	19464	1621	-
21708	6157	19464	1621	-
21708	6157	19464	1621	-
21708	6157	19464	1621	-
21708	6157	19464	1621	-
21708	17005	19464	1622	-
20312	4800	19464	1623	-
20312	4800	30372	1628	-
20312	4800	30372	1633	-
20312	4800	30372	1638	-
8294	11780	30372	1639	nmap
20312	4800	30372	1643	-
3297	21625	30372	1645	-
3297	21625	30372	1645	-
3297	21625	30372	1645	-
3297	21625	30372	1645	-
3297	21625	30372	1645	-
3297	21625	30372	1645	-
3297	21625	30372	1646	-
3297	21625	30372	1646	-
3297	21625	30372	1646	-
3297	21625	30372	1646	-
3076	14437	30372	1647	-
20312	4800	30372	1648	-
882	2843	30372	1650	-
20312	4800	30372	1653	-
20312	4800	30372	1658	-
20312	4800	30372	1663	-
20312	4800	30372	1668	-
20312	4800	30372	1673	-
16671	18749	30372	1675	-
16671	18749	30372	1675	-
16671	18749	30372	1675	-
16671	18749	30372	1675	-
16671	18749	30372	1675	-
16671	18749	30372	1675	-
16671	18749	30372	1675	-
20312	4800	30372	1678	-
882	23167	30372	1682	-
20312	4800	30372	1683	-
16671	7552	18318	1687	-
16671	7552	18318	1687	-
16671	7552	18318	1687	-
16671	7552	18318	1687	-
16671	7552	18318	1687	-
21708	6157	18318	1687	-
16671	7552	18318	1687	-
16671	7552	18318	1687	-
16671	7552	18318	1687	-
16671	7552	18318	1687	-
16671	7552	18318	1688	-
16671	7552	18318	1688	-
16671	7552	18318	1688	-
20312	4800	18318	1688	-
16671	7552	18318	1688	-
15394	4800	18318	1689	-
23317	882	18318	1689	-
20312	4800	18318	1693	-
6114	16656	18318	1693	-
20312	4800	18318	1698	-
16671	7552	18318	1700	-
16671	7552	18318	1700	-
16671	7552	18318	1700	-
16671	7552	18318	1700	-
16671	7552	18318	1700	-
16671	7552	18318	1700	-
16671	7552	18318	1700	-
16671	7552	18318	1700	-
16671	7552	18318	1700	-
16671	7552	18318	1700	-
16671	7552	18318	1700	-
20312	4800	18318	1703	-
21708	12737	18318	1708	-
21708	12737	18318	1708	-
21708	12737	18318	1708	-
20312	4800	18318	1708	-
21708	2025	18318	1712	-
21708	12737	18318	1712	-
11001	19531	18318	1714	-
20312	4800	18318	1714	-
20312	4800	18318	1719	-
20312	4800	18318	1724	-
6775	2843	18318	1724	-
17624	9554	18318	1724	-
19603	8452	18318	1725	-
12332	2843	18318	1726	-
13993	11900	18318	1727	-
20312	4800	18318	1729	-
19603	4981	18318	1732	-
3297	8644	18318	1733	-
20312	4800	18318	1734	-
3297	16540	18318	1736	-
16671	3075	18318	1739	-
20312	4800	18318	1739	-
16671	3075	18318	1739	-
16671	3075	18318	1739	-
16671	3075	18318	1740	-
16671	3075	18318	1740	-
16671	3075	18318	1740	-
16671	3075	18318	1740	-
16671	3075	18318	1740	-
16671	3075	18318	1740	-
16671	3075	18318	1740	-
20312	4800	38948	1744	-
7215	5938	38948	1745	-
3957	11900	38948	1748	-
20312	4800	38948	1749	-
20312	4800	38948	1754	-
17624	3611	38948	1754	-
21708	9121	38948	1756	-
21708	16772	38948	1758	-
21708	16772	38948	1758	-
21708	16772	38948	1758	-
20312	4800	38948	1759	-
21708	12737	38948	1759	-
21708	9121	38948	1759	-
21708	12737	38948	1759	-
21708	12737	38948	1759	-
21708	9121	38948	1759	-
21708	9121	38948	1759	-
21708	9121	38948	1759	-
21708	9121	38948	1759	-
21708	9121	38948	1759	-
21708	9121	38948	1759	-
21708	9121	38948	1759	-
21708	9121	38948	1759	-
21708	9121	38948	1759	-
21708	9121	38948	1759	-
21708	9121	38948	1759	-
21708	9121	38948	1759	-
21708	9121	38948	1760	-
21708	12737	38948	1760	-
21708	9121	38948	1760	-
21708	9121	38948	1760	-
21708	9121	38948	1760	-
21708	9121	38948	1760	-
3957	5938	38948	1761	-
20312	4800	38948	1764	-
16671	3075	38948	1766	-
16671	3075	38948	1766	-
16671	3075	38948	1766	-
20312	4800	38948	1769	-
10429	19531	38948	1772	-
20312	4800	38948	1774	-
20312	4800	38948	1779	-
7215	15894	38948	1782	-
20312	4800	38948	1784	-
17624	3611	38948	1786	-
17624	3611	38948	1786	-
17624	3611	38948	1786	-
17624	3611	38948	1786	-
17624	3611	38948	1786	-
17624	3611	38948	1786	-
17624	3611	38948	1786	-
20312	4800	38948	1789	-
12985	5938	38948	1789	-
8294	11780	38948	1790	nmap
8294	11780	38948	1790	nmap
20312	4800	38948	1794	-
