10571	2843	16984	0	-
16409	14547	34375	4	-
13993	6687	34375	9	-
16671	19531	34375	9	-
3076	16593	34375	10	-
10571	3461	34375	10	-
17624	14437	34375	10	-
16409	5750	34375	11	-
3957	15394	34375	16	-
17624	23167	34375	16	-
14547	22986	34375	17	-
14547	1633	34375	17	-
17624	4981	34375	17	-
17624	16593	34375	19	-
19839	19834	34375	21	-
882	3611	34375	21	-
16409	5750	34375	26	-
5954	8452	34375	30	nmap
10429	11900	34375	32	-
7782	1633	34375	33	-
16409	5750	34375	35	-
3957	11900	34375	35	-
3374	836	4569	66	-
10429	20961	4569	67	-
13993	15506	4569	70	-
16409	5750	4569	71	-
3297	17005	4569	78	-
8048	3461	4569	78	-
8048	8452	4569	79	-
10429	3076	4569	82	-
10429	8888	4569	89	-
5954	8452	4569	91	nmap
10429	8888	4569	97	-
10429	8888	4569	101	-
7179	3611	4569	102	-
12332	3297	4569	105	-
7179	23167	4569	108	-
7179	3297	4569	108	-
19839	15894	4569	109	-
7179	4981	4569	109	-
7179	3611	4569	109	-
7179	16531	4569	110	-
7179	16332	4569	112	-
12332	14437	4569	112	-
12332	3611	4569	114	-
13993	15839	4569	114	-
19839	21708	4569	114	-
12332	3297	4569	114	-
12332	4981	4569	115	-
11001	3374	4569	116	-
12332	16593	4569	116	-
11001	3374	43494	123	-
11001	19531	43494	124	-
13993	3680	43494	125	-
3957	19531	43494	126	-
14547	11900	43494	131	-
3297	7215	43494	140	-
10429	5938	43494	142	-
10429	15894	43494	143	-
10429	1883	43494	146	-
12985	11900	43494	149	-
12985	19834	43494	149	-
10429	1883	43494	150	-
5954	8452	43494	152	nmap
882	14437	43494	154	-
19839	19834	43494	154	-
882	3611	43494	154	-
16409	17005	43494	155	-
13993	3507	43494	156	-
7782	11900	43494	161	-
11001	5938	43494	162	-
16409	17005	43494	164	-
19839	22986	43494	167	-
3076	3611	43494	167	-
19531	21708	43494	173	-
10571	16593	43494	173	-
10571	16332	43494	174	-
10429	3832	9110	192	-
19603	9554	9110	193	-
16409	17005	9110	200	-
19603	9554	9110	200	-
10429	3832	9110	202	-
10429	1883	9110	202	-
3297	15894	9110	207	-
10429	8888	9110	213	-
19350	18846	9110	213	-
5954	8452	9110	213	nmap
16409	5750	9110	215	-
7215	13122	9110	215	-
19839	1633	9110	222	-
8048	3611	9110	222	-
13993	15667	9110	222	-
8048	23167	9110	223	-
8048	4981	9110	223	-
17624	16531	9110	224	-
17624	16531	9110	226	-
17624	16531	9110	228	-
17624	16531	9110	230	-
17624	16531	9110	233	-
17624	16531	9110	235	-
3374	6582	9110	237	-
7179	16593	9110	237	-
17624	16531	9110	238	-
17624	16531	9110	238	-
17624	16531	9110	238	-
17624	16531	9110	238	-
17624	16531	9110	238	-
17624	16531	9110	238	-
17624	16531	9110	238	-
17624	16531	9110	238	-
17624	16531	9110	238	-
17624	16531	9110	238	-
17624	16531	9110	238	-
17624	16531	9110	239	-
17624	16531	9110	239	-
17624	16531	9110	239	-
17624	16531	9110	239	-
17624	16531	9110	239	-
10429	10370	9110	241	-
7215	21708	9110	241	-
3374	7744	10872	243	-
7179	16593	10872	244	-
10429	17456	10872	246	-
3957	21708	10872	247	-
3297	1001	10872	247	-
10429	17456	10872	248	-
11001	7215	10872	249	-
19839	21708	10872	249	-
12332	3611	10872	249	-
10429	3374	10872	250	-
15394	4800	10872	251	-
23317	882	10872	251	-
10429	17456	10872	255	-
882	9554	10872	256	-
3297	17712	10872	257	-
13993	3680	10872	261	-
19603	23167	10872	261	-
3076	23167	10872	261	-
19603	3461	10872	261	-
10429	17456	10872	266	-
19839	19531	10872	267	-
19603	3611	10872	267	-
3297	7215	10872	270	-
5954	8452	10872	275	nmap
14547	21708	10872	280	-
16409	5750	10872	285	-
11001	22986	10872	291	-
11001	1633	10872	291	-
11001	21708	10872	292	-
10429	16409	10872	294	-
16409	5750	10872	294	-
3076	3297	10872	301	-
3374	2394	2534	303	-
3957	15667	2534	309	-
16409	7215	2534	315	-
19603	16531	2534	315	-
16671	19531	2534	318	-
13993	19531	2534	320	-
13993	19531	2534	322	-
16409	7215	2534	324	-
13993	19531	2534	325	-
13993	19531	2534	327	-
16409	5750	2534	330	-
3957	587	2534	330	-
13993	3374	2534	330	-
13993	19531	2534	330	-
13993	19531	2534	330	-
10429	4520	2534	333	-
5954	8452	2534	336	nmap
13993	3374	2534	337	-
882	8452	2534	337	-
20312	23167	2534	339	-
882	16332	2534	339	-
16409	17005	2534	344	-
10429	4520	2534	344	-
11001	7215	2534	346	-
10429	20961	2534	347	-
3297	15095	2534	352	-
3957	5938	2534	354	-
12332	8452	2534	354	-
16409	8530	2534	357	-
16409	7215	2534	360	-
16409	8530	8536	366	-
10429	19233	8536	369	-
10429	18325	8536	371	-
11001	3374	8536	374	-
13993	14698	8536	375	-
13993	3374	8536	376	-
10429	14142	8536	380	-
10429	6673	8536	384	-
5954	8452	8536	397	nmap
16409	8530	8536	402	-
12332	16332	8536	405	-
13993	11900	8536	418	-
10429	8004	18586	422	-
11001	7151	18586	436	-
19350	4211	18586	439	-
19350	18846	18586	440	-
12332	16531	18586	443	-
5954	1390	18586	446	nmap
5954	1390	18586	446	nmap
8048	16593	18586	447	-
5954	8452	18586	458	nmap
16409	5750	18586	474	-
3957	13122	18586	480	-
11001	11850	27790	482	-
7179	16531	27790	498	-
10429	12149	27790	503	-
16409	7215	27790	504	-
11001	16240	27790	508	-
10429	12149	27790	513	-
3297	15095	27790	516	-
5954	8452	27790	519	nmap
3297	445	27790	526	-
12985	11900	27790	537	-
12985	13122	27790	538	-
12985	15894	27790	539	-
19350	15643	15056	542	-
19350	15643	15056	545	-
16409	8530	15056	546	-
11001	13122	15056	548	-
11001	11900	15056	548	-
11001	21708	15056	550	-
13993	14698	15056	552	-
3611	15667	15056	554	-
17624	2843	15056	557	-
20367	587	15056	557	-
17624	2843	15056	559	-
17624	2843	15056	562	-
10429	9869	15056	562	-
16409	3091	15056	563	-
17624	2843	15056	565	-
19350	13611	15056	568	-
13993	19770	15056	569	-
19350	13611	15056	570	-
3297	445	15056	571	-
14547	15667	15056	571	-
16409	8530	15056	572	-
17624	3297	15056	574	-
17624	3297	15056	575	-
17624	3297	15056	578	-
5954	8452	15056	580	nmap
16409	8530	15056	581	-
16409	3091	15056	581	-
17624	3297	15056	582	-
3297	445	15056	590	-
19350	3044	15056	599	-
16409	3374	28498	605	-
16409	3374	28498	614	-
16409	8530	28498	617	-
13993	9188	28498	623	-
19603	4981	28498	627	-
13993	3662	28498	640	-
5954	8452	28498	641	nmap
3957	15394	28498	647	-
16409	3374	28498	650	-
16409	3091	28498	653	-
19350	13611	18502	662	-
13993	18307	18502	669	-
15737	1633	18502	683	-
3297	445	18502	698	-
5954	8452	18502	702	nmap
19350	13611	18502	714	-
3374	7744	18502	716	-
17923	15394	3237	744	-
17923	23167	3237	744	-
3297	587	3237	744	-
10429	19471	3237	748	-
16409	8530	3237	761	-
5954	8452	3237	763	nmap
3374	18332	3237	774	-
10429	19471	3906	790	-
16409	3374	3906	794	-
16409	445	3906	798	-
16409	445	3906	807	-
3374	6088	3906	808	-
16409	3374	3906	811	-
3374	3914	3906	816	-
3374	6088	3906	819	-
16409	3374	3906	820	-
13993	18227	3906	822	-
5954	8452	3906	824	nmap
10429	12181	3906	825	-
16409	5444	3906	839	-
16409	445	11610	843	-
13993	165	11610	848	-
23317	882	11610	851	-
15394	4800	11610	851	-
13993	165	11610	854	-
16409	3374	11610	856	-
16409	5444	11610	857	-
5954	8452	11610	885	nmap
882	23167	11610	899	-
882	4981	11610	900	-
882	16593	11610	901	-
3297	5938	41500	913	-
3297	13122	41500	914	-
3297	21708	41500	915	-
10429	11949	41500	919	-
16409	5444	41500	929	-
17923	3297	41500	932	-
14547	587	41500	932	-
5954	8452	41500	946	nmap
882	23167	41500	947	-
3297	19531	41500	947	-
3297	1633	41500	948	-
882	3461	41500	948	-
882	7268	41500	949	-
882	9554	41500	949	-
882	16332	41500	950	-
13993	15839	9469	962	-
16671	19834	9469	969	-
16671	11900	9469	970	-
16671	19531	9469	971	-
12332	23167	9469	983	-
13993	5261	9469	984	-
16409	445	9469	987	-
3297	2973	9469	990	-
3297	19834	9469	991	-
10429	11949	9469	994	-
16409	3374	9469	1000	-
16671	9096	9469	1003	-
16409	8530	9469	1003	-
16671	19834	9469	1004	-
5954	8452	9469	1007	nmap
8048	16531	9469	1007	-
3374	6088	9469	1010	-
16409	8530	9469	1012	-
13993	1633	9469	1012	-
10429	606	9469	1013	-
13993	1633	9469	1014	-
13993	1633	9469	1016	-
13993	1633	9469	1020	-
13993	15667	5633	1024	-
17624	16531	5633	1025	-
17624	16531	5633	1027	-
17624	16531	5633	1030	-
7179	16531	5633	1030	-
17624	16531	5633	1032	-
17624	16531	5633	1034	-
13993	15894	5633	1035	-
16409	3374	5633	1035	-
3374	6088	5633	1037	-
17624	16531	5633	1037	-
13993	15894	5633	1037	-
13993	15894	5633	1039	-
17624	16531	5633	1040	-
17624	16531	5633	1040	-
17624	16531	5633	1040	-
17624	16531	5633	1040	-
17624	16531	5633	1040	-
17624	16531	5633	1040	-
17624	16531	5633	1040	-
17624	16531	5633	1041	-
10429	16748	5633	1041	-
13993	15894	5633	1041	-
18246	21708	5633	1042	-
13993	15894	5633	1044	-
16409	3374	5633	1044	-
20367	19350	5633	1045	-
13993	15894	5633	1046	-
16409	8530	5633	1048	-
13993	15894	5633	1049	-
13993	15894	5633	1049	-
13993	15894	5633	1049	-
13993	15894	5633	1049	-
13993	15894	5633	1049	-
13993	15894	5633	1049	-
13993	15894	5633	1049	-
13993	15894	5633	1049	-
13993	15894	5633	1049	-
13993	15894	5633	1049	-
13993	15894	5633	1049	-
13993	15894	5633	1049	-
13993	15894	5633	1049	-
13993	15894	5633	1049	-
13993	15894	5633	1049	-
13993	15894	5633	1049	-
13993	15894	5633	1049	-
13993	15894	5633	1049	-
11001	19834	5633	1050	-
11001	1633	5633	1050	-
13993	18035	5633	1051	-
11001	21708	5633	1052	-
16671	5842	5633	1054	-
6775	16593	5633	1055	-
16671	5842	5633	1059	-
12332	16332	5633	1061	-
6775	2843	5633	1062	-
6775	3461	5633	1063	-
6775	16593	5633	1064	-
3297	2973	5633	1067	-
5954	8452	5633	1068	nmap
12332	23167	5633	1068	-
12332	3461	5633	1069	-
16409	3374	5633	1080	-
7179	16593	26153	1085	-
12332	16593	26153	1090	-
10429	21933	26153	1090	-
12332	7268	26153	1090	-
12332	9554	26153	1091	-
12332	16332	26153	1091	-
7179	4981	26153	1092	-
7179	16593	26153	1094	-
6775	9554	26153	1096	-
16409	5444	26153	1101	-
882	16531	26153	1101	-
13993	18332	26153	1105	-
10429	21933	26153	1109	-
3297	22986	26153	1110	-
16409	5444	26153	1110	-
3297	21708	26153	1110	-
6775	23167	26153	1122	-
6775	16531	26153	1122	-
5954	8452	26153	1129	nmap
3374	6088	26153	1133	-
3374	6088	36433	1144	-
16409	5444	36433	1146	-
3297	2973	36433	1146	-
16671	5842	36433	1160	-
13993	18035	36433	1163	-
13993	19834	36433	1165	-
10429	16867	36433	1165	-
5954	1390	36433	1167	nmap
3374	18820	36433	1167	-
5954	1390	36433	1167	nmap
20312	23167	36433	1169	-
10571	16332	36433	1175	-
10571	16332	36433	1182	-
5954	8452	36433	1190	nmap
16409	8530	36433	1192	-
16671	5842	36433	1193	-
20312	23167	36433	1194	-
13993	10004	36433	1199	-
19603	23167	36433	1200	-
19603	16531	36433	1201	-
16671	1633	17109	1202	-
16671	1633	17109	1205	-
8048	3461	17109	1211	-
16671	15839	17109	1213	-
8048	14437	17109	1215	-
8048	16593	17109	1216	-
16409	3374	17109	1224	-
16409	3374	17109	1230	-
3957	587	17109	1234	-
10429	16867	17109	1234	-
3374	13408	17109	1237	-
16409	3374	17109	1239	-
13993	18035	17109	1244	-
3611	13122	17109	1250	-
5954	8452	17109	1251	nmap
3297	2973	17109	1260	-
16409	16409	31429	1264	-
16409	16409	31429	1273	-
16409	3374	31429	1275	-
13993	18035	31429	1286	-
16409	5444	31429	1290	-
8048	23167	31429	1296	-
8048	2843	31429	1297	-
8048	3297	31429	1298	-
3957	15894	31429	1300	-
8048	3461	31429	1300	-
8048	4981	31429	1301	-
8048	9554	31429	1303	-
16409	16409	31429	1309	-
7179	16332	31429	1310	-
5954	8452	31429	1312	nmap
6775	16531	31429	1315	-
7179	3461	31429	1318	-
13993	13122	31429	1320	-
7179	16593	31429	1320	-
6775	14437	31429	1321	-
13993	13122	44466	1323	-
7179	8452	44466	1323	-
13993	13122	44466	1324	-
7179	14437	44466	1324	-
6775	3297	44466	1325	-
13993	13122	44466	1327	-
19839	15894	44466	1328	-
7179	3611	44466	1328	-
13993	13122	44466	1329	-
7179	23167	44466	1329	-
6775	2843	44466	1330	-
13993	13122	44466	1331	-
13993	13122	44466	1334	-
13993	13122	44466	1334	-
13993	13122	44466	1334	-
13993	13122	44466	1334	-
13993	13122	44466	1334	-
13993	13122	44466	1334	-
13993	13122	44466	1334	-
13993	13122	44466	1334	-
7179	3297	44466	1334	-
10571	3461	44466	1334	-
13993	13122	44466	1335	-
13993	13122	44466	1335	-
13993	13122	44466	1335	-
13993	13122	44466	1335	-
13993	13122	44466	1335	-
13993	13122	44466	1335	-
13993	13122	44466	1335	-
13993	13122	44466	1335	-
13993	13122	44466	1335	-
13993	13122	44466	1335	-
17923	11900	44466	1337	-
6775	7268	44466	1337	-
10571	587	44466	1337	-
10429	16867	44466	1341	-
7179	2843	44466	1346	-
10429	8519	44466	1347	-
7179	4981	44466	1351	-
16671	5842	44466	1352	-
7179	16531	44466	1356	-
12985	15894	44466	1358	-
12985	13122	44466	1358	-
19531	13122	44466	1358	-
7179	7268	44466	1360	-
7179	9554	44466	1361	-
19531	13122	44466	1365	-
7179	16332	44466	1365	-
3297	11309	44466	1367	-
5954	8452	44466	1373	nmap
17923	19531	44466	1379	-
19603	587	44466	1379	-
10429	17062	44466	1381	-
10429	17062	25058	1383	-
882	3297	25058	1384	-
10429	17062	25058	1389	-
882	2843	25058	1389	-
882	4981	25058	1390	-
7215	1633	25058	1392	-
882	3461	25058	1392	-
16671	1633	25058	1396	-
3297	19834	25058	1400	-
3297	15667	25058	1401	-
3611	13122	25058	1402	-
3611	15894	25058	1403	-
16671	3076	25058	1409	-
3611	15894	25058	1412	-
14547	13122	25058	1416	-
14547	15894	25058	1418	-
16409	3374	25058	1419	-
7179	14437	25058	1424	-
3611	19531	25058	1424	-
3611	1633	25058	1425	-
587	11900	25058	1428	-
5954	8452	25058	1434	nmap
7179	14437	25058	1440	-
16409	8530	20569	1442	-
3297	19659	20569	1448	-
3297	1001	20569	1448	-
15394	4800	20569	1451	-
23317	882	20569	1451	-
16409	20021	20569	1451	-
16409	8530	20569	1451	-
16409	16409	20569	1453	-
16671	13122	20569	1455	-
3297	17499	20569	1457	-
3374	6088	20569	1462	-
7782	1633	20569	1462	-
16671	13122	20569	1463	-
8048	3461	20569	1465	-
7215	15894	20569	1469	-
16409	20021	20569	1469	-
7215	11900	20569	1469	-
8048	14437	20569	1470	-
7782	21708	20569	1473	-
8048	23167	20569	1481	-
8048	2843	20569	1487	-
16409	8530	20569	1487	-
882	16332	20569	1487	-
8048	4981	20569	1487	-
3374	15399	20569	1491	-
5954	8452	20569	1496	nmap
3374	15399	3142	1506	-
15737	17146	3142	1507	-
16409	17540	3142	1508	-
8048	16531	3142	1509	-
8048	7268	3142	1509	-
8048	9554	3142	1520	-
8048	16332	3142	1520	-
882	16593	3142	1524	-
16409	17540	3142	1526	-
882	9554	3142	1529	-
10429	696	3142	1531	-
3374	15399	3142	1534	-
16409	20021	3142	1541	-
7782	13122	3142	1547	-
7782	1633	3142	1547	-
7782	21708	3142	1549	-
5954	8452	3142	1557	nmap
16671	1633	3142	1557	-
3374	21635	39625	1565	-
10429	2989	39625	1567	-
882	14437	39625	1576	-
882	4981	39625	1577	-
882	9554	39625	1578	-
3957	5938	39625	1582	-
12332	2843	39625	1582	-
7782	1633	39625	1583	-
6775	16531	39625	1587	-
16671	3076	39625	1590	-
17624	23167	39625	1592	-
10429	696	39625	1598	-
16409	17540	39625	1598	-
15737	17146	39625	1599	-
3374	15399	39625	1599	-
10429	696	39625	1603	-
17624	23167	39625	1605	-
17624	16593	39625	1606	-
3957	15394	39625	1607	-
12985	15894	39625	1611	-
12985	5938	39625	1611	-
5954	8452	39625	1618	nmap
16409	8530	1002	1631	-
3374	15399	1002	1633	-
3297	17499	1002	1639	-
3297	10382	1002	1645	-
12332	23167	1002	1646	-
7179	8452	1002	1647	-
16671	445	1002	1653	-
20312	16593	1002	1653	-
3611	13122	1002	1665	-
16409	3548	1002	1665	-
3611	19834	1002	1665	-
3611	1633	1002	1666	-
16671	445	1002	1669	-
16409	3548	1002	1674	-
15737	17146	1002	1677	-
5954	8452	1002	1679	nmap
3374	15399	28862	1692	-
16671	16918	28862	1695	-
19531	22986	28862	1696	-
19531	5938	28862	1696	-
19531	15894	28862	1697	-
19531	11900	28862	1699	-
10429	696	28862	1701	-
19531	19531	28862	1701	-
19531	21708	28862	1702	-
16409	3785	28862	1705	-
882	8452	28862	1708	-
16409	3548	28862	1710	-
16409	3785	28862	1723	-
7179	3461	28862	1727	-
7179	16593	28862	1728	-
3374	15399	28862	1732	-
16671	1633	28862	1736	-
5954	8452	28862	1740	nmap
7179	8452	14879	1742	-
16671	16920	14879	1742	-
16671	21708	14879	1742	-
10571	2843	14879	1742	-
7179	14437	14879	1742	-
19839	15894	14879	1747	-
7179	3611	14879	1747	-
7179	23167	14879	1748	-
7179	3297	14879	1752	-
3611	11900	14879	1755	-
16409	13479	14879	1756	-
3611	1633	14879	1756	-
16409	7215	14879	1761	-
7179	2843	14879	1761	-
16409	13479	14879	1765	-
7215	15894	14879	1765	-
16671	2973	14879	1767	-
10571	14437	14879	1768	-
16409	7215	14879	1769	-
3374	21957	14879	1769	-
10571	3297	14879	1772	-
7179	4981	14879	1774	-
6775	3297	14879	1783	-
7179	16531	14879	1784	-
7179	7268	14879	1785	-
7179	9554	14879	1786	-
7179	16332	14879	1789	-
10429	17634	14879	1790	-
20367	587	14879	1792	-
11001	22986	14879	1792	-
11001	15894	14879	1793	-
