3611	19531	31962	0	-
3297	22986	31962	5	-
3297	19834	31962	6	-
20367	587	31962	11	-
882	23167	36321	22	-
7179	16593	36321	25	-
23317	882	36321	29	-
7179	8452	36321	31	-
8048	23167	36321	31	-
7179	14437	36321	31	-
882	23167	36321	31	-
8048	2843	36321	31	-
7179	23167	36321	34	-
3076	23167	36321	38	-
8048	3297	36321	39	-
10571	3611	36321	43	-
10571	3611	36321	43	-
10571	3611	36321	43	-
10571	3611	36321	43	-
10571	3611	36321	43	-
10571	3611	36321	43	-
10571	3611	36321	43	-
7179	3297	36321	44	-
8048	3461	36321	48	-
19531	5938	36321	52	-
7179	2843	36321	54	-
8048	3611	36321	59	-
8048	3611	36321	59	-
8048	3611	36321	59	-
8048	4981	36321	59	-
8048	3611	36321	60	-
8048	3611	36321	60	-
8048	3611	36321	60	-
8048	3611	36321	60	-
16671	5938	36321	65	-
7179	9554	36321	67	-
3957	1633	36321	81	-
8048	9554	23474	82	-
8048	16332	23474	82	-
7179	16332	23474	83	-
17624	3611	23474	85	-
17624	3611	23474	85	-
19531	15894	23474	101	-
3611	15894	23474	109	-
12985	1633	23474	110	-
10571	3611	23474	115	-
10571	3611	23474	115	-
17624	23167	15446	153	-
882	23167	15446	173	-
882	2843	15446	173	-
882	7268	15446	176	-
3957	19531	15446	184	-
19839	15894	4111	205	-
7179	3611	4111	205	-
20312	16593	4111	211	-
10429	15894	4111	226	-
7782	15667	4111	229	-
8048	3611	4111	232	-
7782	15667	4111	232	-
8048	3611	4111	232	-
8048	3611	4111	232	-
8048	3611	4111	232	-
8048	3611	4111	232	-
8048	3611	4111	232	-
8048	3611	4111	232	-
7782	15667	4111	234	-
7782	15667	4111	235	-
17624	3611	4111	236	-
17624	3611	4111	237	-
17624	3611	4111	237	-
17624	3611	4111	237	-
17624	3611	4111	237	-
17624	3611	4111	237	-
17624	3611	4111	237	-
17624	3611	4111	237	-
7782	15667	4111	238	-
7782	15667	4111	241	-
7782	15667	4111	243	-
7782	15667	4111	246	-
7782	15667	4111	246	-
7782	15667	4111	246	-
7782	15667	4111	246	-
7782	15667	4111	246	-
7782	15667	4111	246	-
7782	15667	4111	246	-
7782	15667	4111	246	-
7782	15667	4111	247	-
7782	15667	4111	247	-
7782	15667	4111	247	-
7782	15667	4111	247	-
3297	15667	4111	247	-
19839	15894	4111	253	-
11001	22986	4111	254	-
23317	7439	4111	255	-
8048	3611	4111	261	-
8048	3611	11815	262	-
11001	19834	11815	264	-
11001	21708	11815	269	-
19839	19531	11815	284	-
19603	3611	11815	284	-
19531	1633	11815	293	-
10571	3611	11815	309	-
3297	15894	11815	309	-
10571	3611	11815	309	-
10571	3611	11815	309	-
10571	3611	11815	309	-
10571	3611	11815	309	-
10571	3611	11815	309	-
10571	3611	11815	309	-
20312	16593	11815	311	-
7782	1633	31373	331	-
3611	19834	31373	335	-
3374	3011	31373	357	-
3374	3011	31373	377	-
16671	1633	31373	381	-
882	16593	12381	388	-
3957	587	12381	391	-
882	16593	12381	391	-
6775	3611	12381	395	-
19839	13122	12381	398	-
6775	3611	12381	398	-
10429	1633	12381	404	-
10571	3611	12381	424	-
10571	3611	12381	424	-
3374	3011	45901	445	-
8048	3611	45901	452	-
8048	3611	45901	452	-
3611	19834	45901	467	-
20367	19350	45901	475	-
3297	19834	45901	483	-
7538	19834	45901	484	-
17624	3611	45901	489	-
17624	3611	45901	489	-
17624	3611	45901	489	-
17624	3611	45901	489	-
17624	3611	45901	489	-
17624	3611	45901	489	-
17624	3611	45901	489	-
17624	3611	45901	490	-
3957	19834	45901	491	-
19531	1633	45901	497	-
3374	22447	28013	507	-
8048	3611	28013	561	-
10571	3611	32885	577	-
10571	3611	32885	577	-
10571	3611	32885	577	-
17624	3611	32885	596	-
17624	3611	32885	596	-
3611	22275	32885	607	-
23317	7439	32885	615	-
3957	1633	30121	622	-
23317	882	30121	629	-
3297	5938	30121	634	-
3297	19531	30121	635	-
3297	21708	30121	636	-
7179	16531	30121	641	-
7179	16531	30121	646	-
7179	16531	30121	648	-
7179	16531	30121	650	-
7179	16531	30121	652	-
7179	16531	30121	655	-
7179	16531	30121	655	-
3611	16094	30121	663	-
3374	22447	30121	664	-
3374	22447	30121	667	-
15506	19350	30121	672	-
3611	445	43085	700	-
10571	3611	43085	701	-
10571	3611	43085	701	-
10571	3611	43085	701	-
10571	3611	43085	701	-
10571	3611	43085	701	-
10571	3611	43085	701	-
10571	3611	43085	701	-
10571	3611	43085	701	-
3374	22447	43085	735	-
10571	3611	43085	741	-
10571	3611	43085	741	-
10571	3611	43085	741	-
10571	3611	43085	741	-
10571	3611	43085	741	-
10571	3611	43085	741	-
10571	3611	33957	742	-
14547	7215	33957	744	-
8048	3611	33957	756	-
3374	445	33957	768	-
8048	3611	33957	771	-
14547	7215	33957	773	-
3611	2422	33957	774	-
14547	7215	33957	790	-
882	3461	33957	793	-
14547	6157	7496	802	-
17624	3611	7496	803	-
17624	3611	7496	803	-
17624	3611	7496	803	-
17624	3611	7496	803	-
17624	3611	7496	803	-
17624	3611	7496	803	-
17624	3611	7496	803	-
17624	3611	7496	803	-
17624	3611	7496	803	-
17624	3611	7496	803	-
17624	3611	7496	803	-
3611	2422	7496	805	-
8048	23167	7496	839	-
3297	19834	7496	844	-
3297	1633	7496	845	-
3297	19531	7496	848	-
3374	17005	7496	851	-
3957	22986	7496	854	-
3957	19834	7496	859	-
3374	445	19184	868	-
3374	16064	19184	876	-
14547	22275	19184	892	-
11001	5938	19184	894	-
13993	22986	19184	896	-
13993	15667	19184	897	-
882	7268	19184	902	-
14547	16094	19184	919	-
20312	23167	20141	925	-
8048	3611	20141	926	-
8048	3611	20141	926	-
8048	3611	20141	931	-
8048	3611	20141	931	-
8048	3611	20141	931	-
8048	3611	20141	931	-
8048	3611	20141	931	-
3611	3011	20141	944	-
12332	23167	20141	952	-
3374	16064	20141	956	-
10571	3611	20141	963	-
10571	3611	20141	963	-
10571	3611	20141	963	-
10571	3611	20141	963	-
10571	3611	20141	963	-
10571	3611	20141	963	-
10571	3611	20141	963	-
3611	3011	20141	971	-
23317	7439	20141	975	-
3957	15394	11058	982	-
3374	16064	11058	991	-
12332	16531	11058	1024	-
3374	22447	11058	1026	-
14547	16094	11058	1026	-
3374	22447	11058	1028	-
12332	16531	11058	1029	-
12332	16531	11058	1031	-
12332	16531	11058	1033	-
3076	7268	11058	1034	-
12332	16531	11058	1036	-
10571	3611	11058	1038	-
10571	3611	11058	1038	-
10571	3611	11058	1038	-
10571	3611	11058	1038	-
10571	3611	11058	1038	-
3076	7268	11058	1038	-
16671	15667	11058	1039	-
14547	4603	11058	1041	-
16671	15667	11058	1041	-
16671	15667	2654	1043	-
16671	15667	2654	1045	-
16671	15667	2654	1047	-
16671	15667	2654	1050	-
16671	15667	2654	1052	-
3611	3011	2654	1053	-
16671	15667	2654	1055	-
16671	15667	2654	1055	-
16671	15667	2654	1055	-
16671	15667	2654	1055	-
16671	15667	2654	1055	-
16671	15667	2654	1055	-
16671	15667	2654	1055	-
16671	15667	2654	1055	-
16671	15667	2654	1055	-
16671	15667	2654	1055	-
16671	15667	2654	1055	-
16671	15667	2654	1055	-
16671	15667	2654	1055	-
16671	15667	2654	1055	-
16671	15667	2654	1055	-
16671	15667	2654	1055	-
16671	15667	2654	1055	-
16671	15667	2654	1055	-
16671	15667	2654	1055	-
16671	15667	2654	1055	-
16671	15667	2654	1055	-
16671	15667	2654	1055	-
16671	15667	2654	1056	-
16671	15667	2654	1056	-
10571	3611	2654	1069	-
10571	3611	2654	1069	-
10571	3611	2654	1069	-
14547	6157	2654	1075	-
8048	3611	2654	1089	-
8048	3611	2654	1089	-
14547	20112	2654	1093	-
3611	3011	2654	1097	-
16409	17392	27993	1130	-
882	7268	27993	1135	-
19603	3611	27993	1137	-
3611	3011	27993	1150	-
3611	3011	27993	1157	-
16409	17392	28705	1162	-
3611	4559	28705	1170	-
14547	6157	28705	1192	-
14547	6157	28705	1194	-
3374	5942	28705	1196	-
3957	21708	28705	1209	-
16409	17392	28705	1210	-
14547	21712	6939	1224	-
23317	882	6939	1229	-
3374	8530	6939	1232	-
3374	8530	6939	1272	-
16409	17392	44981	1287	-
3374	8530	44981	1306	-
19603	3611	44981	1313	-
19603	3611	44981	1314	-
19603	3611	44981	1314	-
19603	3611	44981	1314	-
19603	3611	44981	1314	-
19603	3611	44981	1314	-
19603	3611	44981	1314	-
23317	7439	44981	1335	-
8048	3611	26639	1357	-
3957	587	26639	1357	-
3374	8530	26639	1376	-
7215	15667	26639	1377	-
7215	15667	26639	1379	-
7215	15667	26639	1381	-
7215	15667	26639	1383	-
7215	15667	26639	1385	-
7215	15667	26639	1387	-
7215	15667	26639	1389	-
7215	15667	26639	1392	-
7215	15667	26639	1392	-
7215	15667	26639	1392	-
7215	15667	26639	1392	-
7215	15667	26639	1392	-
7215	15667	26639	1392	-
7215	15667	26639	1392	-
7215	15667	26639	1392	-
7215	15667	26639	1392	-
7215	15667	26639	1392	-
7215	15667	26639	1392	-
7215	15667	26639	1392	-
7215	15667	26639	1393	-
16409	1791	40905	1432	-
3374	8530	40905	1438	-
3374	22013	40905	1449	-
3374	11419	36555	1473	-
14547	15581	36555	1479	-
19603	3611	36555	1480	-
19603	3611	36555	1481	-
19603	3611	36555	1481	-
19603	3611	36555	1481	-
19603	3611	36555	1481	-
19603	3611	36555	1481	-
19603	3611	36555	1481	-
16409	15839	36555	1483	-
14547	15581	36555	1516	-
3374	11419	36555	1519	-
16409	5607	35909	1536	-
14547	15581	22331	1583	-
3374	11419	22331	1591	-
20312	3611	22331	1618	-
20367	587	22331	1618	-
16409	5718	22331	1635	-
20312	3611	22331	1636	-
16409	22447	22331	1640	-
14547	7958	21382	1642	-
14547	7958	21382	1644	-
8048	3611	21382	1647	-
14547	7958	21382	1647	-
8048	3611	21382	1648	-
16409	20367	21382	1650	-
14547	7958	21382	1677	-
16409	20367	21382	1682	-
14547	7958	21382	1684	-
23317	7439	21382	1695	-
15506	19350	21382	1696	-
8048	3611	37174	1715	-
19603	3611	37174	1716	-
3374	11419	37174	1718	-
19603	3611	37174	1738	-
19603	3611	37174	1738	-
19603	3611	37174	1738	-
19603	3611	37174	1739	-
19603	3611	37174	1739	-
19603	3611	37174	1739	-
19603	3611	37174	1739	-
19603	3611	37174	1739	-
19603	3611	37174	1739	-
14547	14135	37174	1750	-
