20367	19350	31884	0	-
20367	587	31884	0	-
20367	19350	31884	0	-
10429	19133	31884	2	-
10429	19133	31884	2	-
10429	19133	31884	2	-
16409	17649	31884	7	-
16409	17649	31884	7	-
16409	17649	31884	7	-
16409	17649	31884	7	-
16409	17649	31884	7	-
16409	17649	31884	7	-
16409	17649	31884	7	-
16409	17649	31884	7	-
16409	17649	31884	7	-
16409	17649	31884	7	-
16409	17649	31884	8	-
16409	17649	31884	8	-
16409	17649	31884	8	-
16409	17649	31884	8	-
16409	17649	31884	8	-
16409	17649	31884	8	-
16409	17649	31884	8	-
11001	19834	31884	9	-
18246	19091	31884	14	-
18246	19091	31884	14	-
18246	19091	31884	14	-
18246	19091	31884	14	-
18246	19091	31884	14	-
18246	19091	31884	14	-
18246	19091	31884	14	-
18246	19091	31884	14	-
15506	19350	31884	21	-
16409	17649	31884	27	-
16409	17649	31884	28	-
16409	17649	31884	28	-
16409	17649	31884	28	-
16409	17649	31884	28	-
16409	17649	31884	28	-
16409	17649	31884	28	-
16409	17649	31884	28	-
20367	19350	31884	30	-
20367	19350	31884	30	-
14547	21708	31884	34	-
18246	19091	31884	37	-
18246	19091	31884	37	-
18246	19091	31884	37	-
18246	19091	31884	37	-
18246	19091	31884	38	-
18246	19091	31884	38	-
18246	19091	31884	38	-
18246	19091	31884	38	-
16409	18219	32194	59	-
16409	18219	32194	59	-
16409	18219	32194	59	-
16409	3957	32194	59	-
16409	18219	32194	59	-
16409	18219	32194	59	-
16409	18219	32194	59	-
16409	18219	32194	59	-
16409	18219	32194	59	-
16409	18219	32194	59	-
16409	3957	32194	59	-
16409	3957	32194	59	-
16409	18219	32194	59	-
16409	18219	32194	59	-
16409	18219	32194	59	-
16409	3957	32194	60	-
16409	18219	32194	60	-
16409	18219	32194	60	-
16409	18219	32194	60	-
16409	18219	32194	60	-
16409	18219	32194	60	-
16409	18219	32194	60	-
20367	19350	32194	60	-
20367	19350	32194	60	-
19603	14437	32194	62	-
19350	20668	32194	70	-
19350	20668	32194	71	-
19350	20668	32194	71	-
19350	20668	32194	71	-
19350	20668	32194	71	-
19350	20668	32194	71	-
19350	20668	32194	71	-
19350	20668	32194	71	-
19350	20668	32194	71	-
19350	20668	32194	71	-
19350	20668	32194	71	-
19350	20668	32194	71	-
19350	20668	32194	71	-
19350	20668	32194	71	-
19350	20668	32194	71	-
19350	20668	32194	71	-
19350	20668	32194	71	-
19350	20668	32194	71	-
19350	20668	32194	71	-
19350	20668	32194	71	-
19350	20668	32194	71	-
18246	18609	32194	72	-
18246	18017	32194	72	-
19603	16531	32194	77	-
13993	19531	32194	79	-
13993	19531	32194	81	-
18246	19091	32194	82	-
18246	19091	32194	82	-
18246	19091	32194	82	-
18246	19091	32194	82	-
18246	19091	32194	82	-
18246	19091	32194	82	-
18246	19091	32194	82	-
18246	19091	32194	82	-
18246	19091	32194	82	-
13993	19531	32194	83	-
13993	19531	32194	87	-
19531	19834	32194	89	-
20367	19350	32194	90	-
20367	19350	32194	90	-
587	12101	32194	97	-
587	12101	32194	97	-
587	12101	32194	97	-
587	12101	32194	97	-
18246	18017	32194	98	-
18246	18017	32194	98	-
18246	18017	32194	98	-
18246	18609	32194	98	-
18246	18017	32194	98	-
18246	18017	32194	98	-
18246	18609	32194	98	-
19350	22416	32194	101	-
19350	22416	32194	101	-
19350	22416	32194	101	-
19350	22416	32194	101	-
19350	22416	32194	101	-
19350	22416	32194	101	-
19350	22416	32194	101	-
19350	22416	32194	101	-
10429	445	32194	103	-
10429	445	32194	103	-
10429	445	32194	103	-
10429	445	32194	103	-
10429	445	32194	103	-
10429	445	32194	103	-
10429	445	32194	103	-
10429	445	32194	103	-
10429	445	32194	103	-
10429	445	32194	103	-
10429	445	32194	103	-
10429	445	32194	103	-
10429	445	32194	103	-
10429	445	32194	103	-
19350	22416	13792	133	-
15394	4800	13792	135	-
23317	882	13792	135	-
587	12101	13792	136	-
587	12101	13792	136	-
587	12101	13792	136	-
587	12101	13792	136	-
19350	17649	13792	145	-
19350	17649	13792	145	-
19350	17649	13792	145	-
19350	17649	13792	145	-
19350	17649	13792	145	-
19350	17649	13792	145	-
19350	17649	13792	145	-
19350	17649	13792	145	-
19350	17649	13792	146	-
19350	17649	13792	146	-
19350	17649	13792	146	-
19350	17649	13792	146	-
19350	17649	13792	146	-
19350	17649	13792	146	-
19350	17649	13792	146	-
19350	17649	13792	146	-
19350	17649	13792	146	-
587	12101	13792	156	-
587	12101	13792	156	-
587	12101	13792	156	-
587	12101	13792	156	-
10429	445	13792	160	-
10429	445	13792	161	-
10429	445	13792	161	-
10429	445	13792	161	-
10429	445	13792	161	-
10429	445	13792	161	-
10429	445	13792	161	-
10429	445	13792	161	-
10429	445	13792	161	-
10429	445	13792	161	-
10429	445	13792	161	-
10429	445	13792	161	-
14547	4273	13792	163	-
14547	4273	13792	163	-
14547	4273	13792	163	-
14547	4273	13792	163	-
14547	4273	13792	163	-
3611	21355	13792	172	-
3611	21355	13792	172	-
3611	21355	13792	172	-
3611	21355	13792	172	-
3611	21355	13792	172	-
3611	21355	13792	172	-
3611	21355	13792	172	-
3611	21355	13792	172	-
3611	21355	13792	172	-
3611	21355	13792	172	-
3611	21355	13792	172	-
3611	21355	13792	172	-
3611	21355	13792	172	-
3611	21355	13792	172	-
3611	21355	13792	172	-
3611	21355	13792	172	-
3611	21355	13792	172	-
18246	13487	37592	181	-
18246	13487	37592	181	-
18246	13487	37592	181	-
18246	13487	37592	181	-
18246	13487	37592	181	-
18246	13487	37592	181	-
18246	13487	37592	181	-
18246	13487	37592	181	-
18246	13487	37592	181	-
18246	13487	37592	181	-
18246	13487	37592	181	-
18246	13487	37592	181	-
18246	13487	37592	182	-
18246	13487	37592	182	-
18246	13487	37592	182	-
18246	13487	37592	182	-
18246	13487	37592	182	-
18246	13487	37592	182	-
18246	13487	37592	182	-
18246	13487	37592	182	-
18246	13487	37592	182	-
18246	13487	37592	182	-
18246	13487	37592	182	-
18246	13487	37592	182	-
18246	13487	37592	182	-
18246	13487	37592	182	-
18246	13487	37592	182	-
18246	13487	37592	182	-
587	12101	37592	186	-
587	12101	37592	186	-
587	12101	37592	186	-
587	12101	37592	186	-
6775	3611	37592	191	-
19839	13122	37592	191	-
6775	23167	37592	191	-
6775	2843	37592	192	-
6775	3297	37592	195	-
18246	17649	37592	198	-
18246	17649	37592	198	-
18246	17649	37592	198	-
587	12101	37592	198	-
18246	17649	37592	198	-
587	12101	37592	198	-
18246	17649	37592	198	-
587	12101	37592	198	-
18246	17649	37592	198	-
587	12101	37592	198	-
18246	17649	37592	198	-
16409	21359	37592	198	-
18246	17649	37592	198	-
16409	18219	37592	198	-
18246	17649	37592	199	-
18246	17649	37592	199	-
18246	17649	37592	199	-
16409	18219	37592	199	-
18246	17649	37592	199	-
18246	17649	37592	199	-
18246	17649	37592	199	-
16409	3957	37592	199	-
16409	3957	37592	199	-
16409	18219	37592	199	-
18246	17649	37592	199	-
18246	17649	37592	199	-
18246	17649	37592	199	-
16409	18219	37592	199	-
16409	18219	37592	199	-
16409	3957	37592	199	-
16409	18219	37592	200	-
16409	18219	37592	200	-
16409	18219	37592	200	-
16409	18219	37592	200	-
16409	18219	37592	200	-
16409	18219	37592	200	-
16409	18219	37592	200	-
16409	18219	37592	200	-
16409	18219	37592	200	-
16409	18219	37592	200	-
16409	18219	37592	200	-
16409	18219	37592	200	-
16409	18219	37592	200	-
16409	18219	37592	200	-
16409	18219	37592	200	-
16409	18219	37592	200	-
6775	3461	37592	201	-
18246	3801	37592	202	-
18246	3801	37592	202	-
18246	3801	37592	202	-
18246	3801	37592	202	-
18246	3801	37592	203	-
18246	3801	37592	203	-
18246	3801	37592	203	-
18246	3801	37592	203	-
18246	3801	37592	203	-
18246	3801	37592	203	-
18246	3801	37592	203	-
18246	3801	37592	203	-
18246	3801	37592	203	-
18246	3801	37592	203	-
18246	3801	37592	203	-
18246	3801	37592	203	-
18246	3801	37592	203	-
18246	3801	37592	203	-
18246	3801	37592	204	-
18246	3801	37592	204	-
18246	3801	37592	204	-
18246	3801	37592	204	-
18246	3801	37592	204	-
18246	3801	37592	204	-
18246	3801	37592	204	-
18246	3801	37592	204	-
18246	3801	37592	204	-
18246	3801	37592	204	-
18246	3801	37592	204	-
18246	3801	37592	204	-
18246	3801	37592	205	-
18246	3801	37592	205	-
18246	3801	37592	205	-
18246	3801	37592	205	-
18246	3801	37592	205	-
18246	3374	37592	205	-
18246	3374	37592	205	-
18246	3374	37592	205	-
6775	4981	37592	205	-
18246	3801	37592	205	-
18246	3374	37592	206	-
18246	3374	37592	206	-
18246	3374	37592	206	-
18246	3374	37592	206	-
18246	3374	37592	209	-
18246	3374	37592	209	-
18246	3374	37592	209	-
18246	3374	37592	209	-
18246	3374	37592	209	-
6775	9554	37592	209	-
14267	21980	37592	210	-
14267	21980	37592	210	-
14267	21980	37592	210	-
14547	18332	37592	217	-
13993	19834	37592	221	-
13993	11900	37592	222	-
13993	15667	37592	224	-
17624	2843	37592	226	-
17624	16531	37592	226	-
18246	3801	37592	227	-
18246	3801	37592	229	-
18246	3801	37592	229	-
18246	3801	37592	229	-
18246	3801	37592	229	-
18246	3801	37592	229	-
18246	3801	37592	230	-
18246	3801	37592	230	-
18246	3801	37592	230	-
18246	3801	37592	230	-
18246	3801	37592	230	-
18246	3801	37592	230	-
18246	3801	37592	230	-
18246	3801	37592	230	-
18246	3801	37592	231	-
18246	3801	37592	231	-
3297	13122	37592	231	-
18246	3801	37592	231	-
18246	3801	37592	231	-
18246	3801	37592	231	-
18246	3801	37592	231	-
18246	3801	37592	231	-
18246	3801	37592	231	-
3297	11900	37592	231	-
18246	13487	37592	232	-
18246	13487	37592	232	-
18246	3801	37592	232	-
18246	13487	37592	232	-
18246	13487	37592	232	-
18246	3801	37592	232	-
18246	13487	37592	232	-
18246	3801	37592	232	-
18246	13487	37592	232	-
18246	3801	37592	232	-
18246	13487	37592	233	-
18246	3801	37592	233	-
18246	13487	37592	233	-
18246	3801	37592	233	-
18246	13487	37592	233	-
18246	3801	37592	233	-
18246	13487	37592	233	-
18246	3801	37592	233	-
18246	13487	37592	233	-
18246	3801	37592	233	-
18246	13487	37592	233	-
18246	3801	37592	233	-
18246	13487	37592	233	-
18246	13487	37592	233	-
18246	3801	37592	233	-
18246	13487	37592	233	-
18246	3801	37592	233	-
18246	13487	37592	233	-
18246	3801	37592	234	-
18246	3801	37592	234	-
18246	3801	37592	234	-
20367	19350	36442	240	-
20367	19350	36442	240	-
20367	19350	36442	240	-
20367	19350	36442	240	-
20367	19350	36442	240	-
20367	19350	36442	240	-
20367	19350	36442	240	-
20367	19350	36442	240	-
20367	19350	36442	240	-
18246	13487	36442	249	-
18246	13487	36442	249	-
18246	13487	36442	249	-
18246	13487	36442	249	-
18246	13487	36442	249	-
18246	13487	36442	249	-
18246	13487	36442	249	-
18246	13487	36442	249	-
18246	13487	36442	249	-
18246	13487	36442	249	-
18246	13487	36442	249	-
18246	13487	36442	249	-
18246	13487	36442	249	-
18246	13487	36442	249	-
18246	13487	36442	249	-
18246	13487	36442	249	-
18246	13487	36442	249	-
3297	1001	36442	252	-
11001	15894	36442	255	-
18246	3801	36442	260	-
18246	3801	36442	260	-
18246	3801	36442	260	-
18246	3801	36442	260	-
18246	3801	36442	260	-
18246	3801	36442	260	-
18246	3801	36442	260	-
18246	3801	36442	260	-
18246	3801	36442	261	-
18246	3801	36442	261	-
18246	3801	36442	261	-
18246	3801	36442	261	-
18246	3801	36442	261	-
18246	3801	36442	261	-
18246	3801	36442	261	-
18246	3801	36442	261	-
18246	3801	36442	261	-
18246	3801	36442	261	-
18246	3801	36442	261	-
18246	3801	36442	261	-
18246	3801	36442	261	-
18246	3801	36442	261	-
18246	3801	36442	261	-
7179	3461	36442	261	-
18246	3801	36442	261	-
18246	3801	36442	261	-
18246	3801	36442	261	-
7179	8452	36442	261	-
18246	3801	36442	261	-
8048	16531	36442	261	-
18246	3801	36442	262	-
18246	3801	36442	262	-
18246	3801	36442	262	-
10429	8200	36442	262	-
18246	3801	36442	262	-
10429	8200	36442	262	-
18246	3801	36442	262	-
10429	8200	36442	262	-
7179	9554	36442	262	-
10429	8200	36442	263	-
10429	8200	36442	263	-
10429	8200	36442	263	-
10429	8200	36442	263	-
10429	8200	36442	263	-
10429	8200	36442	263	-
10429	8200	36442	263	-
10429	8200	36442	263	-
10429	8200	36442	263	-
10429	8200	36442	263	-
13993	1633	36442	263	-
10429	8200	36442	263	-
10429	8200	36442	263	-
10429	8200	36442	263	-
10429	8200	36442	263	-
10429	8200	36442	264	-
10429	8200	36442	264	-
10429	8200	36442	264	-
13993	1633	36442	265	-
13993	1633	36442	268	-
18246	13487	36442	270	-
18246	13487	36442	270	-
18246	13487	36442	270	-
18246	13487	36442	270	-
18246	13487	36442	270	-
18246	13487	36442	270	-
18246	13487	36442	270	-
18246	13487	36442	270	-
18246	13487	36442	270	-
18246	13487	36442	270	-
3611	21355	36442	270	-
20367	19350	36442	270	-
3611	21355	36442	270	-
18246	13487	36442	270	-
18246	13487	36442	270	-
18246	13487	36442	270	-
3611	21355	36442	270	-
18246	13487	36442	270	-
3611	21355	36442	270	-
18246	13487	36442	270	-
18246	13487	36442	270	-
18246	13487	36442	270	-
13993	1633	36442	271	-
3297	15667	36442	271	-
17624	23167	36442	273	-
17624	23167	36442	275	-
17624	23167	36442	277	-
17624	23167	36442	279	-
17624	23167	36442	283	-
19350	17649	36442	292	-
19350	17649	36442	293	-
19350	17649	36442	293	-
19350	17649	36442	293	-
19350	17649	36442	293	-
19350	17649	36442	293	-
19350	17649	36442	293	-
19350	17649	36442	293	-
19350	17649	36442	293	-
19350	17649	36442	293	-
19350	17649	36442	293	-
19350	17649	36442	293	-
19350	17649	36442	293	-
19350	17649	36442	293	-
19350	17649	36442	293	-
19350	17649	36442	293	-
19350	17649	36442	293	-
19350	17649	36442	293	-
19350	17649	36442	293	-
19350	17649	36442	293	-
19350	17649	36442	293	-
19350	17649	36442	293	-
7782	22986	45689	299	-
7782	19834	45689	299	-
20367	19350	45689	300	-
7782	1633	45689	300	-
12985	15894	45689	304	-
12985	5938	45689	304	-
12985	22986	45689	308	-
18246	3374	45689	309	-
18246	3374	45689	309	-
18246	3374	45689	310	-
18246	3374	45689	310	-
18246	3374	45689	310	-
18246	3374	45689	310	-
18246	3374	45689	310	-
19350	19949	45689	312	-
19350	19949	45689	312	-
19350	19949	45689	312	-
19350	19949	45689	312	-
19350	19949	45689	312	-
19350	19949	45689	312	-
19350	19949	45689	312	-
19350	19949	45689	312	-
19350	19949	45689	312	-
19350	19949	45689	312	-
19350	19949	45689	312	-
19350	19949	45689	312	-
19350	19949	45689	313	-
19350	19949	45689	313	-
19350	19949	45689	313	-
19350	19949	45689	313	-
19350	19949	45689	313	-
10429	8006	45689	316	-
10429	22956	45689	316	-
10429	8006	45689	316	-
10429	8006	45689	316	-
18246	13487	45689	317	-
18246	13487	45689	317	-
18246	13487	45689	317	-
18246	13487	45689	317	-
18246	13487	45689	317	-
18246	13487	45689	317	-
18246	13487	45689	317	-
18246	13487	45689	317	-
18246	13487	45689	317	-
18246	13487	45689	317	-
18246	13487	45689	317	-
18246	13487	45689	317	-
18246	13487	45689	317	-
18246	13487	45689	317	-
18246	13487	45689	317	-
18246	13487	45689	317	-
18246	13487	45689	317	-
18246	13487	45689	317	-
18246	13487	45689	317	-
18246	13487	45689	317	-
18246	13487	45689	317	-
10571	16531	45689	317	-
20367	19350	45689	330	-
20367	19350	45689	330	-
20367	19350	45689	330	-
20367	19350	45689	330	-
20367	19350	45689	330	-
20367	19350	45689	330	-
20367	19350	45689	331	-
20367	19350	45689	331	-
14547	445	45689	333	-
14547	445	45689	333	-
14547	445	45689	333	-
14547	445	45689	333	-
14547	445	45689	333	-
14547	445	45689	333	-
14547	445	45689	333	-
14547	445	45689	333	-
14547	445	45689	333	-
14547	445	45689	333	-
14547	445	45689	333	-
14547	445	45689	333	-
14547	445	45689	333	-
14547	445	45689	333	-
10429	17697	45689	334	-
10429	17697	45689	334	-
10429	17697	45689	334	-
10429	16911	45689	334	-
10429	16911	45689	334	-
10429	16911	45689	334	-
10429	16911	45689	334	-
10429	17697	45689	334	-
16409	21980	45689	338	-
16409	21980	45689	338	-
16409	21980	45689	338	-
3611	22986	45689	344	-
14547	445	45689	346	-
587	12101	45689	357	-
587	12101	45689	357	-
587	12101	45689	357	-
587	12101	45689	357	-
10429	4085	45689	357	-
18246	3801	6188	358	-
18246	3801	6188	358	-
18246	3801	6188	358	-
18246	3801	6188	358	-
18246	3801	6188	358	-
18246	3801	6188	358	-
18246	3801	6188	358	-
18246	3801	6188	358	-
18246	3801	6188	358	-
18246	3801	6188	358	-
18246	3801	6188	358	-
18246	3801	6188	358	-
18246	3801	6188	358	-
10429	4085	6188	358	-
10429	4085	6188	358	-
10429	4085	6188	358	-
10429	4085	6188	358	-
18246	3801	6188	358	-
18246	3801	6188	358	-
18246	3801	6188	358	-
18246	3801	6188	358	-
18246	3801	6188	358	-
18246	3801	6188	358	-
10429	4085	6188	358	-
18246	3801	6188	358	-
10429	4085	6188	358	-
18246	3801	6188	358	-
10429	4085	6188	358	-
10429	4085	6188	358	-
10429	4085	6188	358	-
10429	4085	6188	358	-
10429	4085	6188	358	-
10429	4085	6188	358	-
10429	4085	6188	358	-
10429	4085	6188	358	-
10429	4085	6188	358	-
18246	3801	6188	358	-
18246	3801	6188	359	-
18246	3801	6188	359	-
20367	19350	6188	360	-
20367	19350	6188	360	-
587	2059	6188	363	-
587	2059	6188	363	-
587	2059	6188	363	-
14547	1379	6188	364	-
14547	1379	6188	364	-
14547	1379	6188	364	-
14547	1379	6188	364	-
14547	1379	6188	364	-
14547	1379	6188	364	-
14547	1379	6188	364	-
14547	1379	6188	364	-
14547	1379	6188	364	-
14547	1379	6188	364	-
14547	1379	6188	364	-
14547	1379	6188	364	-
14547	1379	6188	364	-
14547	1379	6188	364	-
14547	1379	6188	364	-
14547	1379	6188	364	-
14547	1379	6188	364	-
14547	1379	6188	364	-
14547	1379	6188	364	-
14547	1379	6188	364	-
14547	1379	6188	364	-
14547	1379	6188	364	-
14547	1379	6188	364	-
14547	1379	6188	364	-
14547	1379	6188	364	-
14547	1379	6188	364	-
14547	1379	6188	364	-
14547	1379	6188	365	-
14547	1379	6188	365	-
14547	1379	6188	365	-
14547	1379	6188	365	-
14547	1379	6188	365	-
14547	1379	6188	365	-
14547	1379	6188	365	-
14547	1379	6188	365	-
14547	1379	6188	365	-
14547	1379	6188	365	-
14547	1379	6188	365	-
14547	1379	6188	365	-
3957	22986	6188	370	-
3076	14437	6188	370	-
19350	15307	6188	372	-
19350	15307	6188	372	-
19350	15307	6188	372	-
19350	15307	6188	372	-
19350	15307	6188	372	-
16409	1949	6188	376	-
18246	708	6188	378	-
18246	708	6188	378	-
18246	708	6188	378	-
18246	708	6188	378	-
18246	708	6188	378	-
18246	708	6188	378	-
18246	708	6188	378	-
18246	708	6188	378	-
18246	708	6188	378	-
18246	708	6188	378	-
18246	708	6188	378	-
18246	708	6188	378	-
18246	708	6188	378	-
18246	708	6188	378	-
18246	708	6188	378	-
18246	708	6188	378	-
18246	708	6188	379	-
18246	708	6188	379	-
3611	21355	6188	379	-
18246	708	6188	379	-
18246	708	6188	379	-
16409	13755	6188	379	-
10429	9869	6188	380	-
10429	9869	6188	380	-
10429	9869	6188	380	-
10429	9869	6188	380	-
10429	9869	6188	380	-
3611	21355	6188	381	-
3611	21355	6188	381	-
3611	21355	6188	381	-
3611	21355	6188	381	-
18246	708	6188	382	-
18246	708	6188	382	-
18246	708	6188	382	-
18246	4749	6188	382	-
10429	9869	6188	383	-
10429	9869	6188	383	-
10429	9869	6188	383	-
10429	9869	6188	383	-
10429	904	6188	383	-
10429	9869	6188	383	-
10429	9869	6188	383	-
18246	3801	6188	384	-
18246	3801	6188	384	-
18246	3801	6188	384	-
18246	3801	6188	384	-
18246	3801	6188	384	-
18246	3801	6188	384	-
18246	3801	6188	384	-
18246	3801	6188	384	-
18246	3801	6188	384	-
18246	3801	6188	384	-
18246	3801	6188	384	-
18246	3801	6188	384	-
18246	3801	6188	384	-
18246	3801	6188	384	-
18246	3801	6188	384	-
18246	3801	6188	384	-
18246	3801	6188	384	-
18246	3801	6188	384	-
18246	3801	6188	384	-
18246	3801	6188	384	-
18246	3801	6188	384	-
18246	3801	6188	384	-
18246	3801	6188	385	-
18246	3801	6188	385	-
10429	5604	6188	386	-
16409	21980	6188	388	-
16409	21980	6188	388	-
16409	21980	6188	388	-
14547	1379	6188	400	-
14547	1379	6188	400	-
18246	3374	6188	402	-
18246	3374	6188	402	-
18246	3374	6188	402	-
14547	1379	6188	403	-
14547	1379	6188	403	-
14547	1379	6188	403	-
14547	1379	6188	404	-
14547	1379	6188	404	-
14547	1379	6188	404	-
14547	1379	6188	404	-
14547	1379	6188	404	-
14547	1379	6188	404	-
14547	1379	6188	404	-
14547	1379	6188	404	-
14547	1379	6188	404	-
10429	9869	6188	406	-
10429	9869	6188	406	-
10429	9869	6188	406	-
3076	9554	6188	411	-
882	16332	6188	412	-
3957	19834	6188	415	-
20367	19350	6188	415	-
18246	13487	6453	418	-
18246	13487	6453	418	-
18246	13487	6453	418	-
18246	13487	6453	418	-
18246	13487	6453	418	-
18246	13487	6453	418	-
18246	13487	6453	418	-
18246	13487	6453	418	-
18246	13487	6453	419	-
18246	13487	6453	419	-
18246	13487	6453	419	-
18246	13487	6453	419	-
18246	13487	6453	419	-
18246	13487	6453	419	-
18246	13487	6453	419	-
18246	13487	6453	419	-
18246	13487	6453	419	-
18246	18204	6453	420	-
18246	18204	6453	420	-
18246	18204	6453	420	-
18246	18204	6453	420	-
18246	18204	6453	420	-
18246	18204	6453	420	-
18246	18204	6453	420	-
18246	18204	6453	420	-
18246	18204	6453	420	-
18246	18204	6453	420	-
18246	18204	6453	420	-
18246	18204	6453	420	-
18246	18204	6453	420	-
18246	18204	6453	420	-
18246	18204	6453	420	-
18246	18204	6453	421	-
18246	18204	6453	421	-
18246	18204	6453	421	-
10571	14437	6453	428	-
587	2059	6453	429	-
587	2059	6453	429	-
587	2059	6453	429	-
587	2059	6453	429	-
587	2059	6453	429	-
587	2059	6453	429	-
587	2059	6453	429	-
10571	16531	6453	429	-
587	2059	6453	430	-
587	2059	6453	430	-
587	2059	6453	430	-
587	2059	6453	430	-
587	2059	6453	430	-
587	2059	6453	430	-
587	2059	6453	430	-
587	2059	6453	430	-
587	2059	6453	430	-
587	2059	6453	430	-
587	2059	6453	430	-
587	2059	6453	430	-
587	2059	6453	430	-
587	2059	6453	430	-
587	2059	6453	430	-
587	2059	6453	430	-
587	2059	6453	430	-
14547	15506	6453	434	-
14547	12101	6453	441	-
14547	12101	6453	441	-
14547	12101	6453	441	-
14547	12101	6453	441	-
18246	13487	6453	444	-
18246	13487	6453	444	-
18246	13487	6453	444	-
18246	13487	6453	444	-
18246	13487	6453	444	-
18246	13487	6453	444	-
18246	13487	6453	444	-
18246	13487	6453	444	-
18246	13487	6453	444	-
18246	13487	6453	444	-
18246	13487	6453	444	-
18246	13487	6453	444	-
18246	13487	6453	444	-
18246	13487	6453	444	-
18246	13487	6453	444	-
18246	13487	6453	444	-
18246	13487	6453	444	-
18246	13487	6453	444	-
18246	13487	6453	444	-
18246	13487	6453	444	-
10429	13755	6453	444	-
10429	13755	6453	444	-
10429	13755	6453	444	-
18246	13487	6453	444	-
10429	13755	6453	444	-
17624	16531	6453	462	-
18246	445	33762	484	-
18246	445	33762	484	-
18246	445	33762	484	-
18246	445	33762	484	-
18246	445	33762	484	-
18246	445	33762	484	-
18246	445	33762	484	-
18246	445	33762	484	-
18246	445	33762	484	-
18246	445	33762	484	-
18246	445	33762	484	-
18246	445	33762	484	-
18246	445	33762	484	-
18246	445	33762	484	-
18246	13487	33762	502	-
18246	13487	33762	502	-
17624	3297	33762	502	-
18246	13487	33762	502	-
18246	13487	33762	502	-
18246	13487	33762	502	-
18246	13487	33762	502	-
18246	13487	33762	502	-
18246	13487	33762	503	-
18246	13487	33762	503	-
18246	13487	33762	503	-
18246	13487	33762	503	-
18246	13487	33762	503	-
18246	13487	33762	503	-
18246	13487	33762	503	-
18246	13487	33762	503	-
18246	13487	33762	503	-
18246	13487	33762	503	-
18246	13487	33762	503	-
18246	13487	33762	503	-
18246	13487	33762	503	-
18246	13487	33762	503	-
18246	13487	33762	504	-
18246	13487	33762	504	-
18246	13487	33762	504	-
14547	22986	33762	506	-
10429	13755	33762	506	-
10429	13755	33762	506	-
10429	13755	33762	506	-
3957	15667	33762	506	-
10429	13755	33762	506	-
14547	19834	33762	507	-
14547	11900	33762	507	-
14547	15667	33762	508	-
14547	21708	33762	509	-
20367	19350	33762	510	-
20367	19350	33762	510	-
20367	19350	33762	510	-
20367	19350	33762	510	-
12332	3297	33762	515	-
3957	21708	33762	515	-
12332	16531	33762	515	-
12332	9554	33762	519	-
18246	445	33762	525	-
18246	445	33762	525	-
18246	445	33762	525	-
18246	445	33762	525	-
18246	445	33762	525	-
18246	445	33762	525	-
18246	445	33762	525	-
18246	445	33762	526	-
18246	445	33762	526	-
18246	445	33762	526	-
18246	445	33762	526	-
18246	16409	33762	528	-
18246	16409	33762	528	-
18246	16409	33762	528	-
18246	16409	33762	528	-
10429	13755	33762	531	-
10429	13755	33762	531	-
10429	13755	33762	531	-
10429	13755	33762	531	-
18246	16409	33762	537	-
18246	445	33762	537	-
19350	6768	46192	538	-
19350	15692	46192	538	-
19350	6768	46192	538	-
19350	6768	46192	538	-
14547	12101	46192	539	-
14547	12101	46192	539	-
14547	12101	46192	539	-
14547	12101	46192	539	-
14547	12101	46192	539	-
20367	19350	46192	540	-
18246	17697	46192	544	-
18246	16911	46192	544	-
18246	16911	46192	544	-
18246	17697	46192	544	-
18246	16911	46192	544	-
18246	17697	46192	544	-
18246	16911	46192	544	-
18246	17697	46192	544	-
587	5997	46192	546	-
587	5997	46192	546	-
587	5997	46192	546	-
587	5997	46192	546	-
587	5997	46192	546	-
587	5997	46192	546	-
587	5997	46192	546	-
587	5997	46192	546	-
587	5997	46192	546	-
587	5997	46192	546	-
587	5997	46192	547	-
587	22949	46192	550	-
7782	13122	46192	555	-
3957	11900	46192	558	-
10571	23167	46192	558	-
10571	3297	46192	559	-
19350	11795	46192	562	-
19350	15692	46192	562	-
19350	11795	46192	562	-
10571	16593	46192	562	-
6775	14437	46192	568	-
10429	7782	46192	569	-
3957	13122	46192	569	-
10429	7782	46192	569	-
10429	7782	46192	570	-
10429	7782	46192	570	-
10429	7782	46192	570	-
20367	19350	46192	570	-
10429	7782	46192	570	-
10429	7782	46192	570	-
10429	7782	46192	570	-
10429	7782	46192	570	-
10429	7782	46192	571	-
19350	11795	46192	571	-
10429	7782	46192	571	-
19350	6768	46192	571	-
10429	7782	46192	571	-
10429	7782	46192	571	-
10429	7782	46192	571	-
10429	7782	46192	571	-
19350	11795	46192	571	-
3611	13122	46192	574	-
3957	15394	46192	576	-
20312	2843	46192	576	-
20312	8452	46192	577	-
3611	13122	46192	580	-
587	21980	46192	584	-
587	21980	46192	585	-
14547	12101	46192	585	-
14547	12101	46192	585	-
14547	12101	46192	585	-
587	21980	46192	585	-
16409	7215	46192	585	-
14547	12101	46192	585	-
16409	7215	46192	586	-
16409	7215	46192	586	-
16409	7215	46192	586	-
16409	7215	46192	586	-
16409	7215	46192	586	-
16409	7215	46192	586	-
16409	7215	46192	586	-
16409	7215	46192	586	-
16409	7215	46192	586	-
16409	7215	46192	586	-
882	9554	46192	596	-
882	16332	46192	597	-
20367	19350	17749	600	-
20367	19350	17749	600	-
19350	15692	17749	623	-
19350	6768	17749	623	-
19350	6768	17749	623	-
19350	6768	17749	623	-
3076	3297	17749	624	-
3076	9554	17749	624	-
14547	12101	17749	630	-
14547	12101	17749	630	-
14547	12101	17749	630	-
14547	12101	17749	631	-
3611	4112	17749	631	-
3611	4112	17749	631	-
3611	4112	17749	631	-
14547	12101	17749	631	-
587	6229	17749	632	-
587	6229	17749	632	-
587	6229	17749	632	-
3611	4112	17749	632	-
3611	4112	17749	632	-
3611	4112	17749	632	-
587	6229	17749	632	-
3611	4112	17749	632	-
3611	4112	17749	632	-
3611	4112	17749	632	-
3611	4112	17749	632	-
587	6229	17749	632	-
587	6229	17749	632	-
587	6229	17749	632	-
3611	4112	17749	632	-
587	6229	17749	632	-
3611	4112	17749	632	-
587	6229	17749	632	-
587	6229	17749	632	-
3611	4112	17749	632	-
587	6229	17749	632	-
587	6229	17749	632	-
587	6229	17749	632	-
18246	18204	17749	639	-
3957	15394	17749	646	-
3374	19834	17749	646	-
3611	4112	17749	650	-
3611	4112	17749	650	-
3611	4112	17749	650	-
3611	4112	17749	651	-
3611	4112	17749	651	-
3611	4112	17749	651	-
3611	4112	17749	651	-
3611	4112	17749	651	-
3611	4112	17749	651	-
3611	4112	17749	651	-
3611	4112	17749	651	-
3611	4112	17749	651	-
18246	18204	43177	686	-
18246	18204	43177	689	-
16409	7215	43177	695	-
16409	7215	43177	695	-
16409	7215	43177	695	-
19350	18634	43177	700	-
19350	18634	43177	700	-
19350	18634	43177	700	-
19350	18634	43177	700	-
19350	18634	43177	700	-
19350	18634	43177	700	-
19350	18634	43177	701	-
19350	18634	43177	701	-
19350	18634	43177	701	-
19350	18634	43177	701	-
19350	18634	43177	701	-
19350	18634	43177	701	-
19350	18634	43177	701	-
19350	18634	43177	701	-
18246	16911	43177	703	-
18246	16911	43177	704	-
3611	18708	43177	715	-
3611	18708	43177	715	-
10429	16409	13579	720	-
10429	16409	13579	720	-
10429	16409	13579	720	-
10429	16409	13579	720	-
587	17167	13579	724	-
19350	18332	13579	724	-
3611	18708	13579	734	-
587	13961	13579	735	-
587	13961	13579	735	-
587	13961	13579	735	-
587	13961	13579	735	-
587	13961	13579	735	-
15394	4800	13579	735	-
587	13961	13579	735	-
587	13961	13579	735	-
587	13961	13579	735	-
587	13961	13579	735	-
587	13961	13579	735	-
587	13961	13579	735	-
587	13961	13579	735	-
587	13961	13579	735	-
587	13961	13579	735	-
587	13961	13579	735	-
587	13961	13579	735	-
587	13961	13579	735	-
587	13961	13579	735	-
587	13961	13579	735	-
587	13961	13579	735	-
587	13961	13579	735	-
587	13961	13579	735	-
587	13961	13579	735	-
587	13961	13579	735	-
587	13961	13579	735	-
587	13961	13579	735	-
23317	882	13579	735	-
587	13961	13579	735	-
10429	15667	13579	736	-
17624	16332	13579	738	-
17624	16332	13579	740	-
17624	16332	13579	742	-
17624	16332	13579	745	-
17624	16332	13579	747	-
17624	16332	13579	749	-
10429	16409	13579	750	-
10429	16409	13579	750	-
10429	16409	13579	750	-
10429	16409	13579	750	-
10429	16409	13579	750	-
10429	16409	13579	750	-
10429	16409	13579	750	-
10429	16409	13579	750	-
10429	16409	13579	750	-
10429	16409	13579	750	-
10429	16409	13579	750	-
10429	16409	13579	750	-
10429	16409	13579	750	-
17624	16332	13579	752	-
17624	16332	13579	752	-
17624	16332	13579	752	-
17624	16332	13579	752	-
17624	16332	13579	752	-
17624	16332	13579	752	-
17624	16332	13579	752	-
17624	16332	13579	752	-
17624	16332	13579	752	-
17624	16332	13579	752	-
17624	16332	13579	752	-
17624	16332	13579	752	-
17624	16332	13579	753	-
18246	16409	13579	766	-
10429	16409	13579	767	-
10429	16409	13579	767	-
10429	16409	13579	767	-
10429	16409	13579	767	-
10429	16409	13579	767	-
10429	16409	13579	767	-
10429	16409	13579	767	-
10429	16409	13579	767	-
10429	16409	13579	767	-
10429	16409	13579	767	-
10429	16409	13579	767	-
10429	16409	13579	767	-
10429	16409	13579	767	-
12985	1633	13579	768	-
19350	18634	13579	771	-
19350	18634	13579	771	-
19350	18634	13579	772	-
19350	18634	13579	772	-
14547	12101	13579	776	-
14547	12101	13579	776	-
14547	12101	13579	776	-
14547	12101	13579	776	-
14547	12101	13579	776	-
20367	19350	18387	780	-
18246	16139	18387	790	-
18246	16139	18387	790	-
19350	18634	18387	790	-
18246	16139	18387	790	-
19350	18634	18387	790	-
18246	16139	18387	790	-
19350	18634	18387	790	-
18246	16139	18387	790	-
19350	18634	18387	790	-
19350	18634	18387	790	-
18246	16139	18387	790	-
18246	16139	18387	790	-
19350	18634	18387	790	-
18246	16139	18387	790	-
18246	16139	18387	790	-
18246	16139	18387	790	-
19350	17726	18387	790	-
18246	16139	18387	790	-
19350	18634	18387	790	-
19350	18634	18387	791	-
19350	18634	18387	791	-
19350	18634	18387	791	-
19350	18634	18387	791	-
19350	18634	18387	791	-
19350	18634	18387	791	-
19350	18634	18387	791	-
18246	2463	18387	791	-
19350	18634	18387	791	-
18246	16139	18387	791	-
18246	16139	18387	791	-
18246	16139	18387	791	-
18246	16139	18387	791	-
18246	16139	18387	791	-
18246	16139	18387	791	-
18246	16139	18387	791	-
18246	16139	18387	791	-
18246	16139	18387	792	-
18246	16139	18387	792	-
18246	16139	18387	792	-
18246	16139	18387	792	-
18246	16139	18387	792	-
18246	16139	18387	792	-
18246	16139	18387	792	-
18246	16139	18387	792	-
18246	16139	18387	792	-
18246	16139	18387	792	-
18246	16139	18387	792	-
18246	16139	18387	792	-
18246	16139	18387	792	-
18246	16139	18387	792	-
18246	16139	18387	792	-
18246	16139	18387	792	-
18246	16139	18387	792	-
18246	16139	18387	792	-
18246	16139	18387	792	-
3611	5119	18387	793	-
3611	5119	18387	793	-
3611	5119	18387	793	-
3611	5119	18387	793	-
3611	5119	18387	793	-
3611	5119	18387	793	-
3611	5119	18387	793	-
3611	5119	18387	793	-
3611	5119	18387	793	-
3611	5119	18387	793	-
3611	5119	18387	793	-
3611	5119	18387	793	-
3611	5119	18387	793	-
3611	5119	18387	793	-
3611	5119	18387	793	-
3611	5119	18387	793	-
3611	5119	18387	793	-
3611	5119	18387	793	-
3611	5119	18387	793	-
3611	5119	18387	793	-
3611	5119	18387	793	-
3611	5119	18387	793	-
3611	5119	18387	793	-
3611	5119	18387	793	-
18246	16409	18387	803	-
3611	11004	18387	806	-
3611	11004	18387	806	-
3611	11004	18387	806	-
3611	11004	18387	806	-
3611	11004	18387	806	-
16409	3374	18387	811	-
16409	3374	18387	811	-
18246	16409	18387	814	-
19350	18609	18387	816	-
19350	9699	18387	816	-
19350	9699	18387	816	-
19350	18609	18387	816	-
19350	9699	18387	817	-
19350	9699	18387	817	-
19350	9699	18387	817	-
19350	18609	18387	817	-
19350	9699	18387	817	-
19350	9699	18387	817	-
19350	9699	18387	817	-
18246	6157	18387	822	-
18246	6157	18387	823	-
18246	6157	18387	823	-
18246	6157	18387	823	-
18246	6157	18387	823	-
18246	6157	18387	823	-
18246	6157	18387	823	-
18246	6157	18387	823	-
18246	6157	18387	823	-
18246	6157	18387	823	-
18246	6157	18387	823	-
18246	3858	18387	824	-
18246	6157	18387	824	-
18246	6157	18387	824	-
18246	6157	18387	824	-
18246	6157	18387	824	-
18246	6157	18387	824	-
18246	6157	18387	824	-
18246	18682	18387	824	-
18246	6157	18387	824	-
18246	14263	18387	824	-
18246	14263	18387	824	-
587	13961	18387	827	-
587	13961	18387	827	-
587	13961	18387	827	-
587	13961	18387	827	-
587	13961	18387	827	-
587	13961	18387	827	-
587	13961	18387	827	-
587	13961	18387	827	-
10429	3076	18387	827	-
10429	3076	18387	828	-
10429	3076	18387	828	-
10429	3076	18387	828	-
10429	3076	18387	828	-
10429	3076	18387	828	-
16409	3374	18387	828	-
10429	3076	18387	828	-
10429	3076	18387	828	-
10429	3076	18387	828	-
10429	3076	18387	828	-
10429	6114	18387	828	-
10429	3076	18387	828	-
10429	3076	18387	828	-
10429	3076	18387	828	-
16409	3374	18387	828	-
10429	3076	18387	828	-
10429	3076	18387	828	-
10429	3076	18387	828	-
10429	3076	18387	828	-
10429	3076	18387	828	-
10429	3076	18387	828	-
10429	3076	18387	828	-
10429	3076	18387	828	-
10429	3076	18387	828	-
10429	3076	18387	828	-
10429	3076	18387	828	-
10429	3076	18387	828	-
14547	12101	18387	833	-
14547	12101	18387	833	-
14547	12101	18387	833	-
14547	12101	18387	833	-
16409	3374	18387	837	-
16409	3374	18387	837	-
16409	3374	18387	837	-
3957	587	46548	851	-
16409	12149	46548	851	-
16409	12149	46548	852	-
16409	12149	46548	853	-
16409	12149	46548	853	-
16409	12149	46548	853	-
16409	12149	46548	853	-
16409	12149	46548	853	-
16409	12149	46548	853	-
16409	12149	46548	853	-
16409	12149	46548	853	-
16409	12149	46548	853	-
16409	12149	46548	853	-
16409	12149	46548	853	-
16409	12149	46548	853	-
16409	12149	46548	853	-
16409	12149	46548	853	-
16409	12149	46548	853	-
16409	12149	46548	853	-
16409	12149	46548	853	-
16409	12149	46548	853	-
16409	12149	46548	853	-
16409	12149	46548	853	-
16409	12149	46548	853	-
16409	12149	46548	853	-
16409	12149	46548	853	-
16409	12149	46548	853	-
16409	12149	46548	853	-
10429	3076	46548	867	-
10429	3076	46548	867	-
10429	3076	46548	867	-
10429	3076	46548	867	-
10429	3076	46548	867	-
10429	3076	46548	867	-
10429	3076	46548	867	-
10429	3076	46548	867	-
10429	3076	46548	868	-
10429	3076	46548	868	-
10429	3076	46548	868	-
10429	3076	46548	868	-
10429	3076	46548	868	-
10429	3076	46548	868	-
14547	2059	46548	884	-
14547	2059	46548	884	-
14547	2059	46548	884	-
18246	1739	46548	886	-
18246	1739	46548	887	-
18246	1739	46548	887	-
18246	1739	46548	887	-
18246	1739	46548	887	-
18246	1739	46548	887	-
18246	1739	46548	887	-
18246	1739	46548	887	-
18246	1739	46548	887	-
18246	1739	46548	887	-
18246	1739	46548	887	-
18246	1739	46548	887	-
18246	1739	46548	887	-
18246	1739	46548	887	-
18246	1739	46548	887	-
18246	1739	46548	887	-
18246	1739	46548	887	-
18246	1739	46548	887	-
18246	1739	46548	887	-
18246	1739	46548	887	-
18246	1739	46548	887	-
18246	1739	46548	887	-
18246	1739	46548	887	-
18246	1739	46548	888	-
18246	1739	46548	888	-
18246	1739	46548	888	-
18246	1739	46548	888	-
18246	1739	46548	888	-
18246	1739	46548	888	-
18246	1739	46548	888	-
18246	1739	46548	888	-
18246	1739	46548	888	-
18246	1739	46548	888	-
18246	1739	46548	888	-
18246	1739	46548	888	-
18246	1739	46548	888	-
18246	16139	46548	896	-
18246	16139	46548	896	-
18246	16139	46548	896	-
18246	16139	46548	896	-
18246	16139	46548	896	-
18246	16139	46548	897	-
18246	16139	46548	897	-
18246	16139	46548	897	-
18246	16139	46548	897	-
18246	16139	46548	897	-
18246	16139	46548	897	-
18246	16139	46548	897	-
18246	16139	46548	897	-
18246	16139	46548	897	-
18246	16139	46548	897	-
18246	16139	46548	897	-
18246	16139	46548	897	-
18246	16139	46548	897	-
18246	16139	46548	897	-
18246	16139	46548	897	-
18246	16139	46548	897	-
18246	16139	46548	897	-
18246	16139	46548	897	-
18246	16139	46548	897	-
18246	16139	46548	897	-
18246	16139	46548	897	-
18246	16139	46548	897	-
18246	16139	46548	897	-
18246	16139	46548	897	-
587	13961	4522	898	-
587	13961	4522	898	-
587	13961	4522	898	-
19350	18609	4522	901	-
19350	18017	4522	901	-
19350	18017	4522	901	-
19350	18017	4522	901	-
19350	18017	4522	901	-
19350	18017	4522	901	-
18246	16139	4522	904	-
3611	22901	4522	904	-
3611	22901	4522	904	-
14547	2059	4522	912	-
14547	2059	4522	912	-
14547	2059	4522	912	-
14547	2059	4522	912	-
14547	2059	4522	912	-
14547	2059	4522	912	-
14547	2059	4522	912	-
14547	2059	4522	912	-
14547	2059	4522	912	-
14547	2059	4522	912	-
14547	2059	4522	912	-
14547	2059	4522	912	-
14547	2059	4522	912	-
14547	2059	4522	912	-
14547	2059	4522	912	-
14547	2059	4522	912	-
14547	2059	4522	912	-
14547	2059	4522	913	-
14547	2059	4522	913	-
14547	2059	4522	913	-
14547	2059	4522	913	-
14547	2059	4522	913	-
14547	2059	4522	913	-
14547	2059	4522	913	-
18246	16139	4522	913	-
3611	22901	4522	920	-
3611	22901	4522	920	-
3611	22901	4522	920	-
3611	22901	4522	920	-
18246	16139	4522	936	-
18246	16139	4522	936	-
18246	16139	4522	936	-
18246	16139	4522	936	-
18246	15394	4522	950	-
20367	587	4522	950	-
3611	22901	4522	956	-
3611	22901	4522	956	-
10429	16409	13984	970	-
10429	16409	13984	971	-
10429	16409	13984	971	-
10429	16409	13984	971	-
10429	16409	13984	971	-
10429	16409	13984	971	-
10429	16409	13984	971	-
10429	16409	13984	971	-
10429	16409	13984	971	-
10429	16409	13984	971	-
10429	16409	13984	971	-
10429	16409	13984	971	-
10429	16409	13984	971	-
10429	16409	13984	978	-
10429	16409	13984	978	-
10429	16409	13984	978	-
10429	16409	13984	978	-
16409	12149	13984	979	-
16409	12149	13984	979	-
16409	12149	13984	979	-
16409	12149	13984	979	-
16409	12149	13984	979	-
16409	12149	13984	979	-
16409	12149	13984	979	-
16409	12149	13984	979	-
16409	12149	13984	979	-
16409	12149	13984	979	-
16409	12149	13984	979	-
16409	12149	13984	979	-
16409	12149	13984	979	-
10429	16409	13984	983	-
10429	16409	13984	983	-
10429	16409	13984	983	-
10429	16409	13984	983	-
10429	16409	13984	983	-
10429	16409	13984	983	-
10429	16409	13984	983	-
10429	16409	13984	983	-
10429	16409	13984	983	-
10429	16409	13984	983	-
10429	16409	13984	983	-
10429	16409	13984	984	-
10429	16409	13984	984	-
587	15480	13984	989	-
587	15480	13984	989	-
587	15480	13984	989	-
587	15480	13984	989	-
587	13704	13984	992	-
587	15480	13984	993	-
587	15480	13984	993	-
587	15480	13984	993	-
587	15480	13984	993	-
587	15480	13984	993	-
18246	17695	13984	995	-
18246	17695	13984	995	-
18246	17695	13984	995	-
587	18332	13984	999	-
18246	8109	13984	1006	-
18246	8109	13984	1006	-
18246	8109	13984	1006	-
18246	8109	13984	1006	-
18246	8109	13984	1006	-
18246	8109	13984	1006	-
18246	8109	13984	1007	-
18246	8109	13984	1007	-
18246	8109	13984	1007	-
18246	8109	13984	1007	-
18246	8109	13984	1007	-
18246	8109	13984	1007	-
18246	8109	13984	1007	-
18246	8109	13984	1007	-
18246	8109	13984	1007	-
18246	8109	13984	1007	-
18246	8109	13984	1007	-
18246	8109	13984	1007	-
18246	8109	13984	1007	-
18246	8109	13984	1007	-
18246	8109	13984	1007	-
18246	8109	13984	1007	-
18246	8109	13984	1007	-
18246	8109	13984	1007	-
18246	8109	13984	1007	-
18246	8109	9701	1018	-
587	15480	9701	1020	-
18246	18868	9701	1021	-
18246	8109	9701	1021	-
18246	8109	9701	1021	-
18246	8109	9701	1021	-
18246	8109	9701	1021	-
18246	8109	9701	1021	-
18246	8109	9701	1021	-
18246	8109	9701	1021	-
18246	18868	9701	1021	-
18246	8109	9701	1021	-
18246	8109	9701	1021	-
18246	8109	9701	1021	-
587	16177	9701	1023	-
587	16177	9701	1023	-
587	16177	9701	1023	-
587	16177	9701	1023	-
587	16177	9701	1023	-
587	16177	9701	1023	-
18246	10812	9701	1024	-
18246	6157	9701	1024	-
19350	18332	9701	1033	-
15506	19350	9701	1045	-
3611	22901	9701	1050	-
3611	22901	9701	1050	-
16409	12149	9701	1057	-
16409	12149	9701	1059	-
16409	12149	9701	1060	-
16409	12149	9701	1060	-
18246	15068	9701	1060	-
16409	12149	9701	1060	-
16409	12149	9701	1060	-
16409	12149	9701	1060	-
16409	12149	9701	1060	-
16409	12149	9701	1060	-
18246	15068	9701	1060	-
18246	15068	9701	1060	-
16409	12149	9701	1060	-
18246	15068	9701	1060	-
16409	12149	9701	1060	-
18246	15068	9701	1060	-
16409	12149	9701	1060	-
18246	6157	9701	1060	-
16409	12149	9701	1060	-
18246	15068	9701	1060	-
18246	15068	9701	1060	-
16409	12149	9701	1060	-
18246	15068	9701	1060	-
16409	12149	9701	1060	-
18246	15068	9701	1060	-
16409	12149	9701	1060	-
16409	12149	9701	1060	-
16409	12149	9701	1060	-
16409	12149	9701	1060	-
16409	12149	9701	1060	-
16409	12149	9701	1060	-
16409	12149	9701	1060	-
16409	12149	9701	1060	-
16409	12149	9701	1060	-
16409	12149	9701	1060	-
16409	12149	9701	1060	-
16409	12149	9701	1060	-
16409	12149	9701	1060	-
16409	12149	9701	1060	-
18246	6157	9701	1061	-
18246	6157	9701	1061	-
18246	6157	9701	1061	-
18246	14263	9701	1061	-
18246	6157	9701	1061	-
18246	6157	9701	1061	-
18246	6157	9701	1061	-
18246	6157	9701	1061	-
18246	6157	9701	1061	-
18246	15068	9701	1061	-
18246	6157	9701	1061	-
18246	15068	9701	1061	-
18246	6157	9701	1061	-
18246	15068	9701	1061	-
18246	15068	9701	1061	-
18246	15068	9701	1061	-
18246	18682	9701	1061	-
18246	6157	9701	1061	-
18246	6157	9701	1062	-
18246	6157	9701	1062	-
18246	6157	9701	1062	-
18246	15068	9701	1062	-
18246	15068	9701	1062	-
18246	15068	9701	1062	-
18246	15068	9701	1062	-
18246	6157	9701	1062	-
18246	6157	9701	1062	-
18246	6157	9701	1062	-
18246	18682	9701	1062	-
18246	15068	9701	1062	-
18246	15068	9701	1062	-
18246	6157	9701	1062	-
18246	6157	9701	1062	-
18246	6157	9701	1062	-
18246	6157	9701	1062	-
18246	6157	9701	1062	-
18246	15068	9701	1062	-
18246	15068	9701	1062	-
18246	6157	9701	1062	-
18246	15068	9701	1062	-
18246	15068	9701	1062	-
18246	15068	9701	1062	-
18246	18682	9701	1062	-
18246	15068	9701	1062	-
18246	15068	9701	1062	-
18246	15068	9701	1062	-
18246	15068	9701	1062	-
18246	14263	9701	1062	-
3611	17824	9701	1064	-
3611	17824	9701	1065	-
3611	17824	9701	1065	-
18246	8092	9701	1074	-
3957	19531	9701	1074	-
19603	3611	9701	1074	-
19603	3611	9701	1074	-
18246	8092	9701	1074	-
18246	8092	9701	1075	-
18246	8092	9701	1075	-
18246	8092	9701	1075	-
18246	8092	9701	1075	-
18246	8092	9701	1075	-
18246	8092	9701	1075	-
18246	8092	9701	1075	-
18246	8092	9701	1075	-
18246	8092	9701	1075	-
18246	8092	9701	1075	-
18246	8092	9701	1075	-
18246	8092	9701	1075	-
18246	8092	9701	1075	-
18246	8092	9701	1075	-
18246	8092	9701	1075	-
18246	8092	9701	1075	-
18246	8092	9701	1075	-
18246	8092	9701	1075	-
18246	8092	9701	1075	-
18246	8092	9701	1075	-
18246	8092	9701	1075	-
18246	8092	9701	1075	-
18246	8092	9701	1075	-
18246	8092	9701	1075	-
18246	18682	9701	1075	-
18246	8092	9701	1075	-
18246	8092	9701	1075	-
18246	8092	9701	1075	-
18246	8092	9701	1075	-
18246	8092	9701	1075	-
18246	8092	9701	1075	-
18246	8092	9701	1075	-
18246	8092	9701	1076	-
18246	8092	9701	1076	-
10429	558	9701	1076	-
18246	8092	9701	1076	-
10429	558	9701	1076	-
18246	8092	9701	1076	-
10429	558	9701	1076	-
18246	8092	9701	1076	-
10429	558	9701	1076	-
18246	8092	9701	1076	-
10429	558	9701	1076	-
18246	6157	9701	1076	-
10429	558	9701	1076	-
18246	8092	9701	1076	-
10429	558	9701	1076	-
18246	8092	9701	1076	-
18246	8092	9701	1076	-
18246	8092	9701	1076	-
18246	8092	9701	1076	-
18246	8092	9701	1076	-
18246	8092	9701	1076	-
18246	18868	22892	1079	-
18246	18868	22892	1079	-
19350	18017	22892	1100	-
19350	18017	22892	1100	-
19350	18017	22892	1100	-
19350	18017	22892	1100	-
19350	18017	22892	1100	-
19350	18017	22892	1100	-
19350	18017	22892	1100	-
19350	18609	22892	1100	-
19350	18017	22892	1100	-
19350	18017	22892	1100	-
19350	18017	22892	1100	-
14547	5997	22892	1105	-
882	23167	22892	1105	-
14547	5997	22892	1105	-
14547	5997	22892	1105	-
14547	5997	22892	1105	-
14547	5997	22892	1105	-
882	16593	22892	1105	-
14547	5997	22892	1106	-
14547	5997	22892	1106	-
14547	5997	22892	1106	-
14547	5997	22892	1106	-
14547	5997	22892	1106	-
14547	5997	22892	1107	-
14547	22949	22892	1107	-
14547	21980	22892	1109	-
14547	21980	22892	1109	-
14547	21980	22892	1109	-
882	16531	22892	1110	-
18246	1654	22892	1113	-
18246	1654	22892	1114	-
18246	1654	22892	1114	-
18246	1654	22892	1114	-
16409	12149	22892	1127	-
16409	12149	22892	1127	-
16409	12149	22892	1127	-
16409	12149	22892	1127	-
18246	1654	22892	1127	-
16409	12149	22892	1127	-
18246	1654	22892	1127	-
18246	1654	22892	1127	-
16409	12149	22892	1127	-
18246	1654	22892	1127	-
18246	1654	22892	1127	-
16409	12149	22892	1127	-
18246	1654	22892	1127	-
16409	12149	22892	1127	-
16409	12149	22892	1127	-
16409	12149	22892	1127	-
16409	12149	22892	1127	-
16409	12149	22892	1127	-
16409	12149	22892	1127	-
16409	12149	22892	1127	-
16409	12149	22892	1127	-
16409	12149	22892	1127	-
16409	12149	22892	1127	-
16409	12149	22892	1127	-
16409	12149	22892	1127	-
16409	12149	22892	1127	-
16409	12149	22892	1127	-
18246	1654	22892	1127	-
18246	1654	22892	1128	-
18246	1654	22892	1128	-
18246	1654	22892	1128	-
18246	1654	22892	1128	-
18246	1654	22892	1128	-
18246	1654	22892	1128	-
18246	1654	22892	1128	-
18246	1654	22892	1128	-
18246	1654	22892	1128	-
18246	1654	22892	1128	-
18246	1654	22892	1128	-
18246	1654	22892	1128	-
18246	1654	22892	1128	-
18246	1654	22892	1128	-
18246	1654	22892	1128	-
18246	1654	22892	1128	-
18246	1654	22892	1128	-
18246	1654	22892	1128	-
18246	1654	22892	1128	-
18246	1654	22892	1128	-
18246	1654	22892	1128	-
18246	1654	22892	1128	-
18246	1654	22892	1128	-
18246	1654	22892	1128	-
18246	1654	22892	1128	-
18246	1654	22892	1128	-
18246	1654	22892	1128	-
18246	1654	22892	1128	-
18246	1654	22892	1128	-
18246	1654	22892	1128	-
18246	1654	22892	1128	-
18246	1654	22892	1128	-
18246	1654	22892	1128	-
18246	1654	22892	1128	-
18246	1654	22892	1128	-
18246	1654	22892	1128	-
18246	1654	22892	1128	-
18246	1654	22892	1128	-
18246	1654	22892	1128	-
18246	1654	22892	1129	-
18246	1654	22892	1129	-
18246	1654	22892	1129	-
18246	1654	22892	1129	-
18246	1654	22892	1129	-
18246	1654	22892	1129	-
18246	1654	22892	1129	-
18246	1654	22892	1129	-
18246	1654	22892	1129	-
18246	1654	22892	1129	-
18246	1654	16193	1144	-
18246	1654	16193	1144	-
18246	1654	16193	1144	-
18246	1654	16193	1144	-
18246	1654	16193	1144	-
18246	1654	16193	1144	-
18246	1654	16193	1144	-
18246	1654	16193	1144	-
18246	1654	16193	1144	-
18246	1654	16193	1144	-
18246	1654	16193	1144	-
18246	1654	16193	1145	-
18246	1654	16193	1145	-
18246	1654	16193	1145	-
14547	6229	16193	1150	-
14547	6229	16193	1150	-
14547	6229	16193	1150	-
14547	6229	16193	1150	-
3297	22986	16193	1150	-
14547	6229	16193	1150	-
14547	6229	16193	1150	-
14547	6229	16193	1150	-
18246	17712	16193	1150	-
18246	18868	16193	1150	-
18246	8109	16193	1150	-
18246	17712	16193	1150	-
14547	6229	16193	1150	-
14547	6229	16193	1150	-
14547	6229	16193	1150	-
14547	6229	16193	1150	-
11001	22986	16193	1150	-
3297	19531	16193	1150	-
14547	6229	16193	1151	-
14547	6229	16193	1151	-
11001	5938	16193	1151	-
11001	15894	16193	1151	-
3297	15667	16193	1152	-
11001	11900	16193	1153	-
3297	21708	16193	1153	-
11001	19531	16193	1154	-
3297	19834	16193	1156	-
18246	8109	16193	1157	-
18246	8109	16193	1157	-
18246	8109	16193	1157	-
18246	18868	16193	1157	-
18246	8109	16193	1157	-
18246	8109	16193	1157	-
18246	8109	16193	1157	-
18246	8109	16193	1157	-
18246	8109	16193	1157	-
18246	8109	16193	1157	-
18246	18868	16193	1157	-
18246	8109	16193	1157	-
587	16177	16193	1160	-
587	16177	16193	1160	-
587	16177	16193	1160	-
587	16177	16193	1160	-
587	16177	16193	1160	-
587	16177	16193	1160	-
587	16177	16193	1160	-
587	16177	16193	1160	-
587	16177	16193	1160	-
587	16177	16193	1160	-
587	16177	16193	1160	-
587	16177	16193	1160	-
587	16177	16193	1160	-
587	16177	16193	1160	-
587	16177	16193	1160	-
587	16177	16193	1160	-
587	16177	16193	1160	-
587	16177	16193	1160	-
587	16177	16193	1160	-
587	16177	16193	1160	-
587	16177	16193	1160	-
587	16177	16193	1160	-
587	16177	16193	1160	-
16409	12149	16193	1162	-
16409	12149	16193	1162	-
16409	12149	16193	1162	-
16409	12149	16193	1162	-
16409	12149	16193	1162	-
16409	12149	16193	1162	-
16409	12149	16193	1162	-
16409	12149	16193	1162	-
16409	12149	16193	1162	-
16409	12149	16193	1162	-
16409	12149	16193	1162	-
16409	12149	16193	1163	-
16409	12149	16193	1163	-
10429	16409	16193	1164	-
10429	16409	16193	1164	-
10429	16409	16193	1164	-
10429	16409	16193	1165	-
10429	16409	16193	1165	-
10429	16409	16193	1165	-
10429	16409	16193	1165	-
10429	16409	16193	1165	-
10429	16409	16193	1165	-
10429	16409	16193	1165	-
10429	16409	16193	1165	-
10429	16409	16193	1165	-
10429	16409	16193	1165	-
18246	18868	16193	1168	-
20367	19350	16193	1170	-
20367	19350	16193	1170	-
20367	19350	16193	1170	-
20367	19350	16193	1170	-
20367	19350	16193	1171	-
20367	19350	16193	1171	-
20367	19350	16193	1171	-
3957	15394	16193	1171	-
3957	15394	16193	1171	-
18246	2794	16193	1171	-
14547	17167	16193	1172	-
20367	19350	16193	1174	-
20367	19350	16193	1174	-
20367	19350	16193	1174	-
20367	19350	16193	1175	-
20367	19350	16193	1175	-
20367	19350	16193	1175	-
20367	19350	16193	1175	-
3957	15394	16193	1177	-
20312	16531	16193	1177	-
3611	17824	16193	1178	-
13993	5938	16193	1179	-
18246	1654	16193	1180	-
13993	5938	16193	1181	-
18246	1654	16193	1181	-
13993	5938	16193	1183	-
10429	16409	16193	1184	-
10429	16409	16193	1184	-
10429	16409	16193	1184	-
10429	16409	16193	1184	-
10429	16409	16193	1184	-
10429	16409	16193	1184	-
10429	16409	16193	1184	-
10429	16409	16193	1184	-
10429	16409	16193	1184	-
10429	16409	16193	1184	-
10429	16409	16193	1184	-
10429	16409	16193	1184	-
10429	16409	16193	1184	-
13993	5938	16193	1185	-
13993	5938	16193	1188	-
13993	5938	16193	1190	-
13993	5938	16193	1193	-
13993	5938	16193	1193	-
13993	5938	16193	1193	-
13993	5938	16193	1193	-
13993	5938	16193	1193	-
13993	5938	16193	1193	-
13993	5938	16193	1193	-
13993	5938	16193	1193	-
13993	5938	16193	1193	-
13993	5938	16193	1193	-
13993	5938	16193	1193	-
13993	5938	16193	1193	-
13993	5938	16193	1193	-
13993	5938	16193	1193	-
13993	5938	16193	1193	-
13993	5938	16193	1193	-
13993	5938	16193	1193	-
13993	5938	16193	1193	-
587	16177	16193	1194	-
587	16177	16193	1194	-
587	16177	16193	1194	-
587	16177	16193	1194	-
587	16177	16193	1194	-
587	16177	16193	1194	-
587	16177	16193	1194	-
587	16177	16193	1194	-
587	16177	16193	1194	-
587	16177	16193	1194	-
587	16177	16193	1194	-
587	16177	16193	1194	-
587	16177	16193	1194	-
587	16177	16193	1194	-
587	16177	16193	1194	-
587	16177	16193	1194	-
587	16177	16193	1194	-
587	16177	16193	1194	-
587	16177	16193	1194	-
587	16177	16193	1194	-
587	16177	16193	1195	-
587	16177	16193	1195	-
587	16177	16193	1195	-
16409	12149	14676	1204	-
16409	12149	14676	1204	-
16409	12149	14676	1204	-
16409	12149	14676	1204	-
16409	12149	14676	1204	-
16409	12149	14676	1204	-
16409	12149	14676	1204	-
16409	12149	14676	1204	-
16409	12149	14676	1204	-
16409	12149	14676	1204	-
16409	12149	14676	1204	-
16409	12149	14676	1205	-
16409	12149	14676	1205	-
16409	12149	14676	1205	-
16409	12149	14676	1205	-
16409	12149	14676	1205	-
16409	12149	14676	1205	-
16409	12149	14676	1205	-
16409	12149	14676	1205	-
19350	6157	14676	1206	-
19350	6157	14676	1207	-
19350	6157	14676	1207	-
19350	6157	14676	1207	-
19350	6157	14676	1208	-
19350	14263	14676	1208	-
19350	6157	14676	1208	-
19350	6157	14676	1208	-
19350	6157	14676	1208	-
19350	6157	14676	1208	-
19350	6157	14676	1208	-
19350	6157	14676	1208	-
19350	18682	14676	1208	-
19350	6157	14676	1208	-
19350	6157	14676	1208	-
19350	14263	14676	1208	-
19350	6157	14676	1208	-
19350	6157	14676	1208	-
19350	6157	14676	1208	-
19350	6157	14676	1208	-
19350	6157	14676	1208	-
17624	23167	14676	1208	-
3611	17824	14676	1236	-
19350	3858	14676	1240	-
587	34	14676	1253	-
587	34	14676	1253	-
587	34	14676	1253	-
587	34	14676	1253	-
587	34	14676	1253	-
587	34	14676	1253	-
587	34	14676	1253	-
16409	18506	14676	1256	-
16409	18506	14676	1256	-
18246	18152	43840	1262	-
18246	18152	43840	1262	-
18246	18868	43840	1264	-
3957	15894	43840	1266	-
7179	14437	43840	1266	-
7179	2843	43840	1266	-
18246	15454	43840	1267	-
587	17380	43840	1267	-
587	17380	43840	1268	-
18246	6157	43840	1268	-
19350	14263	43840	1268	-
587	17380	43840	1268	-
18246	6157	43840	1268	-
18246	6157	43840	1268	-
19350	3858	43840	1268	-
19350	10812	43840	1268	-
18246	6157	43840	1268	-
587	17380	43840	1268	-
19350	15095	43840	1268	-
18246	18682	43840	1268	-
587	17380	43840	1268	-
18246	18682	43840	1268	-
587	17380	43840	1268	-
18246	14263	43840	1268	-
19350	6157	43840	1268	-
587	17380	43840	1268	-
18246	18682	43840	1268	-
19350	15095	43840	1268	-
587	17380	43840	1268	-
18246	6157	43840	1268	-
19350	6157	43840	1269	-
10429	16409	43840	1269	-
19350	15095	43840	1269	-
18246	14263	43840	1269	-
19350	6157	43840	1269	-
10429	16409	43840	1269	-
18246	6157	43840	1269	-
18246	6157	43840	1269	-
19350	15095	43840	1269	-
10429	16409	43840	1269	-
18246	6157	43840	1269	-
19350	14263	43840	1269	-
10429	16409	43840	1269	-
18246	6157	43840	1269	-
19350	6157	43840	1269	-
18246	6157	43840	1269	-
19350	6157	43840	1269	-
18246	1909	43840	1269	-
19350	15095	43840	1269	-
18246	6157	43840	1269	-
18246	6157	43840	1269	-
18246	6157	43840	1269	-
19350	18682	43840	1269	-
18246	18682	43840	1269	-
19350	15095	43840	1269	-
19350	15095	43840	1269	-
18246	6157	43840	1269	-
19350	6157	43840	1269	-
19350	14263	43840	1269	-
19350	6157	43840	1269	-
18246	18682	43840	1269	-
3076	16593	43840	1269	-
19350	15095	43840	1270	-
19350	6157	43840	1270	-
18246	6157	43840	1270	-
19350	6157	43840	1270	-
18246	6157	43840	1270	-
19350	15095	43840	1270	-
18246	6157	43840	1270	-
19350	15095	43840	1270	-
18246	18682	43840	1270	-
19350	15095	43840	1270	-
18246	18682	43840	1270	-
19350	15095	43840	1270	-
18246	6157	43840	1270	-
19350	15095	43840	1270	-
7179	3297	43840	1271	-
3957	22986	43840	1275	-
7179	3461	43840	1279	-
19350	6157	43840	1280	-
19350	6157	43840	1281	-
19350	6157	43840	1282	-
19350	6157	43840	1282	-
19350	6157	43840	1282	-
19350	3858	43840	1282	-
19350	6157	43840	1282	-
19350	6157	43840	1282	-
19350	6157	43840	1282	-
19350	6157	43840	1282	-
19350	6157	43840	1283	-
19350	6157	43840	1283	-
19350	14263	43840	1283	-
19350	18682	43840	1283	-
19350	14263	43840	1284	-
19350	6157	43840	1284	-
19350	6157	43840	1284	-
19350	6157	43840	1284	-
19350	6157	43840	1284	-
19350	6157	43840	1284	-
19350	6157	43840	1284	-
19350	6157	43840	1284	-
7179	16593	43840	1285	-
19603	3611	43840	1286	-
19603	3611	43840	1286	-
19603	3611	43840	1286	-
19603	3611	43840	1286	-
19603	3611	43840	1286	-
19603	3611	43840	1287	-
19603	3611	43840	1287	-
7179	9554	43840	1289	-
19350	6157	43840	1290	-
19350	6157	43840	1290	-
19350	6157	43840	1290	-
3611	17824	43840	1290	-
19350	6157	43840	1290	-
19350	6157	43840	1290	-
19350	10812	43840	1290	-
19350	6157	43840	1290	-
19350	6157	43840	1290	-
19350	6157	43840	1290	-
19350	6157	43840	1290	-
19350	6157	43840	1290	-
19350	3858	43840	1290	-
19350	6157	43840	1290	-
19350	6157	43840	1291	-
19350	6157	43840	1291	-
19350	6157	43840	1291	-
19350	6157	43840	1291	-
19350	6157	43840	1291	-
19350	6157	43840	1291	-
19350	14263	43840	1291	-
19350	6157	43840	1291	-
19350	6157	43840	1291	-
19350	6157	43840	1291	-
19350	6157	43840	1291	-
19350	6157	43840	1291	-
19350	6157	43840	1291	-
19350	6157	43840	1291	-
19350	6157	43840	1291	-
19350	14263	43840	1292	-
7179	16332	43840	1293	-
587	17380	43840	1316	-
587	17380	43840	1316	-
14547	15894	26217	1318	-
587	17380	26217	1319	-
587	17380	26217	1319	-
587	17380	26217	1319	-
587	17380	26217	1319	-
587	17380	26217	1319	-
587	17380	26217	1319	-
20367	19350	26217	1324	-
20367	19350	26217	1324	-
14547	13961	26217	1329	-
14547	13961	26217	1329	-
14547	13961	26217	1329	-
14547	13961	26217	1329	-
14547	13961	26217	1329	-
14547	13961	26217	1329	-
14547	13961	26217	1329	-
14547	13961	26217	1329	-
14547	13961	26217	1329	-
14547	13961	26217	1329	-
14547	13961	26217	1329	-
14547	13961	26217	1329	-
14547	13961	26217	1329	-
14547	13961	26217	1329	-
14547	13961	26217	1329	-
14547	13961	26217	1329	-
14547	13961	26217	1329	-
14547	13961	26217	1329	-
14547	13961	26217	1329	-
14547	13961	26217	1329	-
14547	13961	26217	1329	-
14547	13961	26217	1329	-
14547	13961	26217	1329	-
14547	13961	26217	1329	-
14547	13961	26217	1330	-
18246	1739	26217	1330	-
14547	13961	26217	1330	-
18246	1739	26217	1330	-
18246	1739	26217	1330	-
18246	1739	26217	1330	-
18246	1739	26217	1330	-
18246	1739	26217	1330	-
14547	13961	26217	1330	-
18246	1739	26217	1330	-
18246	1739	26217	1331	-
18246	1739	26217	1331	-
18246	1739	26217	1331	-
18246	1739	26217	1331	-
18246	1739	26217	1331	-
18246	1739	26217	1331	-
18246	1739	26217	1331	-
18246	1739	26217	1331	-
18246	1739	26217	1331	-
18246	1739	26217	1331	-
18246	1739	26217	1331	-
18246	1739	26217	1331	-
18246	1739	26217	1331	-
18246	1739	26217	1331	-
18246	1739	26217	1331	-
18246	1739	26217	1331	-
18246	1739	26217	1331	-
18246	1739	26217	1331	-
18246	1739	26217	1331	-
18246	1739	26217	1331	-
18246	1739	26217	1331	-
18246	1739	26217	1331	-
18246	1739	26217	1332	-
18246	1739	26217	1332	-
18246	1739	26217	1332	-
18246	1739	26217	1332	-
18246	1739	26217	1332	-
18246	1739	26217	1332	-
18246	1739	26217	1332	-
18246	1739	26217	1332	-
20367	19350	26217	1333	-
19603	3611	26217	1333	-
19603	3611	26217	1333	-
3297	15667	26217	1334	-
23317	882	26217	1335	-
15394	4800	26217	1335	-
17624	23167	26217	1336	-
17624	23167	26217	1338	-
17624	23167	26217	1340	-
19350	18017	26217	1341	-
19350	18017	26217	1341	-
19350	18017	26217	1341	-
19350	18017	26217	1341	-
19350	18017	26217	1341	-
19350	18609	26217	1341	-
19350	18017	26217	1341	-
19350	18017	26217	1341	-
19350	18017	26217	1341	-
19350	18017	26217	1341	-
19350	18017	26217	1341	-
19350	18017	26217	1341	-
19350	18017	26217	1341	-
19350	18017	26217	1341	-
17624	23167	26217	1342	-
3611	17824	26217	1343	-
3611	17824	26217	1343	-
3611	17824	26217	1343	-
17624	23167	26217	1345	-
17624	23167	26217	1345	-
8048	2843	26217	1355	-
3957	1633	26217	1355	-
8048	3297	26217	1355	-
10429	18035	26217	1357	-
10429	18035	26217	1357	-
10429	18035	26217	1357	-
10429	18035	26217	1357	-
10429	18035	26217	1357	-
10429	18035	26217	1357	-
8048	3461	26217	1359	-
14547	13961	26217	1362	-
14547	13961	26217	1362	-
14547	13961	26217	1362	-
14547	13961	26217	1362	-
14547	13961	26217	1362	-
14547	13961	26217	1362	-
14547	13961	26217	1362	-
14547	13961	26217	1362	-
8048	4981	26217	1362	-
3611	17824	26217	1363	-
19350	18017	26217	1365	-
19350	18609	26217	1366	-
8048	16593	26217	1367	-
19350	6157	26217	1368	-
19350	21045	26217	1368	-
19350	6157	26217	1368	-
19350	6157	26217	1368	-
3611	17824	26217	1373	-
8048	9554	26217	1373	-
14547	3374	26217	1377	-
14547	3374	26217	1377	-
14547	3374	26217	1377	-
14547	3374	21107	1378	-
14547	3374	21107	1378	-
14547	3374	21107	1378	-
14547	3374	21107	1378	-
8048	16332	21107	1378	-
18246	8109	21107	1379	-
18246	8109	21107	1379	-
18246	8109	21107	1379	-
18246	8109	21107	1379	-
18246	8109	21107	1379	-
18246	8109	21107	1379	-
18246	8109	21107	1379	-
18246	8109	21107	1379	-
18246	8109	21107	1379	-
18246	8109	21107	1379	-
18246	8109	21107	1380	-
18246	8109	21107	1380	-
18246	8109	21107	1380	-
18246	8109	21107	1380	-
18246	8109	21107	1380	-
18246	8109	21107	1380	-
18246	8109	21107	1380	-
18246	8109	21107	1380	-
18246	8109	21107	1380	-
18246	8109	21107	1380	-
18246	8109	21107	1380	-
18246	8109	21107	1380	-
18246	8109	21107	1380	-
18246	8109	21107	1380	-
18246	8109	21107	1380	-
14547	15894	21107	1390	-
14547	11900	21107	1390	-
19531	15667	21107	1391	-
14547	1633	21107	1392	-
17624	14437	21107	1395	-
17624	14437	21107	1397	-
17624	14437	21107	1400	-
17624	14437	21107	1403	-
16409	12149	21107	1403	-
16409	12149	21107	1404	-
16409	12149	21107	1404	-
16409	12149	21107	1404	-
16409	12149	21107	1404	-
16409	12149	21107	1404	-
16409	12149	21107	1404	-
16409	12149	21107	1404	-
16409	12149	21107	1404	-
16409	12149	21107	1404	-
16409	12149	21107	1404	-
16409	12149	21107	1404	-
16409	12149	21107	1404	-
16409	12149	21107	1404	-
16409	12149	21107	1404	-
16409	12149	21107	1404	-
16409	12149	21107	1404	-
16409	12149	21107	1404	-
16409	12149	21107	1404	-
17624	14437	21107	1405	-
17624	14437	21107	1407	-
18246	21708	21107	1410	-
17624	14437	21107	1411	-
17624	14437	21107	1411	-
17624	14437	21107	1411	-
17624	14437	21107	1411	-
17624	14437	21107	1411	-
17624	14437	21107	1411	-
17624	14437	21107	1411	-
17624	14437	21107	1411	-
17624	14437	21107	1411	-
17624	14437	21107	1411	-
17624	14437	21107	1411	-
17624	14437	21107	1411	-
17624	14437	21107	1411	-
17624	14437	21107	1411	-
17624	14437	21107	1411	-
17624	14437	21107	1411	-
17624	14437	21107	1411	-
17624	14437	21107	1411	-
17624	14437	21107	1411	-
17624	14437	21107	1411	-
17624	14437	21107	1411	-
17624	14437	21107	1411	-
17624	14437	21107	1411	-
17624	14437	21107	1411	-
18246	8109	21107	1414	-
18246	8109	21107	1414	-
18246	18152	21107	1414	-
20367	19350	21107	1414	-
20367	19350	21107	1414	-
18246	8109	21107	1414	-
18246	18152	21107	1414	-
18246	8109	21107	1414	-
18246	18152	21107	1414	-
18246	8109	21107	1414	-
18246	18152	21107	1414	-
18246	8109	21107	1414	-
18246	18152	21107	1414	-
18246	18152	21107	1414	-
18246	18152	21107	1414	-
18246	18152	21107	1414	-
18246	18868	21107	1414	-
18246	18152	21107	1414	-
18246	8109	21107	1414	-
18246	18152	21107	1414	-
18246	8109	21107	1414	-
18246	18152	21107	1414	-
18246	18152	21107	1414	-
18246	18152	21107	1414	-
18246	18152	21107	1414	-
18246	18152	21107	1414	-
18246	18152	21107	1414	-
18246	8109	21107	1414	-
18246	18152	21107	1415	-
18246	18152	21107	1415	-
18246	18152	21107	1415	-
18246	18152	21107	1415	-
18246	18152	21107	1415	-
18246	18152	21107	1415	-
18246	18152	21107	1415	-
18246	18152	21107	1415	-
18246	18152	21107	1415	-
18246	18152	21107	1415	-
18246	18152	21107	1415	-
18246	18152	21107	1415	-
18246	18152	21107	1415	-
18246	18152	21107	1415	-
18246	18152	21107	1415	-
18246	18152	21107	1415	-
18246	18152	21107	1415	-
18246	18152	21107	1415	-
18246	18152	21107	1415	-
18246	18152	21107	1415	-
18246	18152	21107	1415	-
18246	18152	21107	1415	-
18246	18152	21107	1415	-
18246	18152	21107	1415	-
18246	18152	21107	1415	-
18246	18152	21107	1415	-
18246	18152	21107	1415	-
18246	18152	21107	1415	-
18246	18152	21107	1415	-
18246	18152	21107	1415	-
18246	18152	21107	1415	-
20367	19350	21107	1415	-
20367	19350	21107	1415	-
18246	18152	21107	1415	-
20367	19350	21107	1415	-
20367	19350	21107	1415	-
18246	8109	21107	1415	-
18246	18152	21107	1415	-
18246	8109	21107	1415	-
18246	18152	21107	1415	-
18246	18152	21107	1415	-
7179	16593	21107	1419	-
19350	14314	21107	1423	-
19350	14314	21107	1423	-
19350	14314	21107	1423	-
19350	14314	21107	1423	-
19350	14314	21107	1423	-
19350	14314	21107	1423	-
19350	14314	21107	1423	-
19350	14314	21107	1423	-
19350	14314	21107	1423	-
19350	14314	21107	1423	-
19350	14314	21107	1423	-
19350	14314	21107	1423	-
19350	14314	21107	1424	-
19350	14314	21107	1424	-
19350	14314	21107	1424	-
19350	14314	21107	1424	-
19350	14314	21107	1424	-
19350	14314	21107	1424	-
6775	8452	21107	1430	-
14547	3374	21107	1432	-
10571	3297	21107	1432	-
14547	3374	21107	1432	-
14547	3374	21107	1433	-
14547	3374	21107	1433	-
14547	3374	21107	1433	-
14547	3374	21107	1433	-
14547	3374	21107	1433	-
10429	10895	21107	1433	-
10429	10895	21107	1433	-
10429	10895	21107	1433	-
10429	10895	21107	1433	-
10571	3297	21107	1435	-
10429	22596	21107	1436	-
10429	10895	21107	1436	-
10429	10895	21107	1436	-
10429	10895	21107	1436	-
10429	10895	21107	1436	-
10571	16332	21107	1436	-
10429	10895	21107	1437	-
10429	10895	21107	1437	-
10429	10895	21107	1437	-
10429	10895	21107	1437	-
3076	16531	21107	1437	-
10429	10895	23637	1442	-
13993	22986	23637	1444	-
13993	22986	23637	1446	-
13993	22986	23637	1449	-
13993	22986	23637	1451	-
3297	1001	23637	1453	-
14547	13961	23637	1453	-
14547	13961	23637	1454	-
14547	13961	23637	1454	-
13993	22986	23637	1454	-
13993	22986	23637	1454	-
7782	22986	23637	1457	-
7782	15894	23637	1457	-
18246	8109	23637	1462	-
19350	14314	23637	1470	-
19350	14314	23637	1470	-
19350	14314	23637	1470	-
19350	14314	23637	1470	-
19350	14314	23637	1470	-
19350	14314	23637	1470	-
18246	21546	23637	1471	-
18246	8109	23637	1471	-
18246	18152	23637	1472	-
18246	18152	23637	1473	-
18246	18152	23637	1473	-
18246	18152	23637	1473	-
18246	18152	23637	1473	-
18246	18152	23637	1473	-
18246	18152	23637	1473	-
18246	18152	23637	1473	-
18246	18152	23637	1473	-
18246	18152	23637	1473	-
18246	18152	23637	1473	-
18246	18152	23637	1473	-
18246	18152	23637	1473	-
18246	18152	23637	1473	-
18246	18152	23637	1473	-
18246	18152	23637	1473	-
18246	18152	23637	1473	-
18246	18152	23637	1473	-
18246	18152	23637	1473	-
18246	18152	23637	1473	-
18246	18152	23637	1473	-
18246	18152	23637	1473	-
18246	18152	23637	1473	-
18246	18152	23637	1473	-
18246	18152	23637	1473	-
18246	18152	23637	1473	-
18246	18152	23637	1473	-
18246	18152	23637	1473	-
18246	18152	23637	1473	-
18246	18152	23637	1473	-
18246	18152	23637	1473	-
18246	18152	23637	1473	-
18246	18152	23637	1473	-
18246	18152	23637	1473	-
18246	18152	23637	1473	-
20367	19350	23637	1475	-
3957	15394	23637	1475	-
20367	19350	23637	1475	-
19603	23167	23637	1478	-
14547	15480	23637	1484	-
14547	15480	23637	1484	-
14547	15480	23637	1484	-
14547	13704	23637	1484	-
14547	15480	23637	1484	-
14547	15480	23637	1484	-
14547	15480	23637	1484	-
16409	12149	23637	1484	-
16409	12149	23637	1484	-
16409	12149	23637	1484	-
16409	12149	23637	1484	-
14547	15480	23637	1484	-
16409	12149	23637	1484	-
16409	12149	23637	1484	-
16409	12149	23637	1484	-
16409	12149	23637	1484	-
16409	12149	23637	1484	-
16409	12149	23637	1484	-
14547	15480	23637	1484	-
16409	12149	23637	1484	-
16409	12149	23637	1484	-
16409	12149	23637	1484	-
14547	15480	23637	1484	-
14547	18332	23637	1488	-
19603	3611	23637	1493	-
19603	3611	23637	1493	-
19603	3611	23637	1493	-
19603	3611	23637	1493	-
19603	3611	23637	1493	-
19603	3611	23637	1493	-
19603	3611	23637	1493	-
3076	3611	27294	1498	-
3076	3611	27294	1498	-
3076	3611	27294	1498	-
3076	3611	27294	1498	-
3076	3611	27294	1498	-
3076	3611	27294	1498	-
3076	3611	27294	1498	-
3957	11900	27294	1508	-
10571	16531	27294	1508	-
13993	11900	27294	1510	-
13993	11900	27294	1512	-
13993	11900	27294	1514	-
6775	23167	27294	1515	-
3957	13122	27294	1515	-
7782	15894	27294	1515	-
6775	3461	27294	1515	-
7782	15667	27294	1516	-
13993	11900	27294	1517	-
13993	11900	27294	1519	-
18246	18152	27294	1519	-
6775	16531	27294	1519	-
13993	11900	27294	1522	-
6775	9554	27294	1524	-
13993	11900	27294	1526	-
13993	11900	27294	1526	-
13993	11900	27294	1526	-
13993	11900	27294	1526	-
13993	11900	27294	1526	-
13993	11900	27294	1526	-
13993	11900	27294	1526	-
13993	11900	27294	1526	-
13993	11900	27294	1527	-
13993	11900	27294	1527	-
13993	11900	27294	1527	-
13993	11900	27294	1527	-
13993	11900	27294	1527	-
19350	3076	27294	1527	-
19350	3076	27294	1528	-
19350	3076	27294	1528	-
19350	3076	27294	1528	-
19350	3076	27294	1528	-
19350	3076	27294	1528	-
19350	3076	27294	1528	-
19350	3076	27294	1528	-
19350	3076	27294	1529	-
19350	3076	27294	1529	-
19350	3076	27294	1529	-
19350	3076	27294	1529	-
19350	3076	27294	1529	-
19350	3076	27294	1529	-
19350	3076	27294	1529	-
19350	3076	27294	1529	-
19350	3076	27294	1529	-
19350	3076	27294	1530	-
19350	3076	27294	1530	-
19350	3076	27294	1530	-
19350	3076	27294	1530	-
19350	6114	27294	1530	-
19350	3076	27294	1530	-
19350	3076	27294	1530	-
19350	3076	27294	1530	-
19350	3076	27294	1530	-
587	17380	27294	1533	-
587	17380	27294	1533	-
587	17380	27294	1533	-
587	17380	27294	1533	-
587	17380	27294	1533	-
587	17380	27294	1533	-
587	20495	27294	1533	-
587	17380	27294	1533	-
587	17380	27294	1533	-
587	17380	27294	1533	-
587	17380	27294	1533	-
587	17380	27294	1533	-
19531	15894	27294	1533	-
20367	19350	27294	1534	-
19350	14314	27294	1535	-
19350	14314	27294	1535	-
19350	14314	27294	1535	-
19350	14314	27294	1535	-
3957	15394	27294	1535	-
19350	14314	27294	1535	-
19350	14314	27294	1535	-
19350	14314	27294	1535	-
19350	14314	27294	1535	-
19350	14314	27294	1535	-
19350	14314	27294	1535	-
19350	14314	27294	1535	-
19350	14314	27294	1535	-
19350	14314	27294	1535	-
19350	14314	27294	1535	-
19350	14314	27294	1535	-
19350	14314	27294	1535	-
19350	14314	27294	1535	-
19350	14314	27294	1535	-
20367	19350	27294	1535	-
14547	3374	27294	1540	-
14547	3374	27294	1540	-
14547	3374	27294	1540	-
16409	12149	27294	1544	-
16409	12149	27294	1544	-
16409	12149	27294	1544	-
16409	12149	27294	1544	-
16409	12149	27294	1544	-
16409	12149	27294	1544	-
16409	12149	27294	1544	-
16409	12149	27294	1544	-
16409	12149	27294	1544	-
16409	12149	27294	1545	-
16409	12149	27294	1545	-
16409	12149	27294	1545	-
16409	12149	27294	1545	-
16409	12149	27294	1545	-
16409	12149	27294	1545	-
16409	12149	27294	1545	-
10429	10895	27294	1549	-
10429	10895	27294	1549	-
10429	10895	27294	1549	-
10429	22596	27294	1549	-
10429	10895	27294	1549	-
10429	10895	27294	1549	-
10429	10895	27294	1549	-
10429	10895	27294	1549	-
10429	10895	27294	1549	-
10429	10895	27294	1549	-
10429	10895	27294	1549	-
10429	10895	27294	1549	-
10429	10895	27294	1549	-
16409	8006	27294	1555	-
16409	22956	27294	1555	-
16409	8006	27294	1555	-
16409	8006	27294	1555	-
16409	18708	27294	1557	-
16409	18708	27294	1557	-
14547	8006	40611	1563	-
14547	22956	40611	1563	-
14547	8006	40611	1563	-
14547	8006	40611	1563	-
587	14111	40611	1564	-
19350	14314	40611	1564	-
587	14111	40611	1564	-
19350	14314	40611	1564	-
19350	14314	40611	1564	-
587	14111	40611	1564	-
19350	14314	40611	1564	-
587	14111	40611	1564	-
19350	14314	40611	1564	-
19350	14314	40611	1564	-
14547	15480	40611	1564	-
587	14111	40611	1564	-
3957	15667	40611	1565	-
17624	23167	40611	1565	-
17624	2843	40611	1566	-
587	18332	40611	1572	-
587	18332	40611	1572	-
587	18332	40611	1573	-
18246	8109	40611	1573	-
587	18332	40611	1573	-
18246	8109	40611	1573	-
587	18332	40611	1573	-
18246	8109	40611	1573	-
587	18332	40611	1573	-
587	18332	40611	1573	-
18246	18868	40611	1573	-
587	18332	40611	1573	-
587	18332	40611	1573	-
587	18332	40611	1573	-
18246	8109	40611	1573	-
18246	8109	40611	1573	-
587	18332	40611	1573	-
587	18332	40611	1573	-
18246	8109	40611	1573	-
18246	8109	40611	1573	-
587	18332	40611	1573	-
18246	8109	40611	1573	-
18246	8109	40611	1573	-
587	18332	40611	1573	-
3611	17824	40611	1586	-
17624	14437	40611	1588	-
3957	19834	40611	1591	-
882	8452	40611	1591	-
3611	17824	40611	1597	-
19350	8400	40611	1600	-
19350	8400	40611	1600	-
19350	8400	40611	1600	-
19350	8400	40611	1600	-
19350	8400	40611	1600	-
14547	17649	40611	1600	-
14547	17649	40611	1600	-
19350	8400	40611	1600	-
19350	15095	40611	1600	-
14547	17649	40611	1600	-
19350	6157	40611	1600	-
19350	8400	40611	1600	-
14547	17649	40611	1600	-
19350	15095	40611	1601	-
19350	15095	40611	1601	-
19350	15095	40611	1601	-
19350	15095	40611	1601	-
19350	6157	40611	1601	-
19350	6157	40611	1601	-
19350	15095	40611	1601	-
19350	6157	40611	1601	-
19350	6157	40611	1601	-
19350	15095	40611	1601	-
14547	17649	40611	1601	-
19350	6157	40611	1601	-
14547	17649	40611	1601	-
19350	18682	40611	1601	-
19350	6157	40611	1601	-
19350	15095	40611	1601	-
14547	17649	40611	1601	-
19350	6157	40611	1601	-
14547	17649	40611	1601	-
19350	14263	40611	1601	-
14547	17649	40611	1601	-
14547	17649	40611	1601	-
14547	17649	40611	1601	-
14547	17649	40611	1601	-
19350	8400	40611	1601	-
19350	15095	40611	1601	-
14547	17649	40611	1601	-
19350	8400	40611	1601	-
19350	6157	40611	1601	-
14547	17649	40611	1601	-
19350	8400	40611	1601	-
14547	17649	40611	1601	-
19350	8400	40611	1601	-
19350	15095	40611	1601	-
14547	17649	40611	1601	-
19350	8400	40611	1601	-
19350	15095	40611	1601	-
14547	17649	40611	1601	-
19350	8400	40611	1601	-
19350	14263	40611	1601	-
19350	15095	40611	1601	-
14547	17649	40611	1601	-
14547	17649	40611	1601	-
19350	15095	40611	1601	-
19350	3858	40611	1601	-
19350	14263	40611	1601	-
19350	8400	40611	1601	-
3957	15394	40611	1606	-
16409	18708	9243	1620	-
16409	18708	9243	1620	-
16409	18708	9243	1620	-
16409	18708	9243	1620	-
16409	18708	9243	1620	-
16409	18708	9243	1620	-
16409	18708	9243	1620	-
16409	18708	9243	1620	-
16409	18708	9243	1620	-
16409	18708	9243	1620	-
16409	18708	9243	1620	-
16409	18708	9243	1620	-
16409	18708	9243	1620	-
16409	18708	9243	1620	-
16409	18708	9243	1620	-
16409	18708	9243	1620	-
16409	18708	9243	1620	-
16409	18708	9243	1620	-
16409	18708	9243	1620	-
16409	18708	9243	1620	-
16409	18708	9243	1620	-
16409	18708	9243	1620	-
16409	18708	9243	1620	-
16409	18708	9243	1620	-
6775	3461	9243	1633	-
6775	16593	9243	1634	-
3076	3611	9243	1637	-
3076	3611	9243	1637	-
3076	3611	9243	1637	-
3076	3611	9243	1637	-
10571	16332	9243	1637	-
19839	13122	9243	1638	-
3076	3611	9243	1638	-
3076	3611	9243	1638	-
6775	8452	9243	1638	-
3076	3611	9243	1638	-
6775	3611	9243	1638	-
19350	19517	9243	1639	-
6775	23167	9243	1639	-
14547	16177	9243	1644	-
14547	16177	9243	1644	-
14547	16177	9243	1644	-
14547	16177	9243	1644	-
14547	16177	9243	1644	-
14547	16177	9243	1644	-
6775	3297	9243	1646	-
6775	4981	9243	1649	-
6775	16531	9243	1653	-
14547	17649	9243	1654	-
14547	17649	9243	1654	-
14547	16177	9243	1655	-
14547	16177	9243	1655	-
14547	16177	9243	1655	-
14547	16177	9243	1655	-
14547	16177	9243	1655	-
14547	16177	9243	1656	-
14547	16177	9243	1656	-
14547	16177	9243	1656	-
14547	16177	9243	1656	-
14547	16177	9243	1656	-
14547	16177	9243	1656	-
14547	16177	9243	1656	-
14547	16177	9243	1656	-
14547	16177	9243	1656	-
14547	16177	9243	1656	-
14547	16177	9243	1656	-
14547	16177	9243	1656	-
14547	16177	9243	1656	-
14547	16177	9243	1656	-
14547	16177	9243	1656	-
14547	16177	9243	1656	-
14547	16177	9243	1656	-
14547	16177	9243	1657	-
19603	3611	9243	1658	-
19603	3611	9243	1658	-
6775	16332	9243	1658	-
587	18332	43654	1678	-
587	18332	43654	1679	-
587	18332	43654	1679	-
587	18332	43654	1679	-
587	18332	43654	1679	-
587	18332	43654	1679	-
587	18332	43654	1679	-
587	18332	43654	1679	-
587	18332	43654	1679	-
587	18332	43654	1679	-
587	18332	43654	1679	-
587	18332	43654	1679	-
587	18332	43654	1679	-
587	18332	43654	1679	-
587	18332	43654	1679	-
14547	16177	43654	1687	-
14547	16177	43654	1687	-
14547	16177	43654	1687	-
14547	16177	43654	1687	-
14547	16177	43654	1687	-
14547	16177	43654	1687	-
14547	16177	43654	1687	-
14547	16177	43654	1687	-
14547	16177	43654	1687	-
14547	16177	43654	1687	-
14547	16177	43654	1687	-
14547	16177	43654	1687	-
14547	16177	43654	1687	-
14547	16177	43654	1687	-
14547	16177	43654	1687	-
14547	16177	43654	1687	-
14547	16177	43654	1687	-
14547	16177	43654	1687	-
14547	16177	43654	1687	-
14547	16177	43654	1687	-
14547	16177	43654	1687	-
14547	16177	43654	1687	-
14547	16177	43654	1687	-
19350	21036	43654	1690	-
18246	2973	43654	1690	-
18246	2973	43654	1690	-
18246	2973	43654	1690	-
18246	2973	43654	1690	-
18246	2973	43654	1690	-
18246	2973	43654	1690	-
18246	2973	43654	1690	-
18246	2973	43654	1690	-
18246	2973	43654	1690	-
18246	2973	43654	1691	-
18246	2973	43654	1691	-
18246	2973	43654	1691	-
18246	2973	43654	1691	-
18246	2973	43654	1691	-
18246	2973	43654	1691	-
587	10349	43654	1692	-
587	10349	43654	1693	-
587	10349	43654	1693	-
587	10349	43654	1693	-
587	10349	43654	1693	-
587	10349	43654	1693	-
587	10349	43654	1693	-
587	10349	43654	1693	-
587	10349	43654	1693	-
587	10349	43654	1693	-
587	10349	43654	1693	-
587	10349	43654	1693	-
587	10349	43654	1693	-
587	10349	43654	1693	-
587	10349	43654	1693	-
587	10349	43654	1693	-
587	10349	43654	1693	-
587	10349	43654	1693	-
587	10349	43654	1693	-
14547	34	43654	1696	-
14547	34	43654	1696	-
14547	34	43654	1696	-
14547	34	43654	1696	-
14547	34	43654	1696	-
14547	34	43654	1696	-
14547	34	43654	1696	-
10429	7907	43654	1696	-
18246	2973	43654	1697	-
18246	2973	43654	1697	-
18246	2973	43654	1697	-
18246	2973	43654	1697	-
18246	2973	43654	1697	-
18246	2973	43654	1697	-
18246	2973	43654	1697	-
19350	11338	43654	1702	-
19350	11338	43654	1702	-
19350	11338	43654	1702	-
19350	11338	43654	1702	-
19350	11338	43654	1702	-
19350	11338	43654	1702	-
19350	1233	43654	1702	-
19350	11338	43654	1702	-
19350	11338	43654	1702	-
19350	1233	43654	1702	-
19350	1233	43654	1702	-
19350	11338	43654	1702	-
19350	11338	43654	1702	-
19350	11338	43654	1702	-
19350	11338	43654	1702	-
19350	11338	43654	1702	-
19350	11338	43654	1702	-
19350	11338	43654	1702	-
19350	1233	43654	1702	-
19350	11338	43654	1702	-
587	10349	43654	1707	-
587	10349	43654	1707	-
587	10349	43654	1707	-
587	10349	43654	1707	-
587	10349	43654	1707	-
587	10349	43654	1707	-
587	10349	43654	1707	-
587	10349	43654	1707	-
587	10349	43654	1707	-
587	10349	43654	1707	-
587	10349	43654	1707	-
587	10349	43654	1707	-
587	10349	43654	1707	-
587	10349	43654	1707	-
587	10349	43654	1707	-
7179	14437	43654	1710	-
16409	18708	43654	1716	-
19839	22986	43654	1718	-
3076	3611	43654	1718	-
3076	3297	43654	1719	-
3076	16531	43654	1719	-
882	2843	43654	1723	-
18246	2447	43654	1728	-
18246	2447	43654	1728	-
18246	2447	43654	1728	-
882	16531	43654	1728	-
18246	2447	43654	1729	-
18246	2447	43654	1729	-
18246	2447	43654	1729	-
18246	2447	43654	1729	-
18246	2447	43654	1730	-
18246	2447	43654	1730	-
18246	2447	43654	1730	-
18246	2447	43654	1730	-
18246	2447	43654	1730	-
18246	2447	43654	1730	-
18246	2447	43654	1730	-
18246	2447	43654	1730	-
18246	2447	43654	1730	-
19350	18219	43654	1736	-
19350	18219	43654	1736	-
19350	3957	43654	1736	-
19350	18219	43654	1736	-
18246	18332	43654	1736	-
19350	3957	43654	1736	-
19350	3957	43654	1736	-
19350	18219	43654	1736	-
19350	18219	43654	1736	-
19350	18219	43654	1736	-
19350	18219	43654	1737	-
19350	18219	43654	1737	-
19350	18219	43654	1737	-
19350	18219	43654	1737	-
19350	18219	43654	1737	-
19350	18219	43654	1737	-
19350	18219	43654	1737	-
19350	18219	43654	1737	-
19350	3957	43654	1737	-
19350	18219	43654	1737	-
19350	18219	43654	1737	-
19350	18219	43654	1737	-
19350	18219	43654	1737	-
14547	17712	43654	1737	-
14547	17649	43654	1737	-
3957	15394	45252	1739	-
20312	14437	45252	1739	-
19839	5938	45252	1740	-
19839	13122	45252	1740	-
20312	2843	45252	1740	-
14547	8006	45252	1741	-
14547	22956	45252	1741	-
14547	8006	45252	1741	-
14547	8006	45252	1741	-
3957	15394	45252	1743	-
20367	19350	45252	1745	-
20367	19350	45252	1745	-
20367	19350	45252	1745	-
20367	19350	45252	1745	-
3611	22986	45252	1747	-
587	18332	45252	1747	-
587	18332	45252	1747	-
587	18332	45252	1747	-
3611	5938	45252	1747	-
3611	15894	45252	1748	-
3611	19834	45252	1749	-
14547	17649	45252	1750	-
14547	17649	45252	1750	-
14547	17649	45252	1750	-
14547	17649	45252	1750	-
14547	17649	45252	1750	-
14547	17649	45252	1750	-
14547	17649	45252	1750	-
14547	17649	45252	1750	-
14547	17649	45252	1750	-
14547	17649	45252	1750	-
14547	17649	45252	1750	-
14547	17649	45252	1750	-
14547	17649	45252	1750	-
14547	17649	45252	1750	-
14547	17649	45252	1750	-
14547	17649	45252	1750	-
3611	11900	45252	1750	-
14547	17649	45252	1750	-
3611	1633	45252	1751	-
16671	15894	45252	1754	-
16671	5938	45252	1757	-
16671	15894	45252	1758	-
16671	15894	45252	1758	-
16671	19834	45252	1759	-
882	14437	45252	1760	-
882	3297	45252	1760	-
3957	587	45252	1761	-
7782	5938	45252	1774	-
7782	1633	45252	1774	-
20367	19350	45252	1775	-
20367	19350	45252	1775	-
20367	19350	45252	1775	-
20367	19350	45252	1775	-
3957	15394	45252	1775	-
20367	19350	45252	1775	-
20367	19350	45252	1776	-
20367	19350	45252	1779	-
20367	19350	45252	1779	-
20367	19350	45252	1779	-
20367	19350	45252	1779	-
3957	15394	45252	1779	-
20367	19350	45252	1779	-
14547	17380	45252	1780	-
14547	17380	45252	1780	-
14547	17380	45252	1780	-
14547	17380	45252	1780	-
14547	17380	45252	1780	-
14547	17380	45252	1780	-
14547	17380	45252	1780	-
14547	17380	45252	1780	-
16409	10197	45252	1782	-
16409	10197	45252	1782	-
16409	17697	45252	1782	-
16409	10197	45252	1782	-
16409	17697	45252	1782	-
16409	17697	45252	1782	-
16409	17697	45252	1782	-
16409	10197	45252	1783	-
