3957	15894	18449	0	-
7179	8452	18449	0	-
16671	14589	18449	12	-
16671	14589	18449	12	-
16671	14589	18449	12	-
16671	22990	18449	12	-
16671	22990	18449	12	-
16671	14589	18449	12	-
16671	14589	18449	12	-
16671	14589	18449	12	-
16671	14589	18449	12	-
16671	14589	18449	12	-
16671	14589	18449	12	-
16671	14589	18449	12	-
16671	14589	18449	12	-
16671	14589	18449	12	-
16671	14589	18449	12	-
16671	14589	18449	12	-
16671	14589	18449	13	-
16671	14589	18449	13	-
16671	14589	18449	13	-
16671	14589	18449	13	-
16671	14589	18449	13	-
16671	14589	18449	13	-
16671	14589	18449	13	-
16671	14589	18449	13	-
16671	14589	18449	13	-
12985	5938	18449	25	-
16409	12815	18449	28	-
16409	12815	18449	28	-
16409	12815	18449	28	-
16409	12815	18449	28	-
16409	12815	18449	28	-
16409	12815	18449	28	-
16409	12815	18449	28	-
16409	12815	18449	28	-
16409	12815	18449	28	-
16409	12815	18449	28	-
16409	12815	18449	28	-
16671	18204	18449	31	-
16671	18204	18449	31	-
16671	18204	18449	31	-
16671	18204	18449	31	-
16671	18204	18449	32	-
16671	18204	18449	32	-
16671	18204	18449	32	-
16671	18204	18449	32	-
16671	18204	18449	32	-
16671	18204	18449	32	-
16671	18204	18449	32	-
16671	18204	18449	32	-
16671	18204	18449	32	-
16671	18204	18449	32	-
16671	18204	18449	32	-
16671	18204	18449	32	-
16671	18204	18449	32	-
16671	18204	18449	32	-
19531	15667	18449	33	-
3957	5938	18449	36	-
3957	15394	18449	41	-
3957	5938	18449	41	-
7215	15667	34459	54	-
13993	22986	34459	59	-
13993	11900	34459	59	-
13993	21708	34459	60	-
3297	15667	34459	71	-
13993	5938	34459	76	-
3297	2911	34459	102	-
3297	2911	34459	102	-
3297	2911	34459	102	-
3297	2911	34459	102	-
3297	2911	34459	102	-
3297	2911	34459	102	-
16409	3076	34459	109	-
16409	3076	34459	109	-
16409	3076	34459	109	-
16409	3076	34459	109	-
16409	3076	34459	110	-
16409	3076	34459	110	-
16409	3076	34459	110	-
16409	3076	34459	110	-
16409	3076	34459	110	-
16409	3076	34459	110	-
16409	3076	34459	110	-
16409	3076	34459	110	-
16409	3076	34459	110	-
16409	3076	34459	110	-
16409	3076	34459	110	-
16409	3076	34459	110	-
16409	3076	34459	110	-
16409	3076	34459	110	-
16409	3076	34459	110	-
16409	3076	34459	110	-
16409	3076	34459	110	-
16409	3076	34459	110	-
16409	3076	34459	110	-
16409	3076	34459	110	-
16409	3076	34459	110	-
16409	3076	34459	110	-
16409	3076	34459	111	-
16409	3076	34459	111	-
16671	18204	43921	112	-
3957	15394	43921	130	-
3957	5938	43921	130	-
16671	5938	43921	148	-
12985	5938	43921	154	-
12332	3611	43921	167	-
19839	21708	43921	170	-
12332	3611	43921	170	-
882	23167	15964	190	-
882	7268	15964	190	-
19531	5938	15964	196	-
12985	5938	15964	201	-
16409	3076	15964	203	-
16409	3076	15964	203	-
16409	3076	15964	203	-
16409	3076	15964	203	-
16409	3076	15964	203	-
16409	3076	15964	203	-
16409	3076	15964	203	-
16409	3076	15964	203	-
16409	3076	15964	203	-
16409	3076	15964	203	-
16409	3076	15964	204	-
16409	3076	15964	204	-
16409	3076	15964	204	-
16409	3076	15964	204	-
16409	3076	15964	204	-
16409	3076	15964	204	-
16409	3076	15964	204	-
3957	11900	15964	205	-
10571	16531	15964	205	-
19603	16593	15964	208	-
19603	14437	15964	208	-
19839	19531	15964	210	-
19603	3611	15964	210	-
19603	23167	15964	211	-
19603	3297	15964	211	-
19603	2843	15964	213	-
19603	16531	15964	215	-
19603	7268	15964	219	-
19603	9554	15964	220	-
19603	16332	15964	221	-
10429	19531	12671	246	-
16671	18204	12671	257	-
3297	2911	12671	286	-
3297	2911	12671	286	-
3297	2911	12671	286	-
3297	2911	12671	286	-
3297	2911	12671	286	-
19603	23167	12671	291	-
3297	15894	32953	295	-
3297	19834	32953	296	-
3297	11900	32953	297	-
3297	1633	32953	298	-
3297	19531	32953	299	-
21708	18998	32953	302	-
16409	3076	32953	305	-
3297	2911	32953	311	-
3297	2911	32953	311	-
3297	2911	32953	311	-
3297	2911	32953	311	-
3297	2911	32953	311	-
3297	2911	32953	311	-
16409	3076	32953	324	-
16409	3076	32953	324	-
16409	3076	32953	324	-
16409	3076	32953	324	-
16409	3076	32953	324	-
16409	3076	32953	324	-
16409	3076	32953	324	-
16409	3076	32953	324	-
16409	3076	32953	324	-
16409	3076	32953	324	-
16409	3076	32953	324	-
16409	3076	32953	324	-
16409	3076	32953	324	-
16409	3076	32953	324	-
16409	3076	32953	324	-
16409	3076	32953	324	-
16409	3076	32953	324	-
16409	3076	32953	324	-
21708	18998	32953	330	-
21708	10571	32953	330	-
8048	23167	32953	334	-
21708	10571	32953	337	-
21708	10571	32953	337	-
21708	10571	32953	337	-
21708	10571	32953	337	-
21708	10571	32953	337	-
21708	10571	32953	337	-
21708	10571	32953	337	-
21708	10571	32953	337	-
21708	10571	32953	337	-
21708	10571	32953	337	-
21708	10571	32953	337	-
21708	10571	32953	337	-
21708	10571	32953	337	-
21708	10571	32953	337	-
21708	10571	32953	337	-
21708	10571	32953	337	-
21708	10571	32953	337	-
21708	10571	32953	337	-
16671	8560	32953	343	-
16671	8560	32953	343	-
16671	8560	32953	343	-
16671	8560	32953	343	-
16671	8560	32953	343	-
16671	8560	32953	343	-
16671	8560	32953	343	-
16671	8560	32953	343	-
16671	8560	32953	343	-
16671	8560	32953	343	-
14547	19531	32953	344	-
20312	14437	7969	364	-
3957	19834	7969	368	-
19531	5938	7969	369	-
19531	13122	7969	370	-
19531	11900	7969	371	-
16409	12815	7969	372	-
16409	12815	7969	372	-
16409	12815	7969	372	-
16409	12815	7969	372	-
16409	12815	7969	372	-
16409	12815	7969	372	-
16409	12815	7969	372	-
16409	12815	7969	372	-
16409	12815	7969	372	-
16409	12815	7969	372	-
16409	12815	7969	372	-
16409	12815	7969	372	-
16409	12815	7969	372	-
16409	12815	7969	372	-
16409	12815	7969	372	-
16409	12815	7969	372	-
16409	12815	7969	372	-
16409	12815	7969	372	-
19531	15667	7969	372	-
16409	12815	7969	373	-
19531	19531	7969	374	-
19531	1633	7969	375	-
3957	15394	7969	397	-
3297	15667	7969	400	-
16409	12815	7969	407	-
16409	12815	7969	407	-
16409	12815	7969	407	-
16409	12815	7969	407	-
16409	12815	7969	407	-
16409	12815	7969	407	-
16409	12815	7969	407	-
16409	12815	7969	407	-
16409	12815	7969	407	-
16409	12815	7969	407	-
16409	12815	7969	407	-
16409	12815	7969	407	-
16409	12815	7969	407	-
16409	12815	7969	407	-
16409	12815	7969	407	-
16409	12815	7969	407	-
16409	12815	7969	407	-
16409	12815	7969	407	-
16409	12815	7969	407	-
16409	12815	7969	407	-
16409	12815	7969	407	-
16409	12815	7969	407	-
16409	12815	7969	407	-
16409	12815	7969	407	-
16409	12815	7969	407	-
16409	12815	7969	408	-
16409	12815	7969	408	-
16409	12815	7969	408	-
16409	12815	7969	408	-
16409	12815	7969	408	-
16409	12815	7969	408	-
16409	12815	7969	408	-
16409	12815	7969	408	-
16409	12815	7969	408	-
16409	12815	7969	408	-
16409	12815	7969	408	-
16409	12815	7969	408	-
16409	12815	7969	408	-
16409	12815	7969	408	-
16409	12815	7969	408	-
16409	12815	7969	408	-
16409	12815	7969	408	-
16409	12815	7969	408	-
16409	12815	7969	408	-
16409	12815	7969	408	-
16409	12815	7969	408	-
16409	12815	7969	408	-
16409	12815	7969	408	-
16409	12815	7969	408	-
16409	12815	7969	408	-
16671	8560	7969	411	-
16671	8560	7969	411	-
16671	8560	7969	411	-
16671	8560	7969	411	-
16671	8560	8048	412	-
16671	8560	8048	412	-
16671	8560	8048	412	-
16671	8560	8048	412	-
16671	8560	8048	412	-
16671	8560	8048	412	-
16671	8560	8048	412	-
16671	8560	8048	412	-
16671	8560	8048	412	-
16671	8560	8048	412	-
16671	8560	8048	412	-
16671	8560	8048	412	-
16671	8560	8048	412	-
882	23167	8048	412	-
16671	8560	8048	413	-
16671	8560	8048	413	-
20312	11001	8048	433	-
3611	17005	8048	440	-
3957	587	8048	451	-
16671	8418	8048	454	-
16671	8418	8048	454	-
16671	8418	8048	454	-
16671	8418	8048	454	-
16671	8418	8048	455	-
16671	8418	8048	455	-
16671	8418	8048	455	-
16671	8418	8048	455	-
16671	8418	8048	455	-
16671	8418	8048	455	-
16671	8418	8048	455	-
16671	8418	8048	455	-
16671	8418	8048	455	-
16671	8418	8048	455	-
10571	23167	8048	462	-
16409	12815	8048	471	-
16409	12815	8048	471	-
16409	12815	8048	471	-
16409	12815	8048	471	-
16409	12815	8048	471	-
16409	12815	8048	471	-
16409	12815	8048	471	-
16409	12815	8048	471	-
16409	12815	8048	471	-
16409	12815	8048	471	-
16409	12815	8048	471	-
16409	12815	8048	471	-
16409	12815	8048	471	-
16409	12815	8048	471	-
16409	12815	8048	471	-
16409	12815	8048	471	-
16409	12815	8048	471	-
16409	12815	8048	471	-
16409	12815	8048	471	-
16409	12815	8048	471	-
16409	12815	8048	471	-
16409	12815	6669	472	-
16409	12815	6669	472	-
16409	12815	6669	472	-
16409	12815	6669	472	-
16409	12815	6669	472	-
16409	12815	6669	472	-
16409	12815	6669	472	-
16409	12815	6669	472	-
16409	12815	6669	472	-
16409	12815	6669	472	-
16409	12815	6669	472	-
16409	12815	6669	472	-
16409	12815	6669	472	-
16409	12815	6669	472	-
16409	12815	6669	472	-
16409	12815	6669	472	-
16409	12815	6669	472	-
16409	12815	6669	472	-
16409	12815	6669	472	-
16409	12815	6669	472	-
3297	2911	6669	472	-
3297	2911	6669	472	-
3297	2911	6669	472	-
3297	2911	6669	472	-
16409	12815	6669	472	-
3297	2911	6669	472	-
19839	19834	6669	495	-
13993	19531	6669	503	-
8048	14437	6669	504	-
3957	15667	6669	507	-
17624	14437	6669	507	-
19839	19834	6669	514	-
882	3611	6669	514	-
3957	19531	6669	517	-
10571	14437	6669	529	-
23317	882	9266	548	-
16409	12815	9266	549	-
16409	12815	9266	549	-
16409	12815	9266	549	-
16409	12815	9266	549	-
16409	12815	9266	549	-
16409	12815	9266	550	-
16409	12815	9266	550	-
16409	12815	9266	550	-
16409	12815	9266	550	-
16409	12815	9266	550	-
16409	12815	9266	550	-
16409	12815	9266	550	-
16409	12815	9266	550	-
16409	12815	9266	550	-
16409	12815	9266	550	-
16409	12815	9266	550	-
19531	19531	9266	567	-
16409	20367	9266	567	-
16409	23317	9266	567	-
10571	16531	9266	576	-
16409	12815	9266	578	-
16409	12815	9266	578	-
16409	12815	9266	578	-
16409	12815	9266	578	-
16409	12815	9266	578	-
16409	12815	9266	578	-
16409	12815	9266	578	-
16409	12815	9266	578	-
16409	12815	9266	578	-
16409	12815	9266	578	-
16409	12815	9266	578	-
16409	12815	9266	578	-
16409	12815	9266	578	-
16409	12815	9266	578	-
16409	12815	9266	578	-
16409	12815	9266	578	-
21708	1149	9266	589	-
12332	8452	9266	590	-
21708	6157	39879	606	-
21708	6157	39879	607	-
21708	6157	39879	607	-
21708	6157	39879	607	-
21708	3858	39879	607	-
21708	6157	39879	607	-
21708	6157	39879	607	-
21708	18682	39879	607	-
21708	6157	39879	607	-
21708	6157	39879	607	-
21708	6157	39879	607	-
21708	6157	39879	607	-
21708	6157	39879	607	-
21708	6157	39879	607	-
21708	6157	39879	607	-
21708	6157	39879	607	-
21708	6157	39879	607	-
21708	6157	39879	607	-
21708	6157	39879	607	-
21708	6157	39879	607	-
21708	6157	39879	607	-
21708	6157	39879	607	-
21708	6157	39879	607	-
21708	6157	39879	607	-
21708	6157	39879	607	-
21708	6157	39879	607	-
21708	6157	39879	607	-
21708	18718	39879	607	-
21708	6157	39879	607	-
21708	6157	39879	607	-
21708	6157	39879	607	-
21708	6157	39879	608	-
21708	6157	39879	608	-
21708	6157	39879	608	-
21708	6157	39879	608	-
21708	6157	39879	608	-
21708	6157	39879	608	-
21708	6157	39879	608	-
21708	6157	39879	608	-
21708	18682	39879	608	-
16409	12815	39879	611	-
16409	10571	39879	625	-
16409	10571	39879	626	-
16409	10571	39879	626	-
16409	10571	39879	626	-
16409	10571	39879	626	-
16409	10571	39879	626	-
16409	10571	39879	626	-
16409	10571	39879	626	-
16409	10571	39879	626	-
16409	10571	39879	626	-
16409	10571	39879	626	-
16409	10571	39879	626	-
16409	10571	39879	626	-
16409	10571	39879	627	-
16409	10571	39879	627	-
16409	10571	39879	627	-
16409	10571	39879	627	-
16409	10571	39879	627	-
3297	2911	39879	629	-
3297	15960	39879	629	-
3297	2911	39879	629	-
3297	2911	39879	629	-
3297	15960	39879	629	-
3297	2911	39879	629	-
3297	2911	39879	629	-
3297	2911	39879	629	-
21708	6157	39879	645	-
21708	6157	39879	645	-
21708	6157	39879	645	-
21708	6157	39879	645	-
21708	6157	39879	645	-
21708	6157	39879	645	-
21708	6157	39879	645	-
21708	6157	39879	645	-
21708	6157	39879	645	-
21708	18682	39879	645	-
21708	6157	39879	645	-
21708	6157	39879	645	-
21708	6157	39879	645	-
21708	6157	39879	645	-
21708	6157	39879	645	-
21708	6157	39879	645	-
21708	6157	39879	645	-
21708	6157	39879	645	-
21708	6157	39879	645	-
21708	6157	39879	645	-
21708	6157	39879	645	-
21708	6157	39879	645	-
21708	6157	39879	646	-
21708	6157	39879	646	-
21708	6157	39879	646	-
21708	6157	39879	646	-
21708	6157	39879	646	-
21708	6157	39879	646	-
21708	3858	39879	646	-
21708	6157	39879	646	-
21708	6157	39879	646	-
21708	6157	39879	646	-
21708	6157	39879	646	-
21708	18682	39879	646	-
21708	10429	39879	646	-
21708	6157	39879	646	-
21708	6157	39879	646	-
21708	6157	39879	646	-
21708	6157	39879	646	-
21708	18682	39879	646	-
21708	6157	39879	646	-
21708	6157	30351	653	-
21708	6157	30351	653	-
21708	6157	30351	653	-
21708	3858	30351	653	-
21708	6157	30351	653	-
21708	6157	30351	653	-
21708	6157	30351	653	-
21708	6157	30351	653	-
21708	6157	30351	653	-
21708	6157	30351	653	-
21708	6157	30351	653	-
21708	6157	30351	653	-
21708	6157	30351	653	-
21708	6157	30351	653	-
21708	6157	30351	653	-
21708	6157	30351	653	-
21708	18682	30351	654	-
21708	6157	30351	654	-
21708	6157	30351	654	-
21708	6157	30351	654	-
21708	6157	30351	654	-
21708	6157	30351	654	-
21708	10429	30351	654	-
21708	6157	30351	654	-
21708	18682	30351	654	-
21708	10429	30351	654	-
21708	6157	30351	654	-
21708	6157	30351	654	-
21708	18682	30351	654	-
21708	6157	30351	654	-
21708	6157	30351	654	-
21708	6157	30351	654	-
21708	6157	30351	654	-
21708	6157	30351	654	-
21708	6157	30351	654	-
21708	6157	30351	654	-
21708	6157	30351	654	-
21708	6157	30351	654	-
21708	6157	30351	654	-
21708	6157	30351	654	-
21708	6157	30351	654	-
3297	2911	30351	656	-
3297	2911	30351	656	-
3297	2911	30351	657	-
3297	2911	30351	657	-
3297	2911	30351	657	-
16409	13918	30351	662	-
16409	13918	30351	662	-
16409	13918	30351	662	-
16409	13918	30351	662	-
11001	19531	30351	663	-
16409	2514	30351	665	-
16409	13918	30351	665	-
16409	2514	30351	665	-
16409	6129	30351	668	-
12985	21708	30351	674	-
3297	491	30351	678	-
3297	491	30351	678	-
3297	491	30351	678	-
3297	491	30351	678	-
3297	491	30351	678	-
3297	491	30351	678	-
3297	491	30351	678	-
3297	491	30351	678	-
3297	491	30351	678	-
3297	491	30351	678	-
3297	491	30351	678	-
3297	491	30351	678	-
16671	8418	30351	688	-
16671	8418	30351	688	-
16671	8418	30351	688	-
16671	8418	30351	688	-
16671	8418	30351	688	-
16671	8418	30351	688	-
16671	8418	30351	688	-
16671	8418	30351	688	-
16671	8418	30351	688	-
16671	8418	30351	688	-
16671	8418	30351	688	-
20367	19350	30351	695	-
16671	5145	30351	698	-
16671	19613	30351	698	-
16671	19613	30351	698	-
16671	19613	30351	698	-
16671	19613	30351	698	-
3297	18069	30351	703	-
3297	18069	30351	703	-
3297	18069	30351	703	-
3297	18069	30351	703	-
3297	18069	30351	704	-
3297	18069	30351	704	-
3297	18284	14487	755	-
3297	18284	14487	755	-
3297	18284	14487	755	-
3297	18284	14487	755	-
3297	18284	14487	755	-
3297	18284	14487	755	-
3297	18284	14487	755	-
3297	18284	14487	756	-
3297	18284	14487	756	-
7215	13122	14487	757	-
7215	11900	14487	757	-
7179	23167	14487	760	-
8048	23167	14487	767	-
882	14437	14487	768	-
3957	19834	14487	769	-
882	23167	14487	769	-
3297	4433	14487	770	-
3297	4433	14487	770	-
882	2843	14487	771	-
16409	6796	13243	772	-
16409	6796	13243	772	-
16409	6796	13243	772	-
16409	6796	13243	773	-
16409	6796	13243	773	-
16409	6796	13243	773	-
16409	6796	13243	773	-
16409	6796	13243	773	-
16409	6796	13243	773	-
16409	6796	13243	773	-
16409	6796	13243	773	-
16409	6796	13243	773	-
16409	6796	13243	773	-
16409	6796	13243	773	-
16409	6796	13243	773	-
16409	6796	13243	773	-
16409	6796	13243	773	-
16409	6796	13243	773	-
16409	6796	13243	773	-
16409	6796	13243	773	-
16409	6796	13243	773	-
16409	6796	13243	773	-
16409	6796	13243	773	-
16409	6796	13243	773	-
882	16332	13243	773	-
882	23167	13243	784	-
3957	19531	13243	788	-
3957	19531	13243	801	-
19603	3461	13243	801	-
19603	16593	13243	802	-
19603	14437	13243	803	-
21708	6157	13243	804	-
21708	6157	13243	805	-
21708	6157	13243	805	-
21708	6157	13243	805	-
21708	6157	13243	805	-
21708	3858	13243	805	-
21708	6157	13243	805	-
21708	6157	13243	805	-
21708	18682	13243	805	-
21708	6157	13243	805	-
21708	6157	13243	805	-
21708	6157	13243	805	-
21708	6157	13243	805	-
21708	6157	13243	805	-
21708	6157	13243	805	-
21708	6157	13243	805	-
21708	6157	13243	805	-
21708	6157	13243	805	-
21708	6157	13243	805	-
21708	6157	13243	805	-
21708	6157	13243	805	-
19603	23167	13243	805	-
21708	6157	13243	806	-
21708	6157	13243	806	-
21708	6157	13243	806	-
21708	6157	13243	806	-
21708	6157	13243	806	-
21708	6157	13243	806	-
21708	6157	13243	806	-
21708	6157	13243	806	-
21708	6157	13243	806	-
21708	18718	13243	806	-
21708	6157	13243	806	-
21708	6157	13243	806	-
21708	6157	13243	806	-
21708	6157	13243	806	-
21708	6157	13243	806	-
21708	6157	13243	806	-
21708	6157	13243	806	-
21708	6157	13243	806	-
21708	18682	13243	806	-
19603	3297	13243	808	-
17624	16332	13243	809	-
19603	2843	13243	810	-
19603	4981	13243	812	-
17624	23167	13243	813	-
19603	16531	13243	814	-
17624	4981	13243	815	-
19603	9554	13243	817	-
8048	8452	13243	818	-
17624	7268	13243	819	-
17624	16332	13243	819	-
19603	16332	13243	821	-
3297	4433	13243	830	-
3297	4433	13243	830	-
14547	19531	30462	833	-
12985	1633	30462	836	-
12985	19834	30462	836	-
13993	19531	30462	855	-
16409	6796	30462	860	-
16409	6796	30462	860	-
16409	6796	30462	860	-
16409	6796	30462	860	-
16409	6796	30462	860	-
16409	6796	30462	860	-
16409	6796	30462	860	-
16409	6796	30462	860	-
16671	19613	30462	864	-
10429	19834	30462	864	-
16671	19613	30462	865	-
16671	19613	30462	865	-
16671	19613	30462	865	-
16671	5145	30462	865	-
16409	17696	30462	873	-
16409	17696	30462	873	-
16409	17696	30462	873	-
16409	17696	30462	873	-
16409	17696	30462	873	-
16409	17696	30462	873	-
16409	17696	30462	873	-
16409	17696	30462	873	-
16409	17696	30462	873	-
16409	17696	30462	873	-
16409	17696	30462	873	-
16409	17696	30462	873	-
16409	17696	30462	873	-
16409	17696	30462	873	-
16409	17696	30462	873	-
16409	17696	30462	873	-
16409	17696	30462	873	-
16409	17696	30462	873	-
16409	17696	30462	873	-
16409	17696	30462	873	-
16409	17696	30462	873	-
16409	17696	30462	874	-
16409	17696	30462	874	-
19531	19834	30462	875	-
16409	13918	32470	892	-
16409	13918	32470	892	-
16409	13918	32470	892	-
16409	13918	32470	892	-
16409	2514	32470	892	-
16409	13918	32470	892	-
16409	2514	32470	892	-
16409	6129	32470	892	-
8048	16593	32470	920	-
3957	1633	32470	920	-
10429	15667	32470	937	-
3297	4433	32470	940	-
3297	4433	32470	940	-
3297	4433	32470	942	-
3297	4433	32470	942	-
14547	19531	32470	943	-
16671	8418	32470	948	-
16671	8418	32470	948	-
16671	8418	32470	948	-
16671	8418	32470	948	-
16671	8418	32470	948	-
16671	8418	32470	948	-
16671	8418	32470	948	-
16671	8418	32470	948	-
16671	8418	32470	948	-
16671	8418	32470	948	-
16671	8418	32470	948	-
19531	19531	32470	950	-
3957	13122	32470	951	-
6775	4981	32470	951	-
10571	4981	44949	956	-
3297	19834	44949	957	-
21708	20312	44949	968	-
21708	20312	44949	968	-
21708	20312	44949	968	-
21708	20312	44949	968	-
21708	20312	44949	968	-
21708	20312	44949	968	-
21708	20312	44949	969	-
21708	20312	44949	969	-
21708	20312	44949	969	-
21708	20312	44949	969	-
21708	20312	44949	969	-
21708	20312	44949	969	-
21708	20312	44949	969	-
21708	20312	44949	969	-
21708	20312	44949	969	-
21708	20312	44949	969	-
21708	20312	44949	969	-
21708	20312	44949	969	-
21708	20312	44949	969	-
21708	20312	44949	969	-
21708	20312	44949	969	-
21708	20312	44949	969	-
21708	20312	44949	969	-
21708	20312	44949	969	-
21708	20312	44949	969	-
21708	20312	44949	969	-
21708	20312	44949	969	-
21708	20312	44949	969	-
21708	20312	44949	969	-
21708	20312	44949	969	-
21708	20312	44949	969	-
21708	20312	44949	969	-
21708	20312	44949	969	-
21708	20312	44949	969	-
21708	20312	44949	969	-
21708	20312	44949	969	-
21708	20312	44949	969	-
21708	20312	44949	969	-
21708	20312	44949	969	-
21708	20312	44949	969	-
16671	8418	44949	986	-
16671	8418	44949	986	-
16671	8418	44949	986	-
16671	8418	44949	987	-
16671	8418	44949	987	-
16671	8418	44949	987	-
16671	8418	44949	987	-
16671	8418	44949	987	-
16671	8418	44949	987	-
16671	8418	44949	987	-
16671	8418	44949	987	-
21708	20312	44949	992	-
21708	20312	44949	992	-
21708	20312	44949	992	-
21708	20312	44949	992	-
21708	20312	44949	992	-
21708	20312	44949	993	-
21708	20312	44949	993	-
21708	20312	44949	993	-
21708	20312	44949	993	-
16409	10571	41834	1013	-
16409	10571	41834	1013	-
16409	10571	41834	1013	-
16409	10571	41834	1013	-
16409	10571	41834	1014	-
16409	10571	41834	1014	-
16409	10571	41834	1014	-
16409	10571	41834	1014	-
16409	10571	41834	1014	-
16409	10571	41834	1014	-
16409	10571	41834	1014	-
16409	10571	41834	1014	-
16409	10571	41834	1014	-
16409	10571	41834	1014	-
16409	10571	41834	1014	-
16409	10571	41834	1014	-
16409	10571	41834	1014	-
16409	10571	41834	1014	-
14547	19531	41834	1038	-
16671	8418	41834	1045	-
16671	8418	41834	1045	-
16671	8418	41834	1045	-
16671	8418	41834	1045	-
16671	8418	41834	1045	-
16671	8418	41834	1045	-
16671	8418	41834	1045	-
16671	8418	41834	1045	-
16671	8418	41834	1045	-
16671	8418	41834	1045	-
16671	8418	41834	1045	-
21708	2514	41834	1047	-
16671	8418	41834	1047	-
16671	8418	41834	1047	-
21708	13918	41834	1047	-
21708	13918	41834	1047	-
16671	8418	41834	1047	-
21708	13918	41834	1047	-
16671	8418	41834	1047	-
21708	13918	41834	1047	-
16671	8418	41834	1047	-
16671	8418	41834	1047	-
16671	8418	41834	1047	-
16671	8418	41834	1047	-
16671	8418	41834	1047	-
16671	8418	41834	1047	-
16671	8418	41834	1047	-
21708	13918	41834	1047	-
21708	2514	41834	1047	-
21708	6129	41834	1048	-
16409	12815	41834	1059	-
16409	12815	41834	1059	-
16409	12815	41834	1059	-
16409	12815	41834	1059	-
16409	12815	41834	1059	-
16409	12815	41834	1059	-
16409	12815	41834	1059	-
16409	12815	41834	1059	-
16409	12815	41834	1059	-
16409	12815	41834	1059	-
16409	12815	41834	1059	-
16409	12815	41834	1059	-
16409	12815	41834	1059	-
16409	12815	41834	1059	-
16409	12815	41834	1059	-
16409	12815	41834	1059	-
16409	12815	41834	1059	-
16409	12815	41834	1060	-
16409	12815	41834	1060	-
16671	8418	41834	1062	-
16671	8418	41834	1062	-
16671	8418	41834	1063	-
16671	8418	41834	1063	-
16671	8418	41834	1063	-
16671	8418	41834	1063	-
16671	8418	41834	1063	-
16671	8418	41834	1063	-
16671	8418	41834	1063	-
16671	8418	41834	1063	-
16671	8418	41834	1063	-
16671	8418	41834	1063	-
16409	12815	41834	1064	-
16671	8418	41834	1064	-
16671	8418	41834	1064	-
16671	8418	41834	1064	-
16671	8418	41834	1064	-
16671	8418	41834	1064	-
16671	8418	41834	1064	-
16671	8418	41834	1064	-
16671	8418	41834	1064	-
16671	8418	41834	1064	-
16671	8418	41834	1064	-
16671	8418	41834	1064	-
16671	8418	41834	1064	-
16409	12815	41834	1064	-
16409	12815	41834	1064	-
16409	12815	41834	1064	-
16409	12815	41834	1064	-
16409	12815	41834	1064	-
16409	12815	41834	1064	-
16409	12815	41834	1065	-
16409	12815	41834	1065	-
16409	12815	41834	1065	-
16409	12815	41834	1065	-
16409	12815	41834	1065	-
16409	12815	41834	1065	-
16409	12815	41834	1065	-
16409	12815	41834	1065	-
16409	12815	41834	1065	-
16409	12815	41834	1065	-
16409	12815	41834	1065	-
16409	12815	27664	1088	-
16409	12815	27664	1088	-
16409	12815	27664	1088	-
16409	12815	27664	1088	-
16409	12815	27664	1088	-
16409	12815	27664	1088	-
16409	12815	27664	1088	-
16409	12815	27664	1088	-
16409	12815	27664	1088	-
16409	12815	27664	1088	-
16409	12815	27664	1088	-
13993	15667	27664	1088	-
21708	10760	27664	1091	-
7179	3611	27664	1100	-
3957	15894	27664	1100	-
19839	15894	27664	1100	-
16671	7683	27664	1101	-
16671	7683	27664	1101	-
16671	7683	27664	1101	-
16671	7683	27664	1101	-
16671	7683	27664	1101	-
16671	7683	27664	1102	-
16671	7683	27664	1102	-
16671	7683	27664	1102	-
16671	7683	27664	1102	-
16409	12815	27664	1112	-
16409	12815	27664	1112	-
16409	12815	27664	1112	-
16409	12815	27664	1112	-
16409	12815	27664	1112	-
16409	12815	27664	1112	-
16409	12815	27664	1112	-
16409	12815	27664	1112	-
16409	12815	27664	1112	-
16409	12815	27664	1113	-
16409	12815	27664	1113	-
16409	12815	27664	1113	-
16409	12815	27664	1113	-
16409	12815	27664	1113	-
21708	20312	27664	1117	-
21708	20312	27664	1118	-
21708	20312	27664	1118	-
21708	20312	27664	1118	-
21708	20312	27664	1118	-
21708	20312	27664	1118	-
21708	20312	27664	1118	-
21708	20312	27664	1118	-
21708	20312	27664	1118	-
16409	12815	27664	1127	-
16409	12815	27664	1127	-
16409	12815	27664	1127	-
16409	12815	27664	1127	-
16409	12815	27664	1127	-
16409	12815	27664	1127	-
16409	12815	27664	1127	-
16409	12815	27664	1127	-
16409	12815	27664	1127	-
16409	12815	27664	1127	-
16409	12815	27664	1128	-
16409	12815	27664	1128	-
16409	12815	27664	1128	-
16409	12815	27664	1128	-
16409	12815	27664	1128	-
16409	12815	27664	1128	-
3297	4433	9896	1132	-
3297	4433	9896	1133	-
3297	4433	9896	1133	-
23317	882	9896	1148	-
16409	12815	9896	1148	-
3297	4433	9896	1157	-
3297	4433	9896	1157	-
10571	3461	9896	1164	-
10571	3461	9896	1167	-
3957	11900	9896	1167	-
10571	16531	9896	1167	-
10571	7268	9896	1169	-
882	3297	9896	1169	-
882	3461	9896	1171	-
882	16531	9896	1172	-
882	16593	9896	1174	-
12332	3461	9896	1175	-
882	9554	9896	1177	-
3957	21708	9896	1178	-
3297	2297	9896	1178	-
3297	2297	9896	1178	-
3297	2297	9896	1178	-
3297	2297	9896	1178	-
3297	2297	9896	1178	-
3297	2297	9896	1178	-
3297	2297	9896	1178	-
3297	2297	9896	1178	-
3297	2297	9896	1178	-
16671	7683	9896	1181	-
3297	19531	11507	1202	-
16671	7683	11507	1205	-
16409	20991	11507	1212	-
16409	20991	11507	1212	-
16409	20991	11507	1212	-
16409	20991	11507	1213	-
16409	20991	11507	1213	-
16409	20991	11507	1213	-
16671	11900	11507	1217	-
13993	3374	11507	1218	-
13993	3374	11507	1218	-
13993	3374	11507	1218	-
13993	3374	11507	1218	-
13993	3374	11507	1218	-
13993	3374	11507	1218	-
13993	3374	11507	1218	-
16409	15811	11507	1218	-
16409	2184	11507	1219	-
16409	2184	11507	1219	-
16409	2184	11507	1219	-
16409	2184	11507	1219	-
16409	2184	11507	1219	-
16409	15811	11507	1219	-
16409	2184	11507	1219	-
16409	2184	11507	1219	-
16409	2184	11507	1219	-
16671	21708	11507	1219	-
16671	7683	11507	1232	-
16671	22986	11507	1244	-
16671	19531	11507	1244	-
3297	2297	11507	1245	-
16671	15667	11507	1246	-
13993	19531	35202	1264	-
16671	7683	35202	1267	-
16671	8418	35202	1280	-
16671	8418	35202	1280	-
16671	8418	35202	1280	-
16671	8418	35202	1280	-
16671	8418	35202	1280	-
16671	8418	35202	1280	-
16671	8418	35202	1280	-
16671	8418	35202	1280	-
16671	8418	35202	1280	-
16671	8418	35202	1280	-
16671	8418	35202	1280	-
16671	8418	35202	1280	-
21708	20312	35202	1284	-
21708	20312	35202	1284	-
21708	20312	35202	1284	-
21708	20312	35202	1284	-
21708	20312	35202	1284	-
21708	20312	35202	1284	-
21708	20312	35202	1284	-
21708	20312	35202	1284	-
21708	20312	35202	1284	-
21708	20312	35202	1284	-
21708	20312	35202	1285	-
21708	20312	35202	1285	-
21708	20312	35202	1285	-
21708	20312	35202	1285	-
21708	20312	35202	1285	-
21708	20312	35202	1285	-
21708	20312	35202	1285	-
21708	20312	35202	1285	-
21708	20312	35202	1285	-
21708	20312	35202	1285	-
21708	20312	35202	1285	-
21708	20312	35202	1285	-
21708	20312	35202	1285	-
21708	20312	35202	1285	-
21708	20312	35202	1285	-
21708	20312	35202	1285	-
21708	20312	35202	1285	-
21708	20312	35202	1285	-
21708	20312	35202	1285	-
21708	20312	35202	1285	-
21708	20312	35202	1285	-
21708	20312	35202	1285	-
21708	20312	35202	1285	-
21708	20312	35202	1285	-
21708	20312	35202	1285	-
21708	20312	35202	1285	-
21708	20312	35202	1285	-
21708	20312	35202	1285	-
21708	20312	35202	1285	-
21708	20312	35202	1285	-
19839	22986	35202	1300	-
19603	2843	35202	1300	-
16671	2023	35202	1301	-
16671	2023	35202	1301	-
16671	2023	35202	1301	-
16671	2023	35202	1301	-
16671	2023	35202	1301	-
16671	2023	35202	1301	-
16671	2023	35202	1301	-
16671	2023	35202	1301	-
16671	2023	35202	1301	-
16671	2023	35202	1301	-
16671	2023	35202	1301	-
16671	2023	35202	1301	-
16671	2023	35202	1301	-
16671	2023	35202	1301	-
16671	2023	35202	1301	-
16671	2023	35202	1301	-
19603	3297	35202	1301	-
16671	2023	35202	1301	-
16671	2023	35202	1302	-
16671	2023	35202	1302	-
16671	2023	35202	1302	-
16671	2023	35202	1302	-
16671	2023	35202	1302	-
16671	2023	35202	1302	-
16671	2023	35202	1302	-
16671	2023	35202	1302	-
16409	15811	35202	1302	-
16671	2023	35202	1302	-
16409	2184	35202	1302	-
16409	2184	35202	1302	-
16409	2184	35202	1302	-
16671	2023	35202	1302	-
16671	2023	35202	1302	-
19603	16332	35202	1302	-
16409	2184	35202	1303	-
16409	2184	35202	1303	-
16409	2184	35202	1303	-
19839	11900	35202	1304	-
19839	19834	35202	1304	-
19839	22986	35202	1309	-
3297	12876	35202	1310	-
3297	12876	35202	1310	-
3957	5938	5161	1315	-
16409	15811	5161	1322	-
16409	2184	5161	1323	-
16409	2184	5161	1323	-
16409	2184	5161	1323	-
16409	2184	5161	1323	-
16409	2184	5161	1323	-
16409	2184	5161	1323	-
16409	15811	5161	1323	-
16409	2184	5161	1323	-
16409	2184	5161	1323	-
3611	22986	5161	1343	-
3611	15894	5161	1343	-
3297	2297	5161	1344	-
3611	11900	5161	1344	-
16671	20425	5161	1345	-
16671	20425	5161	1345	-
16671	20425	5161	1345	-
16671	20425	5161	1345	-
16671	20425	5161	1345	-
16671	20425	5161	1345	-
16671	23040	5161	1345	-
16671	20425	5161	1345	-
16671	20425	5161	1345	-
16671	20425	5161	1345	-
16671	20425	5161	1345	-
16671	20425	5161	1345	-
3611	15667	5161	1346	-
3611	19531	5161	1347	-
7782	19531	5161	1349	-
3076	3611	5161	1356	-
3957	22986	5161	1356	-
19839	22986	5161	1356	-
3957	15394	5161	1357	-
16409	2184	5161	1362	-
16409	2184	5161	1362	-
16409	2184	5161	1362	-
16409	2184	5161	1362	-
16409	15811	5161	1362	-
16409	2184	5161	1362	-
16409	2184	5161	1362	-
16409	2184	5161	1362	-
16409	2184	5161	1362	-
16409	15811	5161	1362	-
16409	2184	5161	1362	-
16671	20425	5161	1368	-
16671	20425	5161	1368	-
16671	20425	5161	1368	-
16671	20425	5161	1368	-
16671	20425	5161	1368	-
3297	21452	5161	1369	-
3297	21452	5161	1369	-
3297	21452	5161	1369	-
3297	21452	5161	1369	-
3297	21452	5161	1369	-
3297	21452	5161	1369	-
3297	21452	5161	1369	-
3297	21452	5161	1369	-
3297	21452	5161	1369	-
3297	21452	5161	1369	-
3297	21452	5161	1369	-
3297	21452	5161	1369	-
3297	21452	5161	1369	-
3297	21452	5161	1369	-
3297	21452	5161	1369	-
3297	21452	5161	1369	-
3297	21452	5161	1369	-
13993	3374	45257	1386	-
13993	3374	45257	1387	-
21708	20312	45257	1391	-
21708	20312	45257	1393	-
21708	20312	45257	1393	-
21708	20312	45257	1393	-
21708	20312	45257	1393	-
21708	20312	45257	1393	-
21708	20312	45257	1393	-
21708	20312	45257	1393	-
21708	20312	45257	1393	-
21708	20312	45257	1393	-
21708	20312	45257	1393	-
21708	20312	45257	1393	-
21708	20312	45257	1393	-
21708	20312	45257	1393	-
21708	20312	45257	1393	-
21708	20312	45257	1393	-
21708	20312	45257	1393	-
21708	20312	45257	1393	-
21708	20312	45257	1393	-
21708	20312	45257	1393	-
21708	20312	45257	1393	-
21708	20312	45257	1393	-
21708	20312	45257	1393	-
21708	20312	45257	1393	-
21708	20312	45257	1393	-
21708	20312	45257	1393	-
21708	20312	45257	1393	-
21708	20312	45257	1393	-
7782	19531	45257	1393	-
21708	20312	45257	1401	-
21708	20312	45257	1401	-
21708	20312	45257	1401	-
21708	20312	45257	1401	-
21708	20312	45257	1401	-
21708	20312	45257	1401	-
21708	20312	45257	1404	-
21708	2025	45257	1404	-
3957	15667	45257	1417	-
17624	3461	45257	1417	-
16409	2184	45257	1419	-
16409	2184	45257	1419	-
16409	2184	45257	1419	-
16409	15811	45257	1419	-
16409	15811	45257	1419	-
16409	2184	45257	1419	-
16409	2184	45257	1419	-
16409	2184	45257	1419	-
16409	2184	45257	1419	-
16409	2184	45257	1419	-
16409	2184	45257	1419	-
16409	2184	45257	1419	-
16409	2184	45257	1419	-
16409	2184	45257	1419	-
16409	2184	45257	1419	-
16409	2184	45257	1419	-
16409	2184	45257	1419	-
3297	9254	45257	1422	-
3957	587	14661	1449	-
16671	20425	14661	1449	-
16671	20425	14661	1452	-
16671	18231	14661	1452	-
16671	20425	14661	1452	-
16671	20425	14661	1452	-
16671	20425	14661	1452	-
16671	23040	14661	1452	-
16671	20425	14661	1452	-
16671	20425	14661	1452	-
16671	20425	14661	1452	-
16671	20425	14661	1453	-
16671	20425	14661	1453	-
3297	13339	14661	1457	-
3297	13339	14661	1457	-
3297	13339	14661	1457	-
3297	13339	14661	1457	-
3297	13339	14661	1457	-
3297	13339	14661	1458	-
3297	13339	14661	1458	-
3297	13339	14661	1458	-
3297	13339	14661	1458	-
3297	13339	14661	1458	-
3297	13339	14661	1458	-
10429	19531	14661	1458	-
3611	15667	14661	1464	-
10571	2843	14661	1475	-
16671	20425	7273	1493	-
16671	20425	7273	1493	-
16671	20425	7273	1493	-
16671	20425	7273	1493	-
16409	20991	7273	1510	-
16409	13428	7273	1510	-
16409	20991	7273	1510	-
16409	20991	7273	1510	-
16409	20991	7273	1510	-
16409	20991	7273	1510	-
16671	20425	7273	1515	-
16671	20425	7273	1515	-
16671	20425	7273	1515	-
16671	20425	7273	1515	-
16671	20425	7273	1515	-
16671	18231	7273	1515	-
16671	20425	7273	1515	-
16671	20425	7273	1515	-
16671	20425	7273	1515	-
16671	20425	7273	1515	-
16671	23040	7273	1515	-
16671	20425	7273	1515	-
16409	2184	7273	1518	-
16409	2184	7273	1518	-
16409	2184	7273	1518	-
16409	2184	7273	1518	-
16409	15811	7273	1518	-
16409	2184	7273	1518	-
16409	2184	7273	1518	-
16409	2184	7273	1519	-
16409	2184	7273	1519	-
11001	445	7273	1519	-
16409	2184	7273	1519	-
16409	2184	7273	1519	-
16409	2184	7273	1519	-
16409	2184	7273	1519	-
16409	2184	7273	1519	-
16409	2184	7273	1519	-
11001	445	7273	1519	-
16409	2184	7273	1519	-
16409	15811	7273	1519	-
11001	445	7273	1519	-
11001	445	7273	1519	-
11001	445	7273	1519	-
11001	445	7273	1519	-
11001	445	7273	1519	-
11001	445	7273	1519	-
11001	445	7273	1519	-
11001	445	7273	1519	-
11001	445	7273	1519	-
11001	445	7273	1520	-
11001	445	7273	1520	-
11001	445	7273	1520	-
16409	5473	7273	1529	-
16409	15811	7273	1532	-
16409	22473	7273	1532	-
21708	15417	7273	1536	-
21708	15417	7273	1536	-
21708	15417	7273	1536	-
21708	15417	7273	1536	-
21708	15417	7273	1536	-
21708	15417	7273	1536	-
21708	15417	7273	1536	-
21708	15417	7273	1536	-
21708	15417	7273	1536	-
21708	15417	7273	1536	-
21708	15417	7273	1536	-
21708	15417	7273	1536	-
21708	15417	7273	1536	-
21708	15417	7273	1536	-
21708	15417	7273	1536	-
21708	15417	7273	1536	-
21708	15417	7273	1536	-
21708	15417	7273	1536	-
21708	15417	7273	1536	-
21708	15417	7273	1536	-
21708	15417	7273	1536	-
21708	15417	7273	1536	-
21708	15417	7273	1536	-
21708	15417	7273	1536	-
21708	15417	7273	1537	-
13993	3374	9310	1553	-
16409	12815	9310	1564	-
16409	12815	9310	1564	-
16409	12815	9310	1564	-
16409	12815	9310	1564	-
16409	12815	9310	1564	-
16409	12815	9310	1564	-
16409	12815	9310	1564	-
16409	12815	9310	1564	-
16409	12815	9310	1564	-
16409	12815	9310	1564	-
16409	12815	9310	1564	-
16409	12815	9310	1564	-
16409	12815	9310	1564	-
16409	12815	9310	1564	-
16409	12815	9310	1564	-
16409	12815	9310	1564	-
16409	12815	9310	1564	-
16409	12815	9310	1564	-
16409	12815	9310	1564	-
3076	23167	9310	1569	-
16671	7176	9310	1572	-
16671	7176	9310	1572	-
3076	23167	9310	1572	-
3076	3297	9310	1572	-
3076	16593	9310	1574	-
16409	12815	9310	1578	-
16409	12815	9310	1579	-
16409	12815	9310	1579	-
16409	12815	9310	1579	-
16409	12815	9310	1579	-
16409	12815	9310	1579	-
16409	12815	9310	1579	-
16409	12815	9310	1579	-
16409	12815	9310	1579	-
16409	12815	9310	1579	-
16409	12815	9310	1579	-
16409	12815	9310	1579	-
16409	12815	9310	1579	-
16409	12815	9310	1579	-
16409	12815	9310	1579	-
16409	12815	9310	1579	-
16409	12815	9310	1579	-
16409	12815	9310	1579	-
16409	12815	9310	1579	-
16409	11834	9310	1580	-
16409	11834	9310	1580	-
16409	11834	9310	1580	-
16409	12815	9310	1580	-
16409	12815	9310	1580	-
16409	12815	9310	1580	-
16409	12815	9310	1580	-
16409	12815	9310	1580	-
16409	12815	9310	1580	-
16409	12815	9310	1580	-
16409	12815	9310	1580	-
16409	12815	9310	1580	-
16409	12815	9310	1580	-
16409	12815	9310	1580	-
16409	12815	9310	1580	-
16409	12815	9310	1580	-
16409	12815	9310	1580	-
16409	12815	9310	1580	-
16409	12815	9310	1580	-
16409	12815	9310	1580	-
16409	12815	9310	1580	-
16409	12815	9310	1580	-
16409	12815	9310	1580	-
16409	11834	9310	1580	-
16409	12815	9310	1580	-
16409	11834	9310	1580	-
16409	12815	9310	1580	-
16409	11834	9310	1580	-
16409	12815	9310	1580	-
16409	11834	9310	1580	-
16409	11834	9310	1580	-
16409	11834	9310	1580	-
16409	11834	9310	1580	-
3076	16531	9310	1581	-
16409	11834	9310	1581	-
16409	11834	9310	1581	-
16409	11834	9310	1581	-
16409	11834	9310	1581	-
16409	11834	9310	1581	-
16671	7176	9310	1593	-
16671	7176	9310	1593	-
16671	7176	9310	1593	-
16671	7176	9310	1593	-
16671	7176	9310	1593	-
16671	7176	9310	1593	-
16671	7176	9310	1593	-
16671	7176	9310	1593	-
21708	16250	9310	1597	-
11001	16409	9310	1598	-
11001	16409	9310	1598	-
11001	16409	9310	1598	-
11001	16409	9310	1598	-
16409	12815	9310	1602	-
16409	12815	9310	1602	-
16409	12815	9310	1602	-
16409	12815	9310	1602	-
16409	12815	9310	1602	-
16409	12815	9310	1602	-
16409	12815	9310	1602	-
16409	12815	9310	1602	-
16409	12815	9310	1602	-
16409	12815	9310	1602	-
16409	12815	9310	1602	-
16409	12815	9310	1602	-
16409	12815	9310	1602	-
16409	12815	9310	1602	-
16409	12815	9310	1602	-
16409	12815	9310	1602	-
16409	12815	9310	1602	-
16409	12815	9310	1602	-
16409	12815	9310	1602	-
16409	12815	9310	1602	-
16409	12815	9310	1602	-
16409	12815	9310	1602	-
20367	19350	8602	1612	-
3076	23167	8602	1612	-
21708	15913	8602	1617	-
11001	16409	8602	1627	-
11001	16409	8602	1627	-
11001	16409	8602	1627	-
11001	16409	8602	1627	-
11001	16409	8602	1627	-
11001	16409	8602	1627	-
11001	16409	8602	1627	-
11001	16409	8602	1627	-
11001	16409	8602	1627	-
11001	16409	8602	1627	-
11001	16409	8602	1627	-
11001	16409	8602	1627	-
11001	16409	8602	1627	-
16409	11834	8602	1637	-
16409	11834	8602	1637	-
16409	11834	8602	1637	-
16409	11834	8602	1637	-
16409	11834	8602	1637	-
13993	22986	8602	1656	-
11001	16409	8772	1679	-
11001	16409	8772	1679	-
11001	16409	8772	1679	-
11001	16409	8772	1679	-
11001	16409	8772	1679	-
11001	16409	8772	1679	-
11001	16409	8772	1679	-
11001	16409	8772	1679	-
11001	16409	8772	1679	-
11001	16409	8772	1679	-
11001	16409	8772	1679	-
11001	16409	8772	1679	-
11001	16409	8772	1679	-
16671	5063	8772	1680	-
16671	5063	8772	1680	-
16671	5063	8772	1680	-
16671	5063	8772	1680	-
16671	5063	8772	1680	-
16671	5063	8772	1680	-
16671	5063	8772	1680	-
16671	5063	8772	1680	-
16671	5063	8772	1680	-
16671	5063	8772	1680	-
16671	5063	8772	1680	-
16671	5063	8772	1680	-
16671	5063	8772	1680	-
16671	5063	8772	1680	-
16671	5063	8772	1680	-
16671	5063	8772	1680	-
16671	5063	8772	1680	-
16671	5063	8772	1680	-
16671	5063	8772	1680	-
16671	5063	8772	1680	-
16671	5063	8772	1680	-
16671	5063	8772	1680	-
16671	5063	8772	1686	-
16671	5063	8772	1686	-
16671	5063	8772	1686	-
16671	5063	8772	1686	-
16671	5063	8772	1686	-
16671	5063	8772	1686	-
16671	5063	8772	1686	-
16671	5063	8772	1686	-
16671	5063	8772	1686	-
16671	5063	8772	1686	-
21708	11660	8772	1693	-
21708	1709	8772	1693	-
3297	13339	8772	1697	-
3297	19865	8772	1697	-
3297	13339	8772	1697	-
3297	13339	8772	1697	-
3297	13339	8772	1697	-
3297	13339	8772	1697	-
20312	8048	8772	1704	-
11001	22986	8772	1713	-
16671	5063	8772	1716	-
16671	5063	8772	1716	-
16671	5063	8772	1716	-
16671	5063	8772	1716	-
16671	5063	8772	1716	-
16671	5063	8772	1716	-
3297	19865	8772	1717	-
3297	19865	8772	1717	-
3297	19865	8772	1717	-
3297	19865	8772	1717	-
3297	19865	8772	1717	-
23317	882	24257	1748	-
16671	5063	24257	1755	-
16671	5063	24257	1755	-
16671	5063	24257	1755	-
16671	5063	24257	1755	-
16671	5063	24257	1755	-
16671	5063	24257	1755	-
13993	22986	24257	1758	-
3297	19865	24257	1766	-
3297	19865	24257	1766	-
3297	19865	24257	1766	-
3297	19865	24257	1766	-
3297	19865	24257	1766	-
3297	19865	24257	1766	-
