5376	4800	15143	0	snmpgetattack
23317	12431	15143	0	snmpgetattack
20312	4800	15143	2	-
23317	5938	15143	2	-
5376	4800	15143	5	snmpgetattack
23317	12431	15143	5	snmpgetattack
20312	4800	45394	7	-
23317	5938	45394	7	-
5376	4800	45394	10	snmpgetattack
23317	12431	45394	10	snmpgetattack
20312	4800	45394	12	-
23317	5938	45394	12	-
5376	4800	45394	15	snmpgetattack
23317	12431	45394	15	snmpgetattack
20312	4800	45394	17	-
23317	5938	45394	17	-
5376	4800	45394	20	snmpgetattack
23317	12431	45394	20	snmpgetattack
20312	4800	45394	22	-
23317	5938	45394	22	-
23317	12431	45394	25	snmpgetattack
5376	4800	45394	25	snmpgetattack
23317	5938	45394	27	-
20312	4800	45394	27	-
23317	12431	45394	30	snmpgetattack
15394	4800	45394	30	-
23317	882	45394	30	-
5376	4800	45394	30	snmpgetattack
23317	5938	45394	32	-
20312	4800	45394	32	-
5376	4800	45394	36	snmpgetattack
23317	12431	45394	36	snmpgetattack
20312	4800	45394	37	-
23317	5938	45394	37	-
23317	12431	45394	41	snmpgetattack
5376	4800	45394	41	snmpgetattack
20312	4800	45394	42	-
23317	5938	45394	42	-
23317	12431	45394	46	snmpgetattack
5376	4800	45394	46	snmpgetattack
20312	4800	45394	47	-
23317	5938	45394	47	-
5376	4800	45394	51	snmpgetattack
23317	12431	45394	51	snmpgetattack
23317	5938	45394	52	-
20312	4800	45394	52	-
5376	4800	45394	56	snmpgetattack
23317	12431	45394	56	snmpgetattack
20312	4800	45394	57	-
23317	5938	45394	57	-
5376	4800	45394	61	snmpgetattack
23317	12431	45394	61	snmpgetattack
20312	4800	45394	62	-
23317	5938	45394	62	-
5376	4800	26293	66	snmpgetattack
23317	12431	26293	66	snmpgetattack
23317	5938	26293	67	-
20312	4800	26293	67	-
23317	12431	26293	71	snmpgetattack
5376	4800	26293	71	snmpgetattack
20312	4800	26293	72	-
23317	5938	26293	72	-
5376	4800	26293	76	snmpgetattack
23317	12431	26293	76	snmpgetattack
20312	4800	26293	77	-
23317	5938	26293	77	-
5376	4800	26293	81	snmpgetattack
23317	12431	26293	81	snmpgetattack
23317	5938	26293	82	-
20312	4800	26293	82	-
5376	4800	26293	86	snmpgetattack
23317	12431	26293	86	snmpgetattack
20312	4800	26293	87	-
23317	5938	26293	87	-
5376	4800	26293	91	snmpgetattack
23317	12431	26293	91	snmpgetattack
20312	4800	26293	92	-
23317	5938	26293	92	-
5376	4800	26293	96	snmpgetattack
23317	12431	26293	96	snmpgetattack
23317	5938	26293	97	-
20312	4800	26293	97	-
15506	19350	26293	98	-
5376	4800	26293	101	snmpgetattack
23317	12431	26293	101	snmpgetattack
20312	4800	26293	103	-
23317	5938	26293	103	-
5376	4800	26293	106	snmpgetattack
23317	12431	26293	106	snmpgetattack
23317	5938	26293	108	-
20312	4800	26293	108	-
23317	12431	26293	111	snmpgetattack
5376	4800	26293	111	snmpgetattack
20312	4800	26293	113	-
23317	5938	26293	113	-
5376	4800	26293	116	snmpgetattack
23317	12431	26293	116	snmpgetattack
20312	4800	26293	118	-
23317	5938	26293	118	-
5376	4800	26293	121	snmpgetattack
23317	12431	26293	121	snmpgetattack
20312	4800	26293	123	-
23317	5938	26293	123	-
5376	4800	44651	126	snmpgetattack
23317	12431	44651	126	snmpgetattack
20312	4800	44651	128	-
23317	5938	44651	128	-
5376	4800	44651	131	snmpgetattack
23317	12431	44651	131	snmpgetattack
20312	4800	44651	133	-
23317	5938	44651	133	-
5376	4800	44651	136	snmpgetattack
23317	12431	44651	136	snmpgetattack
20312	4800	44651	138	-
23317	5938	44651	138	-
23317	12431	44651	141	snmpgetattack
5376	4800	44651	141	snmpgetattack
20312	4800	44651	143	-
23317	5938	44651	143	-
5376	4800	44651	146	snmpgetattack
23317	12431	44651	146	snmpgetattack
20312	4800	44651	148	-
23317	5938	44651	148	-
5376	4800	44651	151	snmpgetattack
23317	12431	44651	151	snmpgetattack
20312	4800	44651	153	-
23317	5938	44651	153	-
5376	4800	44651	156	snmpgetattack
23317	12431	44651	156	snmpgetattack
20312	4800	44651	158	-
23317	5938	44651	158	-
5376	4800	44651	162	snmpgetattack
23317	12431	44651	162	snmpgetattack
20312	4800	44651	163	-
23317	5938	44651	163	-
5376	4800	44651	167	snmpgetattack
23317	12431	44651	167	snmpgetattack
20312	4800	44651	168	-
23317	5938	44651	168	-
5376	4800	44651	172	snmpgetattack
23317	12431	44651	172	snmpgetattack
23317	5938	44651	173	-
20312	4800	44651	173	-
5376	4800	44651	177	snmpgetattack
23317	12431	44651	177	snmpgetattack
20312	4800	44651	178	-
23317	5938	44651	178	-
5376	4800	44651	182	snmpgetattack
23317	12431	44651	182	snmpgetattack
20312	4800	44651	183	-
23317	5938	44651	183	-
5376	4800	6573	187	snmpgetattack
23317	12431	6573	187	snmpgetattack
20312	4800	6573	188	-
23317	5938	6573	188	-
5376	4800	6573	192	snmpgetattack
23317	12431	6573	192	snmpgetattack
20312	4800	6573	193	-
23317	5938	6573	193	-
5376	4800	6573	197	snmpgetattack
23317	12431	6573	197	snmpgetattack
20312	4800	6573	198	-
23317	5938	6573	198	-
5376	4800	6573	202	snmpgetattack
23317	12431	6573	202	snmpgetattack
23317	5938	6573	203	-
20312	4800	6573	203	-
5376	4800	6573	207	snmpgetattack
23317	12431	6573	207	snmpgetattack
20312	4800	6573	208	-
23317	5938	6573	208	-
5376	4800	6573	212	snmpgetattack
23317	12431	6573	212	snmpgetattack
20312	4800	6573	213	-
23317	5938	6573	213	-
5376	4800	6573	217	snmpgetattack
23317	12431	6573	217	snmpgetattack
20312	4800	6573	218	-
23317	5938	6573	218	-
5376	4800	6573	222	snmpgetattack
23317	12431	6573	222	snmpgetattack
20312	4800	6573	223	-
23317	5938	6573	223	-
5376	4800	6573	227	snmpgetattack
23317	12431	6573	227	snmpgetattack
20312	4800	6573	229	-
23317	5938	6573	229	-
5376	4800	6573	232	snmpgetattack
23317	12431	6573	232	snmpgetattack
23317	5938	6573	234	-
20312	4800	6573	234	-
5376	4800	6573	237	snmpgetattack
23317	12431	6573	237	snmpgetattack
20312	4800	6573	239	-
23317	5938	6573	239	-
5376	4800	6573	242	snmpgetattack
23317	12431	6573	242	snmpgetattack
20312	4800	6573	244	-
23317	5938	6573	244	-
5376	4800	28547	247	snmpgetattack
23317	12431	28547	247	snmpgetattack
20312	4800	28547	249	-
23317	5938	28547	249	-
5376	4800	28547	252	snmpgetattack
23317	12431	28547	252	snmpgetattack
20312	4800	28547	254	-
23317	5938	28547	254	-
5376	4800	28547	257	snmpgetattack
23317	12431	28547	257	snmpgetattack
20312	4800	28547	259	-
23317	5938	28547	259	-
5376	4800	28547	262	snmpgetattack
23317	12431	28547	262	snmpgetattack
20312	4800	28547	264	-
23317	5938	28547	264	-
5376	4800	28547	267	snmpgetattack
23317	12431	28547	267	snmpgetattack
20312	4800	28547	269	-
23317	5938	28547	269	-
5376	4800	28547	272	snmpgetattack
23317	12431	28547	272	snmpgetattack
20312	4800	28547	274	-
23317	5938	28547	274	-
5376	4800	28547	277	snmpgetattack
23317	12431	28547	277	snmpgetattack
23317	5938	28547	279	-
20312	4800	28547	279	-
5376	4800	28547	282	snmpgetattack
23317	12431	28547	282	snmpgetattack
20312	4800	28547	284	-
23317	5938	28547	284	-
5376	4800	28547	288	snmpgetattack
23317	12431	28547	288	snmpgetattack
20312	4800	28547	289	-
23317	5938	28547	289	-
5376	4800	28547	293	snmpgetattack
23317	12431	28547	293	snmpgetattack
20312	4800	28547	294	-
23317	5938	28547	294	-
5376	4800	28547	298	snmpgetattack
23317	12431	28547	298	snmpgetattack
20312	4800	28547	299	-
23317	5938	28547	299	-
5376	4800	28547	303	snmpgetattack
23317	12431	28547	303	snmpgetattack
20312	4800	28547	304	-
23317	5938	28547	304	-
5376	4800	39755	308	snmpgetattack
23317	12431	39755	308	snmpgetattack
20312	4800	39755	309	-
23317	5938	39755	309	-
5376	4800	39755	313	snmpgetattack
23317	12431	39755	313	snmpgetattack
20312	4800	39755	314	-
23317	5938	39755	314	-
5376	4800	39755	318	snmpgetattack
23317	12431	39755	318	snmpgetattack
20312	4800	39755	319	-
23317	5938	39755	319	-
5376	4800	39755	323	snmpgetattack
23317	12431	39755	323	snmpgetattack
20312	4800	39755	324	-
23317	5938	39755	324	-
5376	4800	39755	328	snmpgetattack
23317	12431	39755	328	snmpgetattack
20312	4800	39755	329	-
23317	5938	39755	329	-
5376	4800	39755	333	snmpgetattack
23317	12431	39755	333	snmpgetattack
20312	4800	39755	334	-
23317	5938	39755	334	-
5376	4800	39755	338	snmpgetattack
23317	12431	39755	338	snmpgetattack
20312	4800	39755	339	-
23317	5938	39755	339	-
5376	4800	39755	343	snmpgetattack
23317	12431	39755	343	snmpgetattack
20312	4800	39755	344	-
23317	5938	39755	344	-
5376	4800	39755	348	snmpgetattack
23317	12431	39755	348	snmpgetattack
20312	4800	39755	349	-
23317	5938	39755	349	-
5376	4800	39755	353	snmpgetattack
23317	12431	39755	353	snmpgetattack
20312	4800	39755	355	-
23317	5938	39755	355	-
5376	4800	39755	358	snmpgetattack
23317	12431	39755	358	snmpgetattack
20312	4800	39755	360	-
23317	5938	39755	360	-
5376	4800	39755	363	snmpgetattack
23317	12431	39755	363	snmpgetattack
20312	4800	39755	365	-
23317	5938	39755	365	-
5376	4800	23511	368	snmpgetattack
23317	12431	23511	368	snmpgetattack
20312	4800	23511	370	-
23317	5938	23511	370	-
5376	4800	23511	373	snmpgetattack
23317	12431	23511	373	snmpgetattack
20312	4800	23511	375	-
23317	5938	23511	375	-
5376	4800	23511	378	snmpgetattack
23317	12431	23511	378	snmpgetattack
20312	4800	23511	380	-
23317	5938	23511	380	-
5376	4800	23511	383	snmpgetattack
23317	12431	23511	383	snmpgetattack
20312	4800	23511	385	-
23317	5938	23511	385	-
5376	4800	23511	388	snmpgetattack
23317	12431	23511	388	snmpgetattack
20312	4800	23511	390	-
23317	5938	23511	390	-
5376	4800	23511	393	snmpgetattack
23317	12431	23511	393	snmpgetattack
20312	4800	23511	395	-
23317	5938	23511	395	-
5376	4800	23511	398	snmpgetattack
23317	12431	23511	398	snmpgetattack
20312	4800	23511	400	-
23317	5938	23511	400	-
5376	4800	23511	403	snmpgetattack
23317	12431	23511	403	snmpgetattack
20312	4800	23511	405	-
23317	5938	23511	405	-
5376	4800	23511	408	snmpgetattack
23317	12431	23511	408	snmpgetattack
20312	4800	23511	410	-
23317	5938	23511	410	-
5376	4800	23511	414	snmpgetattack
23317	12431	23511	414	snmpgetattack
20312	4800	23511	415	-
23317	5938	23511	415	-
5376	4800	23511	419	snmpgetattack
23317	12431	23511	419	snmpgetattack
20312	4800	23511	420	-
23317	5938	23511	420	-
5376	4800	23511	424	snmpgetattack
23317	12431	23511	424	snmpgetattack
20312	4800	23511	425	-
23317	5938	23511	425	-
5376	4800	18238	429	snmpgetattack
23317	12431	18238	429	snmpgetattack
20312	4800	18238	430	-
23317	5938	18238	430	-
3957	15394	18238	430	-
5376	4800	18238	434	snmpgetattack
23317	12431	18238	434	snmpgetattack
20312	4800	18238	435	-
23317	5938	18238	435	-
5376	4800	18238	439	snmpgetattack
23317	12431	18238	439	snmpgetattack
20312	4800	18238	440	-
23317	5938	18238	440	-
5376	4800	18238	444	snmpgetattack
23317	12431	18238	444	snmpgetattack
20312	4800	18238	445	-
23317	5938	18238	445	-
23317	12431	18238	449	snmpgetattack
5376	4800	18238	449	snmpgetattack
20312	4800	18238	450	-
23317	5938	18238	450	-
5376	4800	18238	454	snmpgetattack
23317	12431	18238	454	snmpgetattack
20312	4800	18238	455	-
23317	5938	18238	455	-
5376	4800	18238	459	snmpgetattack
23317	12431	18238	459	snmpgetattack
20312	4800	18238	460	-
23317	5938	18238	460	-
5376	4800	18238	464	snmpgetattack
23317	12431	18238	464	snmpgetattack
20312	4800	18238	465	-
23317	5938	18238	465	-
5376	4800	18238	469	snmpgetattack
23317	12431	18238	469	snmpgetattack
20312	4800	18238	470	-
23317	5938	18238	470	-
5376	4800	18238	474	snmpgetattack
23317	12431	18238	474	snmpgetattack
20312	4800	18238	476	-
23317	5938	18238	476	-
5376	4800	18238	479	snmpgetattack
23317	12431	18238	479	snmpgetattack
20312	4800	18238	481	-
23317	5938	18238	481	-
5376	4800	18238	484	snmpgetattack
23317	12431	18238	484	snmpgetattack
20312	4800	32516	486	-
23317	5938	32516	486	-
5376	4800	32516	489	snmpgetattack
23317	12431	32516	489	snmpgetattack
20312	4800	32516	491	-
23317	5938	32516	491	-
5376	4800	32516	494	snmpgetattack
23317	12431	32516	494	snmpgetattack
20312	4800	32516	496	-
23317	5938	32516	496	-
5376	4800	32516	499	snmpgetattack
23317	12431	32516	499	snmpgetattack
20312	4800	32516	501	-
23317	5938	32516	501	-
5376	4800	32516	504	snmpgetattack
23317	12431	32516	504	snmpgetattack
20312	4800	32516	506	-
23317	5938	32516	506	-
5376	4800	32516	509	snmpgetattack
23317	12431	32516	509	snmpgetattack
20312	4800	32516	511	-
23317	5938	32516	511	-
5376	4800	32516	514	snmpgetattack
23317	12431	32516	514	snmpgetattack
20312	4800	32516	516	-
23317	5938	32516	516	-
5376	4800	32516	519	snmpgetattack
23317	12431	32516	519	snmpgetattack
20312	4800	32516	521	-
23317	5938	32516	521	-
5376	4800	32516	524	snmpgetattack
23317	12431	32516	524	snmpgetattack
20312	4800	32516	526	-
23317	5938	32516	526	-
5376	4800	32516	529	snmpgetattack
23317	12431	32516	529	snmpgetattack
20312	4800	32516	531	-
23317	5938	32516	531	-
5376	4800	32516	534	snmpgetattack
23317	12431	32516	534	snmpgetattack
20312	4800	32516	536	-
23317	5938	32516	536	-
5376	4800	32516	540	snmpgetattack
23317	12431	32516	540	snmpgetattack
20312	4800	32516	541	-
23317	5938	32516	541	-
5376	4800	32516	545	snmpgetattack
23317	12431	32516	545	snmpgetattack
20312	4800	38175	546	-
23317	5938	38175	546	-
5376	4800	38175	550	snmpgetattack
23317	12431	38175	550	snmpgetattack
20312	4800	38175	551	-
23317	5938	38175	551	-
5376	4800	38175	555	snmpgetattack
23317	12431	38175	555	snmpgetattack
20312	4800	38175	556	-
23317	5938	38175	556	-
5376	4800	38175	560	snmpgetattack
23317	12431	38175	560	snmpgetattack
20312	4800	38175	561	-
23317	5938	38175	561	-
5376	4800	38175	565	snmpgetattack
23317	12431	38175	565	snmpgetattack
20312	4800	38175	566	-
23317	5938	38175	566	-
5376	4800	38175	570	snmpgetattack
23317	12431	38175	570	snmpgetattack
20312	4800	38175	571	-
23317	5938	38175	571	-
5376	4800	38175	575	snmpgetattack
23317	12431	38175	575	snmpgetattack
20312	4800	38175	576	-
23317	5938	38175	576	-
5376	4800	38175	580	snmpgetattack
23317	12431	38175	580	snmpgetattack
20312	4800	38175	581	-
23317	5938	38175	581	-
5376	4800	38175	585	snmpgetattack
23317	12431	38175	585	snmpgetattack
20312	4800	38175	586	-
23317	5938	38175	586	-
5376	4800	38175	590	snmpgetattack
23317	12431	38175	590	snmpgetattack
20312	4800	38175	591	-
23317	5938	38175	591	-
5376	4800	38175	595	snmpgetattack
23317	12431	38175	595	snmpgetattack
20312	4800	38175	596	-
23317	5938	38175	596	-
5376	4800	38175	600	snmpgetattack
23317	12431	38175	600	snmpgetattack
20312	4800	38175	602	-
23317	5938	38175	602	-
23317	12431	38175	605	snmpgetattack
5376	4800	38175	605	snmpgetattack
20312	4800	2685	607	-
23317	5938	2685	607	-
5376	4800	2685	610	snmpgetattack
23317	12431	2685	610	snmpgetattack
20312	4800	2685	612	-
23317	5938	2685	612	-
5376	4800	2685	615	snmpgetattack
23317	12431	2685	615	snmpgetattack
20312	4800	2685	617	-
23317	5938	2685	617	-
5376	4800	2685	620	snmpgetattack
23317	12431	2685	620	snmpgetattack
20312	4800	2685	622	-
23317	5938	2685	622	-
5376	4800	2685	625	snmpgetattack
23317	12431	2685	625	snmpgetattack
20312	4800	2685	627	-
23317	5938	2685	627	-
5376	4800	2685	630	snmpgetattack
23317	12431	2685	630	snmpgetattack
15394	4800	2685	630	-
23317	882	2685	630	-
20312	4800	2685	632	-
23317	5938	2685	632	-
5376	4800	2685	635	snmpgetattack
23317	12431	2685	635	snmpgetattack
20312	4800	2685	637	-
23317	5938	2685	637	-
5376	4800	2685	640	snmpgetattack
23317	12431	2685	640	snmpgetattack
20312	4800	2685	642	-
23317	5938	2685	642	-
5376	4800	2685	645	snmpgetattack
23317	12431	2685	645	snmpgetattack
20312	4800	2685	647	-
23317	5938	2685	647	-
5376	4800	2685	650	snmpgetattack
23317	12431	2685	650	snmpgetattack
20312	4800	2685	652	-
23317	5938	2685	652	-
5376	4800	2685	655	snmpgetattack
23317	12431	2685	655	snmpgetattack
20312	4800	2685	657	-
23317	5938	2685	657	-
5376	4800	2685	660	snmpgetattack
23317	12431	2685	660	snmpgetattack
20312	4800	2685	662	-
23317	5938	2685	662	-
5376	4800	3445	666	snmpgetattack
23317	12431	3445	666	snmpgetattack
20312	4800	3445	667	-
23317	5938	3445	667	-
5376	4800	3445	671	snmpgetattack
23317	12431	3445	671	snmpgetattack
23317	5938	3445	672	-
20312	4800	3445	672	-
5376	4800	3445	676	snmpgetattack
23317	12431	3445	676	snmpgetattack
20312	4800	3445	677	-
23317	5938	3445	677	-
5376	4800	3445	681	snmpgetattack
23317	12431	3445	681	snmpgetattack
20312	4800	3445	682	-
23317	5938	3445	682	-
23317	12431	3445	686	snmpgetattack
5376	4800	3445	686	snmpgetattack
23317	5938	3445	687	-
20312	4800	3445	687	-
5376	4800	3445	691	snmpgetattack
23317	12431	3445	691	snmpgetattack
20312	4800	3445	692	-
23317	5938	3445	692	-
5376	4800	3445	696	snmpgetattack
23317	12431	3445	696	snmpgetattack
20312	4800	3445	697	-
23317	5938	3445	697	-
23317	12431	3445	701	snmpgetattack
5376	4800	3445	701	snmpgetattack
20312	4800	3445	702	-
23317	5938	3445	702	-
5376	4800	3445	706	snmpgetattack
23317	12431	3445	706	snmpgetattack
20312	4800	3445	707	-
23317	5938	3445	707	-
5376	4800	3445	711	snmpgetattack
23317	12431	3445	711	snmpgetattack
23317	5938	3445	712	-
20312	4800	3445	712	-
5376	4800	3445	716	snmpgetattack
23317	12431	3445	716	snmpgetattack
20312	4800	3445	717	-
23317	5938	3445	717	-
5376	4800	3445	721	snmpgetattack
23317	12431	3445	721	snmpgetattack
23317	5938	3445	722	-
20312	4800	3445	722	-
5376	4800	3466	726	snmpgetattack
23317	12431	3466	726	snmpgetattack
20312	4800	3466	728	-
23317	5938	3466	728	-
5376	4800	3466	731	snmpgetattack
23317	12431	3466	731	snmpgetattack
20312	4800	3466	733	-
23317	5938	3466	733	-
23317	12431	3466	736	snmpgetattack
5376	4800	3466	736	snmpgetattack
23317	5938	3466	738	-
20312	4800	3466	738	-
5376	4800	3466	741	snmpgetattack
23317	12431	3466	741	snmpgetattack
20312	4800	3466	743	-
23317	5938	3466	743	-
5376	4800	3466	746	snmpgetattack
23317	12431	3466	746	snmpgetattack
23317	5938	3466	748	-
20312	4800	3466	748	-
5376	4800	3466	751	snmpgetattack
23317	12431	3466	751	snmpgetattack
20312	4800	3466	753	-
23317	5938	3466	753	-
5376	4800	3466	756	snmpgetattack
23317	12431	3466	756	snmpgetattack
20312	4800	3466	758	-
23317	5938	3466	758	-
23317	12431	3466	761	snmpgetattack
5376	4800	3466	761	snmpgetattack
20312	4800	3466	763	-
23317	5938	3466	763	-
5376	4800	3466	766	snmpgetattack
23317	12431	3466	766	snmpgetattack
23317	5938	3466	768	-
20312	4800	3466	768	-
5376	4800	3466	771	snmpgetattack
23317	12431	3466	771	snmpgetattack
20312	4800	3466	773	-
23317	5938	3466	773	-
5376	4800	3466	776	snmpgetattack
23317	12431	3466	776	snmpgetattack
20312	4800	3466	778	-
23317	5938	3466	778	-
5376	4800	3466	781	snmpgetattack
23317	12431	3466	781	snmpgetattack
23317	5938	3466	783	-
20312	4800	3466	783	-
5376	4800	38407	786	snmpgetattack
23317	12431	38407	786	snmpgetattack
20312	4800	38407	788	-
23317	5938	38407	788	-
5376	4800	38407	792	snmpgetattack
23317	12431	38407	792	snmpgetattack
20312	4800	38407	793	-
23317	5938	38407	793	-
5376	4800	38407	797	snmpgetattack
23317	12431	38407	797	snmpgetattack
23317	5938	38407	798	-
20312	4800	38407	798	-
23317	12431	38407	802	snmpgetattack
5376	4800	38407	802	snmpgetattack
23317	5938	38407	803	-
20312	4800	38407	803	-
5376	4800	38407	807	snmpgetattack
23317	12431	38407	807	snmpgetattack
20312	4800	38407	808	-
23317	5938	38407	808	-
5376	4800	38407	812	snmpgetattack
23317	12431	38407	812	snmpgetattack
20312	4800	38407	813	-
23317	5938	38407	813	-
23317	12431	38407	817	snmpgetattack
5376	4800	38407	817	snmpgetattack
23317	5938	38407	818	-
20312	4800	38407	818	-
5376	4800	38407	822	snmpgetattack
23317	12431	38407	822	snmpgetattack
23317	5938	38407	823	-
20312	4800	38407	823	-
23317	12431	38407	827	snmpgetattack
5376	4800	38407	827	snmpgetattack
20312	4800	38407	828	-
23317	5938	38407	828	-
5376	4800	38407	832	snmpgetattack
23317	12431	38407	832	snmpgetattack
20312	4800	38407	833	-
23317	5938	38407	833	-
23317	12431	38407	837	snmpgetattack
5376	4800	38407	837	snmpgetattack
23317	5938	38407	838	-
20312	4800	38407	838	-
23317	12431	38407	842	snmpgetattack
5376	4800	38407	842	snmpgetattack
23317	5938	38407	843	-
20312	4800	38407	843	-
5376	4800	5365	847	snmpgetattack
23317	12431	5365	847	snmpgetattack
20312	4800	5365	848	-
23317	5938	5365	848	-
5376	4800	5365	852	snmpgetattack
23317	12431	5365	852	snmpgetattack
20312	4800	5365	854	-
23317	5938	5365	854	-
23317	12431	5365	857	snmpgetattack
5376	4800	5365	857	snmpgetattack
20312	4800	5365	859	-
23317	5938	5365	859	-
5376	4800	5365	862	snmpgetattack
23317	12431	5365	862	snmpgetattack
20312	4800	5365	864	-
23317	5938	5365	864	-
5376	4800	5365	867	snmpgetattack
23317	12431	5365	867	snmpgetattack
20312	4800	5365	869	-
23317	5938	5365	869	-
5376	4800	5365	872	snmpgetattack
23317	12431	5365	872	snmpgetattack
23317	5938	5365	874	-
20312	4800	5365	874	-
23317	12431	5365	877	snmpgetattack
5376	4800	5365	877	snmpgetattack
20312	4800	5365	879	-
23317	5938	5365	879	-
5376	4800	5365	882	snmpgetattack
23317	12431	5365	882	snmpgetattack
20312	4800	5365	884	-
23317	5938	5365	884	-
5376	4800	5365	887	snmpgetattack
23317	12431	5365	887	snmpgetattack
20312	4800	5365	889	-
23317	5938	5365	889	-
23317	12431	5365	892	snmpgetattack
5376	4800	5365	892	snmpgetattack
20312	4800	5365	894	-
23317	5938	5365	894	-
5376	4800	5365	897	snmpgetattack
23317	12431	5365	897	snmpgetattack
23317	5938	5365	899	-
20312	4800	5365	899	-
23317	12431	5365	902	snmpgetattack
5376	4800	5365	902	snmpgetattack
20312	4800	5365	904	-
23317	5938	5365	904	-
5376	4800	36290	907	snmpgetattack
23317	12431	36290	907	snmpgetattack
20312	4800	36290	909	-
23317	5938	36290	909	-
5376	4800	36290	912	snmpgetattack
23317	12431	36290	912	snmpgetattack
20312	4800	36290	914	-
23317	5938	36290	914	-
5376	4800	36290	918	snmpgetattack
23317	12431	36290	918	snmpgetattack
20312	4800	36290	919	-
23317	5938	36290	919	-
5376	4800	36290	923	snmpgetattack
23317	12431	36290	923	snmpgetattack
23317	5938	36290	924	-
20312	4800	36290	924	-
5376	4800	36290	928	snmpgetattack
23317	12431	36290	928	snmpgetattack
20312	4800	36290	929	-
23317	5938	36290	929	-
5376	4800	36290	933	snmpgetattack
23317	12431	36290	933	snmpgetattack
20312	4800	36290	934	-
23317	5938	36290	934	-
5376	4800	36290	938	snmpgetattack
23317	12431	36290	938	snmpgetattack
20312	4800	36290	939	-
23317	5938	36290	939	-
5376	4800	36290	943	snmpgetattack
23317	12431	36290	943	snmpgetattack
20312	4800	36290	944	-
23317	5938	36290	944	-
5376	4800	36290	948	snmpgetattack
23317	12431	36290	948	snmpgetattack
20312	4800	36290	949	-
23317	5938	36290	949	-
5376	4800	36290	953	snmpgetattack
23317	12431	36290	953	snmpgetattack
20312	4800	36290	954	-
23317	5938	36290	954	-
5376	4800	36290	958	snmpgetattack
23317	12431	36290	958	snmpgetattack
20312	4800	36290	959	-
23317	5938	36290	959	-
5376	4800	36290	963	snmpgetattack
23317	12431	36290	963	snmpgetattack
20312	4800	36290	964	-
23317	5938	36290	964	-
5376	4800	35725	968	snmpgetattack
23317	12431	35725	968	snmpgetattack
20312	4800	35725	969	-
23317	5938	35725	969	-
5376	4800	35725	973	snmpgetattack
23317	12431	35725	973	snmpgetattack
20312	4800	35725	974	-
23317	5938	35725	974	-
5376	4800	35725	978	snmpgetattack
23317	12431	35725	978	snmpgetattack
20312	4800	35725	980	-
23317	5938	35725	980	-
5376	4800	35725	983	snmpgetattack
23317	12431	35725	983	snmpgetattack
20312	4800	35725	985	-
23317	5938	35725	985	-
5376	4800	35725	988	snmpgetattack
23317	12431	35725	988	snmpgetattack
20312	4800	35725	990	-
23317	5938	35725	990	-
5376	4800	35725	993	snmpgetattack
23317	12431	35725	993	snmpgetattack
20312	4800	35725	995	-
23317	5938	35725	995	-
5376	4800	35725	998	snmpgetattack
23317	12431	35725	998	snmpgetattack
20312	4800	35725	1000	-
23317	5938	35725	1000	-
5376	4800	35725	1003	snmpgetattack
23317	12431	35725	1003	snmpgetattack
20312	4800	35725	1005	-
23317	5938	35725	1005	-
5376	4800	35725	1008	snmpgetattack
23317	12431	35725	1008	snmpgetattack
20312	4800	35725	1010	-
23317	5938	35725	1010	-
5376	4800	35725	1013	snmpgetattack
23317	12431	35725	1013	snmpgetattack
20312	4800	35725	1015	-
23317	5938	35725	1015	-
5376	4800	35725	1018	snmpgetattack
23317	12431	35725	1018	snmpgetattack
20312	4800	35725	1020	-
23317	5938	35725	1020	-
5376	4800	35725	1023	snmpgetattack
23317	12431	35725	1023	snmpgetattack
20312	4800	35725	1025	-
23317	5938	35725	1025	-
5376	4800	39081	1028	snmpgetattack
23317	12431	39081	1028	snmpgetattack
20312	4800	39081	1030	-
23317	5938	39081	1030	-
5376	4800	39081	1033	snmpgetattack
23317	12431	39081	1033	snmpgetattack
20312	4800	39081	1035	-
23317	5938	39081	1035	-
5376	4800	39081	1038	snmpgetattack
23317	12431	39081	1038	snmpgetattack
20312	4800	39081	1040	-
23317	5938	39081	1040	-
5376	4800	39081	1044	snmpgetattack
23317	12431	39081	1044	snmpgetattack
20312	4800	39081	1045	-
23317	5938	39081	1045	-
5376	4800	39081	1049	snmpgetattack
23317	12431	39081	1049	snmpgetattack
20312	4800	39081	1050	-
23317	5938	39081	1050	-
5376	4800	39081	1054	snmpgetattack
23317	12431	39081	1054	snmpgetattack
20312	4800	39081	1055	-
23317	5938	39081	1055	-
5376	4800	39081	1059	snmpgetattack
23317	12431	39081	1059	snmpgetattack
20312	4800	39081	1060	-
23317	5938	39081	1060	-
5376	4800	39081	1064	snmpgetattack
23317	12431	39081	1064	snmpgetattack
20312	4800	39081	1065	-
23317	5938	39081	1065	-
5376	4800	39081	1069	snmpgetattack
23317	12431	39081	1069	snmpgetattack
20312	4800	39081	1070	-
23317	5938	39081	1070	-
5376	4800	39081	1074	snmpgetattack
23317	12431	39081	1074	snmpgetattack
20312	4800	39081	1075	-
23317	5938	39081	1075	-
5376	4800	39081	1079	snmpgetattack
23317	12431	39081	1079	snmpgetattack
23317	5938	39081	1080	-
20312	4800	39081	1080	-
5376	4800	39081	1084	snmpgetattack
23317	12431	39081	1084	snmpgetattack
20312	4800	39081	1085	-
23317	5938	39081	1085	-
5376	4800	39430	1089	snmpgetattack
23317	12431	39430	1089	snmpgetattack
23317	5938	39430	1090	-
20312	4800	39430	1090	-
23317	12431	39430	1094	snmpgetattack
5376	4800	39430	1094	snmpgetattack
23317	5938	39430	1095	-
20312	4800	39430	1095	-
23317	12431	39430	1099	snmpgetattack
5376	4800	39430	1099	snmpgetattack
20312	4800	39430	1100	-
23317	5938	39430	1100	-
5376	4800	39430	1104	snmpgetattack
23317	12431	39430	1104	snmpgetattack
20312	4800	39430	1106	-
23317	5938	39430	1106	-
5376	4800	39430	1109	snmpgetattack
23317	12431	39430	1109	snmpgetattack
23317	5938	39430	1111	-
20312	4800	39430	1111	-
5376	4800	39430	1114	snmpgetattack
23317	12431	39430	1114	snmpgetattack
20312	4800	39430	1116	-
23317	5938	39430	1116	-
5376	4800	39430	1119	snmpgetattack
23317	12431	39430	1119	snmpgetattack
20312	4800	39430	1121	-
23317	5938	39430	1121	-
5376	4800	39430	1124	snmpgetattack
23317	12431	39430	1124	snmpgetattack
23317	5938	39430	1126	-
20312	4800	39430	1126	-
5376	4800	39430	1129	snmpgetattack
23317	12431	39430	1129	snmpgetattack
20312	4800	39430	1131	-
23317	5938	39430	1131	-
5376	4800	39430	1134	snmpgetattack
23317	12431	39430	1134	snmpgetattack
20312	4800	39430	1136	-
23317	5938	39430	1136	-
23317	12431	39430	1139	snmpgetattack
5376	4800	39430	1139	snmpgetattack
20312	4800	39430	1141	-
23317	5938	39430	1141	-
5376	4800	39430	1144	snmpgetattack
23317	12431	39430	1144	snmpgetattack
23317	5938	44920	1146	-
20312	4800	44920	1146	-
23317	12431	44920	1149	snmpgetattack
5376	4800	44920	1149	snmpgetattack
20312	4800	44920	1151	-
23317	5938	44920	1151	-
5376	4800	44920	1154	snmpgetattack
23317	12431	44920	1154	snmpgetattack
20312	4800	44920	1156	-
23317	5938	44920	1156	-
5376	4800	44920	1159	snmpgetattack
23317	12431	44920	1159	snmpgetattack
20312	4800	44920	1161	-
23317	5938	44920	1161	-
23317	12431	44920	1164	snmpgetattack
5376	4800	44920	1164	snmpgetattack
20312	4800	44920	1166	-
23317	5938	44920	1166	-
5376	4800	44920	1170	snmpgetattack
23317	12431	44920	1170	snmpgetattack
23317	5938	44920	1171	-
20312	4800	44920	1171	-
5376	4800	44920	1175	snmpgetattack
23317	12431	44920	1175	snmpgetattack
20312	4800	44920	1176	-
23317	5938	44920	1176	-
5376	4800	44920	1180	snmpgetattack
23317	12431	44920	1180	snmpgetattack
20312	4800	44920	1181	-
23317	5938	44920	1181	-
5376	4800	44920	1185	snmpgetattack
23317	12431	44920	1185	snmpgetattack
20312	4800	44920	1186	-
23317	5938	44920	1186	-
23317	12431	44920	1190	snmpgetattack
5376	4800	44920	1190	snmpgetattack
20312	4800	44920	1191	-
23317	5938	44920	1191	-
5376	4800	44920	1195	snmpgetattack
23317	12431	44920	1195	snmpgetattack
20312	4800	44920	1196	-
23317	5938	44920	1196	-
5376	4800	44920	1200	snmpgetattack
23317	12431	44920	1200	snmpgetattack
23317	5938	44920	1201	-
20312	4800	44920	1201	-
23317	12431	44920	1205	snmpgetattack
5376	4800	44920	1205	snmpgetattack
23317	5938	15962	1206	-
20312	4800	15962	1206	-
23317	12431	15962	1210	snmpgetattack
5376	4800	15962	1210	snmpgetattack
20312	4800	15962	1211	-
23317	5938	15962	1211	-
5376	4800	15962	1215	snmpgetattack
23317	12431	15962	1215	snmpgetattack
20312	4800	15962	1216	-
23317	5938	15962	1216	-
5376	4800	15962	1220	snmpgetattack
23317	12431	15962	1220	snmpgetattack
23317	5938	15962	1221	-
20312	4800	15962	1221	-
5376	4800	15962	1225	snmpgetattack
23317	12431	15962	1225	snmpgetattack
20312	4800	15962	1226	-
23317	5938	15962	1226	-
5376	4800	15962	1230	snmpgetattack
23317	12431	15962	1230	snmpgetattack
15394	4800	15962	1230	-
23317	882	15962	1230	-
20312	4800	15962	1232	-
23317	5938	15962	1232	-
5376	4800	15962	1235	snmpgetattack
23317	12431	15962	1235	snmpgetattack
20312	4800	15962	1237	-
23317	5938	15962	1237	-
5376	4800	15962	1240	snmpgetattack
23317	12431	15962	1240	snmpgetattack
20312	4800	15962	1242	-
23317	5938	15962	1242	-
5376	4800	15962	1245	snmpgetattack
23317	12431	15962	1245	snmpgetattack
20312	4800	15962	1247	-
23317	5938	15962	1247	-
5376	4800	15962	1250	snmpgetattack
23317	12431	15962	1250	snmpgetattack
23317	5938	15962	1252	-
20312	4800	15962	1252	-
23317	12431	15962	1255	snmpgetattack
5376	4800	15962	1255	snmpgetattack
20312	4800	15962	1257	-
23317	5938	15962	1257	-
5376	4800	15962	1260	snmpgetattack
23317	12431	15962	1260	snmpgetattack
23317	5938	15962	1262	-
20312	4800	15962	1262	-
23317	12431	15962	1265	snmpgetattack
5376	4800	15962	1265	snmpgetattack
20312	4800	44939	1267	-
23317	5938	44939	1267	-
5376	4800	44939	1270	snmpgetattack
23317	12431	44939	1270	snmpgetattack
20312	4800	44939	1272	-
23317	5938	44939	1272	-
5376	4800	44939	1275	snmpgetattack
23317	12431	44939	1275	snmpgetattack
20312	4800	44939	1277	-
23317	5938	44939	1277	-
23317	12431	44939	1280	snmpgetattack
5376	4800	44939	1280	snmpgetattack
20312	4800	44939	1282	-
23317	5938	44939	1282	-
5376	4800	44939	1285	snmpgetattack
23317	12431	44939	1285	snmpgetattack
23317	5938	44939	1287	-
20312	4800	44939	1287	-
5376	4800	44939	1290	snmpgetattack
23317	12431	44939	1290	snmpgetattack
20312	4800	44939	1292	-
23317	5938	44939	1292	-
5376	4800	44939	1296	snmpgetattack
23317	12431	44939	1296	snmpgetattack
20312	4800	44939	1297	-
23317	5938	44939	1297	-
5376	4800	44939	1301	snmpgetattack
23317	12431	44939	1301	snmpgetattack
23317	5938	44939	1302	-
20312	4800	44939	1302	-
5376	4800	44939	1306	snmpgetattack
23317	12431	44939	1306	snmpgetattack
20312	4800	44939	1307	-
23317	5938	44939	1307	-
5376	4800	44939	1311	snmpgetattack
23317	12431	44939	1311	snmpgetattack
20312	4800	44939	1312	-
23317	5938	44939	1312	-
23317	12431	44939	1316	snmpgetattack
5376	4800	44939	1316	snmpgetattack
23317	5938	44939	1317	-
20312	4800	44939	1317	-
23317	12431	44939	1321	snmpgetattack
5376	4800	44939	1321	snmpgetattack
20312	4800	44939	1322	-
23317	5938	44939	1322	-
5376	4800	45327	1326	snmpgetattack
23317	12431	45327	1326	snmpgetattack
20312	4800	45327	1327	-
23317	5938	45327	1327	-
5376	4800	45327	1331	snmpgetattack
23317	12431	45327	1331	snmpgetattack
23317	5938	45327	1332	-
20312	4800	45327	1332	-
23317	12431	45327	1336	snmpgetattack
5376	4800	45327	1336	snmpgetattack
20312	4800	45327	1337	-
23317	5938	45327	1337	-
5376	4800	45327	1341	snmpgetattack
23317	12431	45327	1341	snmpgetattack
20312	4800	45327	1342	-
23317	5938	45327	1342	-
23317	12431	45327	1346	snmpgetattack
5376	4800	45327	1346	snmpgetattack
23317	5938	45327	1347	-
20312	4800	45327	1347	-
5376	4800	45327	1351	snmpgetattack
23317	12431	45327	1351	snmpgetattack
20312	4800	45327	1352	-
23317	5938	45327	1352	-
5376	4800	45327	1356	snmpgetattack
23317	12431	45327	1356	snmpgetattack
20312	4800	45327	1358	-
23317	5938	45327	1358	-
5376	4800	45327	1361	snmpgetattack
23317	12431	45327	1361	snmpgetattack
23317	5938	45327	1363	-
20312	4800	45327	1363	-
5376	4800	45327	1366	snmpgetattack
23317	12431	45327	1366	snmpgetattack
20312	4800	45327	1368	-
23317	5938	45327	1368	-
5376	4800	45327	1371	snmpgetattack
23317	12431	45327	1371	snmpgetattack
20312	4800	45327	1373	-
23317	5938	45327	1373	-
5376	4800	45327	1376	snmpgetattack
23317	12431	45327	1376	snmpgetattack
23317	5938	45327	1378	-
20312	4800	45327	1378	-
5376	4800	45327	1381	snmpgetattack
23317	12431	45327	1381	snmpgetattack
20312	4800	45327	1383	-
23317	5938	45327	1383	-
5376	4800	36199	1386	snmpgetattack
23317	12431	36199	1386	snmpgetattack
20312	4800	36199	1388	-
23317	5938	36199	1388	-
5376	4800	36199	1391	snmpgetattack
23317	12431	36199	1391	snmpgetattack
23317	5938	36199	1393	-
20312	4800	36199	1393	-
23317	12431	36199	1396	snmpgetattack
5376	4800	36199	1396	snmpgetattack
23317	5938	36199	1398	-
20312	4800	36199	1398	-
5376	4800	36199	1401	snmpgetattack
23317	12431	36199	1401	snmpgetattack
20312	4800	36199	1403	-
23317	5938	36199	1403	-
5376	4800	36199	1406	snmpgetattack
23317	12431	36199	1406	snmpgetattack
23317	5938	36199	1408	-
20312	4800	36199	1408	-
23317	12431	36199	1411	snmpgetattack
5376	4800	36199	1411	snmpgetattack
20312	4800	36199	1413	-
23317	5938	36199	1413	-
5376	4800	36199	1416	snmpgetattack
23317	12431	36199	1416	snmpgetattack
20312	4800	36199	1418	-
23317	5938	36199	1418	-
5376	4800	36199	1422	snmpgetattack
23317	12431	36199	1422	snmpgetattack
20312	4800	36199	1423	-
23317	5938	36199	1423	-
23317	12431	36199	1427	snmpgetattack
5376	4800	36199	1427	snmpgetattack
23317	5938	36199	1428	-
20312	4800	36199	1428	-
5376	4800	36199	1432	snmpgetattack
23317	12431	36199	1432	snmpgetattack
20312	4800	36199	1433	-
23317	5938	36199	1433	-
5376	4800	36199	1437	snmpgetattack
23317	12431	36199	1437	snmpgetattack
20312	4800	36199	1438	-
23317	5938	36199	1438	-
5376	4800	36199	1442	snmpgetattack
23317	12431	36199	1442	snmpgetattack
20312	4800	36199	1443	-
23317	5938	36199	1443	-
5376	4800	24073	1447	snmpgetattack
23317	12431	24073	1447	snmpgetattack
20312	4800	24073	1448	-
23317	5938	24073	1448	-
5376	4800	24073	1452	snmpgetattack
23317	12431	24073	1452	snmpgetattack
20312	4800	24073	1453	-
23317	5938	24073	1453	-
3957	15394	24073	1454	-
5376	4800	24073	1457	snmpgetattack
23317	12431	24073	1457	snmpgetattack
20312	4800	24073	1458	-
23317	5938	24073	1458	-
5376	4800	24073	1462	snmpgetattack
23317	12431	24073	1462	snmpgetattack
20312	4800	24073	1463	-
23317	5938	24073	1463	-
5376	4800	24073	1467	snmpgetattack
23317	12431	24073	1467	snmpgetattack
20312	4800	24073	1468	-
23317	5938	24073	1468	-
5376	4800	24073	1472	snmpgetattack
23317	12431	24073	1472	snmpgetattack
20312	4800	24073	1473	-
23317	5938	24073	1473	-
5376	4800	24073	1477	snmpgetattack
23317	12431	24073	1477	snmpgetattack
20312	4800	24073	1478	-
23317	5938	24073	1478	-
5376	4800	24073	1482	snmpgetattack
23317	12431	24073	1482	snmpgetattack
20312	4800	24073	1484	-
23317	5938	24073	1484	-
5376	4800	24073	1487	snmpgetattack
23317	12431	24073	1487	snmpgetattack
20312	4800	24073	1489	-
23317	5938	24073	1489	-
5376	4800	24073	1492	snmpgetattack
23317	12431	24073	1492	snmpgetattack
20312	4800	24073	1494	-
23317	5938	24073	1494	-
5376	4800	24073	1497	snmpgetattack
23317	12431	24073	1497	snmpgetattack
20312	4800	24073	1499	-
23317	5938	24073	1499	-
5376	4800	24073	1502	snmpgetattack
23317	12431	24073	1502	snmpgetattack
20312	4800	24073	1504	-
23317	5938	24073	1504	-
5376	4800	43975	1507	snmpgetattack
23317	12431	43975	1507	snmpgetattack
20312	4800	43975	1509	-
23317	5938	43975	1509	-
5376	4800	43975	1512	snmpgetattack
23317	12431	43975	1512	snmpgetattack
20312	4800	43975	1514	-
23317	5938	43975	1514	-
5376	4800	43975	1517	snmpgetattack
23317	12431	43975	1517	snmpgetattack
20312	4800	43975	1519	-
23317	5938	43975	1519	-
5376	4800	43975	1522	snmpgetattack
23317	12431	43975	1522	snmpgetattack
20312	4800	43975	1524	-
23317	5938	43975	1524	-
5376	4800	43975	1527	snmpgetattack
23317	12431	43975	1527	snmpgetattack
20312	4800	43975	1529	-
23317	5938	43975	1529	-
5376	4800	43975	1532	snmpgetattack
23317	12431	43975	1532	snmpgetattack
20312	4800	43975	1534	-
23317	5938	43975	1534	-
5376	4800	43975	1537	snmpgetattack
23317	12431	43975	1537	snmpgetattack
20312	4800	43975	1539	-
23317	5938	43975	1539	-
5376	4800	43975	1543	snmpgetattack
23317	12431	43975	1543	snmpgetattack
20312	4800	43975	1544	-
23317	5938	43975	1544	-
5376	4800	43975	1548	snmpgetattack
23317	12431	43975	1548	snmpgetattack
20312	4800	43975	1549	-
23317	5938	43975	1549	-
5376	4800	43975	1553	snmpgetattack
23317	12431	43975	1553	snmpgetattack
23317	5938	43975	1554	-
20312	4800	43975	1554	-
5376	4800	43975	1558	snmpgetattack
23317	12431	43975	1558	snmpgetattack
20312	4800	43975	1559	-
23317	5938	43975	1559	-
5376	4800	43975	1563	snmpgetattack
23317	12431	43975	1563	snmpgetattack
20312	4800	43975	1564	-
23317	5938	43975	1564	-
5376	4800	30287	1568	snmpgetattack
23317	12431	30287	1568	snmpgetattack
23317	5938	30287	1569	-
20312	4800	30287	1569	-
23317	12431	30287	1573	snmpgetattack
5376	4800	30287	1573	snmpgetattack
20312	4800	30287	1574	-
23317	5938	30287	1574	-
5376	4800	30287	1578	snmpgetattack
23317	12431	30287	1578	snmpgetattack
23317	5938	30287	1579	-
20312	4800	30287	1579	-
5376	4800	30287	1583	snmpgetattack
23317	12431	30287	1583	snmpgetattack
20312	4800	30287	1584	-
23317	5938	30287	1584	-
5376	4800	30287	1588	snmpgetattack
23317	12431	30287	1588	snmpgetattack
20312	4800	30287	1589	-
23317	5938	30287	1589	-
23317	12431	30287	1593	snmpgetattack
5376	4800	30287	1593	snmpgetattack
20312	4800	30287	1594	-
23317	5938	30287	1594	-
5376	4800	30287	1598	snmpgetattack
23317	12431	30287	1598	snmpgetattack
23317	5938	30287	1599	-
20312	4800	30287	1599	-
5376	4800	30287	1603	snmpgetattack
23317	12431	30287	1603	snmpgetattack
20312	4800	30287	1604	-
23317	5938	30287	1604	-
5376	4800	30287	1608	snmpgetattack
23317	12431	30287	1608	snmpgetattack
23317	5938	30287	1610	-
20312	4800	30287	1610	-
23317	12431	30287	1613	snmpgetattack
5376	4800	30287	1613	snmpgetattack
20312	4800	30287	1615	-
23317	5938	30287	1615	-
23317	12431	30287	1618	snmpgetattack
5376	4800	30287	1618	snmpgetattack
23317	5938	30287	1620	-
20312	4800	30287	1620	-
5376	4800	30287	1623	snmpgetattack
23317	12431	30287	1623	snmpgetattack
20312	4800	30287	1625	-
23317	5938	30287	1625	-
5376	4800	46258	1628	snmpgetattack
23317	12431	46258	1628	snmpgetattack
23317	5938	46258	1630	-
20312	4800	46258	1630	-
23317	12431	46258	1633	snmpgetattack
5376	4800	46258	1633	snmpgetattack
15506	19350	46258	1634	-
23317	5938	46258	1635	-
20312	4800	46258	1635	-
5376	4800	46258	1638	snmpgetattack
23317	12431	46258	1638	snmpgetattack
23317	5938	46258	1640	-
20312	4800	46258	1640	-
5376	4800	46258	1643	snmpgetattack
23317	12431	46258	1643	snmpgetattack
20312	4800	46258	1645	-
23317	5938	46258	1645	-
5376	4800	46258	1648	snmpgetattack
23317	12431	46258	1648	snmpgetattack
20312	4800	46258	1650	-
23317	5938	46258	1650	-
5376	4800	46258	1653	snmpgetattack
23317	12431	46258	1653	snmpgetattack
23317	5938	46258	1655	-
20312	4800	46258	1655	-
23317	12431	46258	1658	snmpgetattack
5376	4800	46258	1658	snmpgetattack
20312	4800	46258	1660	-
23317	5938	46258	1660	-
5376	4800	46258	1663	snmpgetattack
23317	12431	46258	1663	snmpgetattack
20312	4800	46258	1665	-
23317	5938	46258	1665	-
23317	12431	46258	1669	snmpgetattack
5376	4800	46258	1669	snmpgetattack
23317	5938	46258	1670	-
20312	4800	46258	1670	-
5376	4800	46258	1674	snmpgetattack
23317	12431	46258	1674	snmpgetattack
20312	4800	46258	1675	-
23317	5938	46258	1675	-
5376	4800	46258	1679	snmpgetattack
23317	12431	46258	1679	snmpgetattack
20312	4800	46258	1680	-
23317	5938	46258	1680	-
23317	12431	46258	1684	snmpgetattack
5376	4800	46258	1684	snmpgetattack
23317	5938	46258	1685	-
20312	4800	46258	1685	-
5376	4800	4412	1689	snmpgetattack
23317	12431	4412	1689	snmpgetattack
20312	4800	4412	1690	-
23317	5938	4412	1690	-
23317	12431	4412	1694	snmpgetattack
5376	4800	4412	1694	snmpgetattack
23317	5938	4412	1695	-
20312	4800	4412	1695	-
23317	12431	4412	1699	snmpgetattack
5376	4800	4412	1699	snmpgetattack
23317	5938	4412	1700	-
20312	4800	4412	1700	-
5376	4800	4412	1704	snmpgetattack
23317	12431	4412	1704	snmpgetattack
20312	4800	4412	1705	-
23317	5938	4412	1705	-
5376	4800	4412	1709	snmpgetattack
23317	12431	4412	1709	snmpgetattack
20312	4800	4412	1710	-
23317	5938	4412	1710	-
23317	12431	4412	1714	snmpgetattack
5376	4800	4412	1714	snmpgetattack
23317	5938	4412	1715	-
20312	4800	4412	1715	-
5376	4800	4412	1719	snmpgetattack
23317	12431	4412	1719	snmpgetattack
20312	4800	4412	1720	-
23317	5938	4412	1720	-
23317	12431	4412	1724	snmpgetattack
5376	4800	4412	1724	snmpgetattack
23317	5938	4412	1725	-
20312	4800	4412	1725	-
5376	4800	4412	1729	snmpgetattack
23317	12431	4412	1729	snmpgetattack
20312	4800	4412	1730	-
23317	5938	4412	1730	-
5376	4800	4412	1734	snmpgetattack
23317	12431	4412	1734	snmpgetattack
20312	4800	4412	1736	-
23317	5938	4412	1736	-
23317	12431	4412	1739	snmpgetattack
5376	4800	4412	1739	snmpgetattack
23317	5938	4412	1741	-
20312	4800	4412	1741	-
5376	4800	4412	1744	snmpgetattack
23317	12431	4412	1744	snmpgetattack
20312	4800	1195	1746	-
23317	5938	1195	1746	-
23317	12431	1195	1749	snmpgetattack
5376	4800	1195	1749	snmpgetattack
20312	4800	1195	1751	-
23317	5938	1195	1751	-
5376	4800	1195	1754	snmpgetattack
23317	12431	1195	1754	snmpgetattack
20312	4800	1195	1756	-
23317	5938	1195	1756	-
5376	4800	1195	1759	snmpgetattack
23317	12431	1195	1759	snmpgetattack
20312	4800	1195	1761	-
23317	5938	1195	1761	-
5376	4800	1195	1764	snmpgetattack
23317	12431	1195	1764	snmpgetattack
20312	4800	1195	1766	-
23317	5938	1195	1766	-
5376	4800	1195	1769	snmpgetattack
23317	12431	1195	1769	snmpgetattack
20312	4800	1195	1771	-
23317	5938	1195	1771	-
5376	4800	1195	1774	snmpgetattack
23317	12431	1195	1774	snmpgetattack
20312	4800	1195	1776	-
23317	5938	1195	1776	-
5376	4800	1195	1779	snmpgetattack
23317	12431	1195	1779	snmpgetattack
20312	4800	1195	1781	-
23317	5938	1195	1781	-
5376	4800	1195	1784	snmpgetattack
23317	12431	1195	1784	snmpgetattack
20312	4800	1195	1786	-
23317	5938	1195	1786	-
5376	4800	1195	1789	snmpgetattack
23317	12431	1195	1789	snmpgetattack
23317	5938	1195	1791	-
20312	4800	1195	1791	-
23317	12431	1195	1795	snmpgetattack
5376	4800	1195	1795	snmpgetattack
20312	4800	1195	1796	-
23317	5938	1195	1796	-
