5376	4800	19151	0	snmpgetattack
23317	12431	19151	0	snmpgetattack
23317	5938	19151	1	-
20312	4800	19151	1	-
23317	12431	19151	6	snmpgetattack
5376	4800	19151	6	snmpgetattack
23317	5938	19151	6	-
20312	4800	19151	6	-
23317	5938	11746	11	-
5376	4800	11746	11	snmpgetattack
23317	12431	11746	11	snmpgetattack
20312	4800	11746	11	-
23317	12431	11746	16	snmpgetattack
5376	4800	11746	16	snmpgetattack
23317	5938	11746	16	-
20312	4800	11746	16	-
23317	5938	11746	21	-
5376	4800	11746	21	snmpgetattack
23317	12431	11746	21	snmpgetattack
20312	4800	11746	21	-
23317	5938	11746	26	-
5376	4800	11746	26	snmpgetattack
23317	12431	11746	26	snmpgetattack
20312	4800	11746	26	-
23317	12431	11746	31	snmpgetattack
5376	4800	11746	31	snmpgetattack
23317	5938	11746	31	-
20312	4800	11746	31	-
23317	5938	11746	36	-
5376	4800	11746	36	snmpgetattack
23317	12431	11746	36	snmpgetattack
20312	4800	11746	36	-
23317	5938	11746	41	-
5376	4800	11746	41	snmpgetattack
23317	12431	11746	41	snmpgetattack
20312	4800	11746	41	-
23317	5938	11746	46	-
5376	4800	11746	46	snmpgetattack
23317	12431	11746	46	snmpgetattack
20312	4800	11746	46	-
23317	12431	11746	51	snmpgetattack
5376	4800	11746	51	snmpgetattack
23317	5938	11746	51	-
20312	4800	11746	51	-
23317	12431	11746	56	snmpgetattack
5376	4800	11746	56	snmpgetattack
23317	5938	11746	56	-
20312	4800	11746	56	-
23317	5938	11746	61	-
5376	4800	11746	61	snmpgetattack
23317	12431	11746	61	snmpgetattack
20312	4800	11746	61	-
20312	4800	11746	66	-
5376	4800	11746	66	snmpgetattack
23317	12431	11746	66	snmpgetattack
23317	5938	11746	66	-
5376	4800	12012	71	snmpgetattack
23317	12431	12012	71	snmpgetattack
20312	4800	12012	71	-
23317	5938	12012	71	-
5376	4800	12012	76	snmpgetattack
23317	12431	12012	76	snmpgetattack
20312	4800	12012	76	-
23317	5938	12012	76	-
5376	4800	12012	81	snmpgetattack
23317	12431	12012	81	snmpgetattack
20312	4800	12012	81	-
23317	5938	12012	81	-
5376	4800	12012	86	snmpgetattack
23317	12431	12012	86	snmpgetattack
20312	4800	12012	86	-
23317	5938	12012	86	-
5376	4800	12012	91	snmpgetattack
23317	12431	12012	91	snmpgetattack
20312	4800	12012	91	-
23317	5938	12012	91	-
17923	15394	12012	95	-
5376	4800	12012	96	snmpgetattack
23317	12431	12012	96	snmpgetattack
20312	4800	12012	96	-
23317	5938	12012	96	-
5376	4800	12012	101	snmpgetattack
23317	12431	12012	101	snmpgetattack
20312	4800	12012	101	-
23317	5938	12012	101	-
5376	4800	12012	106	snmpgetattack
23317	12431	12012	106	snmpgetattack
20312	4800	12012	107	-
23317	5938	12012	107	-
5376	4800	12012	111	snmpgetattack
23317	12431	12012	111	snmpgetattack
20312	4800	12012	112	-
23317	5938	12012	112	-
5376	4800	12012	116	snmpgetattack
23317	12431	12012	116	snmpgetattack
20312	4800	12012	117	-
23317	5938	12012	117	-
5376	4800	12012	121	snmpgetattack
23317	12431	12012	121	snmpgetattack
20312	4800	12012	122	-
23317	5938	12012	122	-
5376	4800	12012	126	snmpgetattack
23317	12431	12012	126	snmpgetattack
20312	4800	12012	127	-
23317	5938	12012	127	-
5376	4800	33434	132	snmpgetattack
23317	12431	33434	132	snmpgetattack
20312	4800	33434	132	-
23317	5938	33434	132	-
5376	4800	33434	137	snmpgetattack
23317	12431	33434	137	snmpgetattack
20312	4800	33434	137	-
23317	5938	33434	137	-
20312	4800	33434	142	-
23317	12431	33434	142	snmpgetattack
23317	5938	33434	142	-
5376	4800	33434	142	snmpgetattack
23317	12431	33434	147	snmpgetattack
5376	4800	33434	147	snmpgetattack
20312	4800	33434	147	-
23317	5938	33434	147	-
5376	4800	33434	152	snmpgetattack
23317	12431	33434	152	snmpgetattack
20312	4800	33434	152	-
23317	5938	33434	152	-
5376	4800	33434	157	snmpgetattack
23317	12431	33434	157	snmpgetattack
20312	4800	33434	157	-
23317	5938	33434	157	-
5376	4800	33434	162	snmpgetattack
23317	12431	33434	162	snmpgetattack
20312	4800	33434	162	-
23317	5938	33434	162	-
5376	4800	33434	167	snmpgetattack
23317	12431	33434	167	snmpgetattack
20312	4800	33434	167	-
23317	5938	33434	167	-
5376	4800	33434	172	snmpgetattack
23317	12431	33434	172	snmpgetattack
20312	4800	33434	172	-
23317	5938	33434	172	-
5376	4800	33434	177	snmpgetattack
23317	12431	33434	177	snmpgetattack
20312	4800	33434	177	-
23317	5938	33434	177	-
5376	4800	33434	182	snmpgetattack
23317	12431	33434	182	snmpgetattack
20312	4800	33434	182	-
23317	5938	33434	182	-
5376	4800	33434	187	snmpgetattack
23317	12431	33434	187	snmpgetattack
20312	4800	33434	187	-
23317	5938	33434	187	-
5376	4800	33184	192	snmpgetattack
23317	12431	33184	192	snmpgetattack
20312	4800	33184	192	-
23317	5938	33184	192	-
5376	4800	33184	197	snmpgetattack
23317	12431	33184	197	snmpgetattack
20312	4800	33184	197	-
23317	5938	33184	197	-
5376	4800	33184	202	snmpgetattack
23317	12431	33184	202	snmpgetattack
20312	4800	33184	202	-
23317	5938	33184	202	-
5376	4800	33184	207	snmpgetattack
23317	12431	33184	207	snmpgetattack
20312	4800	33184	207	-
23317	5938	33184	207	-
5376	4800	33184	212	snmpgetattack
20312	4800	33184	212	-
23317	12431	33184	212	snmpgetattack
23317	5938	33184	212	-
5376	4800	33184	217	snmpgetattack
23317	12431	33184	217	snmpgetattack
20312	4800	33184	217	-
23317	5938	33184	217	-
5376	4800	33184	222	snmpgetattack
23317	12431	33184	222	snmpgetattack
20312	4800	33184	222	-
23317	5938	33184	222	-
5376	4800	33184	227	snmpgetattack
23317	12431	33184	227	snmpgetattack
20312	4800	33184	227	-
23317	5938	33184	227	-
5376	4800	33184	232	snmpgetattack
23317	12431	33184	232	snmpgetattack
20312	4800	33184	233	-
23317	5938	33184	233	-
5376	4800	33184	237	snmpgetattack
23317	12431	33184	237	snmpgetattack
20312	4800	33184	238	-
23317	5938	33184	238	-
5376	4800	33184	242	snmpgetattack
23317	12431	33184	242	snmpgetattack
20312	4800	33184	243	-
23317	5938	33184	243	-
5376	4800	33184	247	snmpgetattack
23317	12431	33184	247	snmpgetattack
20312	4800	26581	248	-
23317	5938	26581	248	-
5376	4800	26581	252	snmpgetattack
23317	12431	26581	252	snmpgetattack
20312	4800	26581	253	-
23317	5938	26581	253	-
5376	4800	26581	258	snmpgetattack
23317	12431	26581	258	snmpgetattack
20312	4800	26581	258	-
23317	5938	26581	258	-
5376	4800	26581	263	snmpgetattack
23317	12431	26581	263	snmpgetattack
20312	4800	26581	263	-
23317	5938	26581	263	-
5376	4800	26581	268	snmpgetattack
23317	12431	26581	268	snmpgetattack
20312	4800	26581	268	-
23317	5938	26581	268	-
5376	4800	26581	273	snmpgetattack
23317	12431	26581	273	snmpgetattack
20312	4800	26581	273	-
23317	5938	26581	273	-
5376	4800	26581	278	snmpgetattack
23317	12431	26581	278	snmpgetattack
20312	4800	26581	278	-
23317	5938	26581	278	-
5376	4800	26581	283	snmpgetattack
23317	12431	26581	283	snmpgetattack
20312	4800	26581	283	-
23317	5938	26581	283	-
5376	4800	26581	288	snmpgetattack
23317	12431	26581	288	snmpgetattack
20312	4800	26581	288	-
23317	5938	26581	288	-
23317	12431	26581	293	snmpgetattack
20312	4800	26581	293	-
23317	5938	26581	293	-
5376	4800	26581	293	snmpgetattack
5376	4800	26581	298	snmpgetattack
23317	12431	26581	298	snmpgetattack
20312	4800	26581	298	-
23317	5938	26581	298	-
15394	4800	26581	298	-
23317	882	26581	298	-
5376	4800	26581	303	snmpgetattack
23317	12431	26581	303	snmpgetattack
20312	4800	26581	303	-
23317	5938	26581	303	-
5376	4800	29433	308	snmpgetattack
23317	12431	29433	308	snmpgetattack
20312	4800	29433	308	-
23317	5938	29433	308	-
5376	4800	29433	313	snmpgetattack
23317	12431	29433	313	snmpgetattack
20312	4800	29433	313	-
23317	5938	29433	313	-
5376	4800	29433	318	snmpgetattack
23317	12431	29433	318	snmpgetattack
20312	4800	29433	318	-
23317	5938	29433	318	-
5376	4800	29433	323	snmpgetattack
23317	12431	29433	323	snmpgetattack
20312	4800	29433	323	-
23317	5938	29433	323	-
5376	4800	29433	328	snmpgetattack
23317	12431	29433	328	snmpgetattack
20312	4800	29433	328	-
23317	5938	29433	328	-
5376	4800	29433	333	snmpgetattack
23317	12431	29433	333	snmpgetattack
20312	4800	29433	333	-
23317	5938	29433	333	-
5376	4800	29433	338	snmpgetattack
23317	12431	29433	338	snmpgetattack
20312	4800	29433	338	-
23317	5938	29433	338	-
5376	4800	29433	343	snmpgetattack
23317	12431	29433	343	snmpgetattack
20312	4800	29433	343	-
23317	5938	29433	343	-
20312	4800	29433	348	-
23317	12431	29433	348	snmpgetattack
5376	4800	29433	348	snmpgetattack
23317	5938	29433	348	-
5376	4800	29433	353	snmpgetattack
23317	12431	29433	353	snmpgetattack
20312	4800	29433	354	-
23317	5938	29433	354	-
5376	4800	29433	358	snmpgetattack
23317	12431	29433	358	snmpgetattack
20312	4800	29433	359	-
23317	5938	29433	359	-
5376	4800	29433	363	snmpgetattack
23317	12431	29433	363	snmpgetattack
20312	4800	29433	364	-
23317	5938	29433	364	-
23317	12431	18201	368	snmpgetattack
5376	4800	18201	368	snmpgetattack
20312	4800	18201	369	-
23317	5938	18201	369	-
23317	12431	18201	373	snmpgetattack
5376	4800	18201	373	snmpgetattack
23317	5938	18201	374	-
20312	4800	18201	374	-
23317	12431	18201	378	snmpgetattack
5376	4800	18201	378	snmpgetattack
23317	5938	18201	379	-
20312	4800	18201	379	-
23317	5938	18201	384	-
20312	4800	18201	384	-
5376	4800	18201	384	snmpgetattack
23317	12431	18201	384	snmpgetattack
23317	5938	18201	389	-
20312	4800	18201	389	-
23317	12431	18201	389	snmpgetattack
5376	4800	18201	389	snmpgetattack
23317	5938	18201	394	-
20312	4800	18201	394	-
23317	12431	18201	394	snmpgetattack
5376	4800	18201	394	snmpgetattack
20312	4800	18201	399	-
23317	5938	18201	399	-
5376	4800	18201	399	snmpgetattack
23317	12431	18201	399	snmpgetattack
23317	5938	18201	404	-
20312	4800	18201	404	-
5376	4800	18201	404	snmpgetattack
23317	12431	18201	404	snmpgetattack
5376	4800	18201	409	snmpgetattack
23317	5938	18201	409	-
20312	4800	18201	409	-
23317	12431	18201	409	snmpgetattack
23317	5938	18201	414	-
5376	4800	18201	414	snmpgetattack
20312	4800	18201	414	-
23317	12431	18201	414	snmpgetattack
23317	5938	18201	419	-
20312	4800	18201	419	-
23317	12431	18201	419	snmpgetattack
5376	4800	18201	419	snmpgetattack
23317	5938	18201	424	-
20312	4800	18201	424	-
5376	4800	18201	424	snmpgetattack
23317	12431	18201	424	snmpgetattack
23317	5938	12292	429	-
20312	4800	12292	429	-
23317	12431	12292	429	snmpgetattack
5376	4800	12292	429	snmpgetattack
23317	5938	12292	434	-
20312	4800	12292	434	-
23317	12431	12292	434	snmpgetattack
5376	4800	12292	434	snmpgetattack
23317	5938	12292	439	-
5376	4800	12292	439	snmpgetattack
20312	4800	12292	439	-
23317	12431	12292	439	snmpgetattack
23317	5938	12292	444	-
5376	4800	12292	444	snmpgetattack
23317	12431	12292	444	snmpgetattack
20312	4800	12292	444	-
23317	5938	12292	449	-
20312	4800	12292	449	-
5376	4800	12292	449	snmpgetattack
23317	12431	12292	449	snmpgetattack
20312	4800	12292	454	-
23317	5938	12292	454	-
5376	4800	12292	454	snmpgetattack
23317	12431	12292	454	snmpgetattack
5376	4800	12292	459	snmpgetattack
23317	12431	12292	459	snmpgetattack
23317	5938	12292	460	-
20312	4800	12292	460	-
5376	4800	12292	464	snmpgetattack
23317	12431	12292	464	snmpgetattack
20312	4800	12292	465	-
23317	5938	12292	465	-
5376	4800	12292	469	snmpgetattack
23317	12431	12292	469	snmpgetattack
23317	5938	12292	470	-
20312	4800	12292	470	-
23317	12431	12292	474	snmpgetattack
5376	4800	12292	474	snmpgetattack
20312	4800	12292	475	-
23317	5938	12292	475	-
5376	4800	12292	479	snmpgetattack
23317	12431	12292	479	snmpgetattack
23317	5938	12292	480	-
20312	4800	12292	480	-
5376	4800	12292	484	snmpgetattack
23317	12431	12292	484	snmpgetattack
20312	4800	12292	485	-
23317	5938	12292	485	-
23317	12431	3545	489	snmpgetattack
5376	4800	3545	489	snmpgetattack
23317	5938	3545	490	-
20312	4800	3545	490	-
23317	12431	3545	494	snmpgetattack
5376	4800	3545	494	snmpgetattack
23317	5938	3545	495	-
20312	4800	3545	495	-
23317	12431	3545	499	snmpgetattack
5376	4800	3545	499	snmpgetattack
23317	5938	3545	500	-
20312	4800	3545	500	-
23317	5938	3545	505	-
20312	4800	3545	505	-
5376	4800	3545	505	snmpgetattack
23317	12431	3545	505	snmpgetattack
23317	5938	3545	510	-
20312	4800	3545	510	-
23317	12431	3545	510	snmpgetattack
5376	4800	3545	510	snmpgetattack
20312	4800	3545	515	-
23317	12431	3545	515	snmpgetattack
23317	5938	3545	515	-
5376	4800	3545	515	snmpgetattack
23317	5938	3545	520	-
20312	4800	3545	520	-
5376	4800	3545	520	snmpgetattack
23317	12431	3545	520	snmpgetattack
20312	4800	3545	525	-
23317	12431	3545	525	snmpgetattack
23317	5938	3545	525	-
5376	4800	3545	525	snmpgetattack
23317	5938	3545	530	-
23317	12431	3545	530	snmpgetattack
5376	4800	3545	530	snmpgetattack
20312	4800	3545	530	-
23317	5938	3545	535	-
20312	4800	3545	535	-
23317	12431	3545	535	snmpgetattack
5376	4800	3545	535	snmpgetattack
23317	5938	3545	540	-
20312	4800	3545	540	-
23317	12431	3545	540	snmpgetattack
5376	4800	3545	540	snmpgetattack
23317	5938	3545	545	-
5376	4800	3545	545	snmpgetattack
23317	12431	3545	545	snmpgetattack
20312	4800	3545	545	-
3957	15394	3545	546	-
23317	5938	22122	550	-
20312	4800	22122	550	-
5376	4800	22122	550	snmpgetattack
23317	12431	22122	550	snmpgetattack
23317	5938	22122	555	-
20312	4800	22122	555	-
5376	4800	22122	555	snmpgetattack
23317	12431	22122	555	snmpgetattack
23317	5938	22122	560	-
5376	4800	22122	560	snmpgetattack
20312	4800	22122	560	-
23317	12431	22122	560	snmpgetattack
23317	5938	22122	565	-
23317	12431	22122	565	snmpgetattack
20312	4800	22122	565	-
5376	4800	22122	565	snmpgetattack
23317	5938	22122	570	-
20312	4800	22122	570	-
23317	12431	22122	570	snmpgetattack
5376	4800	22122	570	snmpgetattack
23317	5938	22122	575	-
23317	12431	22122	575	snmpgetattack
20312	4800	22122	575	-
5376	4800	22122	575	snmpgetattack
23317	5938	22122	580	-
5376	4800	22122	580	snmpgetattack
23317	12431	22122	580	snmpgetattack
20312	4800	22122	580	-
5376	4800	22122	585	snmpgetattack
23317	12431	22122	585	snmpgetattack
23317	5938	22122	586	-
20312	4800	22122	586	-
5376	4800	22122	590	snmpgetattack
23317	12431	22122	590	snmpgetattack
23317	5938	22122	591	-
20312	4800	22122	591	-
23317	12431	22122	595	snmpgetattack
5376	4800	22122	595	snmpgetattack
20312	4800	22122	596	-
23317	5938	22122	596	-
5376	4800	22122	600	snmpgetattack
23317	12431	22122	600	snmpgetattack
23317	5938	22122	601	-
20312	4800	22122	601	-
5376	4800	22122	605	snmpgetattack
23317	12431	22122	605	snmpgetattack
20312	4800	22122	606	-
23317	5938	22122	606	-
23317	12431	26380	610	snmpgetattack
5376	4800	26380	610	snmpgetattack
23317	5938	26380	611	-
20312	4800	26380	611	-
23317	12431	26380	615	snmpgetattack
5376	4800	26380	615	snmpgetattack
20312	4800	26380	616	-
23317	5938	26380	616	-
5376	4800	26380	620	snmpgetattack
23317	12431	26380	620	snmpgetattack
23317	5938	26380	621	-
20312	4800	26380	621	-
5376	4800	26380	625	snmpgetattack
23317	12431	26380	625	snmpgetattack
23317	5938	26380	626	-
20312	4800	26380	626	-
23317	5938	26380	631	-
23317	12431	26380	631	snmpgetattack
20312	4800	26380	631	-
5376	4800	26380	631	snmpgetattack
5376	4800	26380	636	snmpgetattack
20312	4800	26380	636	-
23317	5938	26380	636	-
23317	12431	26380	636	snmpgetattack
5376	4800	26380	641	snmpgetattack
23317	5938	26380	641	-
23317	12431	26380	641	snmpgetattack
20312	4800	26380	641	-
20312	4800	26380	646	-
23317	5938	26380	646	-
23317	12431	26380	646	snmpgetattack
5376	4800	26380	646	snmpgetattack
23317	5938	26380	651	-
20312	4800	26380	651	-
23317	12431	26380	651	snmpgetattack
5376	4800	26380	651	snmpgetattack
23317	5938	26380	656	-
23317	12431	26380	656	snmpgetattack
20312	4800	26380	656	-
5376	4800	26380	656	snmpgetattack
23317	5938	26380	661	-
23317	12431	26380	661	snmpgetattack
5376	4800	26380	661	snmpgetattack
20312	4800	26380	661	-
20312	4800	26380	666	-
23317	12431	26380	666	snmpgetattack
23317	5938	26380	666	-
5376	4800	26380	666	snmpgetattack
5376	4800	39035	671	snmpgetattack
23317	12431	39035	671	snmpgetattack
20312	4800	39035	671	-
23317	5938	39035	671	-
5376	4800	39035	676	snmpgetattack
23317	12431	39035	676	snmpgetattack
20312	4800	39035	676	-
23317	5938	39035	676	-
5376	4800	39035	681	snmpgetattack
23317	12431	39035	681	snmpgetattack
20312	4800	39035	681	-
23317	5938	39035	681	-
5376	4800	39035	686	snmpgetattack
23317	12431	39035	686	snmpgetattack
20312	4800	39035	686	-
23317	5938	39035	686	-
5376	4800	39035	691	snmpgetattack
23317	12431	39035	691	snmpgetattack
20312	4800	39035	691	-
23317	5938	39035	691	-
5376	4800	39035	696	snmpgetattack
23317	12431	39035	696	snmpgetattack
20312	4800	39035	696	-
23317	5938	39035	696	-
5376	4800	39035	701	snmpgetattack
23317	12431	39035	701	snmpgetattack
20312	4800	39035	701	-
23317	5938	39035	701	-
5376	4800	39035	706	snmpgetattack
23317	12431	39035	706	snmpgetattack
20312	4800	39035	706	-
23317	5938	39035	706	-
5376	4800	39035	711	snmpgetattack
23317	12431	39035	711	snmpgetattack
20312	4800	39035	712	-
23317	5938	39035	712	-
5376	4800	39035	716	snmpgetattack
23317	12431	39035	716	snmpgetattack
20312	4800	39035	717	-
23317	5938	39035	717	-
5376	4800	39035	721	snmpgetattack
23317	12431	39035	721	snmpgetattack
20312	4800	39035	722	-
23317	5938	39035	722	-
5376	4800	39035	726	snmpgetattack
23317	12431	39035	726	snmpgetattack
20312	4800	39035	727	-
23317	5938	39035	727	-
5376	4800	30850	731	snmpgetattack
23317	12431	30850	731	snmpgetattack
20312	4800	30850	732	-
23317	5938	30850	732	-
5376	4800	30850	736	snmpgetattack
23317	12431	30850	736	snmpgetattack
20312	4800	30850	737	-
23317	5938	30850	737	-
5376	4800	30850	741	snmpgetattack
23317	12431	30850	741	snmpgetattack
20312	4800	30850	742	-
23317	5938	30850	742	-
5376	4800	30850	746	snmpgetattack
23317	12431	30850	746	snmpgetattack
20312	4800	30850	747	-
23317	5938	30850	747	-
5376	4800	30850	751	snmpgetattack
23317	12431	30850	751	snmpgetattack
20312	4800	30850	752	-
23317	5938	30850	752	-
5376	4800	30850	757	snmpgetattack
23317	12431	30850	757	snmpgetattack
20312	4800	30850	757	-
23317	5938	30850	757	-
5376	4800	30850	762	snmpgetattack
23317	12431	30850	762	snmpgetattack
20312	4800	30850	762	-
23317	5938	30850	762	-
5376	4800	30850	767	snmpgetattack
23317	12431	30850	767	snmpgetattack
20312	4800	30850	767	-
23317	5938	30850	767	-
5376	4800	30850	772	snmpgetattack
23317	12431	30850	772	snmpgetattack
20312	4800	30850	772	-
23317	5938	30850	772	-
5376	4800	30850	777	snmpgetattack
23317	12431	30850	777	snmpgetattack
20312	4800	30850	777	-
23317	5938	30850	777	-
5376	4800	30850	782	snmpgetattack
23317	12431	30850	782	snmpgetattack
20312	4800	30850	782	-
23317	5938	30850	782	-
5376	4800	30850	787	snmpgetattack
23317	12431	30850	787	snmpgetattack
20312	4800	30850	787	-
23317	5938	30850	787	-
5376	4800	35330	792	snmpgetattack
23317	12431	35330	792	snmpgetattack
20312	4800	35330	792	-
23317	5938	35330	792	-
5376	4800	35330	797	snmpgetattack
23317	12431	35330	797	snmpgetattack
20312	4800	35330	797	-
23317	5938	35330	797	-
5376	4800	35330	802	snmpgetattack
23317	12431	35330	802	snmpgetattack
20312	4800	35330	802	-
23317	5938	35330	802	-
5376	4800	35330	807	snmpgetattack
23317	12431	35330	807	snmpgetattack
20312	4800	35330	807	-
23317	5938	35330	807	-
5376	4800	35330	812	snmpgetattack
23317	12431	35330	812	snmpgetattack
23317	5938	35330	812	-
20312	4800	35330	812	-
20312	4800	35330	817	-
23317	5938	35330	817	-
23317	12431	35330	817	snmpgetattack
5376	4800	35330	817	snmpgetattack
5376	4800	35330	822	snmpgetattack
23317	12431	35330	822	snmpgetattack
20312	4800	35330	822	-
23317	5938	35330	822	-
5376	4800	35330	827	snmpgetattack
23317	12431	35330	827	snmpgetattack
20312	4800	35330	827	-
23317	5938	35330	827	-
5376	4800	35330	832	snmpgetattack
23317	12431	35330	832	snmpgetattack
20312	4800	35330	833	-
23317	5938	35330	833	-
5376	4800	35330	837	snmpgetattack
23317	12431	35330	837	snmpgetattack
20312	4800	35330	838	-
23317	5938	35330	838	-
5376	4800	35330	842	snmpgetattack
23317	12431	35330	842	snmpgetattack
20312	4800	35330	843	-
23317	5938	35330	843	-
5376	4800	35330	847	snmpgetattack
23317	12431	35330	847	snmpgetattack
20312	4800	39274	848	-
23317	5938	39274	848	-
5376	4800	39274	852	snmpgetattack
23317	12431	39274	852	snmpgetattack
20312	4800	39274	853	-
23317	5938	39274	853	-
5376	4800	39274	857	snmpgetattack
23317	12431	39274	857	snmpgetattack
20312	4800	39274	858	-
23317	5938	39274	858	-
5376	4800	39274	862	snmpgetattack
23317	12431	39274	862	snmpgetattack
20312	4800	39274	863	-
23317	5938	39274	863	-
5376	4800	39274	867	snmpgetattack
23317	12431	39274	867	snmpgetattack
20312	4800	39274	868	-
23317	5938	39274	868	-
5376	4800	39274	872	snmpgetattack
23317	12431	39274	872	snmpgetattack
20312	4800	39274	873	-
23317	5938	39274	873	-
5376	4800	39274	877	snmpgetattack
23317	12431	39274	877	snmpgetattack
20312	4800	39274	878	-
23317	5938	39274	878	-
5376	4800	39274	883	snmpgetattack
23317	12431	39274	883	snmpgetattack
20312	4800	39274	883	-
23317	5938	39274	883	-
5376	4800	39274	888	snmpgetattack
23317	12431	39274	888	snmpgetattack
20312	4800	39274	888	-
23317	5938	39274	888	-
5376	4800	39274	893	snmpgetattack
23317	12431	39274	893	snmpgetattack
20312	4800	39274	893	-
23317	5938	39274	893	-
5376	4800	39274	898	snmpgetattack
23317	12431	39274	898	snmpgetattack
20312	4800	39274	898	-
23317	5938	39274	898	-
15394	4800	39274	898	-
23317	882	39274	898	-
5376	4800	39274	903	snmpgetattack
23317	12431	39274	903	snmpgetattack
20312	4800	39274	903	-
23317	5938	39274	903	-
5376	4800	24821	908	snmpgetattack
23317	12431	24821	908	snmpgetattack
20312	4800	24821	908	-
23317	5938	24821	908	-
5376	4800	24821	913	snmpgetattack
23317	12431	24821	913	snmpgetattack
20312	4800	24821	913	-
23317	5938	24821	913	-
5376	4800	24821	918	snmpgetattack
23317	12431	24821	918	snmpgetattack
20312	4800	24821	918	-
23317	5938	24821	918	-
5376	4800	24821	923	snmpgetattack
23317	12431	24821	923	snmpgetattack
20312	4800	24821	923	-
23317	5938	24821	923	-
5376	4800	24821	928	snmpgetattack
23317	12431	24821	928	snmpgetattack
20312	4800	24821	928	-
23317	5938	24821	928	-
5376	4800	24821	933	snmpgetattack
23317	12431	24821	933	snmpgetattack
20312	4800	24821	933	-
23317	5938	24821	933	-
5376	4800	24821	938	snmpgetattack
23317	12431	24821	938	snmpgetattack
20312	4800	24821	938	-
23317	5938	24821	938	-
5376	4800	24821	943	snmpgetattack
23317	12431	24821	943	snmpgetattack
20312	4800	24821	943	-
23317	5938	24821	943	-
5376	4800	24821	948	snmpgetattack
23317	12431	24821	948	snmpgetattack
20312	4800	24821	948	-
23317	5938	24821	948	-
5376	4800	24821	953	snmpgetattack
23317	12431	24821	953	snmpgetattack
20312	4800	24821	953	-
23317	5938	24821	953	-
5376	4800	24821	958	snmpgetattack
23317	12431	24821	958	snmpgetattack
20312	4800	24821	959	-
23317	5938	24821	959	-
23317	12431	24821	963	snmpgetattack
5376	4800	24821	963	snmpgetattack
23317	5938	24821	964	-
20312	4800	24821	964	-
5376	4800	7186	968	snmpgetattack
23317	12431	7186	968	snmpgetattack
23317	5938	7186	969	-
20312	4800	7186	969	-
23317	12431	7186	973	snmpgetattack
5376	4800	7186	973	snmpgetattack
23317	5938	7186	974	-
20312	4800	7186	974	-
23317	12431	7186	978	snmpgetattack
5376	4800	7186	978	snmpgetattack
23317	5938	7186	979	-
20312	4800	7186	979	-
5376	4800	7186	983	snmpgetattack
23317	12431	7186	983	snmpgetattack
20312	4800	7186	984	-
23317	5938	7186	984	-
5376	4800	7186	988	snmpgetattack
23317	12431	7186	988	snmpgetattack
23317	5938	7186	989	-
20312	4800	7186	989	-
23317	12431	7186	993	snmpgetattack
5376	4800	7186	993	snmpgetattack
23317	5938	7186	994	-
20312	4800	7186	994	-
5376	4800	7186	998	snmpgetattack
23317	12431	7186	998	snmpgetattack
23317	5938	7186	999	-
20312	4800	7186	999	-
5376	4800	7186	1004	snmpgetattack
23317	12431	7186	1004	snmpgetattack
20312	4800	7186	1004	-
23317	5938	7186	1004	-
23317	12431	7186	1009	snmpgetattack
20312	4800	7186	1009	-
23317	5938	7186	1009	-
5376	4800	7186	1009	snmpgetattack
23317	12431	7186	1014	snmpgetattack
5376	4800	7186	1014	snmpgetattack
23317	5938	7186	1014	-
20312	4800	7186	1014	-
23317	12431	7186	1019	snmpgetattack
20312	4800	7186	1019	-
23317	5938	7186	1019	-
5376	4800	7186	1019	snmpgetattack
23317	12431	7186	1024	snmpgetattack
5376	4800	7186	1024	snmpgetattack
23317	5938	7186	1024	-
20312	4800	7186	1024	-
23317	12431	32293	1029	snmpgetattack
20312	4800	32293	1029	-
23317	5938	32293	1029	-
5376	4800	32293	1029	snmpgetattack
23317	12431	32293	1034	snmpgetattack
5376	4800	32293	1034	snmpgetattack
23317	5938	32293	1034	-
20312	4800	32293	1034	-
5376	4800	32293	1039	snmpgetattack
20312	4800	32293	1039	-
23317	5938	32293	1039	-
23317	12431	32293	1039	snmpgetattack
23317	12431	32293	1044	snmpgetattack
20312	4800	32293	1044	-
23317	5938	32293	1044	-
5376	4800	32293	1044	snmpgetattack
23317	12431	32293	1049	snmpgetattack
20312	4800	32293	1049	-
23317	5938	32293	1049	-
5376	4800	32293	1049	snmpgetattack
23317	12431	32293	1054	snmpgetattack
20312	4800	32293	1054	-
23317	5938	32293	1054	-
5376	4800	32293	1054	snmpgetattack
23317	12431	32293	1059	snmpgetattack
20312	4800	32293	1059	-
23317	5938	32293	1059	-
5376	4800	32293	1059	snmpgetattack
23317	12431	32293	1064	snmpgetattack
5376	4800	32293	1064	snmpgetattack
23317	5938	32293	1064	-
20312	4800	32293	1064	-
23317	12431	32293	1069	snmpgetattack
5376	4800	32293	1069	snmpgetattack
23317	5938	32293	1070	-
20312	4800	32293	1070	-
5376	4800	32293	1074	snmpgetattack
23317	12431	32293	1074	snmpgetattack
20312	4800	32293	1075	-
23317	5938	32293	1075	-
23317	12431	32293	1079	snmpgetattack
5376	4800	32293	1079	snmpgetattack
23317	5938	32293	1080	-
20312	4800	32293	1080	-
23317	12431	32293	1084	snmpgetattack
5376	4800	32293	1084	snmpgetattack
20312	4800	32293	1085	-
23317	5938	32293	1085	-
23317	12431	15243	1089	snmpgetattack
5376	4800	15243	1089	snmpgetattack
23317	5938	15243	1090	-
20312	4800	15243	1090	-
23317	12431	15243	1094	snmpgetattack
5376	4800	15243	1094	snmpgetattack
23317	5938	15243	1095	-
20312	4800	15243	1095	-
23317	12431	15243	1099	snmpgetattack
5376	4800	15243	1099	snmpgetattack
23317	5938	15243	1100	-
20312	4800	15243	1100	-
23317	12431	15243	1104	snmpgetattack
5376	4800	15243	1104	snmpgetattack
23317	5938	15243	1105	-
20312	4800	15243	1105	-
23317	12431	15243	1109	snmpgetattack
5376	4800	15243	1109	snmpgetattack
23317	5938	15243	1110	-
20312	4800	15243	1110	-
23317	12431	15243	1114	snmpgetattack
5376	4800	15243	1114	snmpgetattack
23317	5938	15243	1115	-
20312	4800	15243	1115	-
23317	12431	15243	1119	snmpgetattack
5376	4800	15243	1119	snmpgetattack
23317	5938	15243	1120	-
20312	4800	15243	1120	-
23317	12431	15243	1124	snmpgetattack
5376	4800	15243	1124	snmpgetattack
20312	4800	15243	1125	-
23317	5938	15243	1125	-
23317	12431	15243	1130	snmpgetattack
5376	4800	15243	1130	snmpgetattack
23317	5938	15243	1130	-
20312	4800	15243	1130	-
23317	12431	15243	1135	snmpgetattack
20312	4800	15243	1135	-
23317	5938	15243	1135	-
5376	4800	15243	1135	snmpgetattack
23317	12431	15243	1140	snmpgetattack
5376	4800	15243	1140	snmpgetattack
23317	5938	15243	1140	-
20312	4800	15243	1140	-
23317	12431	15243	1145	snmpgetattack
20312	4800	15243	1145	-
23317	5938	15243	1145	-
5376	4800	15243	1145	snmpgetattack
23317	12431	28904	1150	snmpgetattack
5376	4800	28904	1150	snmpgetattack
23317	5938	28904	1150	-
20312	4800	28904	1150	-
5376	4800	28904	1155	snmpgetattack
20312	4800	28904	1155	-
23317	5938	28904	1155	-
23317	12431	28904	1155	snmpgetattack
23317	12431	28904	1160	snmpgetattack
20312	4800	28904	1160	-
23317	5938	28904	1160	-
5376	4800	28904	1160	snmpgetattack
23317	12431	28904	1165	snmpgetattack
20312	4800	28904	1165	-
23317	5938	28904	1165	-
5376	4800	28904	1165	snmpgetattack
23317	12431	28904	1170	snmpgetattack
5376	4800	28904	1170	snmpgetattack
23317	5938	28904	1170	-
20312	4800	28904	1170	-
23317	12431	28904	1175	snmpgetattack
20312	4800	28904	1175	-
23317	5938	28904	1175	-
5376	4800	28904	1175	snmpgetattack
23317	12431	28904	1180	snmpgetattack
20312	4800	28904	1180	-
23317	5938	28904	1180	-
5376	4800	28904	1180	snmpgetattack
23317	12431	28904	1185	snmpgetattack
20312	4800	28904	1185	-
23317	5938	28904	1185	-
5376	4800	28904	1185	snmpgetattack
23317	12431	28904	1190	snmpgetattack
5376	4800	28904	1190	snmpgetattack
23317	5938	28904	1191	-
20312	4800	28904	1191	-
23317	12431	28904	1195	snmpgetattack
5376	4800	28904	1195	snmpgetattack
23317	5938	28904	1196	-
20312	4800	28904	1196	-
23317	12431	28904	1200	snmpgetattack
5376	4800	28904	1200	snmpgetattack
20312	4800	28904	1201	-
23317	5938	28904	1201	-
23317	12431	28904	1205	snmpgetattack
5376	4800	28904	1205	snmpgetattack
23317	5938	28904	1206	-
20312	4800	28904	1206	-
23317	12431	23880	1210	snmpgetattack
5376	4800	23880	1210	snmpgetattack
23317	5938	23880	1211	-
20312	4800	23880	1211	-
23317	12431	23880	1215	snmpgetattack
5376	4800	23880	1215	snmpgetattack
23317	5938	23880	1216	-
20312	4800	23880	1216	-
23317	12431	23880	1220	snmpgetattack
5376	4800	23880	1220	snmpgetattack
23317	5938	23880	1221	-
20312	4800	23880	1221	-
23317	12431	23880	1225	snmpgetattack
5376	4800	23880	1225	snmpgetattack
23317	5938	23880	1226	-
20312	4800	23880	1226	-
23317	12431	23880	1230	snmpgetattack
5376	4800	23880	1230	snmpgetattack
23317	5938	23880	1231	-
20312	4800	23880	1231	-
23317	12431	23880	1235	snmpgetattack
5376	4800	23880	1235	snmpgetattack
23317	5938	23880	1236	-
20312	4800	23880	1236	-
5376	4800	23880	1240	snmpgetattack
23317	12431	23880	1240	snmpgetattack
23317	5938	23880	1241	-
20312	4800	23880	1241	-
5376	4800	23880	1245	snmpgetattack
23317	12431	23880	1245	snmpgetattack
23317	5938	23880	1246	-
20312	4800	23880	1246	-
23317	12431	23880	1251	snmpgetattack
20312	4800	23880	1251	-
23317	5938	23880	1251	-
5376	4800	23880	1251	snmpgetattack
5376	4800	23880	1256	snmpgetattack
20312	4800	23880	1256	-
23317	12431	23880	1256	snmpgetattack
23317	5938	23880	1256	-
20312	4800	23880	1261	-
5376	4800	23880	1261	snmpgetattack
23317	12431	23880	1261	snmpgetattack
23317	5938	23880	1261	-
23317	5938	23880	1266	-
5376	4800	23880	1266	snmpgetattack
23317	12431	23880	1266	snmpgetattack
20312	4800	23880	1266	-
23317	12431	11663	1271	snmpgetattack
5376	4800	11663	1271	snmpgetattack
23317	5938	11663	1271	-
20312	4800	11663	1271	-
23317	5938	11663	1276	-
5376	4800	11663	1276	snmpgetattack
23317	12431	11663	1276	snmpgetattack
20312	4800	11663	1276	-
23317	12431	11663	1281	snmpgetattack
5376	4800	11663	1281	snmpgetattack
23317	5938	11663	1281	-
20312	4800	11663	1281	-
23317	12431	11663	1286	snmpgetattack
5376	4800	11663	1286	snmpgetattack
23317	5938	11663	1286	-
20312	4800	11663	1286	-
23317	5938	11663	1291	-
5376	4800	11663	1291	snmpgetattack
23317	12431	11663	1291	snmpgetattack
20312	4800	11663	1291	-
23317	5938	11663	1296	-
5376	4800	11663	1296	snmpgetattack
23317	12431	11663	1296	snmpgetattack
20312	4800	11663	1296	-
23317	12431	11663	1301	snmpgetattack
5376	4800	11663	1301	snmpgetattack
23317	5938	11663	1301	-
20312	4800	11663	1301	-
23317	12431	11663	1306	snmpgetattack
5376	4800	11663	1306	snmpgetattack
23317	5938	11663	1306	-
20312	4800	11663	1306	-
23317	5938	11663	1311	-
5376	4800	11663	1311	snmpgetattack
23317	12431	11663	1311	snmpgetattack
20312	4800	11663	1311	-
23317	12431	11663	1316	snmpgetattack
5376	4800	11663	1316	snmpgetattack
20312	4800	11663	1317	-
23317	5938	11663	1317	-
23317	12431	11663	1321	snmpgetattack
5376	4800	11663	1321	snmpgetattack
23317	5938	11663	1322	-
20312	4800	11663	1322	-
23317	12431	11663	1326	snmpgetattack
5376	4800	11663	1326	snmpgetattack
20312	4800	11663	1327	-
23317	5938	11663	1327	-
5376	4800	26120	1331	snmpgetattack
23317	12431	26120	1331	snmpgetattack
23317	5938	26120	1332	-
20312	4800	26120	1332	-
23317	12431	26120	1336	snmpgetattack
5376	4800	26120	1336	snmpgetattack
23317	5938	26120	1337	-
20312	4800	26120	1337	-
5376	4800	26120	1341	snmpgetattack
23317	12431	26120	1341	snmpgetattack
20312	4800	26120	1342	-
23317	5938	26120	1342	-
23317	12431	26120	1346	snmpgetattack
5376	4800	26120	1346	snmpgetattack
23317	5938	26120	1347	-
20312	4800	26120	1347	-
23317	12431	26120	1351	snmpgetattack
5376	4800	26120	1351	snmpgetattack
23317	5938	26120	1352	-
20312	4800	26120	1352	-
5376	4800	26120	1356	snmpgetattack
23317	12431	26120	1356	snmpgetattack
20312	4800	26120	1357	-
23317	5938	26120	1357	-
23317	12431	26120	1361	snmpgetattack
5376	4800	26120	1361	snmpgetattack
23317	5938	26120	1362	-
20312	4800	26120	1362	-
23317	12431	26120	1366	snmpgetattack
5376	4800	26120	1366	snmpgetattack
23317	5938	26120	1367	-
20312	4800	26120	1367	-
23317	12431	26120	1371	snmpgetattack
5376	4800	26120	1371	snmpgetattack
23317	5938	26120	1372	-
20312	4800	26120	1372	-
20312	4800	26120	1377	-
5376	4800	26120	1377	snmpgetattack
23317	12431	26120	1377	snmpgetattack
23317	5938	26120	1377	-
23317	5938	26120	1382	-
5376	4800	26120	1382	snmpgetattack
23317	12431	26120	1382	snmpgetattack
20312	4800	26120	1382	-
20312	4800	26120	1387	-
5376	4800	26120	1387	snmpgetattack
23317	12431	26120	1387	snmpgetattack
23317	5938	26120	1387	-
23317	5938	17121	1392	-
5376	4800	17121	1392	snmpgetattack
23317	12431	17121	1392	snmpgetattack
20312	4800	17121	1392	-
23317	12431	17121	1397	snmpgetattack
5376	4800	17121	1397	snmpgetattack
23317	5938	17121	1397	-
20312	4800	17121	1397	-
23317	5938	17121	1402	-
5376	4800	17121	1402	snmpgetattack
23317	12431	17121	1402	snmpgetattack
20312	4800	17121	1402	-
23317	5938	17121	1407	-
5376	4800	17121	1407	snmpgetattack
23317	12431	17121	1407	snmpgetattack
20312	4800	17121	1407	-
23317	5938	17121	1412	-
5376	4800	17121	1412	snmpgetattack
20312	4800	17121	1412	-
23317	12431	17121	1412	snmpgetattack
20312	4800	17121	1417	-
23317	5938	17121	1417	-
23317	12431	17121	1417	snmpgetattack
5376	4800	17121	1417	snmpgetattack
5376	4800	17121	1422	snmpgetattack
23317	12431	17121	1422	snmpgetattack
20312	4800	17121	1422	-
23317	5938	17121	1422	-
5376	4800	17121	1427	snmpgetattack
23317	12431	17121	1427	snmpgetattack
20312	4800	17121	1427	-
23317	5938	17121	1427	-
5376	4800	17121	1432	snmpgetattack
23317	12431	17121	1432	snmpgetattack
20312	4800	17121	1432	-
23317	5938	17121	1432	-
5376	4800	17121	1437	snmpgetattack
23317	12431	17121	1437	snmpgetattack
20312	4800	17121	1437	-
23317	5938	17121	1438	-
5376	4800	17121	1442	snmpgetattack
23317	12431	17121	1442	snmpgetattack
20312	4800	17121	1443	-
23317	5938	17121	1443	-
5376	4800	17121	1447	snmpgetattack
23317	12431	17121	1447	snmpgetattack
20312	4800	6208	1448	-
23317	5938	6208	1448	-
5376	4800	6208	1452	snmpgetattack
23317	12431	6208	1452	snmpgetattack
20312	4800	6208	1453	-
23317	5938	6208	1453	-
5376	4800	6208	1457	snmpgetattack
23317	12431	6208	1457	snmpgetattack
20312	4800	6208	1458	-
23317	5938	6208	1458	-
5376	4800	6208	1462	snmpgetattack
23317	12431	6208	1462	snmpgetattack
20312	4800	6208	1463	-
23317	5938	6208	1463	-
5376	4800	6208	1467	snmpgetattack
23317	12431	6208	1467	snmpgetattack
20312	4800	6208	1468	-
23317	5938	6208	1468	-
5376	4800	6208	1472	snmpgetattack
23317	12431	6208	1472	snmpgetattack
20312	4800	6208	1473	-
23317	5938	6208	1473	-
5376	4800	6208	1477	snmpgetattack
23317	12431	6208	1477	snmpgetattack
20312	4800	6208	1478	-
23317	5938	6208	1478	-
5376	4800	6208	1482	snmpgetattack
23317	12431	6208	1482	snmpgetattack
20312	4800	6208	1483	-
23317	5938	6208	1483	-
5376	4800	6208	1487	snmpgetattack
23317	12431	6208	1487	snmpgetattack
20312	4800	6208	1488	-
23317	5938	6208	1488	-
5376	4800	6208	1492	snmpgetattack
23317	12431	6208	1492	snmpgetattack
20312	4800	6208	1493	-
23317	5938	6208	1493	-
5376	4800	6208	1497	snmpgetattack
23317	12431	6208	1497	snmpgetattack
20312	4800	6208	1498	-
23317	5938	6208	1498	-
15394	4800	6208	1498	-
23317	882	6208	1498	-
5376	4800	6208	1503	snmpgetattack
23317	12431	6208	1503	snmpgetattack
20312	4800	6208	1503	-
23317	5938	6208	1503	-
3957	15394	6208	1506	-
5376	4800	11143	1508	snmpgetattack
23317	12431	11143	1508	snmpgetattack
20312	4800	11143	1508	-
23317	5938	11143	1508	-
5376	4800	11143	1513	snmpgetattack
23317	12431	11143	1513	snmpgetattack
20312	4800	11143	1513	-
23317	5938	11143	1513	-
5376	4800	11143	1518	snmpgetattack
23317	12431	11143	1518	snmpgetattack
20312	4800	11143	1518	-
23317	5938	11143	1518	-
5376	4800	11143	1523	snmpgetattack
23317	12431	11143	1523	snmpgetattack
20312	4800	11143	1523	-
23317	5938	11143	1523	-
5376	4800	11143	1528	snmpgetattack
23317	12431	11143	1528	snmpgetattack
20312	4800	11143	1528	-
23317	5938	11143	1528	-
5376	4800	11143	1533	snmpgetattack
23317	12431	11143	1533	snmpgetattack
20312	4800	11143	1533	-
23317	5938	11143	1533	-
5376	4800	11143	1538	snmpgetattack
23317	12431	11143	1538	snmpgetattack
20312	4800	11143	1538	-
23317	5938	11143	1538	-
5376	4800	11143	1543	snmpgetattack
23317	12431	11143	1543	snmpgetattack
20312	4800	11143	1543	-
23317	5938	11143	1543	-
5376	4800	11143	1548	snmpgetattack
23317	12431	11143	1548	snmpgetattack
20312	4800	11143	1548	-
23317	5938	11143	1548	-
5376	4800	11143	1553	snmpgetattack
23317	12431	11143	1553	snmpgetattack
20312	4800	11143	1553	-
23317	5938	11143	1553	-
5376	4800	11143	1558	snmpgetattack
20312	4800	11143	1558	-
23317	5938	11143	1558	-
23317	12431	11143	1558	snmpgetattack
5376	4800	11143	1563	snmpgetattack
23317	12431	11143	1563	snmpgetattack
20312	4800	11143	1564	-
23317	5938	11143	1564	-
5376	4800	27227	1568	snmpgetattack
23317	12431	27227	1568	snmpgetattack
20312	4800	27227	1569	-
23317	5938	27227	1569	-
5376	4800	27227	1573	snmpgetattack
23317	12431	27227	1573	snmpgetattack
20312	4800	27227	1574	-
23317	5938	27227	1574	-
5376	4800	27227	1578	snmpgetattack
23317	12431	27227	1578	snmpgetattack
20312	4800	27227	1579	-
23317	5938	27227	1579	-
5376	4800	27227	1583	snmpgetattack
23317	12431	27227	1583	snmpgetattack
20312	4800	27227	1584	-
23317	5938	27227	1584	-
5376	4800	27227	1588	snmpgetattack
23317	12431	27227	1588	snmpgetattack
20312	4800	27227	1589	-
23317	5938	27227	1589	-
5376	4800	27227	1593	snmpgetattack
23317	12431	27227	1593	snmpgetattack
20312	4800	27227	1594	-
23317	5938	27227	1594	-
5376	4800	27227	1598	snmpgetattack
23317	12431	27227	1598	snmpgetattack
20312	4800	27227	1599	-
23317	5938	27227	1599	-
5376	4800	27227	1603	snmpgetattack
23317	12431	27227	1603	snmpgetattack
20312	4800	27227	1604	-
23317	5938	27227	1604	-
5376	4800	27227	1608	snmpgetattack
23317	12431	27227	1608	snmpgetattack
20312	4800	27227	1609	-
23317	5938	27227	1609	-
5376	4800	27227	1613	snmpgetattack
23317	12431	27227	1613	snmpgetattack
20312	4800	27227	1614	-
23317	5938	27227	1614	-
5376	4800	27227	1618	snmpgetattack
23317	12431	27227	1618	snmpgetattack
20312	4800	27227	1619	-
23317	5938	27227	1619	-
5376	4800	27227	1623	snmpgetattack
23317	12431	27227	1624	snmpgetattack
20312	4800	27227	1624	-
23317	5938	27227	1624	-
5376	4800	10978	1629	snmpgetattack
23317	12431	10978	1629	snmpgetattack
20312	4800	10978	1629	-
23317	5938	10978	1629	-
5376	4800	10978	1634	snmpgetattack
23317	12431	10978	1634	snmpgetattack
20312	4800	10978	1634	-
23317	5938	10978	1634	-
5376	4800	10978	1639	snmpgetattack
23317	12431	10978	1639	snmpgetattack
20312	4800	10978	1639	-
23317	5938	10978	1639	-
5376	4800	10978	1644	snmpgetattack
23317	12431	10978	1644	snmpgetattack
20312	4800	10978	1644	-
23317	5938	10978	1644	-
5376	4800	10978	1649	snmpgetattack
23317	12431	10978	1649	snmpgetattack
20312	4800	10978	1649	-
23317	5938	10978	1649	-
5376	4800	10978	1654	snmpgetattack
23317	12431	10978	1654	snmpgetattack
20312	4800	10978	1654	-
23317	5938	10978	1654	-
5376	4800	10978	1659	snmpgetattack
23317	12431	10978	1659	snmpgetattack
20312	4800	10978	1659	-
23317	5938	10978	1659	-
5376	4800	10978	1664	snmpgetattack
23317	12431	10978	1664	snmpgetattack
20312	4800	10978	1664	-
23317	5938	10978	1664	-
5376	4800	10978	1669	snmpgetattack
23317	12431	10978	1669	snmpgetattack
20312	4800	10978	1669	-
23317	5938	10978	1669	-
5376	4800	10978	1674	snmpgetattack
23317	12431	10978	1674	snmpgetattack
20312	4800	10978	1674	-
23317	5938	10978	1674	-
5376	4800	10978	1679	snmpgetattack
23317	12431	10978	1679	snmpgetattack
20312	4800	10978	1679	-
23317	5938	10978	1679	-
5376	4800	10978	1684	snmpgetattack
23317	12431	10978	1684	snmpgetattack
20312	4800	10978	1684	-
23317	5938	10978	1684	-
5376	4800	12074	1689	snmpgetattack
23317	12431	12074	1689	snmpgetattack
20312	4800	12074	1690	-
23317	5938	12074	1690	-
5376	4800	12074	1694	snmpgetattack
23317	12431	12074	1694	snmpgetattack
20312	4800	12074	1695	-
23317	5938	12074	1695	-
5376	4800	12074	1699	snmpgetattack
23317	12431	12074	1699	snmpgetattack
20312	4800	12074	1700	-
23317	5938	12074	1700	-
5376	4800	12074	1704	snmpgetattack
23317	12431	12074	1704	snmpgetattack
20312	4800	12074	1705	-
23317	5938	12074	1705	-
5376	4800	12074	1709	snmpgetattack
23317	12431	12074	1709	snmpgetattack
20312	4800	12074	1710	-
23317	5938	12074	1710	-
23317	12431	12074	1714	snmpgetattack
5376	4800	12074	1714	snmpgetattack
20312	4800	12074	1715	-
23317	5938	12074	1715	-
5376	4800	12074	1719	snmpgetattack
23317	12431	12074	1719	snmpgetattack
20312	4800	12074	1720	-
23317	5938	12074	1720	-
5376	4800	12074	1724	snmpgetattack
23317	12431	12074	1724	snmpgetattack
20312	4800	12074	1725	-
23317	5938	12074	1725	-
5376	4800	12074	1729	snmpgetattack
23317	12431	12074	1729	snmpgetattack
20312	4800	12074	1730	-
23317	5938	12074	1730	-
5376	4800	12074	1734	snmpgetattack
23317	12431	12074	1734	snmpgetattack
20312	4800	12074	1735	-
23317	5938	12074	1735	-
5376	4800	12074	1739	snmpgetattack
23317	12431	12074	1739	snmpgetattack
20312	4800	12074	1740	-
23317	5938	12074	1740	-
5376	4800	12074	1744	snmpgetattack
23317	12431	12074	1744	snmpgetattack
20312	4800	12074	1745	-
23317	5938	12074	1745	-
5376	4800	9679	1750	snmpgetattack
23317	12431	9679	1750	snmpgetattack
20312	4800	9679	1750	-
23317	5938	9679	1750	-
5376	4800	9679	1755	snmpgetattack
23317	12431	9679	1755	snmpgetattack
20312	4800	9679	1755	-
23317	5938	9679	1755	-
5376	4800	9679	1760	snmpgetattack
23317	12431	9679	1760	snmpgetattack
20312	4800	9679	1760	-
23317	5938	9679	1760	-
5376	4800	9679	1765	snmpgetattack
23317	12431	9679	1765	snmpgetattack
20312	4800	9679	1765	-
23317	5938	9679	1765	-
5376	4800	9679	1770	snmpgetattack
23317	12431	9679	1770	snmpgetattack
20312	4800	9679	1770	-
23317	5938	9679	1770	-
5376	4800	9679	1775	snmpgetattack
23317	12431	9679	1775	snmpgetattack
20312	4800	9679	1775	-
23317	5938	9679	1775	-
5376	4800	9679	1780	snmpgetattack
23317	12431	9679	1780	snmpgetattack
20312	4800	9679	1780	-
23317	5938	9679	1780	-
5376	4800	9679	1785	snmpgetattack
23317	12431	9679	1785	snmpgetattack
20312	4800	9679	1785	-
23317	5938	9679	1785	-
5376	4800	9679	1790	snmpgetattack
23317	12431	9679	1790	snmpgetattack
20312	4800	9679	1790	-
23317	5938	9679	1790	-
5376	4800	9679	1795	snmpgetattack
23317	12431	9679	1795	snmpgetattack
20312	4800	9679	1795	-
23317	5938	9679	1795	-
