6775	2843	16300	0	-
6775	9554	16300	0	-
5376	4800	16300	3	snmpgetattack
23317	12431	16300	3	snmpgetattack
16671	22416	16300	5	-
5376	4800	17124	8	snmpgetattack
23317	12431	17124	8	snmpgetattack
20312	19350	17124	9	-
20312	19350	17124	9	-
13993	4517	17124	10	-
13993	4517	17124	10	-
13993	4517	17124	10	-
13993	4517	17124	10	-
13993	4517	17124	10	-
13993	4517	17124	10	-
13993	4517	17124	10	-
5376	4800	17124	13	snmpgetattack
23317	12431	17124	13	snmpgetattack
5376	4800	17124	18	snmpgetattack
23317	12431	17124	18	snmpgetattack
6114	21706	17124	19	-
6114	21706	17124	19	-
6114	21706	17124	19	-
6114	21706	17124	19	-
23317	12431	17124	23	snmpgetattack
5376	4800	17124	23	snmpgetattack
6114	1580	17124	25	-
6114	1580	17124	25	-
6114	1580	17124	25	-
6114	1580	17124	25	-
6114	1580	17124	25	-
13993	4517	17124	26	-
13993	4517	17124	26	-
13993	4517	17124	26	-
13993	4517	17124	26	-
13993	4517	17124	26	-
5376	4800	17124	29	snmpgetattack
23317	12431	17124	29	snmpgetattack
5376	4800	17124	34	snmpgetattack
23317	12431	17124	34	snmpgetattack
19603	8452	17124	37	warez
12985	19531	17124	38	warez
12985	19531	17124	38	warez
20312	19350	17124	39	-
20312	19350	17124	39	-
23317	12431	17124	39	snmpgetattack
5376	4800	17124	39	snmpgetattack
23317	12431	17124	44	snmpgetattack
5376	4800	17124	44	snmpgetattack
5376	4800	17124	49	snmpgetattack
23317	12431	17124	49	snmpgetattack
8048	16593	17124	53	-
8294	11780	17124	53	nmap
5376	4800	17124	54	snmpgetattack
23317	12431	17124	54	snmpgetattack
16671	22416	17124	55	-
19603	16332	17124	56	-
3957	15394	17124	57	-
3076	16531	17124	57	-
5376	4800	17124	59	snmpgetattack
23317	12431	17124	59	snmpgetattack
13993	22986	17124	62	-
5376	4800	17124	64	snmpgetattack
23317	12431	17124	64	snmpgetattack
20312	19350	17124	64	-
20312	19350	17124	64	-
13993	22986	17124	64	-
13993	22986	17124	66	-
3076	23167	17124	66	-
3076	4981	17124	66	-
3076	16593	17124	67	-
4800	19876	20302	68	-
4800	19876	20302	68	-
13993	22986	20302	68	-
5376	4800	20302	69	snmpgetattack
23317	12431	20302	69	snmpgetattack
3076	9554	20302	69	-
13993	22986	20302	72	-
13993	22986	20302	72	-
5376	4800	20302	74	snmpgetattack
23317	12431	20302	74	snmpgetattack
20312	19350	20302	74	-
20312	19350	20302	74	-
13993	4517	20302	76	-
13993	4517	20302	76	-
13993	4517	20302	76	-
13993	4517	20302	76	-
13993	4517	20302	76	-
13993	4517	20302	76	-
13993	4517	20302	76	-
10571	3611	20302	78	-
5376	4800	20302	79	snmpgetattack
23317	12431	20302	79	snmpgetattack
4800	15062	20302	83	-
5376	4800	20302	84	snmpgetattack
23317	12431	20302	84	snmpgetattack
4800	15062	20302	84	-
4800	15062	20302	84	-
4800	15062	20302	84	-
4800	15062	20302	84	-
4800	15062	20302	84	-
4800	15062	20302	84	-
4800	15062	20302	84	-
4800	15062	20302	84	-
4800	15062	20302	84	-
13993	4517	20302	86	-
13993	4517	20302	86	-
13993	4517	20302	86	-
13993	4517	20302	86	-
13993	4517	20302	86	-
13993	4517	20302	86	-
13993	4517	20302	86	-
13993	4517	20302	86	-
13993	4517	20302	86	-
5376	4800	20302	89	snmpgetattack
20312	19350	20302	89	-
20312	19350	20302	89	-
23317	12431	20302	89	snmpgetattack
6114	21797	20302	91	-
6114	21797	20302	91	-
5376	4800	20302	94	snmpgetattack
23317	12431	20302	94	snmpgetattack
6114	21797	20302	99	-
6114	21797	20302	99	-
23317	12431	20302	99	snmpgetattack
5376	4800	20302	99	snmpgetattack
6114	21797	20302	99	-
13993	4517	20302	102	-
13993	4517	20302	102	-
13993	4517	20302	102	-
13993	4517	20302	102	-
13993	4517	20302	102	-
13993	4517	20302	103	-
13993	4517	20302	103	-
13993	4517	20302	103	-
23317	12431	20302	104	snmpgetattack
5376	4800	20302	104	snmpgetattack
12332	3611	20302	108	-
12332	3611	20302	108	-
12332	3611	20302	108	-
12332	3611	20302	108	-
12332	3611	20302	108	-
12332	3611	20302	108	-
12332	3611	20302	108	-
5376	4800	20302	109	snmpgetattack
23317	12431	20302	109	snmpgetattack
6114	21797	20302	109	-
13993	18332	20302	112	-
5376	4800	20302	114	snmpgetattack
23317	12431	20302	114	snmpgetattack
3297	15667	20302	114	-
17624	23167	20302	117	-
5376	4800	20302	119	snmpgetattack
23317	12431	20302	119	snmpgetattack
17624	23167	20302	119	-
20312	19350	20302	119	-
20312	19350	20302	119	-
17624	23167	20302	121	-
17624	23167	20302	123	-
5376	4800	20302	124	snmpgetattack
23317	12431	20302	124	snmpgetattack
7782	22986	20302	124	-
17624	23167	20302	125	-
7782	22986	20302	127	-
17624	23167	20302	127	-
5376	4800	21565	129	snmpgetattack
23317	12431	21565	129	snmpgetattack
17624	23167	21565	130	-
17624	23167	21565	131	-
17624	23167	21565	131	-
17624	23167	21565	131	-
17624	23167	21565	131	-
17624	23167	21565	131	-
17624	23167	21565	131	-
17624	23167	21565	131	-
5376	4800	21565	135	snmpgetattack
23317	12431	21565	135	snmpgetattack
3957	1633	21565	135	-
20312	19350	21565	135	-
3957	5938	21565	135	-
3957	19834	21565	135	-
23317	12431	21565	140	snmpgetattack
5376	4800	21565	140	snmpgetattack
11001	22986	21565	142	-
11001	15894	21565	142	-
19603	16531	21565	143	-
5376	4800	21565	145	snmpgetattack
23317	12431	21565	145	snmpgetattack
19531	1633	21565	147	-
3957	5938	21565	149	-
5376	4800	21565	150	snmpgetattack
23317	12431	21565	150	snmpgetattack
16671	13154	21565	150	-
13993	19531	21565	151	-
13993	19531	21565	153	-
5376	4800	21565	155	snmpgetattack
23317	12431	21565	155	snmpgetattack
13993	19531	21565	155	-
13993	19531	21565	158	-
20312	19350	21565	159	-
20312	19350	21565	159	-
20312	23167	21565	159	-
3297	5938	21565	159	-
14547	13122	21565	159	-
5376	4800	21565	160	snmpgetattack
23317	12431	21565	160	snmpgetattack
3297	22986	21565	160	-
14547	15667	21565	160	-
5376	4800	21565	165	snmpgetattack
23317	12431	21565	165	snmpgetattack
13993	4517	21565	166	-
13993	4517	21565	166	-
13993	4517	21565	166	-
13993	4517	21565	166	-
23317	882	21565	168	-
17624	16531	21565	168	-
15394	4800	21565	168	-
5376	4800	21565	170	snmpgetattack
23317	12431	21565	170	snmpgetattack
20312	19350	21565	174	-
20312	19350	21565	174	-
5376	4800	21565	175	snmpgetattack
23317	12431	21565	175	snmpgetattack
23317	12431	21565	180	snmpgetattack
5376	4800	21565	180	snmpgetattack
6114	21797	21565	184	-
5376	4800	21565	185	snmpgetattack
23317	12431	21565	185	snmpgetattack
5376	4800	23509	190	snmpgetattack
23317	12431	23509	190	snmpgetattack
5376	4800	23509	195	snmpgetattack
23317	12431	23509	195	snmpgetattack
14547	13122	23509	196	-
5376	4800	23509	200	snmpgetattack
23317	12431	23509	200	snmpgetattack
8294	11780	23509	204	nmap
20312	19350	23509	204	-
5376	4800	23509	205	snmpgetattack
23317	12431	23509	205	snmpgetattack
10571	3611	23509	209	-
10571	3611	23509	209	-
10571	3611	23509	209	-
10571	8452	23509	209	-
5376	4800	23509	210	snmpgetattack
23317	12431	23509	210	snmpgetattack
13993	4517	23509	210	-
13993	4517	23509	210	-
5376	4800	23509	215	snmpgetattack
23317	12431	23509	215	snmpgetattack
5376	4800	23509	220	snmpgetattack
23317	12431	23509	220	snmpgetattack
5376	4800	23509	225	snmpgetattack
23317	12431	23509	225	snmpgetattack
20312	19350	23509	229	-
5376	4800	23509	230	snmpgetattack
23317	12431	23509	230	snmpgetattack
5376	4800	23509	235	snmpgetattack
23317	12431	23509	235	snmpgetattack
20312	19350	23509	239	-
5376	4800	23509	240	snmpgetattack
23317	12431	23509	240	snmpgetattack
5376	4800	23509	245	snmpgetattack
23317	12431	23509	246	snmpgetattack
5376	4800	24803	251	snmpgetattack
23317	12431	24803	251	snmpgetattack
20312	19350	24803	254	-
6114	7280	24803	254	-
6114	7280	24803	254	-
6114	7280	24803	254	-
6114	7280	24803	254	-
6114	7280	24803	255	-
6114	7280	24803	255	-
5376	4800	24803	256	snmpgetattack
23317	12431	24803	256	snmpgetattack
13993	4517	24803	257	-
13993	4517	24803	257	-
13993	4517	24803	257	-
13993	4517	24803	257	-
13993	4517	24803	257	-
13993	4517	24803	257	-
13993	4517	24803	257	-
13993	4517	24803	257	-
13993	4517	24803	257	-
13993	4517	24803	257	-
13993	4517	24803	257	-
13993	4517	24803	257	-
13993	4517	24803	257	-
13993	4517	24803	257	-
13993	4517	24803	257	-
13993	4517	24803	257	-
13993	4517	24803	257	-
16671	12463	24803	260	-
5376	4800	24803	261	snmpgetattack
23317	12431	24803	261	snmpgetattack
6114	4734	24803	263	-
6114	4734	24803	263	-
6114	4734	24803	263	-
6114	4734	24803	263	-
6114	4734	24803	263	-
6114	4734	24803	263	-
6114	4734	24803	263	-
6114	4734	24803	263	-
6114	4734	24803	263	-
6114	4734	24803	263	-
16671	19305	24803	263	-
6114	4734	24803	263	-
6114	4734	24803	263	-
6114	4734	24803	263	-
6114	4734	24803	263	-
6114	4734	24803	264	-
6114	4734	24803	264	-
6114	4734	24803	264	-
6114	4734	24803	264	-
6114	4734	24803	264	-
6114	4734	24803	264	-
23317	12431	24803	266	snmpgetattack
5376	4800	24803	266	snmpgetattack
23317	12431	24803	271	snmpgetattack
5376	4800	24803	271	snmpgetattack
18246	14547	24803	272	-
18246	14547	24803	272	-
18246	14547	24803	272	-
18246	14547	24803	272	-
18246	14547	24803	272	-
18246	14547	24803	272	-
18246	14547	24803	272	-
18246	14547	24803	272	-
18246	14547	24803	272	-
18246	14547	24803	272	-
18246	14547	24803	272	-
18246	8524	24803	272	-
18246	14547	24803	272	-
18246	14547	24803	272	-
18246	8524	24803	273	-
18246	8524	24803	273	-
12332	3611	24803	273	-
18246	8524	24803	273	-
12332	3611	24803	274	-
5376	4800	24803	276	snmpgetattack
23317	12431	24803	276	snmpgetattack
5376	4800	24803	281	snmpgetattack
23317	12431	24803	281	snmpgetattack
20312	19350	24803	284	-
5376	4800	24803	286	snmpgetattack
23317	12431	24803	286	snmpgetattack
23317	12431	24803	291	snmpgetattack
5376	4800	24803	291	snmpgetattack
16671	20168	24803	292	-
16671	20168	24803	292	-
16671	20168	24803	292	-
5376	4800	24803	296	snmpgetattack
23317	12431	24803	296	snmpgetattack
10571	3611	24803	298	-
10571	3611	24803	299	-
5376	4800	24803	301	snmpgetattack
23317	12431	24803	301	snmpgetattack
4800	13015	24803	301	-
4800	20367	24803	301	-
5376	4800	24803	306	snmpgetattack
23317	12431	24803	306	snmpgetattack
23317	12431	7887	311	snmpgetattack
5376	4800	7887	311	snmpgetattack
7215	13122	7887	312	-
20312	19350	7887	314	-
5376	4800	7887	316	snmpgetattack
23317	12431	7887	316	snmpgetattack
6114	21797	7887	321	-
23317	12431	7887	321	snmpgetattack
5376	4800	7887	321	snmpgetattack
20312	19350	7887	324	-
5376	4800	7887	326	snmpgetattack
23317	12431	7887	326	snmpgetattack
5376	4800	7887	331	snmpgetattack
23317	12431	7887	331	snmpgetattack
6114	21797	7887	335	-
5376	4800	7887	336	snmpgetattack
23317	12431	7887	336	snmpgetattack
7782	15667	7887	336	-
14547	21708	7887	338	-
17624	9554	7887	338	-
20312	19350	7887	339	-
20312	19350	7887	339	-
17624	9554	7887	340	-
23317	12431	7887	341	snmpgetattack
5376	4800	7887	341	snmpgetattack
17624	9554	7887	343	-
17624	9554	7887	346	-
16671	9405	7887	347	-
16671	9405	7887	347	-
23317	12431	7887	347	snmpgetattack
5376	4800	7887	347	snmpgetattack
20312	23167	7887	348	-
3297	5938	7887	348	-
5376	4800	7887	352	snmpgetattack
23317	12431	7887	352	snmpgetattack
3957	15394	7887	353	-
8294	11780	7887	355	nmap
3297	13122	7887	356	-
5376	4800	7887	357	snmpgetattack
23317	12431	7887	357	snmpgetattack
23317	12431	7887	362	snmpgetattack
5376	4800	7887	362	snmpgetattack
13993	4517	7887	365	-
13993	4517	7887	365	-
13993	4517	7887	365	-
13993	4517	7887	365	-
13993	4517	7887	365	-
13993	4517	7887	365	-
13993	4517	7887	365	-
13993	4517	7887	365	-
13993	4517	7887	365	-
23317	12431	7887	367	snmpgetattack
5376	4800	7887	367	snmpgetattack
4800	17005	7887	367	-
20312	19350	41666	369	-
20312	19350	41666	369	-
23317	12431	41666	372	snmpgetattack
5376	4800	41666	372	snmpgetattack
16671	8209	41666	372	-
16671	9405	41666	372	-
5376	4800	41666	377	snmpgetattack
23317	12431	41666	377	snmpgetattack
5376	4800	41666	382	snmpgetattack
23317	12431	41666	382	snmpgetattack
6114	4734	41666	386	-
6114	4734	41666	386	-
6114	4734	41666	386	-
6114	4734	41666	387	-
6114	4734	41666	387	-
6114	4734	41666	387	-
5376	4800	41666	387	snmpgetattack
23317	12431	41666	387	snmpgetattack
6114	4734	41666	387	-
6114	4734	41666	387	-
6114	4734	41666	387	-
6114	4734	41666	387	-
6114	4734	41666	387	-
6114	4734	41666	387	-
6114	4734	41666	387	-
6114	4734	41666	387	-
6114	4734	41666	387	-
6114	4734	41666	387	-
6114	4734	41666	387	-
6114	4734	41666	387	-
6114	4734	41666	387	-
13993	10335	41666	389	-
20367	587	41666	389	-
13993	10335	41666	389	-
13993	10335	41666	389	-
13993	10335	41666	389	-
13993	10335	41666	389	-
13993	10335	41666	389	-
13993	10335	41666	389	-
13993	10335	41666	389	-
13993	10335	41666	389	-
13993	10335	41666	390	-
16671	8209	41666	391	-
16671	8209	41666	391	-
16671	8209	41666	391	-
16671	8209	41666	391	-
16671	8209	41666	391	-
16671	8209	41666	391	-
16671	8209	41666	391	-
16671	8209	41666	391	-
16671	8209	41666	391	-
16671	8209	41666	391	-
16671	8209	41666	392	-
16671	8209	41666	392	-
16671	8209	41666	392	-
16671	8209	41666	392	-
16671	8209	41666	392	-
16671	8209	41666	392	-
23317	12431	41666	392	snmpgetattack
16671	8209	41666	392	-
16671	8209	41666	392	-
16671	8209	41666	392	-
16671	8209	41666	392	-
16671	8209	41666	392	-
16671	8209	41666	392	-
16671	8209	41666	392	-
16671	8209	41666	392	-
16671	8209	41666	392	-
5376	4800	41666	392	snmpgetattack
16671	8209	41666	392	-
16671	8209	41666	392	-
16671	8209	41666	392	-
16671	8209	41666	392	-
16671	9405	41666	392	-
20312	19350	41666	394	-
20312	19350	41666	394	-
12332	3611	41666	396	-
12332	3611	41666	396	-
12332	3611	41666	397	-
5376	4800	41666	397	snmpgetattack
12332	3611	41666	397	-
12332	3611	41666	397	-
23317	12431	41666	397	snmpgetattack
12332	3611	41666	397	-
12332	3611	41666	397	-
23317	12431	41666	402	snmpgetattack
5376	4800	41666	402	snmpgetattack
16671	1558	41666	403	-
16671	1558	41666	404	-
16671	1558	41666	404	-
20312	19350	41666	404	-
16671	9405	41666	404	-
16671	1558	41666	404	-
16671	1558	41666	404	-
16671	1558	41666	404	-
16671	1558	41666	404	-
23317	12431	41666	407	snmpgetattack
5376	4800	41666	407	snmpgetattack
5376	4800	41666	412	snmpgetattack
23317	12431	41666	412	snmpgetattack
4800	5500	41666	416	-
4800	5500	41666	416	-
4800	5500	41666	416	-
4800	5500	41666	416	-
4800	5500	41666	416	-
5376	4800	41666	417	snmpgetattack
23317	12431	41666	417	snmpgetattack
20312	19350	41666	419	-
23317	12431	41666	422	snmpgetattack
5376	4800	41666	422	snmpgetattack
23317	12431	41666	427	snmpgetattack
5376	4800	41666	427	snmpgetattack
6114	4734	21334	428	-
6114	4734	21334	428	-
6114	4734	21334	428	-
6114	4734	21334	428	-
6114	4734	21334	428	-
6114	4734	21334	428	-
6114	4734	21334	428	-
6114	4734	21334	428	-
6114	4734	21334	428	-
6114	4734	21334	428	-
6114	4734	21334	428	-
6114	4734	21334	428	-
6114	4734	21334	428	-
13615	8452	21334	429	warez
12985	185	21334	430	warez
12985	185	21334	430	warez
23317	12431	21334	432	snmpgetattack
5376	4800	21334	432	snmpgetattack
23317	12431	21334	437	snmpgetattack
5376	4800	21334	437	snmpgetattack
6114	4734	21334	440	-
6114	4734	21334	440	-
6114	4734	21334	440	-
6114	4734	21334	441	-
6114	4734	21334	441	-
6114	4734	21334	441	-
6114	4734	21334	441	-
6114	4734	21334	441	-
6114	4734	21334	441	-
6114	4734	21334	441	-
6114	4734	21334	441	-
6114	4734	21334	441	-
6114	4734	21334	441	-
6114	4734	21334	441	-
6114	4734	21334	441	-
6114	4734	21334	441	-
6114	4734	21334	441	-
6114	4734	21334	441	-
6114	4734	21334	441	-
6114	4734	21334	441	-
6114	4734	21334	441	-
6114	4734	21334	441	-
6114	4734	21334	441	-
5376	4800	21334	442	snmpgetattack
23317	12431	21334	442	snmpgetattack
18246	14547	21334	444	-
18246	14547	21334	444	-
18246	14547	21334	444	-
18246	14547	21334	444	-
18246	14547	21334	444	-
18246	14547	21334	444	-
18246	14547	21334	444	-
18246	14547	21334	444	-
18246	14547	21334	444	-
5376	4800	21334	447	snmpgetattack
23317	12431	21334	447	snmpgetattack
18246	1398	21334	449	-
18246	17697	21334	449	-
18246	17697	21334	449	-
18246	1398	21334	449	-
18246	17697	21334	449	-
18246	17697	21334	449	-
18246	1398	21334	449	-
20312	19350	21334	449	-
20312	19350	21334	449	-
20312	19350	21334	449	-
5376	4800	21334	452	snmpgetattack
23317	12431	21334	453	snmpgetattack
5376	4800	21334	458	snmpgetattack
23317	12431	21334	458	snmpgetattack
13993	10335	21334	460	-
13993	10335	21334	460	-
13993	10335	21334	460	-
13993	10335	21334	460	-
13993	10335	21334	461	-
4800	5500	21334	462	-
4800	5500	21334	462	-
5376	4800	21334	463	snmpgetattack
23317	12431	21334	463	snmpgetattack
5376	4800	21334	468	snmpgetattack
23317	12431	21334	468	snmpgetattack
5376	4800	21334	473	snmpgetattack
23317	12431	21334	473	snmpgetattack
5376	4800	21334	478	snmpgetattack
23317	12431	21334	478	snmpgetattack
20312	19350	21334	479	-
5376	4800	21334	483	snmpgetattack
23317	12431	21334	483	snmpgetattack
3957	587	21334	486	-
5376	4800	34386	488	snmpgetattack
23317	12431	34386	488	snmpgetattack
16671	1029	34386	489	-
16671	1029	34386	489	-
16671	1029	34386	489	-
16671	9405	34386	489	-
16671	17697	34386	489	-
20312	19350	34386	489	-
5376	4800	34386	493	snmpgetattack
23317	12431	34386	493	snmpgetattack
5376	4800	34386	498	snmpgetattack
23317	12431	34386	498	snmpgetattack
5376	4800	34386	503	snmpgetattack
23317	12431	34386	503	snmpgetattack
20312	19350	34386	504	-
20312	19350	34386	504	-
8294	11780	34386	506	nmap
5376	4800	34386	508	snmpgetattack
23317	12431	34386	508	snmpgetattack
5376	4800	34386	513	snmpgetattack
23317	12431	34386	513	snmpgetattack
16671	1029	34386	517	-
16671	1029	34386	517	-
16671	1029	34386	517	-
16671	1029	34386	517	-
16671	1029	34386	517	-
5376	4800	34386	518	snmpgetattack
23317	12431	34386	518	snmpgetattack
3076	16531	34386	519	-
5376	4800	34386	523	snmpgetattack
23317	12431	34386	523	snmpgetattack
11001	15667	34386	523	-
13993	22986	34386	524	-
18246	1398	34386	525	-
17624	16593	34386	526	-
13993	22986	34386	526	-
16671	5464	34386	527	-
16671	5464	34386	527	-
16671	1029	34386	527	-
17624	16593	34386	528	-
13993	22986	34386	528	-
23317	12431	34386	528	snmpgetattack
5376	4800	34386	528	snmpgetattack
17624	16593	34386	530	-
13993	22986	34386	531	-
12332	3611	34386	532	-
12332	3611	34386	532	-
12332	3611	34386	532	-
12332	3611	34386	532	-
12332	3611	34386	532	-
12332	3611	34386	532	-
12332	3611	34386	532	-
17624	16593	34386	532	-
23317	12431	34386	533	snmpgetattack
5376	4800	34386	533	snmpgetattack
13993	22986	34386	534	-
13993	22986	34386	534	-
20312	19350	34386	534	-
13993	2303	34386	535	-
13993	2303	34386	535	-
13993	2303	34386	535	-
13993	2303	34386	535	-
13993	2303	34386	535	-
13993	2303	34386	535	-
13993	2303	34386	535	-
13993	2303	34386	535	-
13993	2303	34386	535	-
13993	2303	34386	535	-
13993	2303	34386	535	-
13993	2303	34386	535	-
13993	2303	34386	535	-
13993	2303	34386	535	-
13993	2303	34386	535	-
13993	2303	34386	535	-
13993	2303	34386	535	-
13993	2303	34386	535	-
13993	2303	34386	535	-
13993	2303	34386	535	-
13993	2303	34386	535	-
13993	2303	34386	535	-
13993	2303	34386	535	-
13993	2303	34386	536	-
13993	2303	34386	536	-
13993	2303	34386	536	-
13993	2303	34386	536	-
13993	2303	34386	536	-
13993	2303	34386	536	-
13993	2303	34386	536	-
13993	2303	34386	536	-
13993	2303	34386	536	-
13993	2303	34386	536	-
13993	2303	34386	536	-
13993	2303	34386	536	-
17624	16593	34386	536	-
5376	4800	34386	538	snmpgetattack
23317	12431	34386	538	snmpgetattack
5376	4800	34386	543	snmpgetattack
23317	12431	34386	543	snmpgetattack
23317	12431	7005	548	snmpgetattack
5376	4800	7005	548	snmpgetattack
23317	12431	7005	553	snmpgetattack
5376	4800	7005	553	snmpgetattack
23317	12431	7005	558	snmpgetattack
5376	4800	7005	558	snmpgetattack
20312	19350	7005	560	-
6114	4734	7005	563	-
6114	4734	7005	563	-
6114	4734	7005	563	-
6114	4734	7005	563	-
6114	4734	7005	563	-
6114	4734	7005	563	-
6114	4734	7005	563	-
6114	4734	7005	563	-
6114	4734	7005	563	-
6114	4734	7005	563	-
6114	4734	7005	563	-
6114	4734	7005	563	-
5376	4800	7005	564	snmpgetattack
23317	12431	7005	564	snmpgetattack
6114	4734	7005	564	-
6114	4734	7005	564	-
6114	4734	7005	564	-
6114	4734	7005	564	-
6114	4734	7005	564	-
6114	4734	7005	564	-
6114	4734	7005	564	-
6114	4734	7005	564	-
23317	12431	7005	569	snmpgetattack
5376	4800	7005	569	snmpgetattack
13993	2303	7005	570	-
13993	2303	7005	570	-
20312	19350	7005	570	-
13993	2303	7005	570	-
13993	2303	7005	571	-
4800	5500	7005	572	-
4800	5500	7005	572	-
23317	12431	7005	574	snmpgetattack
5376	4800	7005	574	snmpgetattack
10571	3611	7005	579	-
10571	3611	7005	579	-
10571	3611	7005	579	-
10571	3611	7005	579	-
10571	3611	7005	579	-
5376	4800	7005	579	snmpgetattack
23317	12431	7005	579	snmpgetattack
10571	3611	7005	579	-
10571	3611	7005	579	-
23317	12431	7005	584	snmpgetattack
5376	4800	7005	584	snmpgetattack
20312	19350	7005	585	-
20312	19350	7005	585	-
18246	1398	7005	586	-
18246	17697	7005	586	-
18246	17697	7005	586	-
18246	1398	7005	586	-
18246	17697	7005	586	-
18246	1398	7005	586	-
18246	17697	7005	586	-
5376	4800	7005	589	snmpgetattack
23317	12431	7005	589	snmpgetattack
13993	4218	7005	592	-
13993	4218	7005	593	-
13993	4218	7005	593	-
13993	4218	7005	593	-
13993	4218	7005	593	-
13993	4218	7005	593	-
13993	4218	7005	593	-
13993	4218	7005	593	-
13993	4218	7005	593	-
13993	4218	7005	593	-
13993	4218	7005	593	-
13993	4218	7005	593	-
13993	4218	7005	593	-
13993	4218	7005	593	-
13993	4218	7005	593	-
13993	4218	7005	593	-
13993	4218	7005	593	-
13993	4218	7005	593	-
13993	4218	7005	593	-
13993	4218	7005	593	-
23317	12431	7005	594	snmpgetattack
5376	4800	7005	594	snmpgetattack
23317	12431	7005	599	snmpgetattack
5376	4800	7005	599	snmpgetattack
16671	387	7005	601	-
16671	387	7005	601	-
16671	387	7005	601	-
16671	387	7005	601	-
16671	387	7005	601	-
16671	387	7005	601	-
16671	387	7005	602	-
16671	387	7005	602	-
16671	387	7005	602	-
16671	387	7005	602	-
16671	387	7005	602	-
16671	387	7005	602	-
16671	387	7005	602	-
16671	387	7005	602	-
16671	387	7005	602	-
16671	387	7005	602	-
16671	387	7005	602	-
16671	387	7005	602	-
16671	387	7005	602	-
16671	387	7005	602	-
16671	387	7005	602	-
16671	387	7005	602	-
16671	387	7005	602	-
16671	387	7005	602	-
16671	387	7005	602	-
16671	387	7005	602	-
16671	387	7005	602	-
16671	387	7005	602	-
16671	387	7005	602	-
16671	387	7005	602	-
16671	387	7005	602	-
16671	387	7005	602	-
16671	387	7005	602	-
16671	387	7005	602	-
16671	387	7005	602	-
16671	387	7005	602	-
16671	387	7005	602	-
16671	387	7005	602	-
16671	387	7005	602	-
16671	387	7005	603	-
16671	387	7005	603	-
16671	387	7005	603	-
16671	387	7005	603	-
16671	387	7005	603	-
16671	387	7005	603	-
16671	387	7005	603	-
16671	387	7005	603	-
16671	387	7005	603	-
16671	387	7005	603	-
5376	4800	7005	604	snmpgetattack
23317	12431	7005	604	snmpgetattack
23317	12431	14654	609	snmpgetattack
5376	4800	14654	609	snmpgetattack
16671	387	14654	610	-
16671	387	14654	610	-
16671	387	14654	610	-
16671	387	14654	610	-
16671	387	14654	610	-
16671	387	14654	610	-
16671	387	14654	610	-
16671	387	14654	610	-
16671	387	14654	610	-
16671	387	14654	610	-
16671	387	14654	610	-
16671	387	14654	610	-
16671	387	14654	610	-
16671	387	14654	610	-
16671	387	14654	611	-
16671	387	14654	611	-
16671	387	14654	611	-
16671	387	14654	611	-
16671	387	14654	611	-
6114	4734	14654	613	-
6114	4734	14654	613	-
17624	16531	14654	613	-
6114	4734	14654	614	-
6114	4734	14654	614	-
6114	4734	14654	614	-
23317	12431	14654	614	snmpgetattack
6114	4734	14654	614	-
6114	4734	14654	614	-
6114	4734	14654	614	-
6114	4734	14654	614	-
6114	4734	14654	614	-
6114	4734	14654	614	-
6114	4734	14654	614	-
6114	4734	14654	614	-
6114	4734	14654	614	-
6114	4734	14654	614	-
6114	4734	14654	614	-
6114	4734	14654	614	-
6114	4734	14654	614	-
6114	4734	14654	614	-
6114	4734	14654	614	-
6114	4734	14654	614	-
6114	4734	14654	614	-
5376	4800	14654	614	snmpgetattack
6114	4734	14654	614	-
20312	19350	14654	615	-
13993	15667	14654	618	-
5376	4800	14654	619	snmpgetattack
23317	12431	14654	619	snmpgetattack
7215	13122	14654	619	-
13993	15667	14654	620	-
7215	15667	14654	620	-
7215	1633	14654	621	-
13993	15667	14654	622	-
6775	2843	14654	623	-
18246	3901	14654	623	-
6775	3297	14654	623	-
5376	4800	14654	624	snmpgetattack
23317	12431	14654	624	snmpgetattack
18246	9502	14654	626	-
13993	15667	14654	626	-
18246	9502	14654	627	-
18246	9502	14654	627	-
18246	9502	14654	627	-
10571	3611	14654	627	-
10571	3611	14654	627	-
10571	3611	14654	627	-
10571	3611	14654	627	-
18246	9502	14654	627	-
10571	3611	14654	627	-
18246	9502	14654	627	-
10571	3611	14654	627	-
10571	3611	14654	627	-
5376	4800	14654	629	snmpgetattack
23317	12431	14654	629	snmpgetattack
5376	4800	14654	634	snmpgetattack
23317	12431	14654	634	snmpgetattack
7179	14437	14654	638	-
23317	12431	14654	639	snmpgetattack
5376	4800	14654	639	snmpgetattack
5376	4800	14654	644	snmpgetattack
23317	12431	14654	644	snmpgetattack
18246	9502	14654	645	-
18246	9502	14654	645	-
18246	9502	14654	645	-
20312	19350	14654	645	-
18246	9502	14654	645	-
18246	9502	14654	645	-
16671	387	14654	648	-
16671	387	14654	648	-
16671	387	14654	648	-
16671	387	14654	648	-
16671	387	14654	648	-
16671	387	14654	648	-
16671	387	14654	648	-
16671	387	14654	648	-
16671	387	14654	648	-
16671	387	14654	648	-
16671	387	14654	648	-
16671	387	14654	648	-
16671	387	14654	648	-
16671	387	14654	648	-
16671	387	14654	648	-
16671	387	14654	648	-
16671	387	14654	648	-
16671	387	14654	648	-
16671	387	14654	649	-
16671	387	14654	649	-
23317	12431	14654	649	snmpgetattack
5376	4800	14654	649	snmpgetattack
23317	12431	14654	654	snmpgetattack
5376	4800	14654	654	snmpgetattack
20312	19350	14654	655	-
8294	11780	14654	657	nmap
5376	4800	14654	659	snmpgetattack
23317	12431	14654	659	snmpgetattack
4800	5500	14654	659	-
4800	5500	14654	663	-
4800	5500	14654	663	-
5376	4800	14654	664	snmpgetattack
23317	12431	14654	664	snmpgetattack
23317	12431	41970	670	snmpgetattack
5376	4800	41970	670	snmpgetattack
20312	19350	41970	670	-
20312	19350	41970	670	-
5376	4800	41970	675	snmpgetattack
23317	12431	41970	675	snmpgetattack
4800	5500	41970	676	-
4800	5500	41970	676	-
23317	12431	41970	680	snmpgetattack
5376	4800	41970	680	snmpgetattack
23317	12431	41970	685	snmpgetattack
5376	4800	41970	685	snmpgetattack
23317	12431	41970	690	snmpgetattack
5376	4800	41970	690	snmpgetattack
5376	4800	41970	695	snmpgetattack
23317	12431	41970	695	snmpgetattack
16671	22525	41970	696	-
16671	22525	41970	696	-
16671	22525	41970	696	-
13993	4218	41970	696	-
16671	22525	41970	696	-
16671	22525	41970	697	-
16671	22525	41970	697	-
16671	22525	41970	697	-
16671	22525	41970	697	-
16671	22525	41970	697	-
16671	22525	41970	697	-
16671	22525	41970	697	-
16671	22525	41970	697	-
16671	22525	41970	697	-
16671	22525	41970	697	-
16671	22525	41970	697	-
16671	22525	41970	697	-
16671	22525	41970	697	-
16671	22525	41970	697	-
16671	22525	41970	697	-
16671	22525	41970	697	-
5376	4800	41970	700	snmpgetattack
23317	12431	41970	700	snmpgetattack
20312	19350	41970	700	-
20312	19350	41970	700	-
4800	5500	41970	701	-
4800	5500	41970	701	-
5376	4800	41970	705	snmpgetattack
23317	12431	41970	705	snmpgetattack
14547	13122	41970	708	-
5376	4800	41970	710	snmpgetattack
4800	5500	41970	710	-
4800	5500	41970	710	-
4800	5500	41970	710	-
4800	5500	41970	710	-
4800	5500	41970	710	-
23317	12431	41970	710	snmpgetattack
16671	14623	41970	713	-
16671	14623	41970	713	-
16671	14623	41970	713	-
16671	14623	41970	713	-
16671	14623	41970	713	-
16671	14623	41970	713	-
16671	14623	41970	713	-
16671	14623	41970	713	-
16671	14623	41970	713	-
16671	14623	41970	713	-
16671	14623	41970	713	-
16671	14623	41970	713	-
16671	14623	41970	713	-
16671	14623	41970	713	-
23317	12431	41970	715	snmpgetattack
5376	4800	41970	715	snmpgetattack
16671	1984	41970	716	-
23317	12431	41970	720	snmpgetattack
5376	4800	41970	720	snmpgetattack
5376	4800	41970	725	snmpgetattack
23317	12431	41970	725	snmpgetattack
20312	19350	41970	725	-
20312	19350	41970	725	-
19839	15667	41970	725	-
5376	4800	44710	730	snmpgetattack
23317	12431	44710	730	snmpgetattack
5376	4800	44710	735	snmpgetattack
23317	12431	44710	735	snmpgetattack
20312	19350	44710	735	-
20312	19350	44710	735	-
4800	13015	44710	739	-
4800	20367	44710	739	-
5376	4800	44710	740	snmpgetattack
23317	12431	44710	740	snmpgetattack
5376	4800	44710	745	snmpgetattack
23317	12431	44710	745	snmpgetattack
5376	4800	44710	750	snmpgetattack
23317	12431	44710	750	snmpgetattack
20312	19350	44710	750	-
16671	14623	44710	751	-
16671	14623	44710	751	-
16671	14623	44710	751	-
16671	14623	44710	751	-
16671	14623	44710	751	-
16671	14623	44710	751	-
16671	14623	44710	751	-
16671	14623	44710	751	-
16671	14623	44710	751	-
16671	14623	44710	751	-
16671	14623	44710	752	-
16671	14623	44710	752	-
16671	14623	44710	752	-
16671	14623	44710	752	-
5376	4800	44710	755	snmpgetattack
23317	12431	44710	755	snmpgetattack
16671	14623	44710	759	-
5376	4800	44710	760	snmpgetattack
23317	12431	44710	760	snmpgetattack
5376	4800	44710	765	snmpgetattack
23317	12431	44710	765	snmpgetattack
16671	14623	44710	766	-
16671	14623	44710	766	-
16671	14623	44710	766	-
16671	14623	44710	766	-
16671	14623	44710	766	-
16671	14623	44710	766	-
16671	14623	44710	766	-
16671	14623	44710	766	-
16671	14623	44710	766	-
16671	14623	44710	766	-
16671	14623	44710	766	-
16671	14623	44710	766	-
16671	14623	44710	766	-
23317	882	44710	768	-
15394	4800	44710	768	-
5376	4800	44710	770	snmpgetattack
23317	12431	44710	770	snmpgetattack
5376	4800	44710	775	snmpgetattack
23317	12431	44710	775	snmpgetattack
5376	4800	44710	780	snmpgetattack
23317	12431	44710	780	snmpgetattack
20312	19350	44710	780	-
20312	19350	44710	780	-
12332	3611	44710	783	-
12332	3611	44710	784	-
12332	3611	44710	784	-
12332	3611	44710	784	-
12332	3611	44710	784	-
12332	3611	44710	784	-
12332	3611	44710	784	-
5376	4800	44710	785	snmpgetattack
23317	12431	44710	785	snmpgetattack
23317	12431	39737	791	snmpgetattack
5376	4800	39737	791	snmpgetattack
5376	4800	39737	796	snmpgetattack
23317	12431	39737	796	snmpgetattack
23317	12431	39737	801	snmpgetattack
5376	4800	39737	801	snmpgetattack
5376	4800	39737	806	snmpgetattack
23317	12431	39737	806	snmpgetattack
8294	11780	39737	808	nmap
20312	19350	39737	810	-
20312	19350	39737	810	-
20312	19350	39737	810	-
5376	4800	39737	811	snmpgetattack
23317	12431	39737	811	snmpgetattack
5376	4800	39737	816	snmpgetattack
23317	12431	39737	816	snmpgetattack
18246	1398	39737	817	-
18246	1398	39737	817	-
18246	1398	39737	817	-
18246	1398	39737	817	-
18246	1398	39737	817	-
18246	1398	39737	817	-
18246	1398	39737	817	-
18246	1398	39737	817	-
18246	1398	39737	817	-
20312	19350	39737	820	-
20312	19350	39737	820	-
23317	12431	39737	821	snmpgetattack
5376	4800	39737	821	snmpgetattack
5376	4800	39737	826	snmpgetattack
23317	12431	39737	826	snmpgetattack
13993	9854	39737	827	-
13993	9854	39737	827	-
13993	9854	39737	827	-
5376	4800	39737	831	snmpgetattack
23317	12431	39737	831	snmpgetattack
20312	19350	39737	835	-
20312	19350	39737	835	-
23317	12431	39737	836	snmpgetattack
5376	4800	39737	836	snmpgetattack
16671	14623	39737	840	-
16671	14623	39737	840	-
16671	14623	39737	840	-
16671	14623	39737	840	-
16671	14623	39737	840	-
16671	14623	39737	840	-
16671	14623	39737	840	-
16671	14623	39737	840	-
16671	14623	39737	840	-
16671	14623	39737	840	-
16671	14623	39737	840	-
23317	12431	39737	841	snmpgetattack
5376	4800	39737	841	snmpgetattack
23317	12431	39737	846	snmpgetattack
5376	4800	39737	846	snmpgetattack
5376	4800	154	851	snmpgetattack
23317	12431	154	851	snmpgetattack
3297	1001	154	852	-
5376	4800	154	856	snmpgetattack
23317	12431	154	856	snmpgetattack
6114	16409	154	858	-
6114	16409	154	858	-
6114	16409	154	858	-
6114	16409	154	858	-
6114	16409	154	858	-
6114	16409	154	858	-
6114	16409	154	858	-
6114	16409	154	858	-
6114	16409	154	858	-
6114	16409	154	858	-
6114	16409	154	858	-
6114	16409	154	858	-
6114	16409	154	858	-
6114	16409	154	858	-
6114	16409	154	858	-
6114	16409	154	858	-
6114	16409	154	858	-
5376	4800	154	861	snmpgetattack
23317	12431	154	861	snmpgetattack
5376	4800	154	866	snmpgetattack
23317	12431	154	866	snmpgetattack
6114	16409	154	869	-
5376	4800	154	871	snmpgetattack
23317	12431	154	871	snmpgetattack
6775	4981	154	872	-
6775	16531	154	872	-
5376	4800	154	876	snmpgetattack
23317	12431	154	876	snmpgetattack
23317	12431	154	881	snmpgetattack
5376	4800	154	881	snmpgetattack
23317	12431	154	886	snmpgetattack
5376	4800	154	886	snmpgetattack
20312	19350	154	890	-
5376	4800	154	891	snmpgetattack
23317	12431	154	891	snmpgetattack
7179	23167	154	894	-
7179	2843	154	895	-
23317	12431	154	896	snmpgetattack
5376	4800	154	896	snmpgetattack
20312	19350	154	900	-
20312	19350	154	900	-
23317	12431	154	901	snmpgetattack
5376	4800	154	901	snmpgetattack
13993	15667	154	904	-
4800	16409	154	905	-
4800	16409	154	905	-
4800	16409	154	905	-
4800	16409	154	905	-
4800	16409	154	905	-
4800	16409	154	905	-
4800	16409	154	905	-
4800	16409	154	905	-
4800	16409	154	905	-
4800	16409	154	905	-
4800	16409	154	905	-
4800	16409	154	905	-
17624	16531	154	905	-
4800	16409	154	905	-
4800	16409	154	905	-
4800	16409	154	905	-
4800	16409	154	906	-
4800	16409	154	906	-
5376	4800	154	906	snmpgetattack
23317	12431	154	906	snmpgetattack
17624	16531	154	907	-
17624	16531	28005	910	-
5376	4800	28005	912	snmpgetattack
23317	12431	28005	912	snmpgetattack
17624	16531	28005	913	-
3957	5938	28005	915	-
23317	12431	28005	917	snmpgetattack
5376	4800	28005	917	snmpgetattack
6114	16409	28005	920	-
23317	12431	28005	922	snmpgetattack
5376	4800	28005	922	snmpgetattack
16671	14623	28005	923	-
16671	14623	28005	924	-
16671	14623	28005	924	-
16671	14623	28005	924	-
16671	14623	28005	924	-
16671	14623	28005	924	-
16671	14623	28005	924	-
16671	14623	28005	924	-
16671	14623	28005	924	-
16671	14623	28005	924	-
16671	14623	28005	924	-
16671	14623	28005	924	-
16671	14623	28005	924	-
16671	14623	28005	924	-
6114	16409	28005	926	-
6114	16409	28005	926	-
6114	16409	28005	926	-
6114	16409	28005	926	-
6114	16409	28005	926	-
6114	16409	28005	926	-
6114	16409	28005	926	-
6114	16409	28005	926	-
6114	16409	28005	926	-
6114	16409	28005	926	-
6114	16409	28005	926	-
6114	16409	28005	926	-
6114	16409	28005	926	-
6114	16409	28005	926	-
6114	16409	28005	926	-
6114	16409	28005	926	-
6114	16409	28005	926	-
5376	4800	28005	927	snmpgetattack
23317	12431	28005	927	snmpgetattack
5376	4800	28005	932	snmpgetattack
23317	12431	28005	932	snmpgetattack
5376	4800	28005	937	snmpgetattack
23317	12431	28005	937	snmpgetattack
23317	12431	28005	942	snmpgetattack
5376	4800	28005	942	snmpgetattack
3957	5938	28005	945	-
5376	4800	28005	947	snmpgetattack
23317	12431	28005	947	snmpgetattack
4800	16409	28005	948	-
4800	16409	28005	948	-
4800	16409	28005	948	-
4800	16409	28005	948	-
4800	16409	28005	948	-
4800	16409	28005	949	-
4800	16409	28005	949	-
4800	16409	28005	949	-
4800	16409	28005	949	-
4800	16409	28005	949	-
4800	16409	28005	949	-
4800	16409	28005	949	-
4800	16409	28005	949	-
4800	16409	28005	949	-
4800	16409	28005	949	-
4800	16409	28005	949	-
4800	16409	28005	949	-
5376	4800	28005	952	snmpgetattack
23317	12431	28005	952	snmpgetattack
6775	8452	28005	955	-
5376	4800	28005	957	snmpgetattack
23317	12431	28005	957	snmpgetattack
8294	11780	28005	959	nmap
13993	7136	28005	960	-
13993	7136	28005	960	-
23317	12431	28005	962	snmpgetattack
5376	4800	28005	962	snmpgetattack
23317	12431	28005	967	snmpgetattack
5376	4800	28005	967	snmpgetattack
18246	3901	28005	967	-
23317	12431	16153	972	snmpgetattack
5376	4800	16153	972	snmpgetattack
18246	3795	16153	973	-
18246	3795	16153	973	-
18246	3795	16153	973	-
18246	17697	16153	973	-
18246	3795	16153	973	-
18246	3795	16153	973	-
18246	3795	16153	973	-
20312	19350	16153	975	-
23317	12431	16153	977	snmpgetattack
5376	4800	16153	977	snmpgetattack
23317	12431	16153	982	snmpgetattack
5376	4800	16153	982	snmpgetattack
13993	22227	16153	985	-
13993	22227	16153	985	-
13993	22227	16153	985	-
20312	19350	16153	985	-
5376	4800	16153	987	snmpgetattack
23317	12431	16153	987	snmpgetattack
10571	16332	16153	987	-
3076	8452	16153	990	-
5376	4800	16153	992	snmpgetattack
23317	12431	16153	992	snmpgetattack
5376	4800	16153	997	snmpgetattack
23317	12431	16153	997	snmpgetattack
20312	19350	16153	1000	-
23317	12431	16153	1002	snmpgetattack
5376	4800	16153	1002	snmpgetattack
3297	22986	16153	1003	-
3297	15894	16153	1004	-
7215	22986	16153	1006	-
7215	13122	16153	1006	-
23317	12431	16153	1007	snmpgetattack
5376	4800	16153	1007	snmpgetattack
7215	15894	16153	1007	-
7215	19834	16153	1008	-
7215	11900	16153	1009	-
7215	15667	16153	1010	-
14547	15894	16153	1010	-
5376	4800	16153	1012	snmpgetattack
14547	11900	16153	1012	-
23317	12431	16153	1012	snmpgetattack
18246	3076	16153	1015	-
18246	3076	16153	1016	-
18246	3076	16153	1016	-
18246	3076	16153	1016	-
18246	3076	16153	1016	-
18246	3076	16153	1016	-
18246	3076	16153	1016	-
18246	3076	16153	1016	-
18246	3076	16153	1016	-
18246	3076	16153	1017	-
18246	3076	16153	1017	-
3957	15394	16153	1017	-
18246	3076	16153	1017	-
18246	3076	16153	1017	-
18246	6114	16153	1017	-
18246	3076	16153	1017	-
18246	3076	16153	1017	-
18246	3076	16153	1017	-
18246	3076	16153	1017	-
18246	3076	16153	1017	-
18246	3076	16153	1017	-
18246	3076	16153	1017	-
23317	12431	16153	1017	snmpgetattack
18246	3076	16153	1017	-
18246	3076	16153	1017	-
5376	4800	16153	1017	snmpgetattack
6775	3611	16153	1018	-
13993	22227	16153	1019	-
13993	22227	16153	1019	-
13993	22227	16153	1019	-
13993	22227	16153	1019	-
23317	12431	16153	1022	snmpgetattack
5376	4800	16153	1022	snmpgetattack
16671	18332	16153	1026	-
6775	3461	16153	1026	-
11001	13122	16153	1027	-
6775	4981	16153	1027	-
5376	4800	25078	1028	snmpgetattack
23317	12431	25078	1028	snmpgetattack
16671	14623	25078	1028	-
16671	14623	25078	1028	-
16671	14623	25078	1028	-
16671	14623	25078	1028	-
16671	14623	25078	1028	-
6114	16409	25078	1028	-
11001	15667	25078	1028	-
18246	17923	25078	1028	-
16671	14623	25078	1028	-
16671	14623	25078	1029	-
18246	17923	25078	1029	-
16671	14623	25078	1029	-
16671	14623	25078	1029	-
16671	14623	25078	1029	-
18246	17923	25078	1029	-
16671	14623	25078	1029	-
11001	1633	25078	1029	-
3957	5938	25078	1030	-
13993	4542	25078	1031	-
13993	4542	25078	1031	-
13993	4542	25078	1031	-
13993	4542	25078	1031	-
13993	4542	25078	1031	-
13993	4542	25078	1031	-
13993	4542	25078	1031	-
13993	4542	25078	1031	-
13993	4542	25078	1031	-
13993	4542	25078	1031	-
13993	4542	25078	1031	-
13993	4542	25078	1032	-
13993	4542	25078	1032	-
13993	4542	25078	1032	-
13993	4542	25078	1032	-
13993	4542	25078	1032	-
5376	4800	25078	1033	snmpgetattack
23317	12431	25078	1033	snmpgetattack
18246	7485	25078	1036	-
18246	7485	25078	1037	-
18246	7485	25078	1037	-
18246	3957	25078	1037	-
18246	7485	25078	1037	-
18246	3957	25078	1037	-
18246	7485	25078	1037	-
18246	7485	25078	1037	-
18246	7485	25078	1037	-
18246	7485	25078	1037	-
18246	7485	25078	1037	-
18246	7485	25078	1037	-
18246	7485	25078	1037	-
18246	7485	25078	1037	-
18246	7485	25078	1037	-
18246	7485	25078	1037	-
18246	3957	25078	1037	-
18246	7485	25078	1037	-
18246	3957	25078	1037	-
23317	12431	25078	1038	snmpgetattack
5376	4800	25078	1038	snmpgetattack
7179	3297	25078	1039	-
7179	16531	25078	1039	-
6775	2843	25078	1040	-
7179	9554	25078	1040	-
6775	3297	25078	1041	-
882	2843	25078	1041	-
4800	13015	25078	1042	-
4800	20367	25078	1042	-
5376	4800	25078	1043	snmpgetattack
23317	12431	25078	1043	snmpgetattack
6775	4981	25078	1045	-
882	16531	25078	1045	-
23317	12431	25078	1048	snmpgetattack
5376	4800	25078	1048	snmpgetattack
5376	4800	25078	1053	snmpgetattack
23317	12431	25078	1053	snmpgetattack
20312	19350	25078	1055	-
13993	4542	25078	1056	-
882	3611	25078	1056	-
882	3611	25078	1056	-
882	3611	25078	1056	-
882	3611	25078	1056	-
882	3611	25078	1056	-
882	3611	25078	1056	-
882	3611	25078	1056	-
5376	4800	25078	1058	snmpgetattack
23317	12431	25078	1058	snmpgetattack
13993	4542	25078	1059	-
13993	4542	25078	1059	-
6114	4361	25078	1061	-
7782	15894	25078	1061	-
23317	12431	25078	1063	snmpgetattack
5376	4800	25078	1063	snmpgetattack
20312	19350	25078	1065	-
6114	3374	25078	1066	-
18246	6195	25078	1067	-
5376	4800	25078	1068	snmpgetattack
23317	12431	25078	1068	snmpgetattack
18246	7485	25078	1070	-
13993	18519	25078	1071	-
23317	12431	25078	1073	snmpgetattack
5376	4800	25078	1073	snmpgetattack
13993	18519	25078	1074	-
13993	18519	25078	1074	-
10571	3297	25078	1074	-
13993	18519	25078	1074	-
13993	18519	25078	1074	-
13993	18519	25078	1075	-
13993	18519	25078	1075	-
13993	18519	25078	1075	-
13993	18519	25078	1075	-
13993	18519	25078	1075	-
13993	18519	25078	1075	-
13993	18519	25078	1075	-
13993	18519	25078	1075	-
13993	18519	25078	1075	-
13993	18519	25078	1075	-
13993	18519	25078	1075	-
13993	18519	25078	1075	-
13993	18519	25078	1075	-
13993	18519	25078	1075	-
13993	18519	25078	1075	-
13993	18519	25078	1075	-
13993	18519	25078	1075	-
13993	18519	25078	1075	-
13993	18519	25078	1075	-
13993	18519	25078	1075	-
13993	18519	25078	1075	-
13993	18519	25078	1075	-
13993	18519	25078	1075	-
13993	18519	25078	1075	-
13993	18519	25078	1075	-
6114	3374	25078	1076	-
6114	3374	25078	1076	-
6114	3374	25078	1076	-
6114	3374	25078	1076	-
6114	3374	25078	1076	-
6114	3374	25078	1076	-
10571	23167	25078	1077	-
5376	4800	25078	1078	snmpgetattack
23317	12431	25078	1078	snmpgetattack
10571	3297	25078	1078	-
20312	19350	25078	1080	-
5376	4800	25078	1083	snmpgetattack
23317	12431	25078	1083	snmpgetattack
3611	15894	25078	1086	-
3611	1633	25078	1086	-
23317	12431	5026	1088	snmpgetattack
5376	4800	5026	1088	snmpgetattack
12985	13122	5026	1089	-
5376	4800	5026	1093	snmpgetattack
23317	12431	5026	1093	snmpgetattack
18246	8797	5026	1093	-
18246	7485	5026	1093	-
23317	12431	5026	1098	snmpgetattack
5376	4800	5026	1098	snmpgetattack
13993	15894	5026	1099	-
13993	15667	5026	1099	-
14547	15894	5026	1101	-
14547	15667	5026	1102	-
23317	12431	5026	1103	snmpgetattack
5376	4800	5026	1103	snmpgetattack
23317	12431	5026	1108	snmpgetattack
5376	4800	5026	1108	snmpgetattack
8294	11780	5026	1110	nmap
20312	19350	5026	1110	-
20312	19350	5026	1110	-
4405	8452	5026	1110	warez
12985	13065	5026	1111	warez
12985	13065	5026	1111	warez
5376	4800	5026	1113	snmpgetattack
23317	12431	5026	1113	snmpgetattack
5376	4800	5026	1118	snmpgetattack
23317	12431	5026	1118	snmpgetattack
6114	3374	5026	1119	-
6114	3374	5026	1119	-
6114	3374	5026	1119	-
6114	3374	5026	1119	-
6114	3374	5026	1119	-
6114	3374	5026	1119	-
6114	3374	5026	1119	-
23317	12431	5026	1123	snmpgetattack
5376	4800	5026	1123	snmpgetattack
23317	12431	5026	1128	snmpgetattack
5376	4800	5026	1128	snmpgetattack
5376	4800	5026	1133	snmpgetattack
23317	12431	5026	1134	snmpgetattack
5376	4800	5026	1139	snmpgetattack
23317	12431	5026	1139	snmpgetattack
20312	19350	5026	1140	-
20312	19350	5026	1140	-
5376	4800	5026	1144	snmpgetattack
23317	12431	5026	1144	snmpgetattack
5376	4800	38471	1149	snmpgetattack
23317	12431	38471	1149	snmpgetattack
20312	19350	38471	1150	-
20312	19350	38471	1150	-
5376	4800	38471	1154	snmpgetattack
23317	12431	38471	1154	snmpgetattack
5376	4800	38471	1159	snmpgetattack
6114	3076	38471	1159	-
6114	3076	38471	1159	-
6114	3076	38471	1159	-
6114	3076	38471	1159	-
6114	3076	38471	1159	-
6114	3076	38471	1159	-
6114	3076	38471	1159	-
6114	3076	38471	1159	-
6114	3076	38471	1159	-
6114	3076	38471	1159	-
6114	3076	38471	1159	-
6114	3076	38471	1159	-
6114	3076	38471	1159	-
23317	12431	38471	1159	snmpgetattack
6114	3076	38471	1159	-
6114	3076	38471	1160	-
6114	3076	38471	1160	-
6114	3076	38471	1160	-
6114	3076	38471	1160	-
6114	3076	38471	1160	-
6114	3076	38471	1160	-
6114	3076	38471	1160	-
6114	3076	38471	1160	-
6114	6114	38471	1160	-
7179	3297	38471	1161	-
7179	4981	38471	1161	-
23317	12431	38471	1164	snmpgetattack
4800	13015	38471	1164	-
5376	4800	38471	1164	snmpgetattack
4800	20367	38471	1164	-
4800	13015	38471	1164	-
4800	13015	38471	1164	-
4800	20367	38471	1164	-
4800	13015	38471	1164	-
4800	20367	38471	1164	-
4800	13015	38471	1164	-
20312	19350	38471	1165	-
23317	12431	38471	1169	snmpgetattack
5376	4800	38471	1169	snmpgetattack
23317	12431	38471	1174	snmpgetattack
5376	4800	38471	1174	snmpgetattack
882	3611	38471	1174	-
882	3611	38471	1175	-
882	3611	38471	1175	-
882	3611	38471	1175	-
882	3611	38471	1175	-
882	3611	38471	1175	-
882	3611	38471	1175	-
23317	12431	38471	1179	snmpgetattack
5376	4800	38471	1179	snmpgetattack
5376	4800	38471	1184	snmpgetattack
23317	12431	38471	1184	snmpgetattack
14267	3076	38471	1185	-
14267	3076	38471	1185	-
14267	3076	38471	1185	-
14267	3076	38471	1185	-
14267	3076	38471	1185	-
14267	3076	38471	1185	-
14267	3076	38471	1185	-
14267	3076	38471	1185	-
14267	3076	38471	1185	-
14267	3076	38471	1186	-
14267	3076	38471	1186	-
14267	6114	38471	1186	-
14267	3076	38471	1186	-
14267	3076	38471	1186	-
14267	3076	38471	1186	-
14267	3076	38471	1186	-
14267	3076	38471	1186	-
14267	3076	38471	1186	-
14267	3076	38471	1186	-
14267	3076	38471	1186	-
14267	3076	38471	1186	-
14267	3076	38471	1186	-
14267	3076	38471	1186	-
23317	12431	38471	1189	snmpgetattack
5376	4800	38471	1189	snmpgetattack
5376	4800	38471	1194	snmpgetattack
23317	12431	38471	1194	snmpgetattack
20312	19350	38471	1195	-
20312	19350	38471	1195	-
6114	3076	38471	1196	-
6114	3076	38471	1196	-
6114	3076	38471	1197	-
6114	3076	38471	1197	-
6114	3076	38471	1197	-
6114	3076	38471	1197	-
6114	3076	38471	1197	-
6114	3076	38471	1197	-
6114	3076	38471	1197	-
6114	3076	38471	1198	-
6114	3076	38471	1198	-
5376	4800	38471	1199	snmpgetattack
23317	12431	38471	1199	snmpgetattack
23317	12431	38471	1204	snmpgetattack
5376	4800	38471	1204	snmpgetattack
23317	12431	15667	1209	snmpgetattack
5376	4800	15667	1209	snmpgetattack
882	3611	15667	1210	-
18246	4553	15667	1212	-
18246	4553	15667	1212	-
18246	4553	15667	1212	-
18246	4553	15667	1212	-
18246	4553	15667	1212	-
18246	4553	15667	1212	-
18246	4553	15667	1212	-
18246	4553	15667	1212	-
18246	4553	15667	1212	-
18246	4553	15667	1212	-
18246	4553	15667	1212	-
23317	12431	15667	1214	snmpgetattack
5376	4800	15667	1214	snmpgetattack
8048	16593	15667	1215	-
4800	19709	15667	1219	-
4800	19709	15667	1219	-
4800	19709	15667	1219	-
4800	19709	15667	1219	-
4800	19709	15667	1219	-
4800	19709	15667	1219	-
5376	4800	15667	1219	snmpgetattack
23317	12431	15667	1219	snmpgetattack
4800	19709	15667	1219	-
4800	19709	15667	1219	-
4800	19709	15667	1219	-
4800	19709	15667	1219	-
4800	19709	15667	1219	-
4800	19709	15667	1219	-
4800	19709	15667	1219	-
4800	19709	15667	1219	-
4800	19709	15667	1219	-
4800	19709	15667	1220	-
4800	19709	15667	1220	-
4800	19709	15667	1220	-
4800	19709	15667	1220	-
4800	19709	15667	1220	-
4800	19709	15667	1220	-
4800	19709	15667	1220	-
4800	19709	15667	1220	-
4800	19709	15667	1220	-
4800	19709	15667	1220	-
4800	19709	15667	1220	-
4800	19709	15667	1220	-
4800	19709	15667	1220	-
4800	19709	15667	1220	-
4800	19709	15667	1220	-
4800	19709	15667	1220	-
4800	19709	15667	1220	-
4800	19709	15667	1220	-
4800	19709	15667	1220	-
4800	19709	15667	1220	-
4800	19709	15667	1220	-
4800	19709	15667	1220	-
4800	19709	15667	1220	-
4800	19709	15667	1220	-
4800	19709	15667	1220	-
4800	19709	15667	1220	-
4800	19709	15667	1220	-
20312	19350	15667	1220	-
20312	19350	15667	1220	-
23317	12431	15667	1224	snmpgetattack
5376	4800	15667	1224	snmpgetattack
5376	4800	15667	1229	snmpgetattack
23317	12431	15667	1229	snmpgetattack
20312	19350	15667	1230	-
5376	4800	15667	1234	snmpgetattack
23317	12431	15667	1234	snmpgetattack
5376	4800	15667	1240	snmpgetattack
23317	12431	15667	1240	snmpgetattack
23317	12431	15667	1245	snmpgetattack
20312	19350	15667	1245	-
5376	4800	15667	1245	snmpgetattack
23317	12431	15667	1250	snmpgetattack
5376	4800	15667	1250	snmpgetattack
14547	13122	15667	1251	-
8048	3461	15667	1253	-
23317	12431	15667	1255	snmpgetattack
5376	4800	15667	1255	snmpgetattack
6114	3076	15667	1258	-
6114	3076	15667	1258	-
6114	3832	15667	1258	-
23317	12431	15667	1260	snmpgetattack
5376	4800	15667	1260	snmpgetattack
8294	11780	15667	1261	nmap
4800	17906	15667	1262	-
4800	19709	15667	1262	-
4800	7179	15667	1262	-
4800	19709	15667	1262	-
4800	19709	15667	1262	-
4800	19709	15667	1262	-
4800	19709	15667	1263	-
4800	19709	15667	1263	-
4800	19709	15667	1263	-
4800	19709	15667	1263	-
4800	19709	15667	1263	-
4800	19709	15667	1263	-
4800	19709	15667	1263	-
4800	19709	15667	1263	-
4800	19709	15667	1263	-
4800	19709	15667	1263	-
4800	19709	15667	1263	-
4800	19709	15667	1263	-
4800	19709	15667	1263	-
4800	19709	15667	1263	-
4800	19709	15667	1263	-
4800	19709	15667	1263	-
4800	19709	15667	1263	-
4800	19709	15667	1263	-
4800	19709	15667	1263	-
4800	19709	15667	1263	-
4800	19709	15667	1263	-
4800	19709	15667	1263	-
4800	19709	15667	1263	-
18246	4553	15667	1264	-
23317	12431	15667	1265	snmpgetattack
5376	4800	15667	1265	snmpgetattack
4800	18505	15667	1267	-
4800	18505	15667	1267	-
4800	18505	15667	1267	-
4800	19709	15667	1267	-
4800	18505	15667	1267	-
4800	19709	15667	1267	-
4800	18505	15667	1267	-
4800	18505	15667	1267	-
4800	18505	15667	1267	-
4800	18505	15667	1267	-
4800	18505	15667	1267	-
18246	4553	13566	1268	-
18246	4553	13566	1268	-
18246	4553	13566	1268	-
18246	4553	13566	1268	-
18246	4553	13566	1268	-
5376	4800	13566	1270	snmpgetattack
23317	12431	13566	1270	snmpgetattack
5376	4800	13566	1275	snmpgetattack
20312	19350	13566	1275	-
23317	12431	13566	1275	snmpgetattack
5376	4800	13566	1280	snmpgetattack
23317	12431	13566	1280	snmpgetattack
23317	12431	13566	1285	snmpgetattack
5376	4800	13566	1285	snmpgetattack
5376	4800	13566	1290	snmpgetattack
6114	3076	13566	1290	-
23317	12431	13566	1290	snmpgetattack
6114	3076	13566	1291	-
6114	3076	13566	1291	-
6114	3076	13566	1291	-
6114	3076	13566	1291	-
6114	3076	13566	1291	-
6114	3076	13566	1291	-
6114	3076	13566	1291	-
6114	3076	13566	1291	-
6114	3076	13566	1291	-
6114	3076	13566	1291	-
6114	3076	13566	1291	-
6114	3076	13566	1291	-
6114	3076	13566	1291	-
6114	3076	13566	1291	-
6114	3076	13566	1291	-
6114	3076	13566	1291	-
6114	3076	13566	1291	-
6114	6114	13566	1291	-
6114	3076	13566	1291	-
6114	3076	13566	1291	-
6114	3076	13566	1291	-
6114	3076	13566	1291	-
23317	12431	13566	1295	snmpgetattack
5376	4800	13566	1295	snmpgetattack
10429	11900	13566	1297	-
23317	12431	13566	1300	snmpgetattack
5376	4800	13566	1300	snmpgetattack
5376	4800	13566	1305	snmpgetattack
23317	12431	13566	1305	snmpgetattack
20312	19350	13566	1305	-
882	16593	13566	1308	-
882	16332	13566	1308	-
5376	4800	13566	1310	snmpgetattack
23317	12431	13566	1310	snmpgetattack
12332	23167	13566	1310	-
14267	3076	13566	1313	-
14267	3076	13566	1313	-
14267	3076	13566	1313	-
14267	3076	13566	1313	-
14267	3076	13566	1313	-
14267	3076	13566	1313	-
14267	3076	13566	1314	-
14267	3076	13566	1314	-
14267	3076	13566	1314	-
5376	4800	13566	1315	snmpgetattack
23317	12431	13566	1315	snmpgetattack
20312	19350	13566	1315	-
10429	19834	13566	1318	-
10429	11900	13566	1318	-
5376	4800	13566	1320	snmpgetattack
23317	12431	13566	1320	snmpgetattack
19603	16531	13566	1322	-
23317	12431	13566	1325	snmpgetattack
5376	4800	13566	1325	snmpgetattack
13993	19531	10062	1328	-
13993	19531	10062	1330	-
20312	19350	10062	1330	-
5376	4800	10062	1331	snmpgetattack
23317	12431	10062	1331	snmpgetattack
13993	19531	10062	1332	-
13993	19531	10062	1334	-
5376	4800	10062	1336	snmpgetattack
23317	12431	10062	1336	snmpgetattack
13993	19531	10062	1336	-
13993	19531	10062	1338	-
13993	19531	10062	1341	-
13993	19531	10062	1341	-
5376	4800	10062	1341	snmpgetattack
23317	12431	10062	1341	snmpgetattack
13993	19531	10062	1341	-
13993	19531	10062	1341	-
13993	19531	10062	1341	-
13993	19531	10062	1341	-
13993	19531	10062	1341	-
13993	19531	10062	1341	-
13993	19531	10062	1341	-
13993	19531	10062	1341	-
13993	19531	10062	1341	-
13993	19531	10062	1341	-
13993	19531	10062	1341	-
13993	19531	10062	1342	-
13993	19531	10062	1342	-
13993	19531	10062	1342	-
8048	3461	10062	1343	-
8048	16593	10062	1344	-
8048	14437	10062	1345	-
5376	4800	10062	1346	snmpgetattack
23317	12431	10062	1346	snmpgetattack
6114	6114	10062	1346	-
8048	23167	10062	1347	-
8048	3297	10062	1349	-
23317	12431	10062	1351	snmpgetattack
5376	4800	10062	1351	snmpgetattack
8048	4981	10062	1353	-
8048	16531	10062	1354	-
8048	9554	10062	1355	-
5376	4800	10062	1356	snmpgetattack
23317	12431	10062	1356	snmpgetattack
8048	16332	10062	1358	-
3957	5938	10062	1360	-
23317	12431	10062	1361	snmpgetattack
5376	4800	10062	1361	snmpgetattack
13993	13122	10062	1362	-
18246	6157	10062	1366	-
23317	12431	10062	1366	snmpgetattack
5376	4800	10062	1366	snmpgetattack
18246	6157	10062	1367	-
4800	19709	10062	1367	-
18246	6157	10062	1367	-
18246	6157	10062	1367	-
18246	6157	10062	1367	-
18246	6157	10062	1367	-
18246	6157	10062	1367	-
18246	6157	10062	1367	-
4800	19709	10062	1367	-
18246	6157	10062	1367	-
4800	19709	10062	1367	-
4800	19709	10062	1367	-
4800	17906	10062	1367	-
18246	6157	10062	1367	-
18246	6157	10062	1367	-
18246	6157	10062	1367	-
18246	6157	10062	1367	-
18246	6157	10062	1367	-
18246	14263	10062	1367	-
3076	4981	10062	1367	-
18246	6157	10062	1368	-
18246	6157	10062	1368	-
18246	6157	10062	1368	-
18246	3858	10062	1368	-
18246	6157	10062	1368	-
18246	1909	10062	1368	-
18246	6157	10062	1368	-
18246	6157	10062	1368	-
18246	14263	10062	1368	-
18246	6157	10062	1368	-
18246	14263	10062	1368	-
18246	6157	10062	1368	-
18246	6157	10062	1368	-
18246	6157	10062	1368	-
18246	6157	10062	1368	-
23317	882	10062	1368	-
18246	6157	10062	1368	-
18246	6157	10062	1368	-
18246	6157	10062	1368	-
18246	14263	10062	1368	-
18246	6157	10062	1368	-
15394	4800	10062	1368	-
5376	4800	10062	1371	snmpgetattack
23317	12431	10062	1371	snmpgetattack
23317	12431	10062	1376	snmpgetattack
5376	4800	10062	1376	snmpgetattack
10429	1633	10062	1377	-
23317	12431	10062	1381	snmpgetattack
5376	4800	10062	1381	snmpgetattack
20312	19350	10062	1385	-
5376	4800	10062	1386	snmpgetattack
23317	12431	10062	1386	snmpgetattack
5376	4800	878	1391	snmpgetattack
23317	12431	878	1391	snmpgetattack
13993	13966	878	1395	-
13993	13966	878	1395	-
13993	13966	878	1395	-
13993	13966	878	1395	-
13993	13966	878	1395	-
13993	17697	878	1395	-
13993	13966	878	1395	-
20312	19350	878	1395	-
13993	13966	878	1395	-
13993	13966	878	1395	-
13993	13966	878	1395	-
13993	13966	878	1395	-
13993	13966	878	1395	-
13993	13966	878	1395	-
13993	13966	878	1395	-
13993	13966	878	1395	-
13993	13966	878	1395	-
13993	13966	878	1395	-
13993	13966	878	1395	-
13993	13966	878	1395	-
13993	13966	878	1395	-
13993	13966	878	1395	-
5376	4800	878	1396	snmpgetattack
23317	12431	878	1396	snmpgetattack
5376	4800	878	1401	snmpgetattack
23317	12431	878	1401	snmpgetattack
5376	4800	878	1406	snmpgetattack
23317	12431	878	1406	snmpgetattack
4800	19709	878	1408	-
4800	19709	878	1409	-
4800	19709	878	1409	-
4800	19709	878	1409	-
4800	19709	878	1409	-
4800	19709	878	1409	-
4800	19709	878	1409	-
4800	19709	878	1409	-
4800	19709	878	1409	-
4800	19709	878	1409	-
4800	19709	878	1409	-
4800	19709	878	1409	-
4800	19709	878	1409	-
4800	19709	878	1409	-
4800	19709	878	1409	-
4800	19709	878	1409	-
4800	19709	878	1409	-
4800	19709	878	1409	-
4800	19709	878	1409	-
4800	19709	878	1409	-
4800	20495	878	1409	-
4800	19709	878	1409	-
4800	19709	878	1409	-
4800	19709	878	1409	-
4800	19709	878	1409	-
4800	19709	878	1409	-
4800	19709	878	1409	-
4800	19709	878	1409	-
4800	19709	878	1409	-
4800	19709	878	1409	-
4800	19709	878	1409	-
4800	19709	878	1409	-
4800	19709	878	1409	-
4800	19709	878	1409	-
4800	19709	878	1410	-
4800	19709	878	1410	-
4800	19709	878	1410	-
4800	19709	878	1410	-
4800	19709	878	1410	-
4800	19709	878	1410	-
4800	19709	878	1410	-
4800	19709	878	1410	-
5376	4800	878	1411	snmpgetattack
23317	12431	878	1411	snmpgetattack
20312	19350	878	1411	-
8048	3461	878	1411	-
6114	17005	878	1412	-
8294	11780	878	1412	nmap
8048	16593	878	1412	-
8048	14437	878	1413	-
8048	23167	878	1415	-
5376	4800	878	1416	snmpgetattack
23317	12431	878	1416	snmpgetattack
8048	3297	878	1416	-
5376	4800	878	1421	snmpgetattack
23317	12431	878	1421	snmpgetattack
882	3611	878	1421	-
8048	2843	878	1422	-
8048	4981	878	1422	-
8048	16531	878	1423	-
8048	9554	878	1424	-
882	3611	878	1424	-
5376	4800	878	1426	snmpgetattack
23317	12431	878	1426	snmpgetattack
8048	16332	878	1426	-
6775	8452	878	1427	-
3957	587	878	1427	-
23317	12431	878	1431	snmpgetattack
5376	4800	878	1431	snmpgetattack
6775	2843	878	1433	-
6775	16593	878	1433	-
5376	4800	878	1436	snmpgetattack
23317	12431	878	1436	snmpgetattack
14267	3076	878	1439	-
14267	3076	878	1439	-
14267	3076	878	1439	-
14267	3076	878	1439	-
14267	3076	878	1439	-
14267	3076	878	1439	-
14267	3076	878	1439	-
14267	3076	878	1439	-
14267	3076	878	1439	-
14267	3076	878	1439	-
14267	3076	878	1439	-
14267	3076	878	1439	-
882	4981	878	1439	-
14267	3076	878	1440	-
14267	3076	878	1440	-
14267	3076	878	1440	-
20312	19350	878	1441	-
5376	4800	878	1442	snmpgetattack
23317	12431	878	1442	snmpgetattack
882	4981	878	1443	-
18246	2973	878	1446	-
18246	2973	878	1446	-
18246	2973	878	1446	-
5376	4800	878	1447	snmpgetattack
23317	12431	878	1447	snmpgetattack
18246	2973	878	1447	-
18246	2973	878	1447	-
18246	2973	878	1447	-
18246	2973	878	1447	-
18246	2973	878	1447	-
18246	2973	878	1447	-
18246	2973	878	1447	-
18246	2973	878	1447	-
18246	2973	878	1447	-
18246	2973	878	1447	-
18246	2973	878	1447	-
23317	12431	3889	1452	snmpgetattack
5376	4800	3889	1452	snmpgetattack
6775	3297	3889	1452	-
23317	12431	3889	1457	snmpgetattack
5376	4800	3889	1457	snmpgetattack
18246	2973	3889	1461	-
18246	2973	3889	1461	-
18246	2973	3889	1461	-
18246	2973	3889	1461	-
18246	2973	3889	1461	-
5376	4800	3889	1462	snmpgetattack
23317	12431	3889	1462	snmpgetattack
5376	4800	3889	1467	snmpgetattack
23317	12431	3889	1467	snmpgetattack
12985	13122	3889	1469	-
12985	19531	3889	1469	-
20312	19350	3889	1471	-
5376	4800	3889	1472	snmpgetattack
23317	12431	3889	1472	snmpgetattack
23317	12431	3889	1477	snmpgetattack
5376	4800	3889	1477	snmpgetattack
23317	12431	3889	1482	snmpgetattack
5376	4800	3889	1482	snmpgetattack
23317	12431	3889	1487	snmpgetattack
5376	4800	3889	1487	snmpgetattack
14267	3076	3889	1491	-
14267	3076	3889	1491	-
14267	3076	3889	1491	-
14267	3076	3889	1491	-
14267	3076	3889	1491	-
14267	3076	3889	1491	-
14267	3076	3889	1491	-
14267	3076	3889	1491	-
14267	3076	3889	1491	-
14267	3076	3889	1491	-
14267	3076	3889	1491	-
14267	3076	3889	1491	-
14267	3076	3889	1491	-
5376	4800	3889	1492	snmpgetattack
23317	12431	3889	1492	snmpgetattack
3076	16593	3889	1493	-
3076	8452	3889	1493	-
3076	14437	3889	1494	-
19839	22986	3889	1496	-
20312	19350	3889	1496	-
3076	3611	3889	1496	-
3076	23167	3889	1497	-
23317	12431	3889	1497	snmpgetattack
5376	4800	3889	1497	snmpgetattack
3076	3297	3889	1497	-
3076	2843	3889	1499	-
5376	4800	3889	1502	snmpgetattack
23317	12431	3889	1502	snmpgetattack
3076	16531	3889	1503	-
4800	19709	3889	1505	-
4800	19709	3889	1505	-
4800	19709	3889	1505	-
4800	19709	3889	1505	-
4800	19709	3889	1505	-
4800	19709	3889	1505	-
3076	7268	3889	1505	-
3076	9554	3889	1506	-
5376	4800	3889	1507	snmpgetattack
23317	12431	3889	1507	snmpgetattack
3076	16332	3889	1507	-
16671	15894	7197	1510	-
23317	12431	7197	1512	snmpgetattack
5376	4800	7197	1512	snmpgetattack
16671	15667	7197	1513	-
5376	4800	7197	1517	snmpgetattack
23317	12431	7197	1517	snmpgetattack
23317	12431	7197	1522	snmpgetattack
5376	4800	7197	1522	snmpgetattack
14267	3076	7197	1523	-
11001	1633	7197	1523	-
20312	19350	7197	1526	-
5376	4800	7197	1527	snmpgetattack
23317	12431	7197	1527	snmpgetattack
5376	4800	7197	1532	snmpgetattack
23317	12431	7197	1532	snmpgetattack
7179	3461	7197	1532	-
6114	445	7197	1533	-
6114	445	7197	1534	-
6114	445	7197	1534	-
6114	445	7197	1534	-
6114	445	7197	1534	-
6114	445	7197	1534	-
6114	445	7197	1534	-
6114	445	7197	1534	-
6114	445	7197	1534	-
6114	445	7197	1534	-
6114	445	7197	1534	-
6114	445	7197	1534	-
6114	445	7197	1534	-
6114	445	7197	1534	-
6114	445	7197	1534	-
23317	12431	7197	1537	snmpgetattack
5376	4800	7197	1537	snmpgetattack
12332	14437	7197	1541	-
23317	12431	7197	1542	snmpgetattack
5376	4800	7197	1542	snmpgetattack
12332	4981	7197	1542	-
12332	16531	7197	1543	-
14267	1739	7197	1545	-
14267	1739	7197	1545	-
14267	1739	7197	1545	-
14267	1739	7197	1545	-
14267	1739	7197	1545	-
14267	1739	7197	1545	-
14267	1739	7197	1545	-
14267	1739	7197	1545	-
12332	8452	7197	1545	-
14267	1739	7197	1545	-
12332	16332	7197	1545	-
14267	1739	7197	1546	-
14267	1739	7197	1546	-
14267	1739	7197	1546	-
14267	1739	7197	1546	-
14267	1739	7197	1546	-
14267	1739	7197	1546	-
14267	1739	7197	1546	-
14267	1739	7197	1546	-
14267	1739	7197	1546	-
14267	1739	7197	1546	-
14267	1739	7197	1546	-
14267	1739	7197	1546	-
14267	1739	7197	1546	-
14267	1739	7197	1546	-
14267	1739	7197	1546	-
14267	1739	7197	1546	-
14267	1739	7197	1546	-
14267	1739	7197	1546	-
14267	1739	7197	1546	-
5376	4800	7197	1547	snmpgetattack
14267	1739	7197	1547	-
14267	1739	7197	1547	-
14267	1739	7197	1547	-
14267	1739	7197	1547	-
14267	1739	7197	1547	-
14267	1739	7197	1547	-
23317	12431	7197	1547	snmpgetattack
20312	19350	7197	1551	-
5376	4800	7197	1553	snmpgetattack
23317	12431	7197	1553	snmpgetattack
10429	21708	7197	1553	-
6114	3076	7197	1557	-
6114	3076	7197	1558	-
6114	3076	7197	1558	-
6114	3076	7197	1558	-
6114	3076	7197	1558	-
6114	3076	7197	1558	-
6114	3076	7197	1558	-
6114	3076	7197	1558	-
6114	3076	7197	1558	-
6114	3076	7197	1558	-
6114	3076	7197	1558	-
6114	3076	7197	1558	-
6114	3076	7197	1558	-
6114	3076	7197	1558	-
6114	3076	7197	1558	-
6114	3076	7197	1558	-
6114	3076	7197	1558	-
23317	12431	7197	1558	snmpgetattack
5376	4800	7197	1558	snmpgetattack
6114	3076	7197	1559	-
6114	6114	7197	1559	-
6114	3076	7197	1559	-
6114	3076	7197	1559	-
6114	3076	7197	1559	-
6114	3076	7197	1559	-
20312	19350	7197	1561	-
6114	3076	7197	1561	-
6114	3076	7197	1561	-
6114	3076	7197	1562	-
6114	3076	7197	1562	-
6114	3076	7197	1562	-
6114	3076	7197	1562	-
6114	3076	7197	1562	-
6114	3076	7197	1562	-
6114	3076	7197	1562	-
6114	3076	7197	1562	-
6114	3076	7197	1562	-
6114	3076	7197	1562	-
6114	3076	7197	1562	-
6114	3076	7197	1562	-
6114	3076	7197	1562	-
6114	3076	7197	1562	-
6114	3076	7197	1562	-
6114	3076	7197	1562	-
6114	3076	7197	1562	-
6114	3076	7197	1562	-
6114	3076	7197	1562	-
6114	3076	7197	1562	-
6114	3076	7197	1562	-
6114	3076	7197	1562	-
6114	3076	7197	1562	-
8294	11780	7197	1563	nmap
5376	4800	33520	1568	snmpgetattack
23317	12431	33520	1568	snmpgetattack
5376	4800	33520	1573	snmpgetattack
23317	12431	33520	1573	snmpgetattack
20312	19350	33520	1576	-
23317	12431	33520	1578	snmpgetattack
5376	4800	33520	1578	snmpgetattack
3297	7485	33520	1579	-
5376	4800	33520	1583	snmpgetattack
23317	12431	33520	1583	snmpgetattack
7179	4981	33520	1585	-
3297	7485	33520	1587	-
3297	3957	33520	1587	-
3297	7485	33520	1587	-
3297	7485	33520	1587	-
3297	7485	33520	1587	-
3297	7485	33520	1587	-
3297	7485	33520	1587	-
3297	7485	33520	1587	-
3297	7485	33520	1587	-
3297	7485	33520	1587	-
3297	3957	33520	1587	-
3297	3957	33520	1587	-
3297	3957	33520	1587	-
3297	7485	33520	1587	-
3297	7485	33520	1587	-
3297	7485	33520	1587	-
3297	7485	33520	1587	-
3297	7485	33520	1587	-
5376	4800	33520	1588	snmpgetattack
23317	12431	33520	1588	snmpgetattack
7215	21708	33520	1590	-
5376	4800	33520	1593	snmpgetattack
23317	12431	33520	1593	snmpgetattack
14267	1739	33520	1594	-
14267	1739	33520	1594	-
14267	1739	33520	1594	-
14267	1739	33520	1594	-
14267	1739	33520	1594	-
14267	1739	33520	1594	-
14267	1739	33520	1594	-
14267	1739	33520	1594	-
14267	1739	33520	1594	-
14267	1739	33520	1594	-
14267	1739	33520	1594	-
14267	1739	33520	1594	-
14267	1739	33520	1594	-
14267	1739	33520	1594	-
14267	1739	33520	1594	-
14267	1739	33520	1594	-
14267	1739	33520	1594	-
14267	1739	33520	1594	-
14267	1739	33520	1594	-
14267	1739	33520	1595	-
14267	1739	33520	1595	-
14267	1739	33520	1595	-
14267	1739	33520	1595	-
14267	1739	33520	1595	-
14267	1739	33520	1595	-
14267	1739	33520	1595	-
14267	1739	33520	1595	-
14267	1739	33520	1595	-
23317	12431	33520	1598	snmpgetattack
5376	4800	33520	1598	snmpgetattack
19531	1633	33520	1598	-
23317	12431	33520	1603	snmpgetattack
5376	4800	33520	1603	snmpgetattack
3611	15894	33520	1604	-
3611	19834	33520	1604	-
20312	19350	33520	1606	-
3611	15667	33520	1606	-
3611	1633	33520	1606	-
5376	4800	33520	1608	snmpgetattack
23317	12431	33520	1608	snmpgetattack
882	3611	33520	1609	-
23317	12431	33520	1613	snmpgetattack
5376	4800	33520	1613	snmpgetattack
12332	9554	33520	1617	-
5376	4800	33520	1618	snmpgetattack
23317	12431	33520	1618	snmpgetattack
13993	13966	33520	1618	-
13993	13966	33520	1618	-
13993	13966	33520	1618	-
13993	13966	33520	1618	-
13993	13966	33520	1618	-
13993	13966	33520	1618	-
13993	13966	33520	1618	-
13993	13966	33520	1619	-
13993	13966	33520	1619	-
18246	2973	33520	1622	-
18246	2973	33520	1622	-
18246	2973	33520	1622	-
18246	2973	33520	1622	-
18246	2973	33520	1623	-
18246	2973	33520	1623	-
5376	4800	33520	1623	snmpgetattack
23317	12431	33520	1623	snmpgetattack
18246	2973	33520	1623	-
18246	2973	33520	1623	-
18246	2973	33520	1623	-
18246	2973	33520	1623	-
18246	2973	33520	1623	-
18246	2973	33520	1623	-
18246	2973	33520	1623	-
18246	2973	33520	1623	-
3957	11900	33520	1624	-
3957	19531	33520	1625	-
19531	21708	33520	1625	-
6775	2843	33520	1626	-
6775	3297	33520	1627	-
23317	12431	21341	1628	snmpgetattack
5376	4800	21341	1628	snmpgetattack
6775	4981	21341	1628	-
3297	12815	21341	1629	-
3297	12815	21341	1629	-
3297	12815	21341	1629	-
3297	12815	21341	1629	-
3297	12815	21341	1629	-
3297	12815	21341	1629	-
3297	12815	21341	1629	-
3297	12815	21341	1629	-
3297	12815	21341	1629	-
3297	12815	21341	1629	-
3297	12815	21341	1629	-
3297	12815	21341	1629	-
3297	12815	21341	1629	-
3297	12815	21341	1629	-
3297	12815	21341	1629	-
3297	12815	21341	1629	-
3297	12815	21341	1629	-
20367	587	21341	1630	-
6775	7268	21341	1631	-
5376	4800	21341	1634	snmpgetattack
23317	12431	21341	1634	snmpgetattack
7215	15894	21341	1635	-
20312	19350	21341	1636	-
5376	4800	21341	1639	snmpgetattack
23317	12431	21341	1639	snmpgetattack
8048	14437	21341	1641	-
8048	3611	21341	1641	-
19839	1633	21341	1641	-
8048	2843	21341	1642	-
8048	16531	21341	1642	-
5376	4800	21341	1644	snmpgetattack
23317	12431	21341	1644	snmpgetattack
20312	19350	21341	1646	-
14267	1739	21341	1646	-
14267	1739	21341	1647	-
14267	1739	21341	1647	-
14267	1739	21341	1647	-
14267	1739	21341	1647	-
14267	1739	21341	1647	-
14267	1739	21341	1647	-
14267	1739	21341	1647	-
14267	1739	21341	1647	-
14267	1739	21341	1647	-
14267	1739	21341	1647	-
14267	1739	21341	1647	-
14267	1739	21341	1647	-
23317	12431	21341	1649	snmpgetattack
5376	4800	21341	1649	snmpgetattack
23317	12431	21341	1654	snmpgetattack
5376	4800	21341	1654	snmpgetattack
23317	12431	21341	1659	snmpgetattack
5376	4800	21341	1659	snmpgetattack
14267	6577	21341	1659	-
20312	19350	21341	1661	-
14547	13122	21341	1663	-
14267	1739	21341	1664	-
14267	1739	21341	1664	-
14267	1739	21341	1664	-
18246	2973	21341	1664	-
14267	1739	21341	1664	-
18246	2973	21341	1664	-
14267	1739	21341	1664	-
14267	1739	21341	1664	-
18246	2973	21341	1664	-
14267	1739	21341	1664	-
14267	1739	21341	1664	-
18246	2973	21341	1664	-
14267	1739	21341	1664	-
5376	4800	21341	1664	snmpgetattack
14267	1739	21341	1664	-
14267	1739	21341	1664	-
14267	1739	21341	1664	-
23317	12431	21341	1664	snmpgetattack
14267	1739	21341	1664	-
23317	12431	21341	1669	snmpgetattack
5376	4800	21341	1669	snmpgetattack
13993	1633	21341	1674	-
23317	12431	21341	1674	snmpgetattack
5376	4800	21341	1674	snmpgetattack
14267	19709	21341	1678	-
14267	19709	21341	1679	-
14267	19709	21341	1679	-
23317	12431	21341	1679	snmpgetattack
5376	4800	21341	1679	snmpgetattack
14267	19709	21341	1679	-
14267	19709	21341	1679	-
14267	19709	21341	1679	-
14267	19709	21341	1679	-
14267	19709	21341	1679	-
14267	19709	21341	1679	-
14267	19709	21341	1679	-
14267	19709	21341	1679	-
14267	19709	21341	1679	-
14267	19709	21341	1679	-
14267	19709	21341	1679	-
14267	19709	21341	1679	-
14267	19709	21341	1679	-
14267	19709	21341	1679	-
14267	19709	21341	1679	-
14267	19709	21341	1679	-
14267	19709	21341	1679	-
14267	19709	21341	1679	-
14267	19709	21341	1679	-
14267	19709	21341	1679	-
14267	19709	21341	1679	-
14267	19709	21341	1679	-
14267	19709	21341	1679	-
14267	19709	21341	1679	-
14267	19709	21341	1679	-
14267	19709	21341	1679	-
14267	19709	21341	1679	-
14267	19709	21341	1680	-
14267	19709	21341	1680	-
3611	19531	21341	1680	-
14267	19709	21341	1680	-
14267	19709	21341	1680	-
14267	19709	21341	1680	-
14267	19709	21341	1680	-
14267	19709	21341	1680	-
14267	19709	21341	1680	-
14267	19709	21341	1680	-
14267	19709	21341	1680	-
14267	19709	21341	1680	-
14267	19709	21341	1680	-
5376	4800	21341	1684	snmpgetattack
23317	12431	21341	1684	snmpgetattack
3957	13122	21341	1686	-
23317	12431	21018	1689	snmpgetattack
5376	4800	21018	1689	snmpgetattack
18246	253	21018	1690	-
20312	19350	21018	1691	-
23317	12431	21018	1694	snmpgetattack
5376	4800	21018	1694	snmpgetattack
19531	22986	21018	1694	-
19531	22986	21018	1699	-
5376	4800	21018	1699	snmpgetattack
23317	12431	21018	1699	snmpgetattack
5376	4800	21018	1704	snmpgetattack
23317	12431	21018	1704	snmpgetattack
23317	12431	21018	1709	snmpgetattack
5376	4800	21018	1709	snmpgetattack
8294	11780	21018	1714	nmap
3611	22986	21018	1715	-
20312	19350	21018	1716	-
8048	2843	21018	1717	-
7782	22986	21018	1718	-
23317	12431	21018	1719	snmpgetattack
5376	4800	21018	1719	snmpgetattack
23317	12431	21018	1724	snmpgetattack
5376	4800	21018	1724	snmpgetattack
3297	12815	21018	1725	-
3297	12815	21018	1725	-
3297	12815	21018	1725	-
3297	12815	21018	1725	-
3297	12815	21018	1725	-
3297	12815	21018	1725	-
3297	12815	21018	1725	-
3297	12815	21018	1725	-
3297	12815	21018	1725	-
3297	12815	21018	1725	-
3297	12815	21018	1725	-
3297	12815	21018	1725	-
3297	12815	21018	1725	-
3297	12815	21018	1725	-
3297	12815	21018	1725	-
3297	12815	21018	1725	-
3297	12815	21018	1725	-
3297	12815	21018	1725	-
3297	12815	21018	1725	-
6114	3076	21018	1726	-
6114	3076	21018	1726	-
6114	3076	21018	1726	-
6114	3076	21018	1726	-
20312	19350	21018	1726	-
6114	3076	21018	1726	-
6114	3076	21018	1726	-
6114	3076	21018	1726	-
6114	3076	21018	1726	-
6114	3076	21018	1726	-
6114	3076	21018	1726	-
6114	3076	21018	1726	-
13993	13966	21018	1726	-
6114	3076	21018	1726	-
6114	3076	21018	1726	-
6114	3076	21018	1726	-
6114	3076	21018	1726	-
882	3297	21018	1727	-
5376	4800	21018	1729	snmpgetattack
23317	12431	21018	1729	snmpgetattack
5376	4800	21018	1734	snmpgetattack
23317	12431	21018	1734	snmpgetattack
10429	1633	21018	1734	-
6114	3076	21018	1736	-
6114	3076	21018	1736	-
6114	3076	21018	1736	-
6114	3076	21018	1736	-
6114	3076	21018	1736	-
6114	3076	21018	1736	-
6114	3076	21018	1736	-
10571	3611	21018	1736	-
6114	3076	21018	1737	-
6114	3076	21018	1737	-
6114	3076	21018	1737	-
6114	3076	21018	1737	-
6114	3076	21018	1737	-
10429	19834	21018	1737	-
10429	1633	21018	1738	-
23317	12431	21018	1739	snmpgetattack
5376	4800	21018	1739	snmpgetattack
20312	19350	21018	1741	-
18246	253	21018	1744	-
5376	4800	21018	1745	snmpgetattack
23317	12431	21018	1745	snmpgetattack
5376	4800	21346	1750	snmpgetattack
23317	12431	21346	1750	snmpgetattack
5376	4800	21346	1755	snmpgetattack
23317	12431	21346	1755	snmpgetattack
23317	12431	21346	1760	snmpgetattack
5376	4800	21346	1760	snmpgetattack
3297	1267	21346	1762	-
3297	1267	21346	1762	-
3297	1267	21346	1762	-
3297	1267	21346	1762	-
3297	1267	21346	1762	-
5376	4800	21346	1765	snmpgetattack
23317	12431	21346	1765	snmpgetattack
23317	12431	21346	1770	snmpgetattack
5376	4800	21346	1770	snmpgetattack
23317	12431	21346	1775	snmpgetattack
5376	4800	21346	1775	snmpgetattack
3297	17698	21346	1778	-
3297	6768	21346	1778	-
3297	6768	21346	1778	-
3297	6768	21346	1778	-
23317	12431	21346	1780	snmpgetattack
5376	4800	21346	1780	snmpgetattack
23317	12431	21346	1785	snmpgetattack
5376	4800	21346	1785	snmpgetattack
3297	7485	21346	1785	-
8048	3611	21346	1787	-
5376	4800	21346	1790	snmpgetattack
23317	12431	21346	1790	snmpgetattack
8048	3611	21346	1791	-
8048	3611	21346	1791	-
8048	3611	21346	1791	-
8048	3611	21346	1791	-
8048	3611	21346	1791	-
8048	3611	21346	1791	-
5376	4800	21346	1795	snmpgetattack
23317	12431	21346	1795	snmpgetattack
3297	3957	21346	1796	-
3297	3957	21346	1796	-
3297	3957	21346	1796	-
3297	7485	21346	1796	-
3297	7485	21346	1796	-
3297	7485	21346	1796	-
3297	7485	21346	1796	-
3297	7485	21346	1796	-
3297	7485	21346	1796	-
3297	7485	21346	1796	-
3297	7485	21346	1796	-
3297	7485	21346	1796	-
3297	7485	21346	1796	-
3297	7485	21346	1797	-
3297	7485	21346	1797	-
3297	3957	21346	1797	-
3297	7485	21346	1797	-
3297	7485	21346	1797	-
