13993	5938	13608	0	-
4800	17649	13608	1	-
4800	17649	13608	1	-
4800	17649	13608	1	-
4800	17649	13608	1	-
4800	17649	13608	1	-
4800	17649	13608	1	-
4800	17649	13608	1	-
4800	17649	13608	1	-
4800	17649	13608	1	-
4800	17649	13608	1	-
4800	17649	13608	1	-
4800	17649	13608	1	-
4800	17649	13608	1	-
13993	22986	13608	1	-
4800	17649	13608	1	-
4800	17649	26578	2	-
4800	17649	26578	2	-
4800	17649	26578	2	-
16671	20331	26578	3	-
12985	22986	26578	11	-
587	17649	26578	35	-
587	17649	26578	35	-
587	17649	26578	35	-
587	17649	26578	35	-
587	17649	26578	35	-
587	17649	26578	35	-
587	17649	26578	35	-
587	17649	26578	35	-
587	17649	26578	35	-
587	17649	26578	35	-
587	17649	26578	35	-
587	17649	26578	35	-
587	17649	26578	35	-
587	17649	26578	35	-
587	17649	26578	35	-
587	17649	26578	35	-
587	17649	26578	35	-
587	17649	26578	35	-
587	17649	26578	35	-
587	17649	26578	35	-
587	17649	26578	35	-
587	17649	26578	35	-
19603	23167	26578	41	-
3957	11900	26578	44	-
587	17649	26578	48	-
10429	20766	26578	49	-
587	17649	26578	49	-
587	17649	26578	49	-
587	17649	26578	49	-
587	17649	26578	49	-
587	17649	26578	49	-
587	17649	26578	49	-
587	17649	26578	49	-
10429	20766	26578	49	-
587	17649	26578	49	-
10429	20766	26578	49	-
587	17649	26578	49	-
587	17649	26578	49	-
587	17649	26578	49	-
587	17649	26578	49	-
587	17649	26578	49	-
587	17649	26578	49	-
10429	20766	26578	49	-
587	17649	26578	49	-
587	17649	26578	49	-
19603	2843	26578	49	-
3076	16531	26578	53	-
3076	16332	26578	56	-
587	17649	26578	58	-
587	17649	26578	58	-
587	17649	26578	58	-
587	17649	26578	58	-
587	17649	26578	58	-
587	17649	26578	59	-
587	17649	26578	59	-
587	17649	26578	59	-
587	17649	26578	59	-
587	17649	26578	59	-
587	17649	26578	59	-
587	17649	26578	59	-
587	17649	26578	59	-
587	17649	26578	59	-
587	17649	26578	59	-
587	17649	26578	59	-
587	17649	26578	59	-
587	17649	26578	59	-
12985	13122	26578	60	-
587	17649	26578	60	-
587	17649	26578	60	-
587	17649	26578	60	-
13993	13122	9603	69	-
13993	19531	9603	69	-
4800	17649	9603	70	-
4800	17649	9603	71	-
4800	17649	9603	71	-
4800	17649	9603	71	-
4800	17649	9603	71	-
4800	17649	9603	71	-
4800	17649	9603	71	-
4800	17649	9603	71	-
4800	17649	9603	71	-
4800	17649	9603	71	-
4800	17649	9603	71	-
4800	17649	9603	71	-
4800	17649	9603	71	-
4800	17649	9603	71	-
4800	17649	9603	71	-
4800	17649	9603	71	-
4800	17649	9603	71	-
4800	17649	9603	71	-
4800	17649	9603	71	-
4800	17649	9603	71	-
4800	17649	9603	71	-
4800	17649	9603	71	-
4800	17649	9603	72	-
4800	17649	9603	72	-
4800	17649	9603	72	-
4800	17649	9603	72	-
4800	17649	9603	72	-
4800	17649	9603	72	-
4800	17649	9603	72	-
4800	17649	9603	72	-
4800	17649	9603	72	-
4800	17649	9603	72	-
4800	17649	9603	72	-
4800	17649	9603	72	-
4800	17649	9603	72	-
4800	17649	9603	72	-
4800	17649	9603	72	-
4800	17649	9603	72	-
4800	17649	9603	72	-
3076	7268	9603	78	-
3611	15894	9603	79	-
3611	15667	9603	79	-
3611	21708	9603	80	-
10571	3611	9603	85	-
10571	3611	9603	85	-
10429	16409	9603	93	-
10429	16409	9603	93	-
10429	16409	9603	93	-
10429	16409	9603	93	-
587	17649	9603	95	-
587	17649	9603	95	-
587	17649	9603	95	-
587	17649	9603	95	-
587	17649	9603	95	-
587	17649	9603	95	-
587	17649	9603	95	-
587	17649	9603	95	-
587	17649	9603	95	-
587	17649	9603	95	-
587	17649	9603	95	-
587	17649	9603	95	-
587	17649	9603	95	-
587	17649	9603	95	-
587	17649	9603	95	-
587	17649	9603	95	-
587	17649	9603	95	-
587	17649	9603	95	-
587	17649	9603	95	-
587	17649	9603	95	-
587	17649	9603	95	-
587	17649	9603	95	-
12985	22986	9603	97	-
12985	11900	9603	97	-
10571	16531	9603	100	-
13993	11900	9603	105	-
13993	11900	9603	107	-
587	17649	9603	108	-
587	17649	9603	108	-
587	17649	9603	108	-
587	17649	9603	108	-
587	17649	9603	108	-
587	17649	9603	108	-
587	17649	9603	108	-
587	17649	9603	108	-
587	17649	9603	108	-
587	17649	9603	108	-
587	17649	9603	108	-
587	17649	9603	108	-
587	17649	9603	108	-
587	17649	9603	108	-
587	17649	9603	108	-
587	17649	9603	108	-
587	17649	9603	108	-
587	17649	9603	108	-
587	17649	9603	108	-
587	17649	9603	108	-
13993	11900	9603	109	-
13993	11900	9603	113	-
3957	19531	12163	127	-
19603	23167	12163	127	-
19603	3297	12163	128	-
19603	9554	12163	134	-
3957	587	12163	136	-
587	16772	12163	139	-
587	16772	12163	139	-
587	16772	12163	139	-
587	16772	12163	139	-
587	16772	12163	139	-
587	16772	12163	139	-
587	16772	12163	139	-
587	16772	12163	139	-
587	16772	12163	139	-
587	16772	12163	139	-
587	16772	12163	141	-
587	16772	12163	141	-
587	16772	12163	141	-
15737	18964	12163	142	-
15737	18740	12163	142	-
15737	18964	12163	142	-
15737	18964	12163	142	-
15737	18964	12163	142	-
587	16772	12163	161	-
587	16772	12163	162	-
587	16772	12163	162	-
587	16772	12163	162	-
587	16772	12163	162	-
587	16772	12163	162	-
587	16772	12163	162	-
587	16772	12163	162	-
587	16772	12163	162	-
587	16772	12163	162	-
587	16772	12163	162	-
587	16772	12163	163	-
587	16772	12163	163	-
587	16772	12163	163	-
587	16772	12163	163	-
587	16772	12163	163	-
587	16772	12163	163	-
587	16772	12163	163	-
587	16772	12163	163	-
6775	16593	12163	165	-
10429	20766	12163	169	-
11001	15667	26228	188	-
10429	17649	26228	197	-
10429	17649	26228	197	-
10429	17649	26228	197	-
10429	17649	26228	197	-
10429	17649	26228	197	-
3076	3461	26228	197	-
10429	17649	26228	197	-
10429	17649	26228	198	-
10429	17649	26228	198	-
10429	17649	26228	198	-
10429	17649	26228	198	-
10429	17649	26228	198	-
10429	17649	26228	198	-
10429	17649	26228	198	-
10429	17649	26228	198	-
3076	16593	26228	198	-
10429	17649	26228	199	-
10429	17649	26228	199	-
10429	17649	26228	199	-
3076	8452	26228	200	-
3076	14437	26228	201	-
15394	4800	26228	204	-
23317	882	26228	204	-
3076	23167	26228	204	-
3076	3297	26228	208	-
17624	3297	26228	210	-
3076	16531	26228	213	-
10571	16593	26228	214	-
3076	16332	26228	219	-
10571	7268	26228	223	-
10571	3297	26228	228	-
17624	2843	26228	229	-
882	8452	26228	235	-
16671	15667	26228	235	-
17624	3461	26228	238	-
17624	3461	26228	241	-
17624	3461	33703	243	-
16671	381	33703	245	-
16671	381	33703	245	-
16671	381	33703	245	-
16671	381	33703	245	-
16671	381	33703	245	-
16671	381	33703	245	-
16671	381	33703	245	-
16671	381	33703	245	-
16671	381	33703	245	-
16671	381	33703	245	-
16671	381	33703	245	-
16671	381	33703	245	-
16671	381	33703	245	-
16671	381	33703	245	-
16671	381	33703	245	-
16671	381	33703	245	-
16671	381	33703	245	-
16671	381	33703	245	-
16671	381	33703	245	-
16671	381	33703	245	-
16671	381	33703	245	-
16671	381	33703	245	-
16671	381	33703	245	-
16671	381	33703	245	-
16671	381	33703	245	-
16671	381	33703	245	-
16671	381	33703	245	-
16671	381	33703	245	-
16671	381	33703	245	-
16671	381	33703	245	-
16671	381	33703	245	-
16671	381	33703	246	-
17624	3461	33703	246	-
16671	381	33703	246	-
16671	381	33703	246	-
16671	381	33703	246	-
16671	381	33703	246	-
16671	381	33703	246	-
17624	16593	33703	248	-
17624	3461	33703	249	-
17624	3461	33703	249	-
12332	8452	33703	249	-
3957	15394	33703	250	-
16671	7404	33703	251	-
16671	7404	33703	251	-
13993	15894	33703	254	-
13993	15894	33703	259	-
7179	3297	33703	263	-
7179	16593	33703	263	-
4800	15581	33703	270	-
4800	15581	33703	270	-
4800	15581	33703	270	-
4800	15581	33703	270	-
4800	15581	33703	271	-
4800	15581	33703	271	-
4800	15581	33703	271	-
4800	15581	33703	271	-
4800	15581	33703	271	-
4800	15581	33703	271	-
4800	15581	33703	271	-
4800	15581	33703	271	-
4800	15581	33703	271	-
4800	15581	33703	271	-
4800	15581	33703	271	-
4800	15581	33703	271	-
4800	15581	33703	271	-
4800	15581	33703	271	-
4800	15581	33703	271	-
4800	15581	33703	271	-
4800	15581	33703	271	-
4800	15581	33703	271	-
4800	15581	33703	271	-
4800	15581	33703	271	-
4800	15581	33703	271	-
587	16772	33703	284	-
587	16772	33703	284	-
587	16772	33703	284	-
587	16772	33703	284	-
587	16772	33703	284	-
587	16772	33703	284	-
10429	13936	33703	284	-
10429	17649	33703	284	-
587	16772	33703	284	-
587	16772	33703	284	-
587	16772	3086	309	-
587	16772	3086	309	-
587	16772	3086	309	-
587	16772	3086	309	-
10571	3611	3086	314	-
587	16772	3086	318	-
10571	3611	3086	319	-
10571	3611	3086	320	-
10571	3611	3086	320	-
10571	3611	3086	320	-
16671	7709	3086	336	-
16671	7709	3086	336	-
16671	7709	3086	336	-
16671	7709	3086	336	-
3957	1633	3086	336	-
16671	7709	3086	336	-
16671	7709	3086	336	-
16671	7709	3086	336	-
16671	7709	3086	336	-
16671	7709	3086	336	-
16671	7709	3086	336	-
16671	7709	3086	336	-
16671	7709	3086	336	-
16671	7709	3086	336	-
16671	7709	3086	336	-
16671	7709	3086	336	-
16671	7709	3086	336	-
16671	7709	3086	336	-
16671	7709	3086	336	-
16671	7709	3086	336	-
16671	7709	3086	336	-
16671	7709	3086	336	-
16671	7709	3086	336	-
16671	7709	3086	336	-
8048	7268	3086	336	-
16671	7709	3086	336	-
16671	7709	3086	337	-
16671	7709	3086	337	-
16671	7709	3086	337	-
16671	7709	3086	337	-
16671	7709	3086	337	-
16671	7709	3086	337	-
16671	7709	3086	337	-
16671	7709	3086	337	-
10429	4603	3086	340	-
10429	4603	3086	340	-
10429	4603	3086	340	-
10429	4603	3086	340	-
10429	4603	3086	340	-
10429	4603	3086	340	-
10429	4603	3086	340	-
10429	4603	3086	340	-
10429	4603	3086	340	-
10429	4603	3086	340	-
11001	15667	3086	340	-
10429	4603	3086	341	-
10429	4603	3086	341	-
10429	4603	3086	341	-
10429	4603	3086	341	-
10429	4603	3086	341	-
10429	4603	3086	341	-
17624	16593	3086	342	-
8048	16531	3086	343	-
17624	16593	3086	344	-
13993	1633	3086	344	-
4800	15581	3086	345	-
4800	15581	3086	345	-
4800	15581	3086	345	-
10429	19471	3086	345	-
10429	19471	3086	345	-
10429	19471	3086	345	-
10429	19471	3086	345	-
10429	19471	3086	345	-
10429	19471	3086	345	-
4800	15581	3086	345	-
4800	15581	3086	345	-
4800	15581	3086	345	-
4800	15581	3086	345	-
4800	15581	3086	345	-
13993	1633	3086	346	-
17624	16593	3086	346	-
8048	16332	3086	348	-
17624	16593	3086	348	-
13993	1633	3086	349	-
13993	1633	3086	351	-
3957	5938	3086	351	-
17624	16593	3086	351	-
587	12066	3086	352	-
17624	16593	3086	353	-
13993	1633	3086	354	-
7215	15894	3086	355	-
587	16772	3086	355	-
13993	1633	3086	356	-
17624	16593	3086	357	-
17624	16593	3086	357	-
17624	16593	3086	357	-
17624	16593	3086	357	-
17624	16593	3086	357	-
17624	16593	3086	357	-
17624	16593	3086	357	-
17624	16593	3086	357	-
17624	16593	3086	357	-
17624	16593	3086	357	-
17624	16593	3086	357	-
17624	16593	3086	357	-
17624	16593	3086	357	-
17624	16593	3086	357	-
17624	16593	3086	357	-
17624	16593	3086	357	-
17624	16593	3086	357	-
17624	16593	3086	357	-
12332	2843	3086	358	-
13993	1633	3086	359	-
13993	1633	3086	359	-
13993	1633	3086	359	-
10429	6469	3086	359	-
13993	1633	3086	359	-
13993	1633	3086	359	-
13993	1633	3086	359	-
13993	1633	3086	359	-
13993	1633	3086	359	-
13993	1633	3086	359	-
13993	1633	3086	359	-
13993	1633	3086	359	-
13993	1633	3086	359	-
13993	1633	3086	359	-
13993	1633	3086	360	-
13993	1633	3086	360	-
13993	1633	3086	360	-
13993	1633	3086	360	-
13993	1633	3086	360	-
13993	1633	3086	360	-
13993	1633	3086	360	-
13993	1633	3086	360	-
13993	1633	3086	360	-
13993	1633	3086	360	-
13993	1633	3086	360	-
12332	2843	3086	361	-
7179	2843	3086	361	-
10429	7207	42413	362	-
16671	7709	42413	365	-
16671	7709	42413	365	-
16671	7709	42413	365	-
16671	7709	42413	365	-
16671	7709	42413	365	-
16671	7709	42413	365	-
16671	7709	42413	365	-
16671	7709	42413	365	-
16671	7709	42413	365	-
16671	7709	42413	365	-
16671	7709	42413	365	-
16671	7709	42413	365	-
16671	7709	42413	365	-
16671	7709	42413	365	-
20367	587	42413	365	-
587	20555	42413	409	-
587	20555	42413	409	-
16671	7709	42413	418	-
16671	7709	42413	418	-
16671	7709	42413	418	-
16671	7709	42327	434	-
16671	7709	42327	434	-
16671	7709	42327	434	-
16671	7709	42327	435	-
12985	19531	42327	437	-
12985	5938	42327	440	-
12985	21708	42327	440	-
4800	3374	42327	441	-
4800	3374	42327	441	-
4800	3374	42327	442	-
4800	3374	42327	442	-
4800	3374	42327	442	-
4800	3374	42327	442	-
4800	3374	42327	442	-
12985	1633	42327	444	-
4800	2009	42327	453	-
4800	2009	42327	453	-
4800	9423	42327	453	-
4800	2009	42327	453	-
4800	2009	42327	453	-
4800	2009	42327	453	-
4800	2009	42327	453	-
4800	2009	42327	453	-
4800	2009	42327	453	-
4800	2009	42327	453	-
4800	2009	42327	453	-
4800	2009	42327	453	-
4800	2009	42327	454	-
4800	2009	42327	454	-
4800	2009	42327	454	-
4800	2009	42327	454	-
4800	2009	42327	454	-
4800	2009	42327	454	-
4800	2009	42327	454	-
4800	2009	42327	454	-
4800	2009	42327	454	-
4800	2009	42327	454	-
4800	2009	42327	454	-
4800	2009	42327	454	-
4800	2009	42327	454	-
4800	2009	42327	454	-
4800	2009	42327	454	-
19603	4981	42327	459	-
19603	16531	42327	460	-
16671	7709	31583	486	-
16671	7709	31583	486	-
16671	7709	31583	486	-
16671	7709	31583	486	-
16671	7709	31583	486	-
16671	7709	31583	486	-
16671	7709	31583	486	-
16671	7709	31583	487	-
16671	7709	31583	487	-
14547	15894	31583	499	-
4800	9787	31583	499	-
4800	14275	31583	499	-
11001	13122	31583	501	-
16671	7709	31583	504	-
16671	7709	31583	504	-
16671	7709	31583	504	-
16671	7709	31583	504	-
16671	7709	31583	504	-
16671	7709	31583	504	-
16671	7709	31583	504	-
4800	6768	31583	505	-
4800	6768	31583	505	-
7179	3461	31583	505	-
4800	6768	31583	505	-
7179	16593	31583	505	-
10429	1868	31583	506	-
10429	1868	31583	506	-
10429	1868	31583	506	-
10429	1868	31583	506	-
10429	1868	31583	506	-
10429	1868	31583	506	-
10429	1868	31583	506	-
10429	1868	31583	506	-
10429	1868	31583	506	-
10429	1868	31583	506	-
10429	1868	31583	506	-
10429	1868	31583	506	-
10429	1868	31583	506	-
10429	1868	31583	506	-
10429	1868	31583	506	-
10429	1868	31583	506	-
10429	1868	31583	507	-
7179	8452	31583	511	-
7179	14437	31583	512	-
7179	16531	31583	513	-
587	16772	31583	519	-
587	16772	31583	519	-
587	16772	31583	519	-
587	16772	31583	520	-
7179	3611	31583	524	-
19839	15894	31583	525	-
7179	23167	31583	525	-
3611	6157	31583	530	-
3611	14263	31583	532	-
3611	14263	31583	532	-
3611	6157	31583	532	-
3611	6157	31583	532	-
3611	6157	31583	532	-
3611	6157	31583	532	-
3611	6157	31583	532	-
3611	6157	31583	532	-
3611	6157	31583	532	-
3611	6157	31583	532	-
3611	6157	31583	532	-
3611	3858	31583	532	-
3611	6157	31583	532	-
3611	14263	31583	532	-
3611	6157	31583	532	-
3611	6157	31583	533	-
3611	6157	31583	533	-
3611	6157	31583	533	-
3611	6157	31583	533	-
3611	6157	31583	533	-
3611	6157	31583	533	-
7179	4981	27189	544	-
7179	3297	27189	548	-
3611	6157	27189	549	-
3611	6157	27189	551	-
3611	6157	27189	551	-
14547	15894	27189	551	-
3611	6157	27189	552	-
3611	6157	27189	552	-
3611	6157	27189	552	-
3611	6157	27189	552	-
3611	6157	27189	552	-
3611	6157	27189	552	-
3611	14263	27189	552	-
3611	3858	27189	552	-
3611	6157	27189	552	-
3611	14263	27189	552	-
3611	14263	27189	552	-
3611	6157	27189	552	-
3611	6157	27189	552	-
3611	6157	27189	552	-
3611	6157	27189	552	-
3611	6157	27189	552	-
3611	6157	27189	552	-
3611	6157	27189	552	-
3611	6157	27189	552	-
7179	2843	27189	574	-
10571	3611	27189	578	-
7179	4981	27189	586	-
7782	15894	27189	587	-
16671	7709	27189	589	-
3611	6157	27189	589	-
3611	10812	27189	589	-
10429	15394	27189	589	-
3611	6157	27189	589	-
3611	6157	27189	589	-
3611	6157	27189	589	-
3611	10812	27189	589	-
10429	15394	27189	589	-
10429	15394	27189	589	-
3611	6157	27189	589	-
10571	3611	27189	589	-
3611	10812	27189	589	-
7179	16332	27189	589	-
13993	15894	27189	591	-
10429	13488	27189	592	-
3611	12955	27189	592	-
10429	13488	27189	593	-
13993	15894	27189	593	-
3611	6157	27189	593	-
10429	13488	27189	593	-
3611	6157	27189	593	-
10429	13488	27189	593	-
10429	13488	27189	593	-
3611	6157	27189	593	-
3611	6157	27189	593	-
3611	18682	27189	593	-
3611	6157	27189	593	-
3611	6157	27189	593	-
3611	6157	27189	593	-
3611	6157	27189	593	-
3611	6157	27189	593	-
3611	6157	27189	593	-
3611	20495	27189	593	-
3611	6157	27189	593	-
3611	6157	27189	593	-
3611	6157	27189	594	-
3611	3858	27189	594	-
3611	6157	27189	594	-
3611	6157	27189	594	-
3611	18682	27189	594	-
3611	6157	27189	594	-
3611	6157	27189	594	-
13993	15894	27189	595	-
10429	13488	27189	596	-
10429	13488	27189	596	-
10429	13488	27189	596	-
10429	13488	27189	596	-
10429	13488	27189	596	-
10429	13488	27189	597	-
10429	13488	27189	597	-
10429	13488	27189	597	-
10429	13488	27189	597	-
10429	13488	27189	597	-
10429	13488	27189	597	-
10429	13488	27189	597	-
10429	13488	27189	597	-
10429	13488	27189	597	-
10429	13488	27189	597	-
10429	13488	27189	597	-
13993	15894	27189	597	-
10429	13488	27189	597	-
10429	13488	27189	597	-
10429	13488	27189	597	-
10429	13488	27189	597	-
10429	13488	27189	597	-
10429	13488	27189	598	-
13993	15894	27189	600	-
7179	16531	27189	601	-
13993	15894	31262	602	-
7215	15894	31262	602	-
13993	15894	31262	605	-
13993	15894	31262	605	-
13993	15894	31262	606	-
13993	15894	31262	606	-
13993	15894	31262	606	-
13993	15894	31262	606	-
13993	15894	31262	606	-
13993	15894	31262	606	-
587	16772	31262	611	-
587	16772	31262	611	-
587	16772	31262	611	-
587	16772	31262	612	-
587	16772	31262	612	-
16671	7709	31262	612	-
16671	7709	31262	612	-
16671	7709	31262	612	-
3611	16275	31262	614	-
3611	9154	31262	617	-
3611	6157	31262	617	-
3611	9154	31262	617	-
3611	18718	31262	617	-
3611	6157	31262	617	-
3611	9154	31262	617	-
3611	3858	31262	617	-
3611	18682	31262	617	-
3611	6157	31262	618	-
3611	6157	31262	618	-
3611	6157	31262	618	-
3611	6157	31262	618	-
3611	6157	31262	618	-
3611	9154	31262	618	-
3611	6157	31262	618	-
3611	6157	31262	618	-
3611	9154	31262	618	-
3611	6157	31262	618	-
3611	6157	31262	618	-
3611	9154	31262	618	-
3611	9154	31262	618	-
3611	9154	31262	618	-
3611	9154	31262	618	-
3611	6157	31262	618	-
3297	1001	31262	621	-
10429	13488	31262	623	-
10429	13488	31262	623	-
10429	13488	31262	623	-
10429	13488	31262	623	-
10429	13488	31262	623	-
10429	13488	31262	623	-
10429	13488	31262	623	-
10429	13488	31262	623	-
10429	13488	31262	623	-
10429	13488	31262	623	-
7179	7268	31262	631	-
7179	9554	31262	632	-
7179	16332	31262	647	-
16671	7709	31262	659	-
16671	7709	31262	659	-
3297	15894	31262	659	-
19531	15894	34380	663	-
3297	15894	34380	666	-
16671	7709	34380	667	-
16671	7709	34380	667	-
17624	7268	34380	676	-
3297	11900	34380	679	-
4800	15506	34380	679	-
3957	15667	34380	679	-
3297	19531	34380	680	-
19531	19834	34380	680	-
17624	9554	34380	680	-
3611	6157	34380	696	-
3611	6157	34380	696	-
3611	6157	34380	696	-
3611	6157	34380	696	-
3611	6157	34380	696	-
3611	12955	34380	696	-
3611	6157	34380	696	-
3611	6157	34380	696	-
3611	20495	34380	696	-
3611	6157	34380	696	-
3611	18682	34380	697	-
3611	6157	34380	697	-
3611	6157	34380	697	-
3611	18682	34380	697	-
3611	6157	34380	697	-
3611	6157	34380	697	-
3611	6157	34380	697	-
3611	6157	34380	697	-
3611	6157	34380	697	-
3611	6157	34380	697	-
3611	6157	34380	697	-
3611	6157	34380	697	-
3611	6157	34380	697	-
3611	6157	34380	697	-
3611	6157	34380	697	-
3611	3858	34380	697	-
3611	6157	34380	697	-
7215	21708	34380	698	-
17624	3611	34380	703	-
17624	3611	34380	703	-
17624	3611	34380	703	-
17624	3611	34380	703	-
17624	3611	34380	703	-
17624	3611	34380	703	-
17624	3611	34380	703	-
10429	13488	34380	707	-
10429	13488	34380	707	-
10429	13488	34380	707	-
10429	13488	34380	707	-
10429	13488	34380	707	-
10429	13488	34380	707	-
10429	13488	34380	707	-
10429	13488	34380	707	-
10429	13488	34380	707	-
10429	13488	34380	707	-
587	3374	34380	712	-
587	3374	34380	712	-
587	3374	34380	712	-
587	3374	34380	712	-
587	3374	34380	713	-
587	3374	34380	713	-
587	3374	34380	713	-
3297	15667	20024	734	-
882	4981	20024	763	-
6775	16593	20024	767	-
10429	13488	20024	769	-
14267	17029	20024	769	-
10429	13488	20024	769	-
14267	17029	20024	769	-
587	3374	20024	769	-
14267	17029	20024	769	-
10429	13488	20024	769	-
10429	13488	20024	769	-
587	3374	20024	769	-
14267	17029	20024	769	-
10429	13488	20024	769	-
587	3374	20024	769	-
14267	17029	20024	769	-
10429	13488	20024	769	-
10429	13488	20024	769	-
10429	13488	20024	769	-
14267	17029	20024	769	-
14267	17029	20024	769	-
14267	17029	20024	769	-
587	3374	20024	769	-
14267	17029	20024	769	-
14267	17029	20024	770	-
14267	17029	20024	770	-
14267	17029	20024	770	-
14267	17029	20024	770	-
14267	17029	20024	770	-
14267	17029	20024	770	-
14267	17029	20024	770	-
14267	17029	20024	770	-
882	16332	20024	770	-
10429	13488	20024	777	-
10429	13488	20024	777	-
10429	13488	20024	777	-
10429	13488	20024	777	-
10429	13488	20024	777	-
10429	13488	20024	777	-
10429	13488	20024	777	-
10429	13488	20024	778	-
10429	13488	20024	778	-
10429	13488	20024	778	-
3611	5395	21268	785	-
10429	16139	21268	794	-
10429	16139	21268	794	-
10429	16139	21268	794	-
10429	16139	21268	794	-
10429	16139	21268	795	-
10429	16139	21268	795	-
10429	16139	21268	795	-
10429	16139	21268	795	-
7215	19834	21268	795	-
10429	16139	21268	795	-
10429	16139	21268	795	-
10429	2463	21268	798	-
10429	16139	21268	798	-
10429	16139	21268	798	-
10429	16139	21268	798	-
10429	16139	21268	798	-
10429	16139	21268	798	-
10429	16139	21268	798	-
10429	16139	21268	798	-
10429	16139	21268	798	-
10429	16139	21268	798	-
10429	16139	21268	798	-
10429	16139	21268	798	-
10429	16139	21268	798	-
10429	16139	21268	798	-
10429	16139	21268	798	-
10429	16139	21268	798	-
10429	16139	21268	799	-
10429	16139	21268	799	-
10429	16139	21268	799	-
10429	16139	21268	799	-
10429	16139	21268	799	-
10429	16139	21268	799	-
10429	16139	21268	799	-
10429	16139	21268	799	-
10429	16139	21268	799	-
10429	16139	21268	799	-
10429	16139	21268	799	-
10429	16139	21268	799	-
16671	19353	21268	802	-
16671	19353	21268	802	-
16671	19353	21268	802	-
16671	19353	21268	802	-
16671	19353	21268	802	-
16671	19353	21268	803	-
16671	19353	21268	803	-
15394	4800	21268	804	-
23317	882	21268	804	-
4800	22516	21268	805	-
4800	6768	21268	805	-
4800	6768	21268	805	-
16671	19353	21268	809	-
16671	19353	21268	809	-
16671	19353	21268	809	-
16671	19353	21268	809	-
4800	22554	21268	812	-
4800	4749	21268	812	-
15506	19350	21268	812	-
4800	22554	21268	812	-
4800	15913	21268	814	-
10429	5938	21268	815	-
10429	21708	21268	815	-
10429	20730	21268	822	-
10429	20730	21268	822	-
10429	20730	21268	822	-
14267	18620	21268	825	-
14267	18620	21268	825	-
14267	18620	21268	825	-
882	16332	21268	840	-
10571	3611	6308	854	-
3076	3611	6308	855	-
587	16772	6308	859	-
14267	14181	6308	859	-
4800	3333	6308	859	-
19839	15894	6308	859	-
4800	3333	6308	859	-
14267	14181	6308	859	-
14267	14181	6308	859	-
587	16772	6308	859	-
14267	14181	6308	859	-
587	16772	6308	859	-
14267	14181	6308	859	-
587	16772	6308	859	-
14267	14181	6308	859	-
14267	14181	6308	859	-
587	16772	6308	859	-
14267	14181	6308	859	-
587	16772	6308	859	-
587	16772	6308	859	-
14267	14181	6308	859	-
14267	14181	6308	859	-
14267	4991	6308	859	-
14267	4991	6308	859	-
3297	15667	6308	859	-
14267	14181	6308	859	-
587	16772	6308	859	-
14267	14181	6308	860	-
10571	3611	6308	860	-
14267	4991	6308	860	-
14267	14181	6308	860	-
10571	3611	6308	860	-
14267	14181	6308	860	-
10571	3611	6308	860	-
14267	14181	6308	860	-
10571	3611	6308	860	-
14267	14181	6308	860	-
10571	3611	6308	860	-
14267	14181	6308	860	-
14267	14181	6308	860	-
14267	14181	6308	860	-
14267	14181	6308	860	-
14267	14181	6308	860	-
10571	3611	6308	860	-
14267	4991	6308	860	-
14267	14181	6308	860	-
3297	15667	6308	862	-
16671	19353	6308	871	-
16671	19353	6308	871	-
16671	19353	6308	871	-
4800	13212	6308	871	-
4800	13212	6308	872	-
4800	13212	6308	872	-
4800	13212	6308	872	-
4800	13212	6308	872	-
21708	20201	6308	874	-
19531	13122	6308	875	-
21708	20201	6308	878	-
19531	22986	6308	878	-
19531	13122	6308	878	-
587	3824	6308	881	-
587	3824	6308	881	-
587	3824	6308	881	-
587	3824	6308	881	-
587	3824	6308	881	-
587	3824	6308	882	-
587	3824	6308	882	-
587	3824	6308	882	-
587	3824	6308	882	-
587	3824	6308	882	-
587	3824	6308	882	-
587	3824	6308	882	-
587	3824	6308	882	-
587	3824	6308	882	-
587	3824	6308	882	-
587	3824	6308	882	-
587	3824	6308	882	-
587	3824	6308	882	-
587	3824	6308	882	-
10429	16674	6308	883	-
16671	19353	6308	888	-
16671	19353	6308	888	-
16671	19353	6308	888	-
12332	14437	6308	894	-
12332	3297	6308	895	-
16671	13122	6308	898	-
12332	4981	6308	898	-
12332	16593	4579	903	-
6775	14437	4579	903	-
12332	9554	4579	906	-
587	11784	4579	907	-
587	11784	4579	907	-
587	4632	4579	907	-
587	11784	4579	907	-
587	11784	4579	908	-
587	11784	4579	908	-
587	11784	4579	908	-
587	11784	4579	908	-
14267	15690	4579	908	-
14267	15690	4579	908	-
14267	15690	4579	908	-
14267	15690	4579	908	-
14267	15690	4579	908	-
14267	15690	4579	908	-
14267	15690	4579	908	-
14267	15690	4579	908	-
14267	15690	4579	909	-
14267	15690	4579	909	-
14267	15690	4579	909	-
14267	15690	4579	909	-
14267	15690	4579	909	-
14267	15690	4579	909	-
14267	15690	4579	909	-
14267	15690	4579	909	-
14267	15690	4579	909	-
14267	15690	4579	909	-
14267	15690	4579	909	-
14267	15690	4579	909	-
14267	15690	4579	909	-
14267	15690	4579	909	-
7782	5938	4579	910	-
6775	2843	4579	910	-
12332	16332	4579	915	-
587	11784	4579	928	-
587	11784	4579	928	-
587	11784	4579	928	-
587	11784	4579	928	-
587	11784	4579	928	-
587	11784	4579	928	-
587	11784	4579	928	-
587	11784	4579	928	-
587	11784	4579	928	-
587	11784	4579	928	-
587	11784	4579	928	-
587	11784	4579	928	-
587	11784	4579	928	-
587	11784	4579	928	-
587	11784	4579	929	-
587	11784	4579	929	-
587	11784	4579	929	-
587	11784	4579	929	-
587	11784	4579	929	-
587	11784	4579	929	-
587	11784	4579	929	-
587	11784	4579	929	-
587	11784	4579	929	-
587	11784	4579	929	-
587	11784	4579	929	-
16671	13122	4579	929	-
6775	3461	4579	941	-
16671	19353	4579	949	-
14547	11900	4579	949	-
16671	19353	4579	949	-
16671	19353	4579	949	-
3297	15894	4579	949	-
16671	19353	4579	949	-
17624	23167	4579	949	-
6775	9554	4579	949	-
14547	19531	4579	950	-
20367	19350	4579	954	-
17624	2843	4579	954	-
10429	20730	4579	955	-
10429	20730	4579	955	-
17624	4981	7495	963	-
3611	13936	7495	966	-
3611	5395	7495	966	-
17624	16593	7495	967	-
7215	11900	7495	970	-
3374	19834	7495	970	-
10429	5938	7495	971	-
3611	20201	7495	972	-
3611	20201	7495	972	-
10429	13122	7495	976	-
3611	20201	7495	976	-
3611	20201	7495	976	-
3611	20201	7495	976	-
3611	20201	7495	976	-
3611	20201	7495	976	-
3611	20201	7495	976	-
3611	20201	7495	976	-
3611	20201	7495	976	-
7782	13122	7495	978	-
7782	11900	7495	978	-
7782	1633	7495	979	-
14267	15690	7495	981	-
14267	15690	7495	981	-
14267	15690	7495	981	-
14267	15690	7495	981	-
14267	15690	7495	981	-
14267	15690	7495	981	-
14267	15690	7495	981	-
14267	15690	7495	981	-
14267	15690	7495	981	-
14267	15690	7495	981	-
14267	15690	7495	981	-
14267	15690	7495	981	-
14267	15690	7495	981	-
14267	15690	7495	981	-
14267	15690	7495	981	-
14267	15690	7495	981	-
14267	15690	7495	981	-
7782	15667	7495	981	-
14267	15690	7495	982	-
14267	15690	7495	982	-
14267	15690	7495	982	-
14267	15690	7495	982	-
14267	15690	7495	982	-
14267	15690	7495	982	-
14267	15690	7495	982	-
14267	15690	7495	982	-
14267	15690	7495	982	-
14267	15690	7495	982	-
14267	15690	7495	982	-
14267	15690	7495	982	-
14267	15690	7495	982	-
14267	15690	7495	982	-
11001	21708	7495	984	-
17624	3611	7495	987	-
16671	19353	7495	987	-
16671	19353	7495	987	-
10429	10886	7495	989	-
16671	18332	7495	991	-
21708	20201	7495	992	-
21708	20201	7495	992	-
21708	20201	7495	992	-
21708	20201	7495	992	-
21708	20201	7495	992	-
21708	20201	7495	992	-
21708	20201	7495	992	-
21708	20201	7495	992	-
21708	20201	7495	992	-
21708	20201	7495	992	-
21708	20201	7495	992	-
21708	20201	7495	992	-
21708	20201	7495	992	-
21708	20201	7495	992	-
18246	3076	7495	992	-
10429	22644	7495	995	-
10429	22644	7495	995	-
10429	22644	7495	995	-
10429	22644	7495	995	-
10429	22644	7495	995	-
10429	22644	7495	996	-
10429	22644	7495	996	-
10429	22644	7495	996	-
18246	3076	7495	997	-
10429	22644	7495	997	-
18246	3076	7495	997	-
18246	3076	7495	997	-
18246	3076	7495	997	-
18246	3076	7495	997	-
18246	3076	7495	997	-
18246	3076	7495	997	-
10429	22644	7495	997	-
10429	22644	7495	997	-
18246	3076	7495	997	-
10429	22644	7495	997	-
18246	3076	7495	997	-
10429	22644	7495	997	-
18246	3076	7495	997	-
10429	22644	7495	997	-
18246	3076	7495	997	-
18246	3076	7495	998	-
18246	3076	7495	998	-
18246	3076	7495	998	-
18246	3076	7495	998	-
18246	3076	7495	998	-
18246	3076	7495	998	-
18246	3076	7495	998	-
18246	3076	7495	998	-
18246	3076	7495	998	-
18246	3076	7495	998	-
18246	3076	7495	998	-
18246	3076	7495	998	-
18246	3076	7495	998	-
18246	3076	7495	1002	-
18246	3076	7495	1002	-
18246	3076	7495	1002	-
18246	3076	7495	1002	-
18246	3076	7495	1002	-
18246	3076	7495	1003	-
18246	3076	7495	1003	-
18246	3076	7495	1003	-
18246	3076	7495	1003	-
18246	3076	7495	1003	-
18246	3076	7495	1003	-
18246	3076	7495	1003	-
21708	20201	7495	1007	-
21708	20201	7495	1008	-
21708	20201	7495	1008	-
21708	20201	7495	1008	-
21708	20201	7495	1008	-
21708	20201	7495	1008	-
16671	13122	7495	1010	-
18246	3076	7495	1011	-
18246	3076	7495	1011	-
18246	3076	7495	1012	-
18246	3076	7495	1012	-
18246	3076	7495	1012	-
18246	3076	7495	1012	-
18246	3076	7495	1012	-
18246	3076	7495	1012	-
18246	3076	7495	1012	-
18246	3076	7495	1012	-
18246	3076	7495	1012	-
18246	3076	7495	1012	-
18246	3076	7495	1012	-
18246	3076	7495	1016	-
18246	3076	7495	1016	-
18246	3076	7495	1017	-
18246	3076	7495	1017	-
18246	3076	7495	1017	-
18246	3076	7495	1017	-
18246	3076	7495	1017	-
18246	3076	7495	1017	-
18246	3076	7495	1017	-
18246	3076	7495	1017	-
18246	3076	7495	1017	-
18246	3076	7495	1017	-
18246	3076	7495	1017	-
3611	15667	7495	1018	-
3611	15667	7495	1020	-
17624	3611	7495	1020	-
17624	3611	7495	1020	-
17624	3611	7495	1020	-
17624	3611	7495	1020	-
17624	3611	7495	1020	-
17624	3611	7495	1020	-
17624	3611	7495	1020	-
3957	13122	7386	1022	-
21708	20201	7386	1022	-
21708	20201	7386	1022	-
21708	20201	7386	1022	-
21708	20201	7386	1022	-
21708	20201	7386	1022	-
21708	20201	7386	1023	-
10571	3611	7386	1023	-
10571	3611	7386	1023	-
10571	3611	7386	1023	-
10571	3611	7386	1023	-
10571	3611	7386	1023	-
10571	3611	7386	1023	-
10571	3611	7386	1023	-
3611	20201	7386	1033	-
3611	20201	7386	1033	-
16671	15894	7386	1039	-
3957	15394	7386	1039	-
10429	15894	7386	1039	-
3957	15394	7386	1039	-
14267	8768	7386	1039	-
3957	15394	7386	1039	-
14267	8768	7386	1039	-
14267	8768	7386	1039	-
14267	8768	7386	1039	-
14267	8768	7386	1039	-
14267	8768	7386	1039	-
14267	8768	7386	1039	-
14267	8768	7386	1039	-
14267	8768	7386	1039	-
14267	8768	7386	1039	-
14267	8768	7386	1039	-
14267	8768	7386	1039	-
14267	8768	7386	1039	-
14267	8768	7386	1039	-
14267	8768	7386	1039	-
14267	8768	7386	1039	-
14267	8768	7386	1039	-
14267	8768	7386	1039	-
10429	11900	7386	1039	-
14267	8768	7386	1039	-
14267	8768	7386	1040	-
14267	8768	7386	1040	-
3957	587	7386	1040	-
14267	8768	7386	1040	-
12332	3461	7386	1042	-
18246	6114	7386	1043	-
16671	12759	7386	1044	-
3957	15394	7386	1044	-
16671	11592	7386	1044	-
7782	19834	7386	1047	-
16671	9851	7386	1047	-
16671	22527	7386	1047	-
7782	11900	7386	1047	-
3957	19531	7386	1049	-
3957	15394	7386	1049	-
16671	12759	7386	1050	-
10429	1875	7386	1050	-
10429	1875	7386	1050	-
10429	1875	7386	1050	-
16671	12759	7386	1050	-
10429	1875	7386	1050	-
10429	1875	7386	1050	-
10429	1875	7386	1050	-
10429	1875	7386	1050	-
10429	1875	7386	1050	-
10429	1875	7386	1050	-
10429	1875	7386	1050	-
10429	1875	7386	1050	-
16671	10522	7386	1050	-
16671	18740	7386	1050	-
10429	1875	7386	1050	-
10429	1875	7386	1051	-
10429	1875	7386	1051	-
10429	1875	7386	1051	-
10429	1875	7386	1051	-
10429	1875	7386	1051	-
14267	15690	7386	1054	-
16671	3976	7386	1054	-
14267	15690	7386	1054	-
3957	15394	7386	1054	-
14267	15690	7386	1054	-
14267	15690	7386	1054	-
14267	15690	7386	1054	-
14267	15690	7386	1054	-
14267	15690	7386	1054	-
14267	15690	7386	1054	-
14267	15690	7386	1054	-
14267	15690	7386	1054	-
3957	22986	7386	1054	-
3957	13122	7386	1054	-
14267	15690	7386	1054	-
14267	15690	7386	1055	-
14267	15690	7386	1055	-
14267	15690	7386	1055	-
14267	15690	7386	1055	-
14267	15690	7386	1055	-
14267	15690	7386	1055	-
14267	15690	7386	1055	-
14267	15690	7386	1055	-
14267	15690	7386	1055	-
14267	15690	7386	1055	-
14267	15690	7386	1055	-
14267	15690	7386	1055	-
3957	5938	7386	1055	-
14267	15690	7386	1055	-
14267	15690	7386	1055	-
14267	15690	7386	1055	-
14267	15690	7386	1055	-
14267	15690	7386	1055	-
14267	15690	7386	1055	-
14267	15690	7386	1055	-
14267	15690	7386	1055	-
3957	1633	7386	1055	-
3957	15894	7386	1055	-
3957	19531	7386	1056	-
3957	11900	7386	1056	-
16671	11992	7386	1057	-
16671	23040	7386	1060	-
12332	8452	7386	1061	-
10571	3611	7386	1073	-
4800	13212	7386	1081	-
4800	13212	947	1085	-
18246	9121	947	1091	-
10429	3024	947	1093	-
10429	3024	947	1093	-
10429	3024	947	1093	-
10429	3024	947	1093	-
10429	3024	947	1093	-
10429	3024	947	1093	-
10429	3024	947	1093	-
10429	3024	947	1093	-
10429	3024	947	1093	-
10429	3024	947	1093	-
18246	9121	947	1094	-
18246	13508	947	1094	-
18246	9121	947	1094	-
18246	13508	947	1094	-
18246	9121	947	1094	-
18246	13508	947	1094	-
18246	9121	947	1094	-
18246	9121	947	1094	-
18246	9121	947	1094	-
18246	9121	947	1094	-
18246	9121	947	1094	-
18246	9121	947	1095	-
18246	9121	947	1095	-
18246	9121	947	1095	-
18246	9121	947	1095	-
18246	9121	947	1095	-
18246	13508	947	1095	-
18246	9121	947	1095	-
18246	9121	947	1095	-
18246	9121	947	1095	-
18246	9121	947	1095	-
3076	8452	947	1105	-
13993	13122	947	1114	-
10429	1875	947	1116	-
10429	1875	947	1116	-
10429	1875	947	1116	-
10429	1875	947	1116	-
10429	1875	947	1116	-
10429	1875	947	1116	-
10429	1875	947	1116	-
10429	1875	947	1116	-
10429	1875	947	1117	-
10429	1875	947	1117	-
10429	1875	947	1117	-
10429	1875	947	1117	-
10429	1875	947	1117	-
10429	1875	947	1117	-
10429	1875	947	1117	-
10429	1875	947	1117	-
10429	1875	947	1117	-
14547	19834	947	1119	-
3297	1633	947	1121	-
10571	3297	947	1123	-
10429	1875	947	1128	-
10429	1875	947	1128	-
10429	1875	947	1128	-
10429	1875	947	1128	-
10429	1875	947	1128	-
10429	1875	947	1128	-
10429	1875	947	1128	-
10429	1875	947	1128	-
10429	1875	947	1128	-
10429	1875	947	1128	-
10429	1875	947	1128	-
10429	1875	947	1128	-
10429	1875	947	1128	-
21708	20201	947	1129	-
21708	20201	947	1129	-
16671	19353	947	1129	-
21708	20201	947	1129	-
21708	20201	947	1129	-
21708	20201	947	1129	-
3611	20201	947	1129	-
16671	19353	947	1129	-
21708	20201	947	1129	-
21708	20201	947	1129	-
3611	20201	947	1129	-
21708	20201	947	1129	-
3611	20201	947	1129	-
16671	19353	947	1129	-
13993	19834	947	1129	-
10571	4981	947	1129	-
3297	15667	947	1130	-
10571	16531	947	1133	-
18246	4752	947	1136	-
18246	9121	947	1136	-
10571	9554	947	1137	-
3611	9121	947	1139	-
3611	13508	947	1139	-
3611	9121	947	1139	-
3611	13508	947	1139	-
3611	13508	947	1139	-
3611	9121	947	1139	-
3611	9121	947	1139	-
3611	9121	947	1139	-
3611	9121	947	1139	-
3611	9121	947	1139	-
3611	9121	947	1139	-
3611	9121	947	1140	-
3611	9121	947	1140	-
3611	9121	947	1140	-
3611	9121	947	1140	-
3611	9121	947	1140	-
3611	9121	947	1140	-
3611	13508	947	1140	-
3611	9121	947	1140	-
3611	9121	947	1140	-
3611	9121	947	1140	-
3611	9121	947	1140	-
10571	16332	947	1141	-
882	14437	24343	1146	-
16671	13122	24343	1148	-
3076	3611	24343	1148	-
3076	3611	24343	1149	-
3076	3611	24343	1149	-
3076	3611	24343	1149	-
3076	3611	24343	1149	-
3076	3611	24343	1149	-
3076	3611	24343	1149	-
16671	21708	24343	1149	-
882	23167	24343	1151	-
4800	12010	24343	1153	-
4800	12010	24343	1153	-
4800	12010	24343	1153	-
4800	12010	24343	1153	-
4800	12010	24343	1153	-
4800	12010	24343	1153	-
4800	12010	24343	1153	-
4800	12010	24343	1153	-
4800	12010	24343	1153	-
4800	12010	24343	1153	-
4800	12010	24343	1154	-
4800	12010	24343	1154	-
4800	12010	24343	1154	-
4800	12010	24343	1154	-
4800	12010	24343	1154	-
4800	12010	24343	1154	-
4800	12010	24343	1154	-
4800	12010	24343	1154	-
4800	15953	24343	1154	-
4800	12010	24343	1154	-
4800	12010	24343	1154	-
4800	12010	24343	1154	-
4800	12010	24343	1154	-
4800	12010	24343	1154	-
4800	12010	24343	1154	-
4800	12010	24343	1154	-
4800	12010	24343	1154	-
4800	12010	24343	1155	-
4800	12010	24343	1155	-
4800	12010	24343	1155	-
19839	19834	24343	1156	-
882	3611	24343	1156	-
882	3297	24343	1158	-
882	2843	24343	1159	-
882	16531	24343	1163	-
882	7268	24343	1167	-
882	9554	24343	1167	-
882	16332	24343	1170	-
3076	3611	24343	1172	-
3076	3611	24343	1172	-
3076	3611	24343	1172	-
3076	3611	24343	1172	-
3076	3611	24343	1172	-
3076	3611	24343	1172	-
3076	3611	24343	1172	-
3076	3611	24343	1172	-
3076	3611	24343	1172	-
7782	6157	24343	1176	-
20312	9554	24343	1176	-
7782	6157	24343	1178	-
7782	6157	24343	1178	-
7782	14263	24343	1178	-
7782	3858	24343	1178	-
7782	6157	24343	1178	-
7782	6157	24343	1178	-
7782	6157	24343	1178	-
7782	6157	24343	1178	-
7782	6157	24343	1178	-
7782	6157	24343	1179	-
7782	6157	24343	1179	-
7782	6157	24343	1179	-
7782	14263	24343	1179	-
7782	14263	24343	1179	-
7782	6157	24343	1179	-
7782	6157	24343	1179	-
7782	6157	24343	1179	-
7782	6157	24343	1179	-
7782	6157	24343	1179	-
7782	6157	24343	1179	-
7782	6157	24343	1179	-
4800	12010	24343	1180	-
4800	12010	24343	1180	-
4800	12010	24343	1180	-
4800	12010	24343	1180	-
4800	12010	24343	1180	-
4800	12010	24343	1180	-
4800	12010	24343	1180	-
4800	12010	24343	1180	-
4800	12010	24343	1180	-
4800	12010	24343	1180	-
4800	12010	24343	1180	-
4800	12010	24343	1181	-
4800	12010	24343	1181	-
4800	12010	24343	1181	-
4800	12010	24343	1181	-
4800	12010	24343	1181	-
4800	12010	24343	1181	-
4800	15953	24343	1181	-
4800	12010	24343	1181	-
4800	12010	24343	1181	-
4800	12010	24343	1181	-
19531	19834	24343	1195	-
19531	5938	24343	1197	-
3076	3611	8722	1202	-
10429	5938	8722	1204	-
17624	23167	8722	1215	-
7179	23167	8722	1218	-
19531	19531	8722	1219	-
19531	19531	8722	1219	-
10429	1875	8722	1219	-
3611	4752	8722	1219	-
14267	15690	8722	1219	-
18246	17923	8722	1219	-
3611	9121	8722	1220	-
10429	1875	8722	1220	-
10429	1875	8722	1220	-
10429	1875	8722	1220	-
10429	1875	8722	1220	-
10429	1875	8722	1220	-
10429	1875	8722	1220	-
10429	1875	8722	1220	-
10429	1875	8722	1220	-
10429	1875	8722	1220	-
10429	1875	8722	1220	-
14267	15690	8722	1220	-
14267	15690	8722	1220	-
10429	1875	8722	1220	-
18246	17923	8722	1220	-
17624	3297	8722	1220	-
18246	17923	8722	1221	-
10429	1875	8722	1221	-
10429	1875	8722	1221	-
14267	15690	8722	1221	-
14267	15690	8722	1221	-
14267	15690	8722	1221	-
14267	15690	8722	1221	-
14267	15690	8722	1221	-
14267	15690	8722	1221	-
14267	15690	8722	1221	-
14267	15690	8722	1221	-
14267	15690	8722	1221	-
14267	15690	8722	1221	-
14267	15690	8722	1221	-
14267	15690	8722	1221	-
14267	15690	8722	1221	-
14267	15690	8722	1221	-
14267	15690	8722	1221	-
14267	15690	8722	1222	-
14267	15690	8722	1222	-
14267	15690	8722	1222	-
14267	15690	8722	1222	-
14267	15690	8722	1222	-
14267	15690	8722	1222	-
14267	15690	8722	1222	-
14267	15690	8722	1222	-
7179	3461	8722	1222	-
17624	2843	8722	1226	-
4800	19305	8722	1238	-
4800	21467	8722	1238	-
10429	1875	8722	1238	-
7782	22986	8722	1240	-
7782	19834	8722	1240	-
10429	1875	8722	1242	-
10429	1875	8722	1242	-
10429	1875	8722	1242	-
10429	1875	8722	1242	-
10429	1875	8722	1242	-
10429	1875	8722	1242	-
10429	1875	8722	1242	-
10429	1875	8722	1242	-
10429	1875	8722	1242	-
10429	1875	8722	1242	-
10429	1875	8722	1242	-
10429	1875	8722	1242	-
7782	13122	8722	1243	-
6775	9554	8722	1244	-
6775	16332	8722	1248	-
7782	10812	8722	1251	-
7782	6157	8722	1251	-
7782	6157	8722	1251	-
7782	14263	8722	1251	-
7782	6157	8722	1251	-
7782	6157	8722	1251	-
7782	6157	8722	1252	-
7782	6157	8722	1252	-
7782	18682	8722	1252	-
7782	6157	8722	1252	-
7782	6157	8722	1252	-
7782	6157	8722	1252	-
7782	6157	8722	1252	-
7782	14263	8722	1252	-
7782	6157	8722	1253	-
7782	6157	8722	1253	-
7782	6157	8722	1253	-
7782	6157	8722	1253	-
7782	6157	8722	1253	-
7782	6157	8722	1253	-
7782	6157	8722	1253	-
7782	18682	8722	1253	-
7782	6157	8722	1253	-
7782	6157	8722	1253	-
7782	6157	8722	1253	-
7782	6157	8722	1253	-
7782	6157	8722	1253	-
7782	6157	8722	1253	-
7782	6157	8722	1253	-
7782	6157	8722	1253	-
7782	6157	8722	1253	-
7782	3858	8722	1253	-
7782	6157	8722	1254	-
7782	6157	8722	1254	-
7782	6157	8722	1254	-
7782	6157	8722	1254	-
7782	6157	8722	1254	-
7782	6157	8722	1254	-
7782	6157	8722	1255	-
10571	7268	8722	1257	-
7215	5938	8722	1258	-
3076	14437	8722	1260	-
3076	7268	8722	1261	-
18246	22030	30120	1271	-
18246	1949	30120	1271	-
18246	22030	30120	1271	-
18246	22030	30120	1271	-
18246	22030	30120	1271	-
18246	22030	30120	1271	-
18246	22030	30120	1271	-
3957	15394	30120	1274	-
17624	3611	30120	1274	-
17624	3611	30120	1274	-
18246	22030	30120	1292	-
18246	22030	30120	1292	-
18246	22030	30120	1292	-
18246	22030	30120	1292	-
19603	16531	30120	1301	-
10571	3611	30120	1307	-
10571	3611	30120	1309	-
3957	5938	30120	1309	-
587	4632	30120	1309	-
21708	20201	30120	1309	-
4800	3397	30120	1309	-
10571	3611	30120	1309	-
10571	3611	30120	1309	-
10571	3611	30120	1309	-
10571	3611	30120	1309	-
3957	5938	30120	1309	-
10571	3611	30120	1309	-
16671	19353	30120	1309	-
3957	15394	30120	1309	-
3297	5938	30120	1309	-
11001	5938	30120	1309	-
21708	20201	30120	1310	-
16671	19353	30120	1310	-
21708	20201	30120	1310	-
4800	3397	30120	1310	-
21708	20201	30120	1310	-
21708	20201	30120	1310	-
4800	3397	30120	1310	-
19603	8452	30120	1310	-
4800	3397	30120	1310	-
21708	20201	30120	1310	-
4800	3397	30120	1310	-
4800	3397	30120	1310	-
4800	3397	30120	1310	-
4800	3397	30120	1310	-
4800	3397	30120	1311	-
4800	3397	30120	1311	-
4800	3397	30120	1311	-
4800	3397	30120	1311	-
4800	3397	30120	1311	-
4800	3397	30120	1311	-
4800	3397	30120	1311	-
4800	3397	30120	1311	-
19603	4981	30120	1311	-
4800	3397	30120	1312	-
18246	3076	30120	1314	-
18246	3076	30120	1314	-
18246	3076	30120	1315	-
18246	3076	30120	1315	-
18246	3076	30120	1315	-
18246	3076	30120	1315	-
18246	3076	30120	1315	-
3611	20201	30120	1315	-
18246	3076	30120	1315	-
3611	20201	30120	1315	-
18246	3076	30120	1315	-
3611	20201	30120	1315	-
18246	3076	30120	1315	-
18246	3076	30120	1315	-
18246	3076	30120	1315	-
14267	8768	30120	1316	-
14267	8768	30120	1316	-
14267	8768	30120	1316	-
14267	8768	30120	1316	-
14267	8768	30120	1316	-
14267	8768	30120	1316	-
14267	8768	30120	1316	-
14267	8768	30120	1316	-
14267	8768	30120	1316	-
14267	8768	30120	1316	-
14267	8768	30120	1316	-
14267	8768	30120	1316	-
14267	8768	30120	1316	-
14267	8768	30120	1316	-
14267	8768	30120	1316	-
14267	8768	30120	1316	-
14267	8768	30120	1316	-
14267	8768	30120	1317	-
14267	8768	30120	1317	-
14267	8768	30120	1317	-
14267	8768	30120	1317	-
14267	8768	30120	1317	-
3297	13122	30120	1319	-
3297	11900	30120	1319	-
3297	15667	30120	1320	-
3957	21708	34502	1323	-
14267	18519	34502	1324	-
14267	18519	34502	1324	-
14267	18519	34502	1324	-
14267	18519	34502	1324	-
14267	18519	34502	1324	-
14267	18519	34502	1324	-
14267	18519	34502	1324	-
14267	18519	34502	1324	-
14267	18519	34502	1324	-
14267	18519	34502	1324	-
14267	18519	34502	1324	-
14267	18519	34502	1324	-
14267	18519	34502	1324	-
14267	18519	34502	1324	-
14267	18519	34502	1324	-
14267	18519	34502	1324	-
14267	18519	34502	1324	-
14267	18519	34502	1324	-
14267	18519	34502	1325	-
14267	18519	34502	1325	-
14267	18519	34502	1325	-
14267	18519	34502	1325	-
14267	18519	34502	1325	-
14267	18519	34502	1325	-
14267	18519	34502	1325	-
14267	18519	34502	1325	-
14267	18519	34502	1325	-
4800	347	34502	1328	-
21708	9699	34502	1329	-
10429	1875	34502	1329	-
21708	20201	34502	1329	-
21708	9699	34502	1330	-
21708	9699	34502	1330	-
21708	9699	34502	1330	-
21708	9699	34502	1330	-
21708	9699	34502	1330	-
21708	9699	34502	1330	-
10429	1875	34502	1331	-
10429	1875	34502	1332	-
10429	1875	34502	1332	-
10429	1875	34502	1332	-
10429	1875	34502	1332	-
10429	1875	34502	1332	-
10429	1875	34502	1332	-
10429	1875	34502	1332	-
10429	1875	34502	1332	-
10429	1875	34502	1332	-
10429	1875	34502	1332	-
10429	1875	34502	1332	-
882	14437	34502	1338	-
882	3297	34502	1339	-
19531	15894	34502	1342	-
19531	21708	34502	1342	-
882	16531	34502	1342	-
4800	1678	34502	1346	-
4800	1678	34502	1346	-
4800	1678	34502	1346	-
4800	1678	34502	1346	-
4800	1678	34502	1346	-
4800	1678	34502	1346	-
4800	1678	34502	1346	-
4800	1678	34502	1347	-
882	7268	34502	1347	-
882	16332	34502	1348	-
12985	21708	34502	1352	-
18246	17923	34502	1355	-
10571	3611	34502	1358	-
10571	3611	34502	1358	-
3611	20201	34502	1361	-
3611	1967	34502	1361	-
12332	23167	34502	1365	-
8048	3611	34502	1367	-
3957	1633	34502	1367	-
12332	16593	34502	1367	-
13993	19834	34502	1369	-
13993	1633	34502	1369	-
11001	19834	34502	1375	-
13993	15894	14049	1384	-
3611	21708	14049	1388	-
8048	3611	14049	1391	-
21708	6768	14049	1399	-
18246	3076	14049	1399	-
18246	3076	14049	1399	-
18246	3076	14049	1399	-
21708	14275	14049	1399	-
7782	10812	14049	1399	-
18246	3076	14049	1399	-
18246	3076	14049	1399	-
18246	3076	14049	1399	-
18246	3076	14049	1399	-
21708	6768	14049	1399	-
16671	3322	14049	1399	-
21708	6768	14049	1399	-
18246	9121	14049	1399	-
7782	6157	14049	1399	-
21708	14275	14049	1399	-
18246	3076	14049	1399	-
18246	3076	14049	1399	-
3297	15667	14049	1399	-
18246	13508	14049	1400	-
18246	9121	14049	1400	-
18246	9121	14049	1400	-
7782	6157	14049	1400	-
18246	13508	14049	1400	-
18246	9121	14049	1400	-
18246	9121	14049	1400	-
18246	9121	14049	1400	-
18246	9121	14049	1400	-
18246	9121	14049	1400	-
18246	9121	14049	1400	-
18246	9121	14049	1400	-
18246	9121	14049	1400	-
18246	9121	14049	1400	-
18246	9121	14049	1400	-
18246	13508	14049	1400	-
18246	9121	14049	1400	-
18246	9121	14049	1400	-
18246	9121	14049	1400	-
18246	9121	14049	1400	-
18246	9121	14049	1400	-
7782	18682	14049	1400	-
7782	18682	14049	1400	-
7782	6157	14049	1400	-
18246	13508	14049	1400	-
7179	8452	14049	1400	-
7782	6157	14049	1401	-
7782	6157	14049	1401	-
7782	6157	14049	1401	-
7782	6157	14049	1401	-
7782	6157	14049	1401	-
7782	6157	14049	1401	-
7782	18682	14049	1401	-
7782	6157	14049	1401	-
7782	6157	14049	1401	-
7782	18682	14049	1401	-
7782	6157	14049	1401	-
7782	3858	14049	1401	-
7782	6157	14049	1401	-
7782	6157	14049	1401	-
7782	6157	14049	1401	-
7782	6157	14049	1401	-
7782	6157	14049	1401	-
7782	6157	14049	1401	-
7782	18682	14049	1401	-
7782	14263	14049	1401	-
17624	23167	14049	1401	-
10429	15667	14049	1403	-
17624	23167	14049	1404	-
15394	4800	14049	1404	-
23317	882	14049	1404	-
17624	23167	14049	1406	-
17624	23167	14049	1408	-
17624	23167	14049	1410	-
20312	23167	14049	1412	-
17624	23167	14049	1412	-
20312	14437	14049	1414	-
20312	23167	14049	1415	-
17624	23167	14049	1417	-
17624	23167	14049	1417	-
17624	23167	14049	1417	-
17624	23167	14049	1417	-
17624	23167	14049	1417	-
17624	23167	14049	1417	-
20312	4981	14049	1417	-
17624	23167	14049	1418	-
17624	23167	14049	1418	-
16671	19353	14049	1420	-
10429	20987	14049	1420	-
16671	19353	14049	1420	-
16671	19353	14049	1420	-
10429	20889	14049	1420	-
20312	16593	14049	1420	-
10429	20987	14049	1423	-
10429	20586	14049	1423	-
10429	18740	14049	1423	-
10429	20987	14049	1423	-
10429	20987	14049	1423	-
10429	20987	14049	1423	-
10429	20987	14049	1423	-
10429	20987	14049	1423	-
20312	7268	14049	1423	-
10429	20987	14049	1424	-
10429	20889	14049	1424	-
10429	20987	14049	1424	-
10429	20987	14049	1424	-
10429	20987	14049	1424	-
10429	20987	14049	1424	-
10429	20987	14049	1424	-
20312	16332	14049	1424	-
10429	12463	14049	1424	-
587	11784	14049	1425	-
587	11784	14049	1425	-
587	11784	14049	1425	-
587	11784	14049	1425	-
587	11784	14049	1425	-
587	11784	14049	1425	-
587	11784	14049	1425	-
587	11784	14049	1425	-
587	11784	14049	1425	-
587	11784	14049	1425	-
587	11784	14049	1425	-
587	11784	14049	1425	-
587	11784	14049	1426	-
587	11784	14049	1426	-
587	11784	14049	1426	-
587	11784	14049	1426	-
587	11784	14049	1426	-
587	11784	14049	1426	-
587	11784	14049	1426	-
587	11784	14049	1426	-
587	11784	14049	1426	-
587	11784	14049	1426	-
587	11784	14049	1426	-
587	11784	14049	1426	-
587	11784	14049	1426	-
13993	15894	14049	1433	-
13993	19531	14049	1433	-
13993	15667	14049	1434	-
3611	15894	14049	1438	-
4800	1678	14049	1440	-
16671	18332	13554	1452	-
18246	9121	13554	1454	-
18246	4752	13554	1454	-
18246	9121	13554	1454	-
18246	9121	13554	1454	-
18246	9121	13554	1454	-
18246	9121	13554	1454	-
18246	9121	13554	1454	-
18246	9121	13554	1454	-
18246	9121	13554	1454	-
18246	9121	13554	1455	-
18246	13508	13554	1455	-
18246	9121	13554	1455	-
10571	3611	13554	1457	-
10571	3611	13554	1457	-
18246	9121	13554	1465	-
18246	9121	13554	1465	-
18246	13508	13554	1465	-
18246	9121	13554	1465	-
18246	9121	13554	1465	-
18246	9121	13554	1465	-
18246	9121	13554	1465	-
18246	9121	13554	1465	-
18246	9121	13554	1465	-
18246	9121	13554	1465	-
18246	9121	13554	1465	-
18246	9121	13554	1465	-
18246	9121	13554	1465	-
18246	9121	13554	1465	-
8048	14437	13554	1477	-
12332	16531	13554	1483	-
3076	3611	13554	1484	-
7782	6157	13554	1489	-
18246	3076	13554	1489	-
18246	3076	13554	1489	-
587	11784	13554	1489	-
10429	20987	13554	1489	-
18246	3076	13554	1489	-
18246	3076	13554	1489	-
10429	20987	13554	1489	-
587	11784	13554	1489	-
18246	3076	13554	1489	-
18246	3076	13554	1489	-
18246	3076	13554	1489	-
3957	15394	13554	1489	-
3076	3611	13554	1489	-
587	11784	13554	1489	-
10429	20987	13554	1489	-
18246	3076	13554	1489	-
3957	15667	13554	1489	-
587	11784	13554	1490	-
10429	20987	13554	1490	-
10429	20987	13554	1490	-
7782	6157	13554	1490	-
7782	6157	13554	1490	-
10429	20987	13554	1490	-
7782	6157	13554	1490	-
18246	3076	13554	1490	-
18246	3076	13554	1490	-
7782	14263	13554	1490	-
587	11784	13554	1490	-
3076	3611	13554	1490	-
18246	3076	13554	1490	-
587	11784	13554	1490	-
3076	3611	13554	1490	-
10429	20987	13554	1490	-
3076	3611	13554	1490	-
18246	3076	13554	1490	-
587	11784	13554	1490	-
3076	3611	13554	1490	-
10429	20987	13554	1490	-
7782	6157	13554	1490	-
3076	3611	13554	1490	-
18246	3076	13554	1490	-
587	11784	13554	1490	-
10429	20987	13554	1490	-
10429	20987	13554	1490	-
7782	6157	13554	1490	-
7782	18682	13554	1491	-
7782	6157	13554	1491	-
7782	6157	13554	1491	-
7782	6157	13554	1491	-
7782	6157	13554	1491	-
7782	6157	13554	1491	-
7782	14263	13554	1491	-
7782	6157	13554	1491	-
7782	6157	13554	1491	-
7782	6157	13554	1491	-
7782	6157	13554	1491	-
7782	6157	13554	1492	-
7782	6157	13554	1492	-
7782	18682	13554	1492	-
7782	6157	13554	1492	-
7782	6157	13554	1492	-
7782	6157	13554	1492	-
7782	6157	13554	1492	-
7782	6157	13554	1492	-
7782	6157	13554	1492	-
7782	6157	13554	1492	-
7782	6157	13554	1492	-
7782	6157	13554	1492	-
7782	6157	13554	1492	-
7782	3858	13554	1492	-
7782	6157	13554	1492	-
7782	6157	13554	1492	-
7782	6157	13554	1492	-
7782	6157	13554	1492	-
7782	6157	13554	1493	-
7782	6157	13554	1493	-
8048	3297	13554	1493	-
8048	16531	13554	1496	-
8048	7268	13554	1500	-
8048	16332	13554	1501	-
18246	13508	29669	1502	-
10429	20889	29669	1503	-
10429	20987	29669	1503	-
10429	20586	29669	1503	-
10429	20987	29669	1503	-
10429	20987	29669	1504	-
10429	20987	29669	1504	-
10429	20889	29669	1504	-
10429	18740	29669	1504	-
10429	20987	29669	1504	-
10429	20987	29669	1504	-
10429	20987	29669	1504	-
10429	20987	29669	1504	-
10429	20987	29669	1504	-
10429	20987	29669	1504	-
10429	20987	29669	1504	-
10429	20987	29669	1504	-
10429	20987	29669	1504	-
10429	12463	29669	1504	-
14267	18519	29669	1506	-
14267	18519	29669	1506	-
14267	18519	29669	1506	-
14267	18519	29669	1506	-
14267	18519	29669	1506	-
14267	18519	29669	1506	-
14267	18519	29669	1506	-
14267	18519	29669	1506	-
14267	18519	29669	1506	-
14267	18519	29669	1506	-
14267	18519	29669	1506	-
14267	18519	29669	1506	-
14267	18519	29669	1506	-
14267	18519	29669	1506	-
14267	18519	29669	1506	-
14267	18519	29669	1506	-
14267	18519	29669	1506	-
14267	18519	29669	1506	-
14267	18519	29669	1506	-
14267	18519	29669	1506	-
14267	18519	29669	1506	-
14267	18519	29669	1506	-
14267	18519	29669	1506	-
14267	18519	29669	1507	-
14267	18519	29669	1507	-
14267	18519	29669	1507	-
14267	18519	29669	1507	-
14267	18519	29669	1507	-
14267	18519	29669	1507	-
14267	18519	29669	1507	-
14267	18519	29669	1507	-
14267	18519	29669	1507	-
14267	18519	29669	1507	-
14267	18519	29669	1507	-
14267	18519	29669	1507	-
14267	18519	29669	1507	-
14267	18519	29669	1507	-
14267	18519	29669	1507	-
14267	18519	29669	1507	-
14267	18519	29669	1507	-
20312	3461	29669	1508	-
18246	12332	29669	1511	-
18246	12332	29669	1512	-
18246	12332	29669	1512	-
18246	12332	29669	1512	-
18246	12332	29669	1512	-
18246	12332	29669	1512	-
18246	12332	29669	1512	-
18246	12332	29669	1512	-
18246	12332	29669	1513	-
18246	12332	29669	1513	-
18246	12332	29669	1513	-
16671	19353	29669	1513	-
18246	12332	29669	1513	-
18246	12332	29669	1513	-
18246	12332	29669	1513	-
18246	12332	29669	1513	-
18246	12332	29669	1513	-
18246	12332	29669	1513	-
18246	12332	29669	1513	-
18246	12332	29669	1513	-
18246	12332	29669	1513	-
18246	12332	29669	1513	-
16671	19353	29669	1513	-
16671	19353	29669	1513	-
18246	12332	29669	1513	-
18246	12332	29669	1513	-
18246	12332	29669	1513	-
18246	12332	29669	1513	-
18246	12332	29669	1513	-
18246	12332	29669	1513	-
7782	6157	29669	1517	-
14267	18519	29669	1518	-
14267	18519	29669	1518	-
7782	14263	29669	1518	-
7782	6157	29669	1518	-
7782	6157	29669	1518	-
7782	6157	29669	1518	-
7782	3858	29669	1518	-
7782	14263	29669	1518	-
7782	6157	29669	1518	-
7782	6157	29669	1519	-
7782	6157	29669	1519	-
7782	6157	29669	1519	-
7782	6157	29669	1519	-
7782	6157	29669	1519	-
7782	6157	29669	1519	-
7782	6157	29669	1519	-
7782	6157	29669	1519	-
7782	6157	29669	1519	-
7782	14263	29669	1519	-
7782	6157	29669	1519	-
7782	6157	29669	1519	-
7782	6157	29669	1519	-
7782	6157	29669	1519	-
4800	1678	29669	1533	-
4800	1678	29669	1533	-
4800	1678	29669	1533	-
4800	1678	29669	1533	-
4800	1678	29669	1533	-
4800	1678	29669	1533	-
4800	1678	29669	1533	-
4800	1678	29669	1534	-
7782	10812	29669	1536	-
7782	15454	29669	1539	-
16671	19834	29669	1544	-
3076	14437	29669	1544	-
7782	19834	29669	1556	-
13993	19834	39376	1572	-
12332	2843	39376	1576	-
4800	3397	39376	1579	-
14267	23327	39376	1579	-
21708	14275	39376	1579	-
10429	20987	39376	1579	-
14267	23327	39376	1579	-
3957	15667	39376	1579	-
10429	20987	39376	1579	-
10429	20987	39376	1579	-
10429	20987	39376	1579	-
10429	20987	39376	1579	-
4800	3397	39376	1579	-
4800	3397	39376	1579	-
4800	3397	39376	1579	-
4800	3397	39376	1579	-
4800	3397	39376	1579	-
4800	3397	39376	1579	-
4800	3397	39376	1579	-
4800	3397	39376	1579	-
21708	6768	39376	1579	-
14547	15667	39376	1579	-
14267	23327	39376	1579	-
10429	18740	39376	1579	-
4800	3397	39376	1579	-
21708	6768	39376	1579	-
18246	15667	39376	1579	-
14267	23327	39376	1580	-
21708	6768	39376	1580	-
4800	3397	39376	1580	-
14267	23327	39376	1580	-
14267	23327	39376	1580	-
14267	23327	39376	1580	-
14267	23327	39376	1580	-
14267	23327	39376	1580	-
14267	23327	39376	1580	-
10429	20987	39376	1580	-
10429	20987	39376	1580	-
14267	23327	39376	1580	-
10429	20987	39376	1580	-
10429	20889	39376	1580	-
14267	23327	39376	1580	-
4800	3397	39376	1580	-
4800	3397	39376	1580	-
21708	6768	39376	1580	-
4800	3397	39376	1580	-
14267	23327	39376	1580	-
21708	6768	39376	1580	-
4800	3397	39376	1580	-
20367	587	39376	1580	-
10429	20987	39376	1580	-
14267	23327	39376	1580	-
4800	3397	39376	1580	-
4800	3397	39376	1580	-
10429	20987	39376	1580	-
10429	20987	39376	1580	-
14267	23327	39376	1580	-
14267	23327	39376	1581	-
14267	2989	39376	1581	-
19531	5938	39376	1581	-
14267	23327	39376	1581	-
3076	3611	39376	1581	-
3076	3611	39376	1581	-
3076	3611	39376	1581	-
3076	3611	39376	1581	-
3076	3611	39376	1581	-
3076	3611	39376	1581	-
3076	3611	39376	1581	-
19531	19834	39376	1581	-
14547	15667	39376	1581	-
12332	14437	39376	1583	-
19839	21708	39376	1583	-
12332	3611	39376	1583	-
12332	2843	39376	1584	-
12332	8452	39376	1587	-
3076	3611	39376	1588	-
3076	3611	39376	1589	-
3076	3611	39376	1589	-
3076	3611	39376	1589	-
3076	3611	39376	1589	-
3076	3611	39376	1589	-
3076	3611	39376	1589	-
3076	3611	39376	1592	-
3076	3611	39376	1592	-
3076	3611	39376	1592	-
3076	3611	39376	1592	-
3076	3611	39376	1593	-
3076	3611	39376	1593	-
3076	3611	39376	1593	-
18246	626	39376	1594	-
10429	20987	39376	1594	-
10429	20987	39376	1594	-
10429	20987	39376	1594	-
10429	20987	39376	1594	-
10429	20987	39376	1594	-
10429	18740	39376	1594	-
10429	20987	39376	1594	-
10429	20987	39376	1594	-
10429	20987	39376	1594	-
10429	20889	39376	1594	-
10429	20987	39376	1594	-
10429	20987	39376	1594	-
10429	20987	39376	1594	-
18246	12332	39376	1594	-
18246	626	39376	1595	-
18246	626	39376	1595	-
18246	626	39376	1595	-
18246	626	39376	1595	-
18246	626	39376	1595	-
18246	626	39376	1595	-
18246	626	39376	1595	-
18246	626	39376	1595	-
18246	626	39376	1595	-
18246	626	39376	1595	-
18246	626	39376	1595	-
18246	626	39376	1595	-
18246	626	39376	1595	-
882	3461	39376	1595	-
18246	626	39376	1595	-
882	16593	39376	1595	-
19350	7215	39376	1596	-
19350	7215	39376	1597	-
19350	7215	39376	1597	-
19350	7215	39376	1597	-
18246	17005	39376	1597	-
19350	7215	39376	1597	-
19350	7215	39376	1597	-
19350	3374	39376	1599	-
19350	3374	39376	1599	-
19350	3374	39376	1599	-
19350	3374	39376	1599	-
19350	3374	39376	1599	-
19350	3374	39376	1599	-
19350	3374	39376	1599	-
19350	7215	39376	1599	-
882	14437	39376	1599	-
19350	7215	39376	1600	-
19350	7215	39376	1600	-
882	23167	39376	1603	-
882	2843	39376	1607	-
17624	16593	39376	1613	-
7782	17392	39376	1615	-
882	16531	39376	1615	-
7782	17392	39376	1616	-
7782	17392	39376	1616	-
7782	17392	39376	1616	-
7782	17392	39376	1617	-
7782	17392	39376	1617	-
7782	17392	39376	1617	-
7782	17392	39376	1617	-
7782	17392	39376	1617	-
7782	17392	39376	1617	-
7782	17392	39376	1617	-
7782	17392	39376	1617	-
7782	17392	39376	1617	-
7782	17392	39376	1618	-
7782	17392	39376	1618	-
7782	17392	39376	1618	-
7782	17392	39376	1618	-
7782	17392	39376	1618	-
7782	17392	39376	1618	-
7782	17392	39376	1618	-
882	7268	14426	1622	-
882	9554	14426	1623	-
7782	17392	14426	1625	-
7782	17392	14426	1625	-
7782	17392	14426	1625	-
7782	17392	14426	1625	-
7782	17392	14426	1626	-
7782	17392	14426	1626	-
7782	17392	14426	1626	-
7782	17392	14426	1626	-
7782	17392	14426	1626	-
7782	17392	14426	1626	-
7782	17392	14426	1626	-
7782	17392	14426	1626	-
7782	17392	14426	1626	-
7782	17392	14426	1626	-
7782	17392	14426	1626	-
7782	17392	14426	1626	-
7782	17392	14426	1626	-
7782	17392	14426	1627	-
7782	17392	14426	1627	-
882	16332	14426	1628	-
7782	17392	14426	1629	-
882	3461	14426	1630	-
7782	7253	14426	1632	-
7782	7253	14426	1632	-
7782	7253	14426	1632	-
7782	7253	14426	1632	-
7782	7253	14426	1632	-
7782	7253	14426	1633	-
4800	3947	14426	1636	-
882	4981	14426	1636	-
10571	3611	14426	1637	-
10571	3611	14426	1637	-
3076	3611	14426	1657	-
18225	3611	14426	1662	teardrop
18225	3611	14426	1662	teardrop
18225	3611	14426	1662	teardrop
18225	3611	14426	1662	teardrop
18225	3611	14426	1662	teardrop
18225	3611	14426	1662	teardrop
18225	3611	14426	1662	teardrop
18225	3611	14426	1662	teardrop
18225	3611	14426	1662	teardrop
18225	3611	14426	1662	teardrop
18225	3611	14426	1662	teardrop
18225	3611	14426	1662	teardrop
18225	3611	14426	1662	teardrop
18225	3611	14426	1662	teardrop
18225	3611	14426	1662	teardrop
18225	3611	14426	1662	teardrop
18225	3611	14426	1662	teardrop
18225	3611	14426	1662	teardrop
18225	3611	14426	1662	teardrop
18225	3611	14426	1662	teardrop
18225	3611	14426	1662	teardrop
18225	3611	14426	1662	teardrop
18225	3611	14426	1662	teardrop
18225	3611	14426	1662	teardrop
18225	3611	14426	1662	teardrop
18225	3611	14426	1662	teardrop
18225	3611	14426	1662	teardrop
18225	3611	14426	1662	teardrop
10571	23167	14426	1662	-
18225	3611	14426	1663	teardrop
18225	3611	14426	1663	teardrop
18225	3611	14426	1663	teardrop
18225	3611	14426	1663	teardrop
18225	3611	14426	1663	teardrop
18225	3611	14426	1663	teardrop
18225	3611	14426	1663	teardrop
18225	3611	14426	1663	teardrop
18225	3611	14426	1663	teardrop
18225	3611	14426	1663	teardrop
18225	3611	14426	1663	teardrop
18225	3611	14426	1663	teardrop
18225	3611	14426	1663	teardrop
18225	3611	14426	1663	teardrop
18225	3611	14426	1663	teardrop
18225	3611	14426	1663	teardrop
18225	3611	14426	1663	teardrop
18225	3611	14426	1663	teardrop
18225	3611	14426	1663	teardrop
18225	3611	14426	1663	teardrop
18225	3611	14426	1663	teardrop
18225	3611	14426	1663	teardrop
18225	3611	14426	1663	teardrop
18225	3611	14426	1663	teardrop
18225	3611	14426	1663	teardrop
18225	3611	14426	1663	teardrop
18225	3611	14426	1663	teardrop
18225	3611	14426	1663	teardrop
18225	3611	14426	1663	teardrop
18225	3611	14426	1663	teardrop
18225	3611	14426	1663	teardrop
18225	3611	14426	1663	teardrop
18225	3611	14426	1663	teardrop
18225	3611	14426	1663	teardrop
18225	3611	14426	1663	teardrop
18225	3611	14426	1663	teardrop
18225	3611	14426	1663	teardrop
18225	3611	14426	1663	teardrop
18225	3611	14426	1663	teardrop
18225	3611	14426	1663	teardrop
18225	3611	14426	1663	teardrop
18225	3611	14426	1663	teardrop
18225	3611	14426	1663	teardrop
18225	3611	14426	1663	teardrop
18225	3611	14426	1663	teardrop
18225	3611	14426	1663	teardrop
18225	3611	14426	1663	teardrop
18225	3611	14426	1663	teardrop
18225	3611	14426	1663	teardrop
18225	3611	14426	1663	teardrop
18225	3611	14426	1663	teardrop
18225	3611	14426	1663	teardrop
18225	3611	14426	1663	teardrop
18225	3611	14426	1663	teardrop
18225	3611	14426	1663	teardrop
18225	3611	14426	1663	teardrop
18225	3611	14426	1663	teardrop
18225	3611	14426	1663	teardrop
18225	3611	14426	1663	teardrop
18225	3611	14426	1663	teardrop
18225	3611	14426	1663	teardrop
18225	3611	14426	1663	teardrop
18225	3611	14426	1663	teardrop
18225	3611	14426	1663	teardrop
18225	3611	14426	1663	teardrop
18225	3611	14426	1663	teardrop
18225	3611	14426	1663	teardrop
18225	3611	14426	1663	teardrop
18225	3611	14426	1663	teardrop
18225	3611	14426	1663	teardrop
18225	3611	14426	1663	teardrop
18225	3611	14426	1663	teardrop
18225	3611	14426	1663	teardrop
18225	3611	14426	1663	teardrop
18225	3611	14426	1663	teardrop
18225	3611	14426	1663	teardrop
18225	3611	14426	1663	teardrop
18225	3611	14426	1663	teardrop
18225	3611	14426	1663	teardrop
18225	3611	14426	1663	teardrop
18225	3611	14426	1663	teardrop
18225	3611	14426	1663	teardrop
18225	3611	14426	1663	teardrop
18225	3611	14426	1663	teardrop
18225	3611	14426	1663	teardrop
18225	3611	14426	1663	teardrop
18225	3611	14426	1663	teardrop
18225	3611	14426	1663	teardrop
18225	3611	14426	1663	teardrop
18225	3611	14426	1663	teardrop
18225	3611	14426	1663	teardrop
18225	3611	14426	1663	teardrop
18225	3611	14426	1663	teardrop
18225	3611	14426	1663	teardrop
18225	3611	14426	1664	teardrop
18225	3611	14426	1664	teardrop
18225	3611	14426	1664	teardrop
18225	3611	14426	1664	teardrop
18225	3611	14426	1664	teardrop
18225	3611	14426	1664	teardrop
18225	3611	14426	1664	teardrop
18225	3611	14426	1664	teardrop
18225	3611	14426	1664	teardrop
18225	3611	14426	1664	teardrop
18225	3611	14426	1664	teardrop
18225	3611	14426	1664	teardrop
18225	3611	14426	1664	teardrop
18225	3611	14426	1664	teardrop
18225	3611	14426	1664	teardrop
18225	3611	14426	1664	teardrop
18225	3611	14426	1664	teardrop
18225	3611	14426	1664	teardrop
18225	3611	14426	1664	teardrop
18225	3611	14426	1664	teardrop
18225	3611	14426	1664	teardrop
18225	3611	14426	1664	teardrop
18225	3611	14426	1664	teardrop
18225	3611	14426	1664	teardrop
18225	3611	14426	1664	teardrop
18225	3611	14426	1664	teardrop
18225	3611	14426	1664	teardrop
18225	3611	14426	1664	teardrop
18225	3611	14426	1664	teardrop
18225	3611	14426	1664	teardrop
18225	3611	14426	1664	teardrop
18225	3611	14426	1664	teardrop
18225	3611	14426	1664	teardrop
18225	3611	14426	1664	teardrop
18225	3611	14426	1664	teardrop
18225	3611	14426	1664	teardrop
18225	3611	14426	1664	teardrop
18225	3611	14426	1664	teardrop
18225	3611	14426	1664	teardrop
18225	3611	14426	1664	teardrop
18225	3611	14426	1664	teardrop
18225	3611	14426	1664	teardrop
18225	3611	14426	1664	teardrop
18225	3611	14426	1664	teardrop
18225	3611	14426	1664	teardrop
18225	3611	14426	1664	teardrop
18225	3611	14426	1664	teardrop
18225	3611	14426	1664	teardrop
18225	3611	14426	1664	teardrop
18225	3611	14426	1664	teardrop
18225	3611	14426	1664	teardrop
18225	3611	14426	1664	teardrop
18225	3611	14426	1664	teardrop
18225	3611	14426	1664	teardrop
18225	3611	14426	1664	teardrop
18225	3611	14426	1664	teardrop
18225	3611	14426	1664	teardrop
18225	3611	14426	1664	teardrop
18225	3611	14426	1664	teardrop
18225	3611	14426	1664	teardrop
18225	3611	14426	1664	teardrop
18225	3611	14426	1664	teardrop
18225	3611	14426	1664	teardrop
18225	3611	14426	1664	teardrop
18225	3611	14426	1664	teardrop
18225	3611	14426	1664	teardrop
18225	3611	14426	1664	teardrop
18225	3611	14426	1664	teardrop
18225	3611	14426	1664	teardrop
18225	3611	14426	1664	teardrop
18225	3611	14426	1664	teardrop
18225	3611	14426	1664	teardrop
18225	3611	14426	1664	teardrop
18225	3611	14426	1664	teardrop
18225	3611	14426	1664	teardrop
18225	3611	14426	1664	teardrop
18225	3611	14426	1664	teardrop
18225	3611	14426	1664	teardrop
882	8452	14426	1665	-
6775	23167	14426	1667	-
18246	3076	14426	1669	-
10429	3076	14426	1669	-
7215	15894	14426	1669	-
11001	15894	14426	1669	-
3297	15894	14426	1669	-
18246	3076	14426	1669	-
18246	3076	14426	1669	-
18246	3076	14426	1669	-
18246	3076	14426	1669	-
18246	3076	14426	1669	-
10429	3076	14426	1669	-
18246	3076	14426	1669	-
10429	3076	14426	1669	-
18246	3076	14426	1669	-
10429	3076	14426	1669	-
18246	3076	14426	1669	-
3297	19834	14426	1669	-
10429	3076	14426	1669	-
882	16332	14426	1669	-
10429	3076	14426	1670	-
18246	3076	14426	1670	-
10429	3076	14426	1670	-
7215	19531	14426	1670	-
10429	3076	14426	1670	-
10429	3076	14426	1670	-
10429	3076	14426	1670	-
10429	3076	14426	1670	-
10429	3076	14426	1670	-
10429	3076	14426	1670	-
10429	3076	14426	1670	-
10429	3076	14426	1670	-
10429	3076	14426	1670	-
10429	3076	14426	1670	-
10429	3076	14426	1670	-
10429	3076	14426	1670	-
10429	3076	14426	1670	-
10429	3076	14426	1670	-
10429	3076	14426	1670	-
10429	3076	14426	1670	-
10429	3076	14426	1671	-
10429	3076	14426	1671	-
4800	3947	14426	1675	-
4800	3947	14426	1675	-
4800	3947	14426	1675	-
4800	3947	14426	1675	-
4800	3947	14426	1675	-
16671	19834	14426	1678	-
18246	626	14218	1687	-
18246	626	14218	1688	-
18246	626	14218	1688	-
18246	626	14218	1688	-
18246	626	14218	1688	-
18246	626	14218	1688	-
18246	626	14218	1688	-
10429	3076	14218	1701	-
19350	7215	14218	1701	-
10429	3076	14218	1701	-
10429	3076	14218	1701	-
10429	3076	14218	1701	-
10429	3076	14218	1701	-
10429	3076	14218	1701	-
10429	3076	14218	1701	-
10429	3076	14218	1701	-
10429	3076	14218	1701	-
10429	3076	14218	1701	-
10429	3076	14218	1701	-
10429	3076	14218	1701	-
21708	6768	14218	1716	-
21708	6768	14218	1716	-
21708	14275	14218	1716	-
21708	6768	14218	1716	-
3611	19834	14218	1718	-
19531	22986	159	1749	-
19350	7215	159	1757	-
19350	7215	159	1757	-
19350	7215	159	1757	-
14267	23327	159	1759	-
16671	19353	159	1759	-
14267	23327	159	1759	-
16671	19353	159	1759	-
16671	19353	159	1759	-
14267	23327	159	1759	-
14267	23327	159	1759	-
19531	13122	159	1759	-
14267	23327	159	1760	-
14267	23327	159	1760	-
14267	23327	159	1760	-
14267	23327	159	1760	-
7782	7253	159	1763	-
7782	7253	159	1763	-
7782	7253	159	1763	-
7782	7253	159	1763	-
7782	7253	159	1763	-
7782	7253	159	1763	-
7782	7253	159	1763	-
7782	7253	159	1763	-
7782	7253	159	1763	-
21708	7215	159	1764	-
16671	5696	159	1764	-
16671	5696	159	1764	-
16671	5696	159	1764	-
16671	5696	159	1764	-
16671	5696	159	1764	-
16671	5696	159	1764	-
16671	5696	159	1764	-
16671	5696	159	1764	-
16671	5696	159	1764	-
16671	5696	159	1764	-
16671	5696	159	1764	-
16671	5696	159	1764	-
16671	5696	159	1764	-
16671	5696	159	1764	-
16671	5696	159	1764	-
16671	5696	159	1764	-
21708	7215	159	1765	-
21708	7215	159	1765	-
21708	7215	159	1765	-
21708	7215	159	1765	-
21708	7215	159	1765	-
7782	7253	159	1767	-
7782	7253	159	1767	-
7782	7253	159	1767	-
7782	7253	159	1767	-
7782	7253	159	1767	-
18246	3076	159	1772	-
18246	3076	159	1772	-
18246	3076	159	1772	-
18246	3076	159	1772	-
18246	3076	159	1772	-
18246	3076	159	1772	-
18246	3076	159	1772	-
18246	3076	159	1772	-
18246	3076	159	1772	-
18246	3076	159	1772	-
18246	3076	159	1772	-
18246	3076	159	1772	-
18246	3076	159	1772	-
18246	3076	159	1772	-
10429	3076	159	1774	-
10429	3076	159	1774	-
10429	3076	159	1775	-
10429	3076	159	1775	-
10429	3076	159	1775	-
10429	3076	159	1775	-
10429	3076	159	1775	-
10429	3076	159	1775	-
10429	3076	159	1775	-
10429	3076	159	1775	-
10429	3076	159	1775	-
10429	3076	159	1775	-
10429	3076	159	1775	-
18246	3076	159	1785	-
18246	3076	159	1785	-
18246	3076	159	1785	-
18246	3076	159	1785	-
16671	18332	159	1785	-
18246	3076	159	1785	-
18246	3076	159	1785	-
18246	3076	159	1785	-
18246	3076	159	1785	-
18246	3076	159	1785	-
18246	3076	159	1785	-
18246	3076	159	1785	-
18246	3076	159	1785	-
18246	3076	159	1785	-
18246	3076	159	1786	-
18246	3076	159	1786	-
18246	3076	159	1786	-
18246	3076	159	1786	-
18246	3076	159	1786	-
16671	5696	159	1792	-
16671	5696	159	1792	-
16671	5696	159	1792	-
16671	5696	159	1792	-
16671	5696	159	1792	-
16671	5696	159	1792	-
16671	5696	159	1792	-
16671	5696	159	1792	-
16671	5696	159	1792	-
16671	5696	159	1792	-
16671	5696	159	1792	-
16671	5696	159	1792	-
16671	5696	159	1792	-
16671	5696	159	1792	-
16671	5696	159	1792	-
16671	5696	159	1792	-
16671	5696	159	1792	-
16671	5696	159	1792	-
16671	5696	159	1792	-
16671	5696	159	1792	-
16671	5696	159	1792	-
16671	5696	159	1792	-
16671	5696	159	1792	-
16671	5696	159	1792	-
16671	5696	159	1792	-
16671	5696	159	1793	-
16671	5696	159	1793	-
16671	5696	159	1793	-
16671	5696	159	1793	-
16671	5696	159	1793	-
