23317	5938	22714	0	-
20312	4800	22714	0	-
20312	4800	22714	5	-
23317	5938	22714	5	-
10429	6157	3352	7	-
10429	6157	3352	7	-
10429	18682	3352	7	-
10429	14263	3352	7	-
10429	3858	3352	7	-
10429	6157	3352	7	-
10429	10812	3352	7	-
10429	6157	3352	7	-
10429	6157	3352	7	-
10429	6157	3352	8	-
10429	6157	3352	8	-
10429	14263	3352	8	-
10429	6157	3352	8	-
10429	6157	3352	8	-
10429	6157	3352	8	-
10429	18682	3352	8	-
10429	6157	3352	8	-
10429	18682	3352	8	-
10429	6157	3352	8	-
10429	6157	3352	8	-
10429	18682	3352	8	-
10429	6157	3352	8	-
10429	6157	3352	8	-
10429	6157	3352	8	-
10429	6157	3352	8	-
10429	6157	3352	8	-
10429	18682	3352	8	-
10429	6157	3352	9	-
10429	14263	3352	9	-
10429	6157	3352	9	-
10429	6157	3352	9	-
10429	18682	3352	9	-
10429	6157	3352	9	-
10429	6157	3352	9	-
10429	6157	3352	9	-
10429	6157	3352	9	-
10429	6157	3352	9	-
10429	14263	3352	9	-
23317	5938	3352	10	-
20312	4800	3352	10	-
23317	5938	3352	15	-
20312	4800	3352	15	-
23317	5938	3352	20	-
20312	4800	3352	20	-
20312	4800	3352	25	-
23317	5938	3352	25	-
23317	5938	3352	30	-
20312	4800	3352	30	-
15394	4800	3352	32	-
23317	882	3352	32	-
20312	4800	3352	35	-
23317	5938	3352	35	-
23317	5938	3352	40	-
20312	4800	3352	40	-
23317	5938	3352	45	-
20312	4800	3352	45	-
23317	5938	3352	51	-
20312	4800	3352	51	-
10429	18682	3352	56	-
10429	6157	3352	56	-
20312	4800	3352	56	-
10429	14263	3352	56	-
10429	6157	3352	56	-
10429	6157	3352	56	-
23317	5938	3352	56	-
10429	6157	3352	56	-
10429	6157	3352	57	-
10429	6157	3352	57	-
10429	14263	3352	57	-
10429	6157	3352	57	-
10429	6157	3352	57	-
10429	3858	3352	57	-
10429	6157	3352	57	-
10429	18682	3352	57	-
10429	6157	3352	57	-
10429	6157	3352	57	-
10429	6157	3352	57	-
10429	6157	3352	57	-
10429	6157	3352	57	-
10429	18682	3352	57	-
10429	6157	3352	57	-
10429	6157	3352	57	-
10429	6157	3352	57	-
10429	18682	3352	57	-
10429	6157	3352	58	-
10429	6157	3352	58	-
10429	6157	3352	58	-
10429	6157	3352	58	-
10429	6157	3352	58	-
10429	6157	3352	58	-
10429	6157	3352	58	-
10429	6157	3352	58	-
10429	6157	3352	58	-
10429	6157	3352	58	-
10429	18682	3352	58	-
20312	4800	3352	61	-
23317	5938	3352	61	-
3957	15394	3352	62	-
23317	5938	3352	66	-
20312	4800	3352	66	-
23317	5938	30141	71	-
20312	4800	30141	71	-
20312	4800	30141	76	-
23317	5938	30141	76	-
23317	5938	30141	81	-
20312	4800	30141	81	-
20312	4800	30141	86	-
23317	5938	30141	86	-
20312	4800	30141	91	-
23317	5938	30141	91	-
13993	23277	30141	93	-
13993	23277	30141	94	-
13993	23277	30141	94	-
13993	23277	30141	94	-
13993	23277	30141	94	-
13993	23277	30141	94	-
13993	23277	30141	94	-
13993	23277	30141	94	-
13993	23277	30141	94	-
13993	23277	30141	94	-
13993	23277	30141	95	-
20312	4800	30141	96	-
23317	5938	30141	96	-
20312	4800	30141	101	-
23317	5938	30141	101	-
20312	4800	30141	106	-
23317	5938	30141	106	-
8294	11780	30141	108	nmap
8294	11780	30141	108	nmap
20312	4800	30141	111	-
23317	5938	30141	111	-
20312	4800	30141	116	-
23317	5938	30141	116	-
20312	4800	30141	121	-
23317	5938	30141	121	-
20312	4800	30141	126	-
23317	5938	30141	126	-
20312	4800	30065	131	-
23317	5938	30065	131	-
20312	4800	30065	136	-
23317	5938	30065	136	-
20312	4800	30065	141	-
23317	5938	30065	141	-
20312	4800	30065	146	-
23317	5938	30065	146	-
20312	4800	30065	151	-
23317	5938	30065	151	-
20312	4800	30065	156	-
23317	5938	30065	156	-
20312	4800	30065	161	-
23317	5938	30065	161	-
20312	4800	30065	166	-
23317	5938	30065	166	-
20312	4800	30065	171	-
23317	5938	30065	171	-
20312	4800	30065	177	-
23317	5938	30065	177	-
20312	4800	30065	182	-
23317	5938	30065	182	-
20312	4800	15244	187	-
23317	5938	15244	187	-
20312	4800	15244	192	-
23317	5938	15244	192	-
20312	4800	15244	197	-
23317	5938	15244	197	-
10429	20961	15244	201	-
20312	4800	15244	202	-
23317	5938	15244	202	-
10429	20961	15244	202	-
10429	20961	15244	202	-
10429	20961	15244	202	-
10429	20961	15244	202	-
10429	20961	15244	203	-
10429	20961	15244	203	-
10429	20961	15244	203	-
10429	20961	15244	203	-
10429	20961	15244	203	-
10429	20961	15244	203	-
10429	20961	15244	203	-
10429	20961	15244	203	-
10429	20961	15244	203	-
10429	20961	15244	203	-
10429	20961	15244	203	-
10429	20961	15244	203	-
10429	20961	15244	203	-
10429	20961	15244	203	-
10429	20961	15244	203	-
10429	20961	15244	203	-
10429	20961	15244	203	-
10429	20961	15244	203	-
10429	20961	15244	204	-
10429	20961	15244	204	-
10429	20961	15244	204	-
10429	20961	15244	204	-
10429	20961	15244	204	-
10429	20961	15244	204	-
10429	20961	15244	204	-
10429	20961	15244	204	-
10429	20961	15244	204	-
10429	20961	15244	204	-
10429	20961	15244	204	-
10429	20961	15244	204	-
20312	4800	15244	207	-
23317	5938	15244	207	-
13993	23277	15244	209	-
13993	23277	15244	210	-
13993	23277	15244	210	-
13993	23277	15244	210	-
13993	23277	15244	210	-
13993	23277	15244	210	-
13993	23277	15244	210	-
13993	23277	15244	210	-
13993	23277	15244	210	-
13993	23277	15244	210	-
13993	23277	15244	210	-
23317	5938	15244	212	-
20312	4800	15244	212	-
23317	5938	15244	217	-
20312	4800	15244	217	-
20312	4800	15244	222	-
23317	5938	15244	222	-
20312	4800	15244	227	-
23317	5938	15244	227	-
20312	4800	15244	232	-
23317	5938	15244	232	-
23317	5938	15244	237	-
20312	4800	15244	237	-
23317	5938	15244	242	-
20312	4800	15244	242	-
20312	4800	25634	247	-
23317	5938	25634	247	-
23317	5938	25634	252	-
20312	4800	25634	252	-
23317	5938	25634	257	-
20312	4800	25634	257	-
8294	11780	25634	259	nmap
20312	4800	25634	262	-
23317	5938	25634	262	-
20312	4800	25634	267	-
23317	5938	25634	267	-
20312	4800	25634	272	-
23317	5938	25634	272	-
23317	5938	25634	277	-
20312	4800	25634	277	-
23317	5938	25634	283	-
20312	4800	25634	283	-
20312	4800	25634	288	-
23317	5938	25634	288	-
20312	4800	25634	293	-
23317	5938	25634	293	-
20312	4800	25634	298	-
23317	5938	25634	298	-
10429	20961	25634	300	-
10429	20961	25634	301	-
10429	20961	25634	301	-
10429	20961	25634	301	-
10429	20961	25634	301	-
10429	20961	25634	301	-
10429	20961	25634	301	-
10429	20961	25634	301	-
10429	20961	25634	302	-
10429	20961	25634	302	-
10429	20961	25634	302	-
10429	20961	25634	302	-
10429	20961	25634	302	-
10429	20961	25634	302	-
10429	20961	25634	302	-
10429	20961	25634	302	-
10429	20961	25634	302	-
10429	20961	25634	302	-
10429	20961	25634	302	-
10429	20961	25634	302	-
10429	20961	25634	302	-
10429	20961	25634	302	-
10429	20961	25634	302	-
10429	20961	25634	302	-
10429	20961	25634	302	-
10429	20961	25634	302	-
23317	5938	25634	303	-
10429	20961	25634	303	-
20312	4800	25634	303	-
23317	5938	27827	308	-
20312	4800	27827	308	-
20312	4800	27827	313	-
23317	5938	27827	313	-
20312	4800	27827	318	-
23317	5938	27827	318	-
20312	4800	27827	323	-
23317	5938	27827	323	-
10429	20961	27827	325	-
10429	20961	27827	325	-
23317	5938	27827	328	-
10429	20271	27827	328	-
10429	20961	27827	328	-
10429	20961	27827	328	-
20312	4800	27827	328	-
10429	20961	27827	328	-
10429	20961	27827	328	-
10429	20961	27827	328	-
10429	20961	27827	328	-
10429	20961	27827	328	-
10429	20961	27827	328	-
10429	20961	27827	328	-
10429	20961	27827	328	-
10429	20961	27827	329	-
10429	20271	27827	329	-
10429	20961	27827	329	-
10429	20961	27827	329	-
10429	20961	27827	329	-
10429	20961	27827	329	-
23317	5938	27827	333	-
20312	4800	27827	333	-
23317	5938	27827	338	-
20312	4800	27827	338	-
20312	4800	27827	343	-
23317	5938	27827	343	-
23317	5938	27827	348	-
20312	4800	27827	348	-
23317	5938	27827	353	-
20312	4800	27827	353	-
20312	4800	27827	358	-
23317	5938	27827	358	-
23317	5938	27827	363	-
20312	4800	27827	363	-
20312	4800	34878	368	-
23317	5938	34878	368	-
23317	5938	34878	373	-
20312	4800	34878	373	-
13993	903	34878	374	-
13993	903	34878	374	-
13993	903	34878	374	-
13993	903	34878	374	-
13993	903	34878	374	-
13993	903	34878	374	-
13993	903	34878	374	-
13993	903	34878	375	-
13993	903	34878	375	-
13993	903	34878	375	-
13993	903	34878	375	-
13993	903	34878	375	-
13993	903	34878	375	-
13993	903	34878	375	-
13993	903	34878	375	-
13993	903	34878	375	-
13993	903	34878	375	-
13993	903	34878	375	-
13993	903	34878	375	-
13993	903	34878	375	-
13993	903	34878	375	-
13993	903	34878	375	-
13993	903	34878	375	-
13993	903	34878	375	-
23317	5938	34878	378	-
20312	4800	34878	378	-
23317	5938	34878	383	-
20312	4800	34878	383	-
23317	5938	34878	388	-
20312	4800	34878	388	-
20312	4800	34878	393	-
23317	5938	34878	393	-
23317	5938	34878	398	-
20312	4800	34878	398	-
20312	4800	34878	404	-
23317	5938	34878	404	-
20312	4800	34878	409	-
23317	5938	34878	409	-
8294	11780	34878	410	nmap
8294	11780	34878	410	nmap
20312	4800	34878	414	-
23317	5938	34878	414	-
20312	4800	34878	419	-
23317	5938	34878	419	-
23317	5938	34878	424	-
20312	4800	34878	424	-
23317	5938	23265	429	-
20312	4800	23265	429	-
20312	4800	23265	434	-
23317	5938	23265	434	-
13993	903	23265	436	-
13993	903	23265	436	-
13993	903	23265	436	-
13993	903	23265	436	-
20312	4800	23265	439	-
23317	5938	23265	439	-
23317	5938	23265	444	-
20312	4800	23265	444	-
23317	5938	23265	449	-
20312	4800	23265	449	-
23317	5938	23265	454	-
20312	4800	23265	454	-
20312	4800	23265	459	-
23317	5938	23265	459	-
20312	4800	23265	464	-
23317	5938	23265	464	-
20312	4800	23265	469	-
23317	5938	23265	469	-
20312	4800	23265	474	-
23317	5938	23265	474	-
23317	5938	23265	479	-
20312	4800	23265	479	-
20312	4800	23265	484	-
23317	5938	23265	484	-
20312	4800	45324	489	-
23317	5938	45324	489	-
20312	4800	45324	494	-
23317	5938	45324	494	-
20312	4800	45324	499	-
23317	5938	45324	499	-
20312	4800	45324	504	-
23317	5938	45324	504	-
23317	5938	45324	509	-
20312	4800	45324	509	-
23317	5938	45324	514	-
20312	4800	45324	514	-
23317	5938	45324	519	-
20312	4800	45324	519	-
23317	5938	45324	524	-
20312	4800	45324	524	-
23317	5938	45324	530	-
20312	4800	45324	530	-
10429	20961	45324	530	-
10429	20961	45324	532	-
10429	20961	45324	532	-
10429	20961	45324	532	-
10429	20961	45324	532	-
10429	20961	45324	532	-
10429	20961	45324	532	-
13993	15891	45324	532	-
10429	20961	45324	532	-
10429	20961	45324	532	-
10429	20961	45324	533	-
10429	20961	45324	533	-
10429	20961	45324	533	-
10429	20961	45324	533	-
10429	20961	45324	533	-
10429	20961	45324	533	-
10429	20961	45324	533	-
20312	4800	45324	535	-
23317	5938	45324	535	-
23317	5938	45324	540	-
20312	4800	45324	540	-
23317	5938	45324	545	-
20312	4800	45324	545	-
10429	20961	45324	546	-
10429	20961	9200	547	-
10429	20961	9200	547	-
10429	20961	9200	547	-
10429	20961	9200	547	-
10429	20961	9200	547	-
10429	20961	9200	547	-
10429	20961	9200	547	-
10429	20961	9200	547	-
10429	20961	9200	547	-
10429	20961	9200	547	-
10429	20961	9200	547	-
10429	20961	9200	547	-
10429	20961	9200	547	-
10429	20961	9200	547	-
10429	20961	9200	547	-
10429	20961	9200	549	-
10429	20961	9200	549	-
10429	20961	9200	549	-
10429	20961	9200	549	-
10429	20961	9200	549	-
10429	20961	9200	549	-
10429	20961	9200	549	-
10429	20961	9200	549	-
10429	20961	9200	550	-
20312	4800	9200	550	-
23317	5938	9200	550	-
10429	20961	9200	550	-
10429	20961	9200	550	-
10429	20961	9200	550	-
10429	20961	9200	550	-
10429	20961	9200	550	-
10429	20961	9200	550	-
10429	20961	9200	550	-
20312	4800	9200	555	-
23317	5938	9200	555	-
20312	4800	9200	560	-
23317	5938	9200	560	-
8294	11780	9200	561	nmap
20312	4800	9200	565	-
23317	5938	9200	565	-
20312	4800	9200	570	-
23317	5938	9200	570	-
10429	20961	9200	570	-
10429	20961	9200	570	-
10429	20961	9200	570	-
10429	20961	9200	571	-
10429	20961	9200	571	-
10429	20961	9200	571	-
10429	20961	9200	571	-
10429	20961	9200	571	-
10429	20961	9200	571	-
10429	20961	9200	571	-
10429	20961	9200	571	-
10429	20961	9200	571	-
10429	20961	9200	571	-
10429	20961	9200	571	-
10429	20961	9200	571	-
10429	20961	9200	571	-
20312	4800	9200	575	-
23317	5938	9200	575	-
20312	4800	9200	580	-
23317	5938	9200	580	-
23317	5938	9200	585	-
20312	4800	9200	585	-
20312	4800	9200	590	-
23317	5938	9200	590	-
20312	4800	9200	595	-
23317	5938	9200	595	-
20312	4800	9200	600	-
23317	5938	9200	600	-
23317	5938	9200	605	-
20312	4800	9200	605	-
20312	4800	31965	610	-
23317	5938	31965	610	-
20312	4800	31965	615	-
23317	5938	31965	615	-
20312	4800	31965	620	-
23317	5938	31965	620	-
20312	4800	31965	625	-
23317	5938	31965	625	-
23317	5938	31965	630	-
20312	4800	31965	630	-
23317	882	31965	632	-
15394	4800	31965	632	-
23317	5938	31965	635	-
20312	4800	31965	635	-
20312	4800	31965	640	-
23317	5938	31965	640	-
20312	4800	31965	645	-
23317	5938	31965	645	-
20312	4800	31965	650	-
23317	5938	31965	650	-
20312	4800	31965	656	-
23317	5938	31965	656	-
20312	4800	31965	661	-
23317	5938	31965	661	-
20312	4800	31965	666	-
23317	5938	31965	666	-
20312	4800	2351	671	-
23317	5938	2351	671	-
20312	4800	2351	676	-
23317	5938	2351	676	-
20312	4800	2351	681	-
23317	5938	2351	681	-
13993	15894	2351	683	-
20312	4800	2351	686	-
23317	5938	2351	686	-
20312	4800	2351	691	-
23317	5938	2351	691	-
20312	4800	2351	696	-
23317	5938	2351	696	-
20312	4800	2351	701	-
23317	5938	2351	701	-
20367	587	2351	704	-
20367	19350	2351	704	-
3957	587	2351	704	-
20312	4800	2351	706	-
23317	5938	2351	706	-
20312	4800	2351	711	-
23317	5938	2351	711	-
8294	11780	2351	712	nmap
8294	11780	2351	712	nmap
20312	4800	2351	716	-
23317	5938	2351	716	-
20312	4800	2351	721	-
23317	5938	2351	721	-
20312	4800	2351	726	-
23317	5938	2351	726	-
20312	4800	4628	731	-
23317	5938	4628	731	-
20312	4800	4628	736	-
23317	5938	4628	736	-
20312	4800	4628	741	-
23317	5938	4628	741	-
20312	4800	4628	746	-
23317	5938	4628	746	-
20312	4800	4628	751	-
23317	5938	4628	751	-
20312	4800	4628	756	-
23317	5938	4628	756	-
20312	4800	4628	761	-
23317	5938	4628	761	-
20312	4800	4628	766	-
23317	5938	4628	766	-
20312	4800	4628	771	-
23317	5938	4628	771	-
20312	4800	4628	776	-
23317	5938	4628	776	-
20312	4800	4628	782	-
23317	5938	4628	782	-
20312	4800	37145	787	-
23317	5938	37145	787	-
20312	4800	37145	792	-
23317	5938	37145	792	-
10429	20961	37145	792	-
10429	20961	37145	793	-
10429	20961	37145	793	-
10429	20961	37145	793	-
10429	20961	37145	793	-
10429	20961	37145	793	-
10429	20961	37145	793	-
10429	20961	37145	793	-
10429	20961	37145	793	-
10429	20961	37145	793	-
10429	20961	37145	793	-
10429	20961	37145	793	-
10429	20961	37145	793	-
20312	4800	37145	797	-
23317	5938	37145	797	-
20312	4800	37145	802	-
23317	5938	37145	802	-
10429	20961	37145	806	-
10429	20961	37145	806	-
10429	20961	37145	806	-
20312	4800	37145	807	-
23317	5938	37145	807	-
10429	20961	37145	807	-
10429	20961	37145	807	-
10429	20961	37145	807	-
10429	20961	37145	807	-
10429	20961	37145	807	-
10429	20961	37145	807	-
10429	20961	37145	807	-
10429	20961	37145	807	-
10429	20961	37145	807	-
10429	20961	37145	807	-
10429	20961	37145	807	-
10429	20961	37145	807	-
10429	20961	37145	807	-
10429	20961	37145	807	-
10429	20961	37145	807	-
10429	20961	37145	807	-
10429	20961	37145	807	-
10429	20961	37145	808	-
10429	20961	37145	808	-
10429	20961	37145	808	-
10429	20961	37145	808	-
10429	20961	37145	808	-
10429	20961	37145	808	-
10429	20961	37145	808	-
10429	20961	37145	808	-
10429	20961	37145	808	-
10429	20961	37145	808	-
10429	20961	37145	808	-
10429	20961	37145	808	-
20312	4800	37145	812	-
23317	5938	37145	812	-
20312	4800	37145	817	-
23317	5938	37145	817	-
20312	4800	37145	822	-
23317	5938	37145	822	-
20312	4800	37145	827	-
23317	5938	37145	827	-
20312	4800	37145	832	-
23317	5938	37145	832	-
20312	4800	37145	837	-
23317	5938	37145	837	-
20312	4800	37145	842	-
23317	5938	37145	842	-
20312	4800	23338	847	-
23317	5938	23338	847	-
20312	4800	23338	852	-
23317	5938	23338	852	-
20312	4800	23338	857	-
23317	5938	23338	857	-
20312	4800	23338	862	-
23317	5938	23338	862	-
8294	11780	23338	863	nmap
20312	4800	23338	867	-
23317	5938	23338	867	-
20312	4800	23338	872	-
23317	5938	23338	872	-
20312	4800	23338	877	-
23317	5938	23338	877	-
20312	4800	23338	882	-
23317	5938	23338	882	-
20312	4800	23338	887	-
23317	5938	23338	887	-
20312	4800	23338	892	-
23317	5938	23338	892	-
20312	4800	23338	897	-
23317	5938	23338	897	-
20312	4800	23338	902	-
23317	5938	23338	902	-
20312	4800	2198	908	-
23317	5938	2198	908	-
10429	20961	2198	910	-
10429	20961	2198	911	-
10429	20961	2198	911	-
10429	20961	2198	911	-
10429	20961	2198	911	-
10429	20961	2198	911	-
10429	20961	2198	911	-
10429	20961	2198	911	-
10429	20961	2198	911	-
10429	20961	2198	911	-
20312	4800	2198	913	-
23317	5938	2198	913	-
10429	10429	2198	914	-
10429	20961	2198	915	-
10429	20961	2198	915	-
10429	20961	2198	915	-
10429	20961	2198	915	-
10429	20961	2198	915	-
10429	20961	2198	915	-
10429	20961	2198	915	-
10429	20961	2198	915	-
10429	20961	2198	915	-
10429	20961	2198	915	-
10429	20961	2198	915	-
10429	20961	2198	915	-
10429	20961	2198	915	-
10429	20961	2198	915	-
10429	20961	2198	915	-
10429	20961	2198	915	-
10429	20961	2198	915	-
10429	20961	2198	915	-
10429	20961	2198	915	-
20312	4800	2198	918	-
23317	5938	2198	918	-
20312	4800	2198	923	-
23317	5938	2198	923	-
20312	4800	2198	928	-
23317	5938	2198	928	-
10429	14139	2198	929	-
10429	14139	2198	929	-
10429	14139	2198	929	-
10429	14139	2198	929	-
10429	14139	2198	929	-
10429	14139	2198	929	-
10429	14139	2198	929	-
10429	14139	2198	929	-
10429	14139	2198	929	-
10429	14139	2198	929	-
10429	14139	2198	929	-
10429	14139	2198	930	-
10429	14139	2198	930	-
10429	14139	2198	930	-
10429	14139	2198	930	-
10429	14139	2198	930	-
10429	14139	2198	930	-
10429	14139	2198	930	-
10429	14139	2198	930	-
10429	14139	2198	930	-
10429	14139	2198	930	-
10429	14139	2198	930	-
10429	14139	2198	930	-
10429	14139	2198	930	-
10429	14139	2198	930	-
23317	5938	2198	933	-
20312	4800	2198	933	-
23317	5938	2198	938	-
20312	4800	2198	938	-
23317	5938	2198	943	-
20312	4800	2198	943	-
23317	5938	2198	948	-
10429	20166	2198	948	-
10429	20166	2198	948	-
10429	20166	2198	948	-
10429	20166	2198	948	-
10429	20166	2198	948	-
10429	20166	2198	948	-
10429	20166	2198	948	-
10429	20166	2198	948	-
10429	20166	2198	948	-
10429	20166	2198	948	-
10429	20166	2198	948	-
10429	20166	2198	948	-
10429	20166	2198	948	-
10429	20166	2198	948	-
10429	20166	2198	948	-
20312	4800	2198	948	-
10429	20166	2198	948	-
10429	20166	2198	949	-
10429	20166	2198	949	-
10429	20166	2198	949	-
10429	20166	2198	949	-
10429	20166	2198	949	-
10429	20166	2198	949	-
10429	20166	2198	949	-
10429	20166	2198	949	-
10429	20166	2198	949	-
10429	20166	2198	949	-
10429	20166	2198	949	-
10429	20166	2198	949	-
10429	20166	2198	949	-
10429	20166	2198	949	-
10429	20166	2198	949	-
10429	20166	2198	949	-
10429	20166	2198	949	-
10429	20166	2198	949	-
23317	5938	2198	953	-
20312	4800	2198	953	-
20312	4800	2198	958	-
23317	5938	2198	958	-
20312	4800	2198	963	-
23317	5938	2198	963	-
3957	15394	2198	966	-
587	1633	2198	966	-
20312	4800	42883	968	-
23317	5938	42883	968	-
10429	7004	42883	972	-
10429	7004	42883	972	-
10429	7004	42883	972	-
10429	7004	42883	972	-
10429	7004	42883	972	-
10429	7004	42883	972	-
23317	5938	42883	973	-
10429	7004	42883	973	-
10429	7004	42883	973	-
10429	7004	42883	973	-
10429	7004	42883	973	-
10429	7004	42883	973	-
10429	7004	42883	973	-
10429	7004	42883	973	-
10429	7004	42883	973	-
10429	7004	42883	973	-
10429	7004	42883	973	-
10429	7004	42883	973	-
10429	7004	42883	973	-
10429	7004	42883	973	-
10429	7004	42883	973	-
10429	7004	42883	973	-
20312	4800	42883	973	-
10429	7004	42883	973	-
10429	7004	42883	974	-
10429	7004	42883	974	-
10429	7004	42883	974	-
10429	7004	42883	974	-
10429	7004	42883	974	-
10429	7004	42883	974	-
10429	7004	42883	974	-
10429	7004	42883	974	-
10429	20166	42883	978	-
23317	5938	42883	978	-
10429	20166	42883	978	-
10429	20166	42883	978	-
10429	20166	42883	978	-
10429	20166	42883	978	-
10429	20166	42883	978	-
10429	20166	42883	978	-
10429	20166	42883	978	-
10429	20166	42883	978	-
10429	20166	42883	978	-
10429	20166	42883	978	-
10429	20166	42883	978	-
10429	20166	42883	978	-
10429	20166	42883	978	-
20312	4800	42883	978	-
10429	20166	42883	978	-
10429	20166	42883	979	-
10429	20166	42883	979	-
10429	20166	42883	979	-
10429	20166	42883	979	-
10429	20166	42883	979	-
10429	20166	42883	979	-
10429	20166	42883	979	-
10429	20166	42883	979	-
10429	20166	42883	979	-
10429	20166	42883	979	-
10429	20166	42883	979	-
10429	20166	42883	979	-
10429	20166	42883	979	-
10429	20166	42883	979	-
10429	20166	42883	979	-
10429	20166	42883	979	-
10429	20166	42883	979	-
10429	20166	42883	979	-
10429	20166	42883	979	-
20367	19350	42883	982	-
8048	4981	42883	982	-
23317	5938	42883	983	-
20312	4800	42883	983	-
20312	4800	42883	988	-
23317	5938	42883	988	-
20312	4800	42883	993	-
23317	5938	42883	993	-
8048	3461	42883	996	-
20367	19350	42883	996	-
20312	4800	42883	998	-
23317	5938	42883	998	-
23317	5938	42883	1003	-
20312	4800	42883	1003	-
20367	19350	42883	1004	-
3957	15394	42883	1004	-
3957	15394	42883	1004	-
3957	15394	42883	1004	-
3957	15394	42883	1004	-
20367	19350	42883	1005	-
20312	4800	42883	1008	-
23317	5938	42883	1008	-
20367	19350	42883	1008	-
3957	15394	42883	1008	-
23317	5938	42883	1013	-
20312	4800	42883	1013	-
8294	11780	42883	1014	nmap
8294	11780	42883	1014	nmap
8048	9554	42883	1017	-
20367	19350	42883	1017	-
20312	4800	42883	1018	-
23317	5938	42883	1018	-
3957	15394	42883	1022	-
20312	4800	42883	1023	-
23317	5938	42883	1023	-
20312	4800	20193	1028	-
23317	5938	20193	1028	-
20312	4800	20193	1034	-
23317	5938	20193	1034	-
20367	19350	20193	1038	-
3957	15394	20193	1038	-
3957	15394	20193	1038	-
20312	4800	20193	1039	-
23317	5938	20193	1039	-
23317	5938	20193	1044	-
20312	4800	20193	1044	-
20312	4800	20193	1049	-
23317	5938	20193	1049	-
20312	4800	20193	1054	-
23317	5938	20193	1054	-
20312	4800	20193	1059	-
23317	5938	20193	1059	-
20312	4800	20193	1064	-
23317	5938	20193	1064	-
20312	4800	20193	1069	-
23317	5938	20193	1069	-
20312	4800	20193	1074	-
23317	5938	20193	1074	-
20312	4800	20193	1079	-
23317	5938	20193	1079	-
20312	4800	20193	1084	-
23317	5938	20193	1084	-
20312	4800	37155	1089	-
23317	5938	37155	1089	-
20312	4800	37155	1094	-
23317	5938	37155	1094	-
20312	4800	37155	1099	-
23317	5938	37155	1099	-
20312	4800	37155	1104	-
23317	5938	37155	1104	-
20312	4800	37155	1109	-
23317	5938	37155	1109	-
20312	4800	37155	1114	-
23317	5938	37155	1114	-
20312	4800	37155	1119	-
23317	5938	37155	1119	-
20312	4800	37155	1124	-
23317	5938	37155	1124	-
20312	4800	37155	1129	-
23317	5938	37155	1129	-
20312	4800	37155	1134	-
23317	5938	37155	1134	-
20312	4800	37155	1139	-
23317	5938	37155	1139	-
20312	4800	37155	1144	-
23317	5938	37155	1144	-
20312	4800	3	1149	-
23317	5938	3	1149	-
20312	4800	3	1154	-
23317	5938	3	1154	-
20312	4800	3	1160	-
23317	5938	3	1160	-
8294	11780	3	1165	nmap
23317	5938	3	1170	-
20312	4800	3	1170	-
20312	4800	3	1175	-
23317	5938	3	1175	-
20312	4800	3	1180	-
23317	5938	3	1180	-
20312	4800	3	1185	-
23317	5938	3	1185	-
20312	4800	3	1190	-
23317	5938	3	1190	-
23317	5938	3	1195	-
20312	4800	3	1195	-
23317	5938	3	1200	-
20312	4800	3	1200	-
20312	4800	3	1205	-
23317	5938	3	1205	-
20312	4800	22365	1210	-
23317	5938	22365	1210	-
20312	4800	22365	1215	-
23317	5938	22365	1215	-
23317	5938	22365	1220	-
20312	4800	22365	1220	-
10429	20166	22365	1225	-
20312	4800	22365	1225	-
23317	5938	22365	1225	-
10429	20166	22365	1225	-
10429	20166	22365	1225	-
10429	20166	22365	1225	-
10429	20166	22365	1225	-
10429	20166	22365	1225	-
10429	20166	22365	1225	-
10429	20166	22365	1225	-
10429	20166	22365	1225	-
10429	20166	22365	1225	-
10429	20166	22365	1226	-
10429	20166	22365	1226	-
10429	20166	22365	1226	-
10429	20166	22365	1226	-
10429	20166	22365	1226	-
10429	20166	22365	1226	-
10429	20166	22365	1226	-
10429	20166	22365	1226	-
10429	20166	22365	1226	-
10429	20166	22365	1226	-
10429	20166	22365	1226	-
10429	20166	22365	1226	-
10429	20166	22365	1226	-
10429	20166	22365	1226	-
10429	20166	22365	1226	-
10429	20166	22365	1226	-
23317	5938	22365	1230	-
20312	4800	22365	1230	-
23317	882	22365	1232	-
15394	4800	22365	1232	-
23317	5938	22365	1235	-
20312	4800	22365	1235	-
20312	4800	22365	1240	-
23317	5938	22365	1240	-
20312	4800	22365	1245	-
23317	5938	22365	1245	-
20312	4800	22365	1250	-
23317	5938	22365	1250	-
20312	4800	22365	1255	-
23317	5938	22365	1255	-
23317	5938	22365	1260	-
20312	4800	22365	1260	-
23317	5938	22365	1265	-
20312	4800	22365	1265	-
23317	5938	42607	1270	-
20312	4800	42607	1270	-
20312	4800	42607	1275	-
23317	5938	42607	1275	-
10429	20166	42607	1276	-
10429	20166	42607	1276	-
10429	20166	42607	1277	-
10429	20166	42607	1277	-
10429	20166	42607	1277	-
10429	20166	42607	1277	-
10429	20166	42607	1277	-
10429	20166	42607	1277	-
10429	20166	42607	1277	-
10429	20166	42607	1277	-
10429	20166	42607	1277	-
10429	20166	42607	1277	-
10429	20166	42607	1277	-
10429	20166	42607	1277	-
10429	20166	42607	1277	-
10429	20166	42607	1277	-
10429	20166	42607	1277	-
10429	20166	42607	1277	-
10429	20166	42607	1277	-
10429	20166	42607	1277	-
10429	20166	42607	1277	-
10429	20166	42607	1277	-
10429	20166	42607	1277	-
10429	20166	42607	1278	-
10429	20166	42607	1278	-
10429	20166	42607	1278	-
10429	20166	42607	1278	-
10429	20166	42607	1278	-
10429	20166	42607	1278	-
10429	20166	42607	1278	-
10429	20166	42607	1278	-
20312	4800	42607	1280	-
23317	5938	42607	1280	-
20312	4800	42607	1286	-
23317	5938	42607	1286	-
20312	4800	42607	1291	-
23317	5938	42607	1291	-
20312	4800	42607	1296	-
23317	5938	42607	1296	-
20312	4800	42607	1301	-
23317	5938	42607	1301	-
20312	4800	42607	1306	-
23317	5938	42607	1306	-
20312	4800	42607	1311	-
23317	5938	42607	1311	-
8294	11780	42607	1316	nmap
8294	11780	42607	1316	nmap
20312	4800	42607	1321	-
23317	5938	42607	1321	-
20312	4800	42607	1326	-
23317	5938	42607	1326	-
20312	4800	34392	1331	-
23317	5938	34392	1331	-
20312	4800	34392	1336	-
23317	5938	34392	1336	-
20312	4800	34392	1341	-
23317	5938	34392	1341	-
20312	4800	34392	1346	-
23317	5938	34392	1346	-
20312	4800	34392	1351	-
23317	5938	34392	1351	-
20312	4800	34392	1356	-
23317	5938	34392	1356	-
20312	4800	34392	1361	-
23317	5938	34392	1361	-
20312	4800	34392	1366	-
23317	5938	34392	1366	-
10429	20166	34392	1369	-
10429	20166	34392	1369	-
10429	20166	34392	1369	-
10429	20166	34392	1369	-
10429	20166	34392	1369	-
10429	20166	34392	1369	-
10429	20166	34392	1369	-
10429	20166	34392	1369	-
10429	20166	34392	1369	-
10429	20166	34392	1369	-
10429	20166	34392	1369	-
10429	20166	34392	1370	-
10429	20166	34392	1370	-
10429	20166	34392	1370	-
10429	20166	34392	1370	-
10429	20166	34392	1370	-
10429	20166	34392	1370	-
10429	20166	34392	1370	-
10429	20166	34392	1370	-
10429	20166	34392	1370	-
10429	20166	34392	1370	-
10429	20166	34392	1370	-
10429	20166	34392	1370	-
10429	20166	34392	1370	-
10429	20166	34392	1370	-
10429	20166	34392	1370	-
20312	4800	34392	1371	-
23317	5938	34392	1371	-
20312	4800	34392	1376	-
23317	5938	34392	1376	-
20312	4800	34392	1381	-
23317	5938	34392	1381	-
20312	4800	34392	1386	-
23317	5938	34392	1386	-
20312	4800	5176	1391	-
23317	5938	5176	1391	-
20312	4800	5176	1396	-
23317	5938	5176	1396	-
20312	4800	5176	1401	-
23317	5938	5176	1401	-
20312	4800	5176	1407	-
23317	5938	5176	1407	-
20312	4800	5176	1412	-
23317	5938	5176	1412	-
20312	4800	5176	1417	-
23317	5938	5176	1417	-
20312	4800	5176	1422	-
23317	5938	5176	1422	-
20312	4800	5176	1427	-
23317	5938	5176	1427	-
20312	4800	5176	1432	-
23317	5938	5176	1432	-
20312	4800	5176	1437	-
23317	5938	5176	1437	-
20312	4800	5176	1442	-
23317	5938	5176	1442	-
20312	4800	16369	1447	-
23317	5938	16369	1447	-
20312	4800	16369	1452	-
23317	5938	16369	1452	-
23317	5938	16369	1457	-
20312	4800	16369	1457	-
23317	5938	16369	1462	-
20312	4800	16369	1462	-
8294	11780	16369	1467	nmap
20312	4800	16369	1472	-
23317	5938	16369	1472	-
20312	4800	16369	1477	-
23317	5938	16369	1477	-
20312	4800	16369	1482	-
23317	5938	16369	1482	-
20312	4800	16369	1487	-
23317	5938	16369	1487	-
20312	4800	16369	1492	-
23317	5938	16369	1492	-
20312	4800	16369	1497	-
23317	5938	16369	1497	-
20312	4800	16369	1502	-
23317	5938	16369	1502	-
20312	4800	40103	1507	-
23317	5938	40103	1507	-
20312	4800	40103	1512	-
23317	5938	40103	1512	-
20312	4800	40103	1517	-
23317	5938	40103	1517	-
20312	4800	40103	1522	-
23317	5938	40103	1522	-
20312	4800	40103	1527	-
23317	5938	40103	1527	-
20312	4800	40103	1533	-
23317	5938	40103	1533	-
20312	4800	40103	1538	-
23317	5938	40103	1538	-
20312	4800	40103	1543	-
23317	5938	40103	1543	-
20312	4800	40103	1548	-
23317	5938	40103	1548	-
20312	4800	40103	1553	-
23317	5938	40103	1553	-
20312	4800	40103	1558	-
23317	5938	40103	1558	-
20312	4800	40103	1563	-
23317	5938	40103	1563	-
20312	4800	39116	1568	-
23317	5938	39116	1568	-
20312	4800	39116	1573	-
23317	5938	39116	1573	-
23317	5938	39116	1578	-
20312	4800	39116	1578	-
23317	5938	39116	1583	-
20312	4800	39116	1583	-
20312	4800	39116	1588	-
23317	5938	39116	1588	-
10429	20166	39116	1592	-
10429	20166	39116	1592	-
10429	20166	39116	1592	-
10429	20166	39116	1592	-
10429	20166	39116	1592	-
10429	20166	39116	1592	-
10429	20166	39116	1592	-
10429	20166	39116	1592	-
10429	20166	39116	1592	-
10429	20166	39116	1592	-
10429	20166	39116	1592	-
10429	20166	39116	1592	-
10429	20166	39116	1592	-
10429	20166	39116	1592	-
10429	20166	39116	1592	-
10429	20166	39116	1592	-
10429	20166	39116	1592	-
10429	20166	39116	1592	-
10429	20166	39116	1592	-
10429	20166	39116	1592	-
10429	20166	39116	1592	-
23317	5938	39116	1593	-
10429	20166	39116	1593	-
10429	20166	39116	1593	-
10429	20166	39116	1593	-
10429	20166	39116	1593	-
10429	20166	39116	1593	-
20312	4800	39116	1593	-
23317	5938	39116	1598	-
20312	4800	39116	1598	-
10429	20166	39116	1600	-
10429	20166	39116	1600	-
10429	20166	39116	1600	-
10429	20166	39116	1600	-
10429	20166	39116	1600	-
10429	20166	39116	1600	-
10429	20166	39116	1600	-
10429	20166	39116	1600	-
10429	20166	39116	1600	-
10429	20166	39116	1600	-
10429	20166	39116	1600	-
10429	20166	39116	1600	-
10429	20166	39116	1600	-
10429	20166	39116	1600	-
10429	20166	39116	1600	-
10429	20166	39116	1600	-
10429	20166	39116	1601	-
10429	20166	39116	1601	-
10429	20166	39116	1601	-
10429	20166	39116	1601	-
10429	20166	39116	1601	-
10429	20166	39116	1601	-
10429	20166	39116	1601	-
10429	20166	39116	1601	-
10429	20166	39116	1601	-
10429	20166	39116	1601	-
20312	4800	39116	1603	-
23317	5938	39116	1603	-
20312	4800	39116	1608	-
23317	5938	39116	1608	-
23317	5938	39116	1613	-
20312	4800	39116	1613	-
10429	20166	39116	1615	-
10429	20166	39116	1615	-
10429	20166	39116	1615	-
10429	20166	39116	1615	-
10429	20166	39116	1615	-
10429	20166	39116	1615	-
10429	20166	39116	1615	-
10429	20166	39116	1615	-
10429	20166	39116	1615	-
10429	20166	39116	1616	-
10429	20166	39116	1616	-
10429	20166	39116	1616	-
10429	20166	39116	1616	-
10429	20166	39116	1616	-
10429	20166	39116	1616	-
10429	20166	39116	1616	-
10429	20166	39116	1616	-
10429	20166	39116	1616	-
10429	20166	39116	1616	-
10429	20166	39116	1616	-
10429	20166	39116	1616	-
10429	20166	39116	1616	-
10429	20166	39116	1616	-
10429	20166	39116	1616	-
10429	20166	39116	1616	-
10429	20166	39116	1616	-
8294	11780	39116	1618	nmap
8294	11780	39116	1618	nmap
20312	4800	39116	1623	-
23317	5938	39116	1623	-
23317	5938	24607	1628	-
20312	4800	24607	1628	-
20312	4800	24607	1633	-
23317	5938	24607	1633	-
23317	5938	24607	1639	-
10429	20166	24607	1639	-
20312	4800	24607	1639	-
10429	20166	24607	1639	-
10429	20166	24607	1639	-
10429	20166	24607	1639	-
10429	20166	24607	1639	-
10429	20166	24607	1639	-
10429	20166	24607	1639	-
10429	20166	24607	1639	-
10429	20166	24607	1639	-
10429	20166	24607	1639	-
10429	20166	24607	1639	-
10429	20166	24607	1639	-
10429	20166	24607	1639	-
10429	20166	24607	1639	-
10429	20166	24607	1639	-
10429	20166	24607	1640	-
10429	20166	24607	1640	-
10429	20166	24607	1640	-
10429	20166	24607	1640	-
10429	20166	24607	1640	-
10429	20166	24607	1640	-
10429	20166	24607	1640	-
10429	20166	24607	1640	-
10429	20166	24607	1640	-
10429	20166	24607	1640	-
10429	20166	24607	1640	-
10429	20166	24607	1640	-
20312	4800	24607	1644	-
23317	5938	24607	1644	-
20312	4800	24607	1649	-
23317	5938	24607	1649	-
20312	4800	24607	1654	-
23317	5938	24607	1654	-
20312	4800	24607	1659	-
23317	5938	24607	1659	-
23317	5938	24607	1664	-
20312	4800	24607	1664	-
23317	5938	24607	1669	-
20312	4800	24607	1669	-
10429	20166	24607	1671	-
10429	20166	24607	1671	-
10429	20166	24607	1671	-
10429	20166	24607	1671	-
10429	20166	24607	1672	-
10429	20166	24607	1672	-
10429	20166	24607	1672	-
10429	20166	24607	1672	-
10429	20166	24607	1672	-
10429	20166	24607	1672	-
10429	20166	24607	1672	-
10429	20166	24607	1672	-
10429	20166	24607	1672	-
10429	20166	24607	1672	-
10429	20166	24607	1672	-
10429	20166	24607	1672	-
10429	20166	24607	1672	-
10429	20166	24607	1672	-
10429	20166	24607	1672	-
10429	20166	24607	1672	-
10429	20166	24607	1672	-
10429	20166	24607	1672	-
10429	20166	24607	1672	-
10429	20166	24607	1672	-
10429	20166	24607	1672	-
10429	20166	24607	1672	-
20312	4800	24607	1674	-
23317	5938	24607	1674	-
20312	4800	24607	1679	-
23317	5938	24607	1679	-
20312	4800	24607	1684	-
23317	5938	24607	1684	-
23317	5938	45837	1689	-
20312	4800	45837	1689	-
20312	4800	45837	1694	-
23317	5938	45837	1694	-
10429	20166	45837	1698	-
10429	20166	45837	1698	-
10429	20166	45837	1698	-
10429	20166	45837	1698	-
10429	20166	45837	1698	-
10429	20166	45837	1698	-
10429	20166	45837	1698	-
20312	4800	45837	1699	-
23317	5938	45837	1699	-
10429	20166	45837	1699	-
10429	20166	45837	1699	-
10429	20166	45837	1699	-
10429	20166	45837	1699	-
10429	20166	45837	1699	-
10429	20166	45837	1699	-
10429	20166	45837	1699	-
10429	20166	45837	1699	-
10429	20166	45837	1699	-
10429	20166	45837	1699	-
10429	20166	45837	1699	-
10429	20166	45837	1699	-
10429	20166	45837	1699	-
10429	20166	45837	1699	-
10429	20166	45837	1699	-
10429	20166	45837	1699	-
10429	20166	45837	1699	-
10429	20166	45837	1699	-
10429	20166	45837	1699	-
10429	20166	45837	1699	-
10429	20166	45837	1700	-
10429	20166	45837	1700	-
10429	20166	45837	1700	-
10429	20166	45837	1700	-
10429	20166	45837	1700	-
10429	20166	45837	1700	-
10429	20166	45837	1700	-
23317	5938	45837	1704	-
20312	4800	45837	1704	-
10429	3075	45837	1708	-
10429	3075	45837	1708	-
10429	3075	45837	1708	-
10429	3075	45837	1708	-
10429	3075	45837	1708	-
10429	3075	45837	1708	-
10429	3075	45837	1708	-
10429	3075	45837	1708	-
10429	3075	45837	1708	-
10429	3075	45837	1708	-
23317	5938	45837	1709	-
20312	4800	45837	1709	-
20312	4800	45837	1714	-
23317	5938	45837	1714	-
20312	4800	45837	1719	-
23317	5938	45837	1719	-
20312	4800	45837	1724	-
23317	5938	45837	1724	-
20312	4800	45837	1729	-
23317	5938	45837	1729	-
20312	4800	45837	1734	-
23317	5938	45837	1734	-
23317	5938	45837	1739	-
20312	4800	45837	1739	-
23317	5938	45837	1744	-
20312	4800	45837	1744	-
20312	4800	22508	1749	-
23317	5938	22508	1749	-
23317	5938	22508	1754	-
20312	4800	22508	1754	-
23317	5938	22508	1759	-
20312	4800	22508	1759	-
10429	3075	22508	1764	-
10429	3075	22508	1764	-
20312	4800	22508	1765	-
23317	5938	22508	1765	-
10429	3075	22508	1765	-
8294	11780	22508	1769	nmap
23317	5938	22508	1770	-
20312	4800	22508	1770	-
23317	5938	22508	1775	-
20312	4800	22508	1775	-
20312	4800	22508	1780	-
23317	5938	22508	1780	-
20312	4800	22508	1785	-
23317	5938	22508	1785	-
23317	5938	22508	1790	-
20312	4800	22508	1790	-
23317	5938	22508	1795	-
20312	4800	22508	1795	-
10429	11674	22508	1798	-
