20312	4800	22856	0	-
23317	5938	22856	0	-
5376	4800	22856	0	snmpgetattack
23317	12431	22856	0	snmpgetattack
20312	4800	22856	5	-
23317	5938	22856	5	-
5376	4800	22856	5	snmpgetattack
23317	12431	22856	5	snmpgetattack
20312	4800	44708	10	-
23317	5938	44708	10	-
5376	4800	44708	10	snmpgetattack
23317	12431	44708	10	snmpgetattack
23317	12431	44708	15	snmpgetattack
5376	4800	44708	15	snmpgetattack
20312	4800	44708	15	-
23317	5938	44708	15	-
23317	5938	44708	20	-
5376	4800	44708	20	snmpgetattack
23317	12431	44708	20	snmpgetattack
20312	4800	44708	20	-
23317	5938	44708	25	-
5376	4800	44708	25	snmpgetattack
20312	4800	44708	25	-
23317	12431	44708	25	snmpgetattack
23317	5938	44708	30	-
5376	4800	44708	30	snmpgetattack
23317	12431	44708	30	snmpgetattack
20312	4800	44708	30	-
23317	5938	44708	35	-
20312	4800	44708	35	-
23317	12431	44708	35	snmpgetattack
5376	4800	44708	35	snmpgetattack
23317	5938	44708	40	-
5376	4800	44708	40	snmpgetattack
20312	4800	44708	40	-
23317	12431	44708	40	snmpgetattack
20312	4800	44708	45	-
23317	5938	44708	45	-
5376	4800	44708	46	snmpgetattack
23317	12431	44708	46	snmpgetattack
20312	4800	44708	50	-
23317	5938	44708	50	-
5376	4800	44708	51	snmpgetattack
23317	12431	44708	51	snmpgetattack
20312	4800	44708	55	-
23317	5938	44708	55	-
5376	4800	44708	56	snmpgetattack
23317	12431	44708	56	snmpgetattack
20312	4800	44708	60	-
23317	5938	44708	61	-
5376	4800	44708	61	snmpgetattack
23317	12431	44708	61	snmpgetattack
20312	4800	44708	66	-
23317	5938	44708	66	-
5376	4800	44708	66	snmpgetattack
23317	12431	44708	66	snmpgetattack
20312	4800	39355	71	-
23317	5938	39355	71	-
5376	4800	39355	71	snmpgetattack
23317	12431	39355	71	snmpgetattack
20312	4800	39355	76	-
23317	5938	39355	76	-
5376	4800	39355	76	snmpgetattack
23317	12431	39355	76	snmpgetattack
20312	4800	39355	81	-
23317	5938	39355	81	-
5376	4800	39355	81	snmpgetattack
23317	12431	39355	81	snmpgetattack
20312	4800	39355	86	-
23317	5938	39355	86	-
5376	4800	39355	86	snmpgetattack
23317	12431	39355	86	snmpgetattack
20312	4800	39355	91	-
23317	5938	39355	91	-
5376	4800	39355	91	snmpgetattack
23317	12431	39355	91	snmpgetattack
20312	4800	39355	96	-
23317	5938	39355	96	-
5376	4800	39355	96	snmpgetattack
23317	12431	39355	96	snmpgetattack
20312	4800	39355	101	-
23317	5938	39355	101	-
5376	4800	39355	101	snmpgetattack
23317	12431	39355	101	snmpgetattack
20312	4800	39355	106	-
23317	5938	39355	106	-
5376	4800	39355	106	snmpgetattack
23317	12431	39355	106	snmpgetattack
20312	4800	39355	111	-
23317	5938	39355	111	-
5376	4800	39355	111	snmpgetattack
23317	12431	39355	111	snmpgetattack
20312	4800	39355	116	-
23317	5938	39355	116	-
5376	4800	39355	116	snmpgetattack
23317	12431	39355	116	snmpgetattack
20312	4800	39355	121	-
23317	5938	39355	121	-
5376	4800	39355	121	snmpgetattack
23317	12431	39355	121	snmpgetattack
20312	4800	39355	126	-
23317	5938	39355	126	-
5376	4800	39355	126	snmpgetattack
23317	12431	39355	126	snmpgetattack
20312	4800	23123	131	-
23317	5938	23123	131	-
5376	4800	23123	131	snmpgetattack
23317	12431	23123	131	snmpgetattack
20312	4800	23123	136	-
23317	5938	23123	136	-
5376	4800	23123	136	snmpgetattack
23317	12431	23123	136	snmpgetattack
20312	4800	23123	141	-
23317	5938	23123	141	-
5376	4800	23123	141	snmpgetattack
23317	12431	23123	141	snmpgetattack
20312	4800	23123	146	-
23317	5938	23123	146	-
5376	4800	23123	146	snmpgetattack
23317	12431	23123	146	snmpgetattack
20312	4800	23123	151	-
23317	5938	23123	151	-
5376	4800	23123	151	snmpgetattack
23317	12431	23123	151	snmpgetattack
20312	4800	23123	156	-
23317	5938	23123	156	-
5376	4800	23123	156	snmpgetattack
23317	12431	23123	156	snmpgetattack
20312	4800	23123	161	-
23317	5938	23123	161	-
5376	4800	23123	161	snmpgetattack
23317	12431	23123	161	snmpgetattack
20312	4800	23123	166	-
23317	5938	23123	166	-
5376	4800	23123	166	snmpgetattack
23317	12431	23123	166	snmpgetattack
20312	4800	23123	171	-
23317	5938	23123	171	-
5376	4800	23123	172	snmpgetattack
23317	12431	23123	172	snmpgetattack
23317	5938	23123	176	-
20312	4800	23123	176	-
5376	4800	23123	177	snmpgetattack
23317	12431	23123	177	snmpgetattack
20312	4800	23123	181	-
23317	5938	23123	181	-
5376	4800	23123	182	snmpgetattack
23317	12431	23123	182	snmpgetattack
20312	4800	23123	187	-
23317	5938	23123	187	-
5376	4800	23123	187	snmpgetattack
23317	12431	23123	187	snmpgetattack
20312	4800	43985	192	-
23317	5938	43985	192	-
5376	4800	43985	192	snmpgetattack
23317	12431	43985	192	snmpgetattack
20312	4800	43985	197	-
23317	5938	43985	197	-
5376	4800	43985	197	snmpgetattack
23317	12431	43985	197	snmpgetattack
20312	4800	43985	202	-
23317	5938	43985	202	-
5376	4800	43985	202	snmpgetattack
23317	12431	43985	202	snmpgetattack
20312	4800	43985	207	-
23317	5938	43985	207	-
5376	4800	43985	207	snmpgetattack
23317	12431	43985	207	snmpgetattack
20312	4800	43985	212	-
23317	5938	43985	212	-
5376	4800	43985	212	snmpgetattack
23317	12431	43985	212	snmpgetattack
20312	4800	43985	217	-
23317	5938	43985	217	-
5376	4800	43985	217	snmpgetattack
23317	12431	43985	217	snmpgetattack
20312	4800	43985	222	-
23317	5938	43985	222	-
5376	4800	43985	222	snmpgetattack
23317	12431	43985	222	snmpgetattack
20312	4800	43985	227	-
23317	5938	43985	227	-
5376	4800	43985	227	snmpgetattack
23317	12431	43985	227	snmpgetattack
20312	4800	43985	232	-
23317	5938	43985	232	-
5376	4800	43985	232	snmpgetattack
23317	12431	43985	232	snmpgetattack
20312	4800	43985	237	-
23317	5938	43985	237	-
5376	4800	43985	237	snmpgetattack
23317	12431	43985	237	snmpgetattack
20312	4800	43985	242	-
23317	5938	43985	242	-
5376	4800	43985	242	snmpgetattack
23317	12431	43985	242	snmpgetattack
20312	4800	43985	247	-
23317	5938	43985	247	-
5376	4800	43985	247	snmpgetattack
23317	12431	43985	247	snmpgetattack
20312	4800	15273	252	-
23317	5938	15273	252	-
5376	4800	15273	252	snmpgetattack
23317	12431	15273	252	snmpgetattack
20312	4800	15273	257	-
23317	5938	15273	257	-
5376	4800	15273	257	snmpgetattack
23317	12431	15273	257	snmpgetattack
20312	4800	15273	262	-
23317	5938	15273	262	-
5376	4800	15273	262	snmpgetattack
23317	12431	15273	262	snmpgetattack
20312	4800	15273	267	-
23317	5938	15273	267	-
5376	4800	15273	267	snmpgetattack
23317	12431	15273	267	snmpgetattack
20312	4800	15273	272	-
23317	5938	15273	272	-
5376	4800	15273	272	snmpgetattack
23317	12431	15273	272	snmpgetattack
20312	4800	15273	277	-
23317	5938	15273	277	-
5376	4800	15273	277	snmpgetattack
23317	12431	15273	277	snmpgetattack
20312	4800	15273	282	-
23317	5938	15273	282	-
5376	4800	15273	282	snmpgetattack
23317	12431	15273	282	snmpgetattack
20312	4800	15273	287	-
23317	5938	15273	287	-
5376	4800	15273	287	snmpgetattack
23317	12431	15273	287	snmpgetattack
20312	4800	15273	292	-
23317	5938	15273	292	-
5376	4800	15273	292	snmpgetattack
23317	12431	15273	292	snmpgetattack
20312	4800	15273	297	-
23317	5938	15273	297	-
5376	4800	15273	298	snmpgetattack
23317	12431	15273	298	snmpgetattack
15394	4800	15273	298	-
23317	882	15273	298	-
20312	4800	15273	302	-
23317	5938	15273	302	-
5376	4800	15273	303	snmpgetattack
23317	12431	15273	303	snmpgetattack
20312	4800	15273	307	-
23317	5938	15273	307	-
23317	12431	23831	308	snmpgetattack
5376	4800	23831	308	snmpgetattack
5376	4800	23831	313	snmpgetattack
23317	5938	23831	313	-
23317	12431	23831	313	snmpgetattack
20312	4800	23831	313	-
20312	4800	23831	318	-
23317	12431	23831	318	snmpgetattack
23317	5938	23831	318	-
5376	4800	23831	318	snmpgetattack
23317	5938	23831	323	-
23317	12431	23831	323	snmpgetattack
5376	4800	23831	323	snmpgetattack
20312	4800	23831	323	-
20312	4800	23831	328	-
5376	4800	23831	328	snmpgetattack
23317	12431	23831	328	snmpgetattack
23317	5938	23831	328	-
5376	4800	23831	333	snmpgetattack
20312	4800	23831	333	-
23317	5938	23831	333	-
23317	12431	23831	333	snmpgetattack
23317	12431	23831	338	snmpgetattack
20312	4800	23831	338	-
23317	5938	23831	338	-
5376	4800	23831	338	snmpgetattack
23317	5938	23831	343	-
20312	4800	23831	343	-
23317	12431	23831	343	snmpgetattack
5376	4800	23831	343	snmpgetattack
23317	12431	23831	348	snmpgetattack
20312	4800	23831	348	-
23317	5938	23831	348	-
5376	4800	23831	348	snmpgetattack
23317	5938	23831	353	-
20312	4800	23831	353	-
23317	12431	23831	353	snmpgetattack
5376	4800	23831	353	snmpgetattack
23317	5938	23831	358	-
20312	4800	23831	358	-
23317	12431	23831	358	snmpgetattack
5376	4800	23831	358	snmpgetattack
23317	12431	23831	363	snmpgetattack
20312	4800	23831	363	-
23317	5938	23831	363	-
5376	4800	23831	363	snmpgetattack
23317	12431	19574	368	snmpgetattack
20312	4800	19574	368	-
23317	5938	19574	368	-
5376	4800	19574	368	snmpgetattack
23317	12431	19574	373	snmpgetattack
20312	4800	19574	373	-
23317	5938	19574	373	-
5376	4800	19574	373	snmpgetattack
23317	5938	19574	378	-
20312	4800	19574	378	-
23317	12431	19574	378	snmpgetattack
5376	4800	19574	378	snmpgetattack
23317	12431	19574	383	snmpgetattack
20312	4800	19574	383	-
23317	5938	19574	383	-
5376	4800	19574	383	snmpgetattack
23317	5938	19574	388	-
20312	4800	19574	388	-
23317	12431	19574	388	snmpgetattack
5376	4800	19574	388	snmpgetattack
23317	12431	19574	393	snmpgetattack
20312	4800	19574	393	-
23317	5938	19574	393	-
5376	4800	19574	393	snmpgetattack
23317	5938	19574	398	-
20312	4800	19574	398	-
23317	12431	19574	398	snmpgetattack
5376	4800	19574	398	snmpgetattack
23317	12431	19574	403	snmpgetattack
20312	4800	19574	403	-
23317	5938	19574	403	-
5376	4800	19574	403	snmpgetattack
23317	5938	19574	408	-
20312	4800	19574	408	-
23317	12431	19574	408	snmpgetattack
5376	4800	19574	408	snmpgetattack
23317	12431	19574	413	snmpgetattack
20312	4800	19574	413	-
23317	5938	19574	413	-
5376	4800	19574	413	snmpgetattack
20312	4800	19574	418	-
23317	5938	19574	418	-
23317	12431	19574	419	snmpgetattack
5376	4800	19574	419	snmpgetattack
20312	4800	19574	423	-
23317	5938	19574	423	-
23317	12431	19574	424	snmpgetattack
5376	4800	19574	424	snmpgetattack
23317	5938	39228	428	-
20312	4800	39228	428	-
23317	12431	39228	429	snmpgetattack
5376	4800	39228	429	snmpgetattack
23317	5938	39228	433	-
20312	4800	39228	433	-
5376	4800	39228	434	snmpgetattack
23317	12431	39228	434	snmpgetattack
23317	12431	39228	439	snmpgetattack
20312	4800	39228	439	-
23317	5938	39228	439	-
5376	4800	39228	439	snmpgetattack
23317	12431	39228	444	snmpgetattack
20312	4800	39228	444	-
23317	5938	39228	444	-
5376	4800	39228	444	snmpgetattack
23317	5938	39228	449	-
20312	4800	39228	449	-
23317	12431	39228	449	snmpgetattack
5376	4800	39228	449	snmpgetattack
23317	12431	39228	454	snmpgetattack
20312	4800	39228	454	-
23317	5938	39228	454	-
5376	4800	39228	454	snmpgetattack
23317	12431	39228	459	snmpgetattack
20312	4800	39228	459	-
23317	5938	39228	459	-
5376	4800	39228	459	snmpgetattack
23317	12431	39228	464	snmpgetattack
20312	4800	39228	464	-
23317	5938	39228	464	-
5376	4800	39228	464	snmpgetattack
23317	5938	39228	469	-
20312	4800	39228	469	-
23317	12431	39228	469	snmpgetattack
5376	4800	39228	469	snmpgetattack
23317	12431	39228	474	snmpgetattack
20312	4800	39228	474	-
23317	5938	39228	474	-
5376	4800	39228	474	snmpgetattack
23317	12431	39228	479	snmpgetattack
20312	4800	39228	479	-
23317	5938	39228	479	-
5376	4800	39228	479	snmpgetattack
23317	12431	39228	484	snmpgetattack
20312	4800	39228	484	-
23317	5938	39228	484	-
5376	4800	39228	484	snmpgetattack
20312	4800	25207	489	-
23317	5938	25207	489	-
5376	4800	25207	489	snmpgetattack
23317	12431	25207	489	snmpgetattack
20312	4800	25207	494	-
23317	5938	25207	494	-
5376	4800	25207	494	snmpgetattack
23317	12431	25207	494	snmpgetattack
23317	12431	25207	499	snmpgetattack
5376	4800	25207	499	snmpgetattack
20312	4800	25207	499	-
23317	5938	25207	499	-
20312	4800	25207	504	-
23317	5938	25207	504	-
5376	4800	25207	504	snmpgetattack
23317	12431	25207	504	snmpgetattack
20312	4800	25207	509	-
23317	5938	25207	509	-
5376	4800	25207	509	snmpgetattack
23317	12431	25207	509	snmpgetattack
20312	4800	25207	514	-
23317	5938	25207	514	-
5376	4800	25207	514	snmpgetattack
23317	12431	25207	514	snmpgetattack
20312	4800	25207	519	-
23317	5938	25207	519	-
5376	4800	25207	519	snmpgetattack
23317	12431	25207	519	snmpgetattack
20312	4800	25207	524	-
23317	5938	25207	524	-
5376	4800	25207	524	snmpgetattack
23317	12431	25207	524	snmpgetattack
20312	4800	25207	529	-
23317	5938	25207	529	-
5376	4800	25207	529	snmpgetattack
23317	12431	25207	529	snmpgetattack
20312	4800	25207	534	-
23317	5938	25207	534	-
5376	4800	25207	534	snmpgetattack
23317	12431	25207	534	snmpgetattack
20312	4800	25207	539	-
23317	5938	25207	539	-
5376	4800	25207	539	snmpgetattack
23317	12431	25207	539	snmpgetattack
20312	4800	25207	544	-
23317	5938	25207	544	-
5376	4800	25207	545	snmpgetattack
23317	12431	25207	545	snmpgetattack
20312	4800	18224	549	-
23317	5938	18224	549	-
5376	4800	18224	550	snmpgetattack
23317	12431	18224	550	snmpgetattack
20312	4800	18224	554	-
23317	5938	18224	554	-
5376	4800	18224	555	snmpgetattack
23317	12431	18224	555	snmpgetattack
20312	4800	18224	560	-
23317	5938	18224	560	-
5376	4800	18224	560	snmpgetattack
23317	12431	18224	560	snmpgetattack
20312	4800	18224	565	-
23317	5938	18224	565	-
5376	4800	18224	565	snmpgetattack
23317	12431	18224	565	snmpgetattack
20312	4800	18224	570	-
23317	5938	18224	570	-
5376	4800	18224	570	snmpgetattack
23317	12431	18224	570	snmpgetattack
20312	4800	18224	575	-
23317	5938	18224	575	-
5376	4800	18224	575	snmpgetattack
23317	12431	18224	575	snmpgetattack
20312	4800	18224	580	-
23317	5938	18224	580	-
5376	4800	18224	580	snmpgetattack
23317	12431	18224	580	snmpgetattack
20312	4800	18224	585	-
23317	5938	18224	585	-
5376	4800	18224	585	snmpgetattack
23317	12431	18224	585	snmpgetattack
20312	4800	18224	590	-
23317	5938	18224	590	-
5376	4800	18224	590	snmpgetattack
23317	12431	18224	590	snmpgetattack
20312	4800	18224	595	-
23317	5938	18224	595	-
5376	4800	18224	595	snmpgetattack
23317	12431	18224	595	snmpgetattack
20312	4800	18224	600	-
23317	5938	18224	600	-
5376	4800	18224	600	snmpgetattack
23317	12431	18224	600	snmpgetattack
20312	4800	18224	605	-
23317	5938	18224	605	-
5376	4800	18224	605	snmpgetattack
23317	12431	18224	605	snmpgetattack
20312	4800	9058	610	-
23317	5938	9058	610	-
5376	4800	9058	610	snmpgetattack
23317	12431	9058	610	snmpgetattack
20312	4800	9058	615	-
23317	5938	9058	615	-
5376	4800	9058	615	snmpgetattack
23317	12431	9058	615	snmpgetattack
20312	4800	9058	620	-
23317	5938	9058	620	-
5376	4800	9058	620	snmpgetattack
23317	12431	9058	620	snmpgetattack
20312	4800	9058	625	-
23317	5938	9058	625	-
5376	4800	9058	625	snmpgetattack
23317	12431	9058	625	snmpgetattack
20312	4800	9058	630	-
23317	5938	9058	630	-
23317	12431	9058	630	snmpgetattack
5376	4800	9058	630	snmpgetattack
20312	4800	9058	635	-
23317	12431	9058	635	snmpgetattack
23317	5938	9058	635	-
5376	4800	9058	635	snmpgetattack
23317	5938	9058	640	-
20312	4800	9058	640	-
23317	12431	9058	640	snmpgetattack
5376	4800	9058	640	snmpgetattack
5376	4800	9058	645	snmpgetattack
23317	12431	9058	645	snmpgetattack
23317	5938	9058	645	-
20312	4800	9058	645	-
20312	4800	9058	650	-
23317	5938	9058	650	-
23317	12431	9058	650	snmpgetattack
5376	4800	9058	650	snmpgetattack
5376	4800	9058	655	snmpgetattack
20312	4800	9058	655	-
23317	5938	9058	655	-
23317	12431	9058	655	snmpgetattack
23317	12431	9058	660	snmpgetattack
23317	5938	9058	660	-
5376	4800	9058	660	snmpgetattack
20312	4800	9058	660	-
23317	12431	9058	665	snmpgetattack
5376	4800	9058	665	snmpgetattack
20312	4800	9058	665	-
23317	5938	9058	665	-
23317	5938	28088	670	-
20312	4800	28088	670	-
5376	4800	28088	671	snmpgetattack
23317	12431	28088	671	snmpgetattack
23317	5938	28088	675	-
20312	4800	28088	675	-
5376	4800	28088	676	snmpgetattack
23317	12431	28088	676	snmpgetattack
23317	5938	28088	680	-
20312	4800	28088	680	-
23317	12431	28088	681	snmpgetattack
5376	4800	28088	681	snmpgetattack
20312	4800	28088	686	-
23317	5938	28088	686	-
23317	12431	28088	686	snmpgetattack
5376	4800	28088	686	snmpgetattack
5376	4800	28088	691	snmpgetattack
20312	4800	28088	691	-
23317	5938	28088	691	-
23317	12431	28088	691	snmpgetattack
20312	4800	28088	696	-
5376	4800	28088	696	snmpgetattack
23317	5938	28088	696	-
23317	12431	28088	696	snmpgetattack
20312	4800	28088	701	-
23317	12431	28088	701	snmpgetattack
5376	4800	28088	701	snmpgetattack
23317	5938	28088	701	-
23317	12431	28088	706	snmpgetattack
5376	4800	28088	706	snmpgetattack
20312	4800	28088	706	-
23317	5938	28088	706	-
23317	12431	28088	711	snmpgetattack
20312	4800	28088	711	-
23317	5938	28088	711	-
5376	4800	28088	711	snmpgetattack
23317	12431	28088	716	snmpgetattack
5376	4800	28088	716	snmpgetattack
20312	4800	28088	716	-
23317	5938	28088	716	-
23317	12431	28088	721	snmpgetattack
20312	4800	28088	721	-
23317	5938	28088	721	-
5376	4800	28088	721	snmpgetattack
23317	5938	28088	726	-
5376	4800	28088	726	snmpgetattack
20312	4800	28088	726	-
23317	12431	28088	726	snmpgetattack
5376	4800	38356	731	snmpgetattack
20312	4800	38356	731	-
23317	5938	38356	731	-
23317	12431	38356	731	snmpgetattack
20312	4800	38356	736	-
5376	4800	38356	736	snmpgetattack
23317	5938	38356	736	-
23317	12431	38356	736	snmpgetattack
20312	4800	38356	741	-
23317	12431	38356	741	snmpgetattack
5376	4800	38356	741	snmpgetattack
23317	5938	38356	741	-
23317	12431	38356	746	snmpgetattack
5376	4800	38356	746	snmpgetattack
20312	4800	38356	746	-
23317	5938	38356	746	-
23317	12431	38356	751	snmpgetattack
20312	4800	38356	751	-
23317	5938	38356	751	-
5376	4800	38356	751	snmpgetattack
23317	5938	38356	756	-
23317	12431	38356	756	snmpgetattack
20312	4800	38356	756	-
5376	4800	38356	756	snmpgetattack
23317	5938	38356	761	-
20312	4800	38356	761	-
5376	4800	38356	761	snmpgetattack
23317	12431	38356	761	snmpgetattack
23317	5938	38356	766	-
20312	4800	38356	766	-
5376	4800	38356	766	snmpgetattack
23317	12431	38356	766	snmpgetattack
5376	4800	38356	771	snmpgetattack
23317	12431	38356	771	snmpgetattack
23317	5938	38356	771	-
20312	4800	38356	771	-
23317	12431	38356	776	snmpgetattack
20312	4800	38356	776	-
5376	4800	38356	776	snmpgetattack
23317	5938	38356	776	-
20312	4800	38356	781	-
5376	4800	38356	781	snmpgetattack
23317	12431	38356	781	snmpgetattack
23317	5938	38356	781	-
23317	12431	38356	786	snmpgetattack
20312	4800	38356	786	-
23317	5938	38356	786	-
5376	4800	38356	786	snmpgetattack
23317	12431	30874	791	snmpgetattack
5376	4800	30874	791	snmpgetattack
20312	4800	30874	791	-
23317	5938	30874	791	-
23317	5938	30874	796	-
20312	4800	30874	796	-
5376	4800	30874	797	snmpgetattack
23317	12431	30874	797	snmpgetattack
23317	5938	30874	801	-
20312	4800	30874	801	-
23317	12431	30874	802	snmpgetattack
5376	4800	30874	802	snmpgetattack
20312	4800	30874	806	-
23317	5938	30874	806	-
23317	12431	30874	807	snmpgetattack
5376	4800	30874	807	snmpgetattack
20312	4800	30874	812	-
5376	4800	30874	812	snmpgetattack
23317	12431	30874	812	snmpgetattack
23317	5938	30874	812	-
23317	12431	30874	817	snmpgetattack
5376	4800	30874	817	snmpgetattack
23317	5938	30874	817	-
20312	4800	30874	817	-
5376	4800	30874	822	snmpgetattack
20312	4800	30874	822	-
23317	12431	30874	822	snmpgetattack
23317	5938	30874	822	-
23317	12431	30874	827	snmpgetattack
23317	5938	30874	827	-
20312	4800	30874	827	-
5376	4800	30874	827	snmpgetattack
23317	12431	30874	832	snmpgetattack
5376	4800	30874	832	snmpgetattack
23317	5938	30874	832	-
20312	4800	30874	832	-
23317	12431	30874	837	snmpgetattack
5376	4800	30874	837	snmpgetattack
23317	5938	30874	837	-
20312	4800	30874	837	-
23317	5938	30874	842	-
20312	4800	30874	842	-
23317	12431	30874	842	snmpgetattack
5376	4800	30874	842	snmpgetattack
20312	4800	30874	847	-
23317	12431	30874	847	snmpgetattack
23317	5938	30874	847	-
5376	4800	30874	847	snmpgetattack
23317	5938	10927	852	-
23317	12431	10927	852	snmpgetattack
5376	4800	10927	852	snmpgetattack
20312	4800	10927	852	-
23317	5938	10927	857	-
5376	4800	10927	857	snmpgetattack
23317	12431	10927	857	snmpgetattack
20312	4800	10927	857	-
20312	4800	10927	862	-
23317	12431	10927	862	snmpgetattack
23317	5938	10927	862	-
5376	4800	10927	862	snmpgetattack
5376	4800	10927	867	snmpgetattack
23317	12431	10927	867	snmpgetattack
23317	5938	10927	867	-
20312	4800	10927	867	-
23317	12431	10927	872	snmpgetattack
5376	4800	10927	872	snmpgetattack
23317	5938	10927	872	-
20312	4800	10927	872	-
5376	4800	10927	877	snmpgetattack
23317	5938	10927	877	-
23317	12431	10927	877	snmpgetattack
20312	4800	10927	877	-
5376	4800	10927	882	snmpgetattack
23317	12431	10927	882	snmpgetattack
20312	4800	10927	882	-
23317	5938	10927	882	-
23317	12431	10927	887	snmpgetattack
5376	4800	10927	887	snmpgetattack
20312	4800	10927	887	-
23317	5938	10927	887	-
23317	12431	10927	892	snmpgetattack
23317	5938	10927	892	-
5376	4800	10927	892	snmpgetattack
20312	4800	10927	892	-
5376	4800	10927	897	snmpgetattack
23317	5938	10927	897	-
23317	12431	10927	897	snmpgetattack
20312	4800	10927	897	-
23317	882	10927	898	-
15394	4800	10927	898	-
23317	12431	10927	902	snmpgetattack
5376	4800	10927	902	snmpgetattack
23317	5938	10927	902	-
20312	4800	10927	902	-
23317	12431	10927	907	snmpgetattack
5376	4800	10927	907	snmpgetattack
23317	5938	10927	907	-
20312	4800	10927	907	-
23317	5938	35358	912	-
20312	4800	35358	912	-
5376	4800	35358	912	snmpgetattack
23317	12431	35358	912	snmpgetattack
20312	4800	35358	917	-
23317	5938	35358	917	-
23317	12431	35358	918	snmpgetattack
5376	4800	35358	918	snmpgetattack
23317	5938	35358	922	-
20312	4800	35358	922	-
5376	4800	35358	923	snmpgetattack
23317	12431	35358	923	snmpgetattack
23317	5938	35358	927	-
20312	4800	35358	927	-
23317	12431	35358	928	snmpgetattack
5376	4800	35358	928	snmpgetattack
3957	15394	35358	930	-
20312	4800	35358	932	-
23317	5938	35358	932	-
23317	12431	35358	933	snmpgetattack
5376	4800	35358	933	snmpgetattack
23317	12431	35358	938	snmpgetattack
5376	4800	35358	938	snmpgetattack
23317	5938	35358	938	-
20312	4800	35358	938	-
23317	12431	35358	943	snmpgetattack
5376	4800	35358	943	snmpgetattack
23317	5938	35358	943	-
20312	4800	35358	943	-
23317	12431	35358	948	snmpgetattack
23317	5938	35358	948	-
5376	4800	35358	948	snmpgetattack
20312	4800	35358	948	-
23317	12431	35358	953	snmpgetattack
23317	5938	35358	953	-
20312	4800	35358	953	-
5376	4800	35358	953	snmpgetattack
5376	4800	35358	958	snmpgetattack
23317	5938	35358	958	-
23317	12431	35358	958	snmpgetattack
20312	4800	35358	958	-
20312	4800	35358	963	-
23317	5938	35358	963	-
5376	4800	35358	963	snmpgetattack
23317	12431	35358	963	snmpgetattack
20312	4800	13510	968	-
23317	5938	13510	968	-
5376	4800	13510	968	snmpgetattack
23317	12431	13510	968	snmpgetattack
20312	4800	13510	973	-
23317	5938	13510	973	-
5376	4800	13510	973	snmpgetattack
23317	12431	13510	973	snmpgetattack
20312	4800	13510	978	-
23317	5938	13510	978	-
5376	4800	13510	978	snmpgetattack
23317	12431	13510	978	snmpgetattack
20312	4800	13510	983	-
23317	5938	13510	983	-
5376	4800	13510	983	snmpgetattack
23317	12431	13510	983	snmpgetattack
20312	4800	13510	988	-
23317	5938	13510	988	-
5376	4800	13510	988	snmpgetattack
23317	12431	13510	988	snmpgetattack
20312	4800	13510	993	-
23317	5938	13510	993	-
5376	4800	13510	993	snmpgetattack
23317	12431	13510	993	snmpgetattack
20312	4800	13510	998	-
23317	5938	13510	998	-
5376	4800	13510	998	snmpgetattack
23317	12431	13510	998	snmpgetattack
20312	4800	13510	1003	-
23317	5938	13510	1003	-
5376	4800	13510	1003	snmpgetattack
23317	12431	13510	1003	snmpgetattack
20312	4800	13510	1008	-
23317	5938	13510	1008	-
5376	4800	13510	1008	snmpgetattack
23317	12431	13510	1008	snmpgetattack
20312	4800	13510	1013	-
23317	5938	13510	1013	-
5376	4800	13510	1013	snmpgetattack
23317	12431	13510	1013	snmpgetattack
20312	4800	13510	1018	-
23317	5938	13510	1018	-
5376	4800	13510	1018	snmpgetattack
23317	12431	13510	1018	snmpgetattack
20312	4800	13510	1023	-
23317	5938	13510	1023	-
5376	4800	13510	1023	snmpgetattack
23317	12431	13510	1023	snmpgetattack
20312	4800	20966	1028	-
23317	5938	20966	1028	-
5376	4800	20966	1028	snmpgetattack
23317	12431	20966	1028	snmpgetattack
20312	4800	20966	1033	-
23317	5938	20966	1033	-
5376	4800	20966	1033	snmpgetattack
23317	12431	20966	1033	snmpgetattack
20312	4800	20966	1038	-
23317	5938	20966	1038	-
5376	4800	20966	1038	snmpgetattack
23317	12431	20966	1038	snmpgetattack
20312	4800	20966	1043	-
23317	5938	20966	1043	-
5376	4800	20966	1044	snmpgetattack
23317	12431	20966	1044	snmpgetattack
23317	5938	20966	1048	-
20312	4800	20966	1048	-
5376	4800	20966	1049	snmpgetattack
23317	12431	20966	1049	snmpgetattack
20312	4800	20966	1053	-
23317	5938	20966	1053	-
5376	4800	20966	1054	snmpgetattack
23317	12431	20966	1054	snmpgetattack
20312	4800	20966	1059	-
23317	5938	20966	1059	-
5376	4800	20966	1059	snmpgetattack
23317	12431	20966	1059	snmpgetattack
20312	4800	20966	1064	-
23317	5938	20966	1064	-
5376	4800	20966	1064	snmpgetattack
23317	12431	20966	1064	snmpgetattack
20312	4800	20966	1069	-
23317	5938	20966	1069	-
5376	4800	20966	1069	snmpgetattack
23317	12431	20966	1069	snmpgetattack
23317	5938	20966	1074	-
5376	4800	20966	1074	snmpgetattack
23317	12431	20966	1074	snmpgetattack
20312	4800	20966	1074	-
20312	4800	20966	1079	-
5376	4800	20966	1079	snmpgetattack
23317	12431	20966	1079	snmpgetattack
23317	5938	20966	1079	-
23317	5938	20966	1084	-
5376	4800	20966	1084	snmpgetattack
23317	12431	20966	1084	snmpgetattack
20312	4800	20966	1084	-
23317	5938	38930	1089	-
20312	4800	38930	1089	-
23317	12431	38930	1089	snmpgetattack
5376	4800	38930	1089	snmpgetattack
23317	5938	38930	1094	-
20312	4800	38930	1094	-
23317	12431	38930	1094	snmpgetattack
5376	4800	38930	1094	snmpgetattack
23317	5938	38930	1099	-
5376	4800	38930	1099	snmpgetattack
23317	12431	38930	1099	snmpgetattack
20312	4800	38930	1099	-
20312	4800	38930	1104	-
5376	4800	38930	1104	snmpgetattack
23317	12431	38930	1104	snmpgetattack
23317	5938	38930	1104	-
20312	4800	38930	1109	-
5376	4800	38930	1109	snmpgetattack
23317	12431	38930	1109	snmpgetattack
23317	5938	38930	1109	-
23317	5938	38930	1114	-
5376	4800	38930	1114	snmpgetattack
23317	12431	38930	1114	snmpgetattack
20312	4800	38930	1114	-
23317	5938	38930	1119	-
5376	4800	38930	1119	snmpgetattack
23317	12431	38930	1119	snmpgetattack
20312	4800	38930	1119	-
23317	5938	38930	1124	-
5376	4800	38930	1124	snmpgetattack
23317	12431	38930	1124	snmpgetattack
20312	4800	38930	1124	-
23317	5938	38930	1129	-
20312	4800	38930	1129	-
23317	12431	38930	1129	snmpgetattack
5376	4800	38930	1129	snmpgetattack
23317	5938	38930	1134	-
23317	12431	38930	1134	snmpgetattack
20312	4800	38930	1134	-
5376	4800	38930	1134	snmpgetattack
23317	5938	38930	1139	-
20312	4800	38930	1139	-
23317	12431	38930	1139	snmpgetattack
5376	4800	38930	1139	snmpgetattack
23317	5938	38930	1144	-
20312	4800	38930	1144	-
23317	12431	38930	1144	snmpgetattack
5376	4800	38930	1144	snmpgetattack
20312	4800	452	1149	-
23317	12431	452	1149	snmpgetattack
23317	5938	452	1149	-
5376	4800	452	1149	snmpgetattack
23317	12431	452	1154	snmpgetattack
20312	4800	452	1154	-
23317	5938	452	1154	-
5376	4800	452	1154	snmpgetattack
23317	12431	452	1159	snmpgetattack
20312	4800	452	1159	-
23317	5938	452	1159	-
5376	4800	452	1159	snmpgetattack
23317	5938	452	1164	-
20312	4800	452	1164	-
23317	12431	452	1165	snmpgetattack
5376	4800	452	1165	snmpgetattack
23317	5938	452	1169	-
20312	4800	452	1169	-
5376	4800	452	1170	snmpgetattack
23317	12431	452	1170	snmpgetattack
20312	4800	452	1174	-
23317	5938	452	1174	-
23317	12431	452	1175	snmpgetattack
5376	4800	452	1175	snmpgetattack
20312	4800	452	1179	-
23317	5938	452	1179	-
23317	12431	452	1180	snmpgetattack
5376	4800	452	1180	snmpgetattack
23317	5938	452	1185	-
20312	4800	452	1185	-
23317	12431	452	1185	snmpgetattack
5376	4800	452	1185	snmpgetattack
23317	12431	452	1190	snmpgetattack
20312	4800	452	1190	-
23317	5938	452	1190	-
5376	4800	452	1190	snmpgetattack
20312	4800	452	1195	-
23317	12431	452	1195	snmpgetattack
23317	5938	452	1195	-
5376	4800	452	1195	snmpgetattack
23317	12431	452	1200	snmpgetattack
20312	4800	452	1200	-
23317	5938	452	1200	-
5376	4800	452	1200	snmpgetattack
23317	5938	452	1205	-
20312	4800	452	1205	-
23317	12431	452	1205	snmpgetattack
5376	4800	452	1205	snmpgetattack
23317	12431	38291	1210	snmpgetattack
20312	4800	38291	1210	-
23317	5938	38291	1210	-
5376	4800	38291	1210	snmpgetattack
23317	5938	38291	1215	-
20312	4800	38291	1215	-
23317	12431	38291	1215	snmpgetattack
5376	4800	38291	1215	snmpgetattack
23317	5938	38291	1220	-
20312	4800	38291	1220	-
23317	12431	38291	1220	snmpgetattack
5376	4800	38291	1220	snmpgetattack
23317	12431	38291	1225	snmpgetattack
20312	4800	38291	1225	-
23317	5938	38291	1225	-
5376	4800	38291	1225	snmpgetattack
20312	4800	38291	1230	-
23317	12431	38291	1230	snmpgetattack
23317	5938	38291	1230	-
5376	4800	38291	1230	snmpgetattack
20312	4800	38291	1235	-
23317	12431	38291	1235	snmpgetattack
23317	5938	38291	1235	-
5376	4800	38291	1235	snmpgetattack
5376	4800	38291	1240	snmpgetattack
20312	4800	38291	1240	-
23317	5938	38291	1240	-
23317	12431	38291	1240	snmpgetattack
5376	4800	38291	1245	snmpgetattack
20312	4800	38291	1245	-
23317	5938	38291	1245	-
23317	12431	38291	1245	snmpgetattack
23317	12431	38291	1250	snmpgetattack
20312	4800	38291	1250	-
23317	5938	38291	1250	-
5376	4800	38291	1250	snmpgetattack
5376	4800	38291	1255	snmpgetattack
20312	4800	38291	1255	-
23317	12431	38291	1255	snmpgetattack
23317	5938	38291	1255	-
20312	4800	38291	1260	-
23317	5938	38291	1260	-
5376	4800	38291	1260	snmpgetattack
23317	12431	38291	1260	snmpgetattack
20312	4800	38291	1265	-
23317	5938	38291	1265	-
5376	4800	38291	1265	snmpgetattack
23317	12431	38291	1265	snmpgetattack
20312	4800	20541	1270	-
23317	5938	20541	1270	-
5376	4800	20541	1270	snmpgetattack
23317	12431	20541	1270	snmpgetattack
20312	4800	20541	1275	-
23317	5938	20541	1275	-
5376	4800	20541	1275	snmpgetattack
23317	12431	20541	1275	snmpgetattack
5376	4800	20541	1280	snmpgetattack
23317	12431	20541	1280	snmpgetattack
20312	4800	20541	1280	-
23317	5938	20541	1280	-
20312	4800	20541	1285	-
23317	5938	20541	1285	-
5376	4800	20541	1285	snmpgetattack
23317	12431	20541	1285	snmpgetattack
20312	4800	20541	1290	-
23317	5938	20541	1290	-
5376	4800	20541	1291	snmpgetattack
23317	12431	20541	1291	snmpgetattack
20312	4800	20541	1295	-
23317	5938	20541	1295	-
5376	4800	20541	1296	snmpgetattack
23317	12431	20541	1296	snmpgetattack
20312	4800	20541	1300	-
23317	5938	20541	1300	-
5376	4800	20541	1301	snmpgetattack
23317	12431	20541	1301	snmpgetattack
20312	4800	20541	1305	-
23317	5938	20541	1305	-
5376	4800	20541	1306	snmpgetattack
23317	12431	20541	1306	snmpgetattack
20312	4800	20541	1311	-
23317	5938	20541	1311	-
5376	4800	20541	1311	snmpgetattack
23317	12431	20541	1311	snmpgetattack
20312	4800	20541	1316	-
23317	5938	20541	1316	-
5376	4800	20541	1316	snmpgetattack
23317	12431	20541	1316	snmpgetattack
20312	4800	20541	1321	-
23317	5938	20541	1321	-
5376	4800	20541	1321	snmpgetattack
23317	12431	20541	1321	snmpgetattack
20312	4800	20541	1326	-
23317	5938	20541	1326	-
5376	4800	20541	1326	snmpgetattack
23317	12431	20541	1326	snmpgetattack
20312	4800	24990	1331	-
23317	5938	24990	1331	-
5376	4800	24990	1331	snmpgetattack
23317	12431	24990	1331	snmpgetattack
20312	4800	24990	1336	-
23317	5938	24990	1336	-
5376	4800	24990	1336	snmpgetattack
23317	12431	24990	1336	snmpgetattack
20312	4800	24990	1341	-
23317	5938	24990	1341	-
5376	4800	24990	1341	snmpgetattack
23317	12431	24990	1341	snmpgetattack
20312	4800	24990	1346	-
23317	5938	24990	1346	-
5376	4800	24990	1346	snmpgetattack
23317	12431	24990	1346	snmpgetattack
20312	4800	24990	1351	-
23317	5938	24990	1351	-
5376	4800	24990	1351	snmpgetattack
23317	12431	24990	1351	snmpgetattack
20312	4800	24990	1356	-
23317	5938	24990	1356	-
5376	4800	24990	1356	snmpgetattack
23317	12431	24990	1356	snmpgetattack
20312	4800	24990	1361	-
23317	5938	24990	1361	-
5376	4800	24990	1361	snmpgetattack
23317	12431	24990	1361	snmpgetattack
20312	4800	24990	1366	-
23317	5938	24990	1366	-
5376	4800	24990	1366	snmpgetattack
23317	12431	24990	1366	snmpgetattack
20312	4800	24990	1371	-
23317	5938	24990	1371	-
5376	4800	24990	1371	snmpgetattack
23317	12431	24990	1371	snmpgetattack
20312	4800	24990	1376	-
23317	5938	24990	1376	-
5376	4800	24990	1376	snmpgetattack
23317	12431	24990	1376	snmpgetattack
20312	4800	24990	1381	-
23317	5938	24990	1381	-
5376	4800	24990	1381	snmpgetattack
23317	12431	24990	1381	snmpgetattack
20312	4800	24990	1386	-
23317	5938	24990	1386	-
5376	4800	24990	1386	snmpgetattack
23317	12431	24990	1386	snmpgetattack
20312	4800	46001	1391	-
23317	5938	46001	1391	-
5376	4800	46001	1391	snmpgetattack
23317	12431	46001	1391	snmpgetattack
20312	4800	46001	1396	-
23317	5938	46001	1396	-
5376	4800	46001	1396	snmpgetattack
23317	12431	46001	1396	snmpgetattack
20312	4800	46001	1401	-
23317	5938	46001	1401	-
5376	4800	46001	1401	snmpgetattack
23317	12431	46001	1401	snmpgetattack
20312	4800	46001	1406	-
23317	5938	46001	1406	-
5376	4800	46001	1406	snmpgetattack
23317	12431	46001	1406	snmpgetattack
20312	4800	46001	1411	-
23317	5938	46001	1411	-
5376	4800	46001	1411	snmpgetattack
23317	12431	46001	1411	snmpgetattack
20312	4800	46001	1416	-
23317	5938	46001	1416	-
5376	4800	46001	1417	snmpgetattack
23317	12431	46001	1417	snmpgetattack
20312	4800	46001	1421	-
23317	5938	46001	1421	-
5376	4800	46001	1422	snmpgetattack
23317	12431	46001	1422	snmpgetattack
20312	4800	46001	1426	-
23317	5938	46001	1426	-
23317	12431	46001	1427	snmpgetattack
5376	4800	46001	1427	snmpgetattack
23317	5938	46001	1431	-
20312	4800	46001	1431	-
5376	4800	46001	1432	snmpgetattack
23317	12431	46001	1432	snmpgetattack
23317	12431	46001	1437	snmpgetattack
20312	4800	46001	1437	-
23317	5938	46001	1437	-
5376	4800	46001	1437	snmpgetattack
23317	12431	46001	1442	snmpgetattack
20312	4800	46001	1442	-
23317	5938	46001	1442	-
5376	4800	46001	1442	snmpgetattack
23317	12431	46001	1447	snmpgetattack
20312	4800	46001	1447	-
23317	5938	46001	1447	-
5376	4800	46001	1447	snmpgetattack
23317	12431	1016	1452	snmpgetattack
20312	4800	1016	1452	-
23317	5938	1016	1452	-
5376	4800	1016	1452	snmpgetattack
23317	5938	1016	1457	-
5376	4800	1016	1457	snmpgetattack
23317	12431	1016	1457	snmpgetattack
20312	4800	1016	1457	-
23317	5938	1016	1462	-
5376	4800	1016	1462	snmpgetattack
23317	12431	1016	1462	snmpgetattack
20312	4800	1016	1462	-
23317	5938	1016	1467	-
5376	4800	1016	1467	snmpgetattack
23317	12431	1016	1467	snmpgetattack
20312	4800	1016	1467	-
20312	4800	1016	1472	-
5376	4800	1016	1472	snmpgetattack
23317	5938	1016	1472	-
23317	12431	1016	1472	snmpgetattack
23317	5938	1016	1477	-
5376	4800	1016	1477	snmpgetattack
23317	12431	1016	1477	snmpgetattack
20312	4800	1016	1477	-
23317	5938	1016	1482	-
20312	4800	1016	1482	-
23317	12431	1016	1482	snmpgetattack
5376	4800	1016	1482	snmpgetattack
23317	5938	1016	1487	-
20312	4800	1016	1487	-
23317	12431	1016	1487	snmpgetattack
5376	4800	1016	1487	snmpgetattack
23317	5938	1016	1492	-
5376	4800	1016	1492	snmpgetattack
23317	12431	1016	1492	snmpgetattack
20312	4800	1016	1492	-
20312	4800	1016	1497	-
5376	4800	1016	1497	snmpgetattack
23317	12431	1016	1497	snmpgetattack
23317	5938	1016	1497	-
23317	882	1016	1498	-
15394	4800	1016	1498	-
20312	4800	1016	1502	-
5376	4800	1016	1502	snmpgetattack
23317	5938	1016	1502	-
23317	12431	1016	1502	snmpgetattack
20312	4800	1016	1507	-
5376	4800	1016	1507	snmpgetattack
23317	12431	1016	1507	snmpgetattack
23317	5938	1016	1507	-
23317	12431	25063	1512	snmpgetattack
5376	4800	25063	1512	snmpgetattack
23317	5938	25063	1512	-
20312	4800	25063	1512	-
20312	4800	25063	1517	-
23317	5938	25063	1517	-
5376	4800	25063	1517	snmpgetattack
23317	12431	25063	1517	snmpgetattack
20312	4800	25063	1522	-
23317	5938	25063	1522	-
5376	4800	25063	1522	snmpgetattack
23317	12431	25063	1522	snmpgetattack
23317	5938	25063	1527	-
5376	4800	25063	1527	snmpgetattack
23317	12431	25063	1527	snmpgetattack
20312	4800	25063	1527	-
23317	5938	25063	1532	-
20312	4800	25063	1532	-
23317	12431	25063	1532	snmpgetattack
5376	4800	25063	1532	snmpgetattack
20312	4800	25063	1537	-
5376	4800	25063	1537	snmpgetattack
23317	12431	25063	1537	snmpgetattack
23317	5938	25063	1537	-
23317	5938	25063	1542	-
20312	4800	25063	1542	-
5376	4800	25063	1543	snmpgetattack
23317	12431	25063	1543	snmpgetattack
23317	5938	25063	1547	-
20312	4800	25063	1547	-
23317	12431	25063	1548	snmpgetattack
5376	4800	25063	1548	snmpgetattack
23317	5938	25063	1552	-
20312	4800	25063	1552	-
23317	12431	25063	1553	snmpgetattack
5376	4800	25063	1553	snmpgetattack
20312	4800	25063	1558	-
5376	4800	25063	1558	snmpgetattack
23317	5938	25063	1558	-
23317	12431	25063	1558	snmpgetattack
20312	4800	25063	1563	-
5376	4800	25063	1563	snmpgetattack
23317	12431	25063	1563	snmpgetattack
23317	5938	25063	1563	-
23317	5938	2215	1568	-
5376	4800	2215	1568	snmpgetattack
23317	12431	2215	1568	snmpgetattack
20312	4800	2215	1568	-
23317	5938	2215	1573	-
5376	4800	2215	1573	snmpgetattack
20312	4800	2215	1573	-
23317	12431	2215	1573	snmpgetattack
20312	4800	2215	1578	-
23317	5938	2215	1578	-
5376	4800	2215	1578	snmpgetattack
23317	12431	2215	1578	snmpgetattack
20312	4800	2215	1583	-
23317	5938	2215	1583	-
5376	4800	2215	1583	snmpgetattack
23317	12431	2215	1583	snmpgetattack
20312	4800	2215	1588	-
23317	5938	2215	1588	-
5376	4800	2215	1588	snmpgetattack
23317	12431	2215	1588	snmpgetattack
20312	4800	2215	1593	-
23317	5938	2215	1593	-
5376	4800	2215	1593	snmpgetattack
23317	12431	2215	1593	snmpgetattack
20312	4800	2215	1598	-
23317	5938	2215	1598	-
23317	12431	2215	1598	snmpgetattack
5376	4800	2215	1598	snmpgetattack
20312	4800	2215	1603	-
23317	5938	2215	1603	-
5376	4800	2215	1603	snmpgetattack
23317	12431	2215	1603	snmpgetattack
20312	4800	2215	1608	-
23317	5938	2215	1608	-
5376	4800	2215	1608	snmpgetattack
23317	12431	2215	1608	snmpgetattack
20312	4800	2215	1613	-
23317	5938	2215	1613	-
5376	4800	2215	1613	snmpgetattack
23317	12431	2215	1613	snmpgetattack
20312	4800	2215	1618	-
23317	5938	2215	1618	-
5376	4800	2215	1618	snmpgetattack
23317	12431	2215	1618	snmpgetattack
20312	4800	2215	1623	-
23317	5938	2215	1623	-
5376	4800	2215	1623	snmpgetattack
23317	12431	2215	1623	snmpgetattack
20312	4800	17825	1628	-
23317	5938	17825	1628	-
5376	4800	17825	1628	snmpgetattack
23317	12431	17825	1628	snmpgetattack
20312	4800	17825	1633	-
23317	5938	17825	1633	-
5376	4800	17825	1633	snmpgetattack
23317	12431	17825	1633	snmpgetattack
20312	4800	17825	1638	-
23317	5938	17825	1638	-
5376	4800	17825	1638	snmpgetattack
23317	12431	17825	1638	snmpgetattack
20312	4800	17825	1643	-
23317	5938	17825	1643	-
5376	4800	17825	1643	snmpgetattack
23317	12431	17825	1643	snmpgetattack
20312	4800	17825	1648	-
23317	5938	17825	1648	-
5376	4800	17825	1648	snmpgetattack
23317	12431	17825	1648	snmpgetattack
20312	4800	17825	1653	-
23317	5938	17825	1653	-
5376	4800	17825	1653	snmpgetattack
23317	12431	17825	1653	snmpgetattack
20312	4800	17825	1658	-
23317	5938	17825	1658	-
5376	4800	17825	1658	snmpgetattack
23317	12431	17825	1658	snmpgetattack
20312	4800	17825	1663	-
23317	5938	17825	1663	-
5376	4800	17825	1663	snmpgetattack
23317	12431	17825	1664	snmpgetattack
20312	4800	17825	1668	-
23317	5938	17825	1668	-
5376	4800	17825	1669	snmpgetattack
23317	12431	17825	1669	snmpgetattack
20312	4800	17825	1673	-
23317	5938	17825	1673	-
5376	4800	17825	1674	snmpgetattack
23317	12431	17825	1674	snmpgetattack
20312	4800	17825	1678	-
23317	5938	17825	1678	-
5376	4800	17825	1679	snmpgetattack
23317	12431	17825	1679	snmpgetattack
20312	4800	17825	1684	-
23317	5938	17825	1684	-
5376	4800	17825	1684	snmpgetattack
23317	12431	17825	1684	snmpgetattack
20312	4800	40848	1689	-
23317	5938	40848	1689	-
5376	4800	40848	1689	snmpgetattack
23317	12431	40848	1689	snmpgetattack
20312	4800	40848	1694	-
23317	5938	40848	1694	-
5376	4800	40848	1694	snmpgetattack
23317	12431	40848	1694	snmpgetattack
20312	4800	40848	1699	-
23317	5938	40848	1699	-
5376	4800	40848	1699	snmpgetattack
23317	12431	40848	1699	snmpgetattack
20312	4800	40848	1704	-
23317	5938	40848	1704	-
5376	4800	40848	1704	snmpgetattack
23317	12431	40848	1704	snmpgetattack
20312	4800	40848	1709	-
23317	5938	40848	1709	-
5376	4800	40848	1709	snmpgetattack
23317	12431	40848	1709	snmpgetattack
20312	4800	40848	1714	-
23317	5938	40848	1714	-
5376	4800	40848	1714	snmpgetattack
23317	12431	40848	1714	snmpgetattack
20312	4800	40848	1719	-
23317	5938	40848	1719	-
5376	4800	40848	1719	snmpgetattack
23317	12431	40848	1719	snmpgetattack
20312	4800	40848	1724	-
23317	5938	40848	1724	-
5376	4800	40848	1724	snmpgetattack
23317	12431	40848	1724	snmpgetattack
20312	4800	40848	1729	-
23317	5938	40848	1729	-
5376	4800	40848	1729	snmpgetattack
23317	12431	40848	1729	snmpgetattack
20312	4800	40848	1734	-
23317	5938	40848	1734	-
5376	4800	40848	1734	snmpgetattack
23317	12431	40848	1734	snmpgetattack
20312	4800	40848	1739	-
23317	5938	40848	1739	-
5376	4800	40848	1739	snmpgetattack
23317	12431	40848	1739	snmpgetattack
20312	4800	40848	1744	-
23317	5938	40848	1744	-
23317	12431	40848	1744	snmpgetattack
5376	4800	40848	1744	snmpgetattack
5376	4800	19872	1749	snmpgetattack
23317	12431	19872	1749	snmpgetattack
23317	5938	19872	1749	-
20312	4800	19872	1749	-
20312	4800	19872	1754	-
23317	5938	19872	1754	-
5376	4800	19872	1754	snmpgetattack
23317	12431	19872	1754	snmpgetattack
20312	4800	19872	1759	-
23317	5938	19872	1759	-
5376	4800	19872	1759	snmpgetattack
23317	12431	19872	1759	snmpgetattack
20312	4800	19872	1764	-
23317	5938	19872	1764	-
5376	4800	19872	1764	snmpgetattack
23317	12431	19872	1764	snmpgetattack
20312	4800	19872	1769	-
23317	5938	19872	1769	-
5376	4800	19872	1769	snmpgetattack
23317	12431	19872	1769	snmpgetattack
20312	4800	19872	1774	-
23317	5938	19872	1774	-
5376	4800	19872	1774	snmpgetattack
23317	12431	19872	1774	snmpgetattack
20312	4800	19872	1779	-
23317	5938	19872	1779	-
5376	4800	19872	1779	snmpgetattack
23317	12431	19872	1779	snmpgetattack
20312	4800	19872	1784	-
23317	5938	19872	1784	-
5376	4800	19872	1784	snmpgetattack
23317	12431	19872	1784	snmpgetattack
20312	4800	19872	1789	-
23317	5938	19872	1789	-
5376	4800	19872	1790	snmpgetattack
23317	12431	19872	1790	snmpgetattack
20312	4800	19872	1794	-
23317	5938	19872	1794	-
5376	4800	19872	1795	snmpgetattack
23317	12431	19872	1795	snmpgetattack
20312	4800	19872	1799	-
23317	5938	19872	1799	-
