7215	5938	19105	0	-
20312	4800	19105	1	-
11001	19531	19105	4	-
20312	4800	19105	6	-
6775	9554	19105	7	-
14547	22986	7958	10	-
20312	4800	7958	11	-
20312	4800	7958	16	-
18246	6157	7958	19	-
18246	6157	7958	20	-
18246	6157	7958	20	-
18246	6157	7958	20	-
18246	6157	7958	20	-
18246	6157	7958	20	-
18246	6157	7958	20	-
18246	6157	7958	20	-
20312	4800	7958	21	-
16409	20499	7958	22	-
19531	229	7958	22	-
19531	229	7958	22	-
18246	6157	7958	23	-
18246	3858	7958	23	-
18246	6157	7958	23	-
18246	6157	7958	23	-
18246	6157	7958	23	-
18246	6157	7958	23	-
18246	6157	7958	23	-
18246	6157	7958	23	-
18246	18682	7958	23	-
18246	6157	7958	23	-
18246	21862	7958	23	-
18246	6157	7958	23	-
18246	6157	7958	23	-
18246	18682	7958	23	-
18246	6157	7958	24	-
18246	6157	7958	24	-
18246	6157	7958	24	-
18246	6157	7958	24	-
18246	6157	7958	24	-
18246	18682	7958	24	-
18246	6157	7958	24	-
18246	6157	7958	24	-
18246	18682	7958	24	-
18246	14263	7958	24	-
18246	6157	7958	24	-
18246	18682	7958	24	-
18246	21862	7958	24	-
18246	6157	7958	24	-
18246	18682	7958	24	-
18246	6157	7958	24	-
18246	6157	7958	24	-
18246	6157	7958	24	-
18246	6157	7958	24	-
18246	6157	7958	24	-
18246	6157	7958	24	-
18246	6157	7958	24	-
18246	6157	7958	24	-
18246	14263	7958	24	-
16409	18823	7958	25	-
16409	18823	7958	25	-
16409	18823	7958	25	-
16409	18823	7958	25	-
16409	20499	7958	26	-
16409	18823	7958	26	-
20312	4800	7958	26	-
16409	20499	7958	26	-
16409	18823	7958	26	-
16409	20499	7958	26	-
16409	18823	7958	26	-
16409	18823	7958	26	-
16409	18823	7958	26	-
587	672	7958	31	-
587	672	7958	31	-
587	672	7958	31	-
587	672	7958	31	-
587	672	7958	31	-
587	672	7958	31	-
587	672	7958	31	-
587	672	7958	31	-
587	672	7958	31	-
587	672	7958	31	-
20312	4800	7958	31	-
587	672	7958	31	-
587	672	7958	32	-
587	672	7958	32	-
587	672	7958	32	-
587	672	7958	32	-
587	672	7958	32	-
587	672	7958	32	-
587	672	7958	32	-
20312	4800	7958	37	-
587	672	7958	38	-
587	672	7958	38	-
587	672	7958	38	-
587	672	7958	38	-
587	672	7958	38	-
587	672	7958	38	-
587	672	7958	38	-
587	672	7958	38	-
587	672	7958	41	-
587	672	7958	41	-
587	672	7958	41	-
587	13953	7958	41	-
587	672	7958	41	-
587	672	7958	41	-
20312	4800	7958	42	-
20312	4800	7958	47	-
14547	11900	7958	48	-
14547	11900	7958	51	-
20312	4800	7958	52	-
19603	3461	7958	55	-
20312	4800	7958	57	-
19531	4717	7958	58	-
20312	4800	7958	62	-
20312	4800	7958	67	-
20312	4800	21023	72	-
3611	14992	21023	75	-
3611	14992	21023	76	-
3611	14992	21023	76	-
3611	14992	21023	76	-
3611	14992	21023	76	-
3611	14992	21023	76	-
3611	14992	21023	76	-
3611	14992	21023	76	-
3611	14992	21023	76	-
3611	14992	21023	76	-
3611	14992	21023	76	-
3611	14992	21023	76	-
20312	4800	21023	77	-
3957	15394	21023	77	-
17923	5938	21023	77	-
20312	587	21023	77	-
7782	15894	21023	80	-
20312	4800	21023	82	-
587	672	21023	82	-
587	672	21023	83	-
587	672	21023	83	-
587	672	21023	83	-
587	672	21023	83	-
587	672	21023	83	-
587	672	21023	83	-
587	672	21023	83	-
587	672	21023	83	-
587	672	21023	83	-
587	672	21023	83	-
587	672	21023	83	-
587	672	21023	83	-
587	672	21023	83	-
587	672	21023	83	-
587	672	21023	83	-
587	672	21023	83	-
587	672	21023	83	-
20312	4800	21023	87	-
20312	4800	21023	92	-
20312	4800	21023	97	-
12332	4981	21023	98	-
20312	4800	21023	102	-
20312	4800	21023	107	-
8048	23167	21023	107	-
20312	4800	21023	112	-
20312	4800	21023	117	-
3611	14992	21023	120	-
3611	14992	21023	120	-
3611	14992	21023	120	-
16409	20499	21023	121	-
3611	14992	21023	121	-
16409	20499	21023	121	-
16409	20499	21023	121	-
16409	20499	21023	121	-
16409	20499	21023	121	-
16409	20499	21023	121	-
16409	20499	21023	121	-
16409	20499	21023	121	-
16409	20499	21023	121	-
16409	20499	21023	121	-
16409	20499	21023	121	-
16409	20499	21023	121	-
20312	4800	21023	122	-
16409	21426	21023	123	-
16409	21426	21023	123	-
16409	21426	21023	123	-
16409	21426	21023	123	-
16409	21426	21023	123	-
16409	21426	21023	123	-
16409	21426	21023	123	-
16409	21426	21023	123	-
16409	21426	21023	123	-
16409	21426	21023	123	-
16409	21426	21023	123	-
16409	21426	21023	123	-
16409	21426	21023	123	-
16409	21426	21023	123	-
16409	21426	21023	123	-
16409	21426	21023	123	-
16409	21426	21023	123	-
16409	21426	21023	125	-
16409	21426	21023	126	-
16409	21426	21023	126	-
16409	21426	21023	126	-
16409	21426	21023	126	-
16409	21426	21023	126	-
16409	21426	21023	126	-
16409	21426	21023	126	-
16409	21426	21023	126	-
16409	21426	21023	126	-
16409	21426	21023	126	-
16409	21426	21023	126	-
16409	21426	21023	126	-
16409	21426	21023	126	-
20312	4800	21023	127	-
20312	4800	24551	132	-
20312	4800	24551	137	-
12985	15667	24551	137	-
12985	13122	24551	137	-
20312	4800	24551	142	-
6775	2843	24551	146	-
20312	4800	24551	147	-
3076	16593	24551	151	-
20312	4800	24551	152	-
20312	4800	24551	157	-
12332	4981	24551	159	-
20312	4800	24551	162	-
587	4245	24551	163	-
587	4245	24551	163	-
587	4245	24551	163	-
587	4245	24551	163	-
587	4245	24551	163	-
587	4245	24551	163	-
587	4245	24551	163	-
20312	4800	24551	167	-
12332	14437	24551	171	-
20312	4800	24551	172	-
20312	4800	24551	178	-
10429	13122	24551	180	-
20312	4800	24551	183	-
587	4245	24551	185	-
20312	4800	33642	188	-
17624	3461	33642	192	-
20312	4800	33642	193	-
17624	3461	33642	195	-
16409	16409	33642	197	-
16409	16409	33642	197	-
16409	16409	33642	198	-
16409	16409	33642	198	-
20312	4800	33642	198	-
6775	14437	33642	199	-
587	4245	33642	200	-
587	4245	33642	201	-
587	4245	33642	201	-
587	4245	33642	201	-
587	4245	33642	201	-
587	4245	33642	201	-
587	4245	33642	201	-
20312	4800	33642	203	-
19531	1398	33642	204	-
19531	1398	33642	204	-
19531	17697	33642	204	-
19531	1398	33642	204	-
19531	17697	33642	204	-
19531	17697	33642	204	-
19531	17697	33642	204	-
19531	1398	33642	204	-
16409	16409	33642	207	-
16409	16409	33642	207	-
16409	16409	33642	207	-
16409	16409	33642	207	-
16409	16409	33642	207	-
16409	16409	33642	207	-
16409	16409	33642	207	-
16409	16409	33642	207	-
16409	16409	33642	207	-
16409	16409	33642	207	-
16409	16409	33642	207	-
16409	16409	33642	207	-
16409	16409	33642	207	-
20312	4800	33642	208	-
20312	4800	33642	213	-
20312	4800	33642	218	-
20312	4800	33642	223	-
16409	12113	33642	225	-
16409	6775	33642	225	-
19531	1398	33642	225	-
12332	16593	33642	225	-
16409	10429	33642	226	-
16409	10429	33642	226	-
16409	10429	33642	226	-
20312	4800	33642	228	-
20312	4800	33642	233	-
19531	3680	33642	234	-
19531	18332	33642	236	-
20312	4800	33642	238	-
20312	4800	33642	243	-
20312	4800	40188	248	-
11001	22275	40188	248	-
3297	1001	40188	249	-
11001	17516	40188	249	-
11001	17516	40188	249	-
11001	17516	40188	249	-
10429	13122	40188	249	-
10571	16593	40188	251	-
20312	4800	40188	253	-
19531	21995	40188	254	-
19531	21995	40188	254	-
19531	21995	40188	254	-
19531	21995	40188	254	-
19531	21995	40188	254	-
19531	21995	40188	254	-
19531	21995	40188	255	-
19531	21995	40188	255	-
19531	21995	40188	255	-
19531	21995	40188	255	-
19531	21995	40188	255	-
19531	21995	40188	255	-
19531	21995	40188	255	-
19531	21995	40188	255	-
19531	21995	40188	255	-
19531	21995	40188	255	-
19531	21995	40188	255	-
19531	21995	40188	255	-
19531	21995	40188	255	-
19531	21995	40188	255	-
19531	21995	40188	256	-
19531	21995	40188	256	-
19531	21995	40188	256	-
19531	21995	40188	256	-
19531	21995	40188	256	-
20312	4800	40188	258	-
16409	6775	40188	260	-
16409	19603	40188	260	-
20312	4800	40188	263	-
7215	13122	40188	263	-
19531	13122	40188	265	-
20312	4981	40188	265	-
16409	19603	40188	265	-
16409	13936	40188	265	-
19531	13122	40188	267	-
20312	4800	40188	268	-
587	4245	40188	270	-
587	4245	40188	270	-
587	4245	40188	270	-
587	4245	40188	270	-
587	4245	40188	270	-
587	4245	40188	271	-
587	4245	40188	271	-
16409	20499	40188	272	-
20312	4800	40188	273	-
11001	13122	40188	277	-
20312	4800	40188	278	-
16409	5819	40188	283	-
16409	20499	40188	283	-
20312	4800	40188	283	-
11001	6934	40188	286	-
11001	6934	40188	287	-
11001	6934	40188	287	-
11001	17516	40188	287	-
20312	4800	40188	288	-
10429	13122	40188	288	-
19531	21708	40188	291	-
20312	4800	40188	293	-
7782	22986	40188	296	-
3076	3297	40188	297	-
20312	4800	40188	298	-
11001	11900	40188	302	-
20312	4800	40188	303	-
20312	4800	35968	308	-
20312	4800	35968	313	-
20312	4800	35968	318	-
16409	19603	35968	319	-
3957	587	35968	319	-
587	329	35968	322	-
587	329	35968	322	-
587	329	35968	323	-
587	329	35968	323	-
587	329	35968	323	-
587	329	35968	323	-
587	329	35968	323	-
587	329	35968	323	-
587	329	35968	323	-
587	329	35968	323	-
587	329	35968	323	-
587	329	35968	323	-
587	329	35968	323	-
587	329	35968	323	-
587	329	35968	323	-
587	17697	35968	323	-
587	329	35968	323	-
587	329	35968	323	-
587	329	35968	323	-
587	329	35968	323	-
587	329	35968	323	-
587	329	35968	323	-
587	329	35968	323	-
587	329	35968	323	-
587	329	35968	323	-
587	329	35968	323	-
587	329	35968	323	-
587	329	35968	323	-
20312	4800	35968	324	-
20312	4800	35968	329	-
20312	4800	35968	334	-
23317	5938	35968	339	-
20312	4800	35968	339	-
14547	15894	35968	343	-
20312	4800	35968	344	-
20312	4800	35968	349	-
20312	4800	35968	354	-
3611	22986	35968	357	-
20312	4800	35968	359	-
20312	4800	35968	364	-
7782	22986	34711	368	-
20312	4800	34711	369	-
16409	16772	34711	374	-
20312	4800	34711	374	-
16409	16772	34711	374	-
16409	16772	34711	374	-
16409	16772	34711	374	-
16409	16772	34711	375	-
16409	16772	34711	375	-
16409	16772	34711	375	-
16409	16772	34711	375	-
19531	21995	34711	378	-
19531	21995	34711	378	-
7782	21708	34711	378	-
19531	21995	34711	378	-
19531	21995	34711	378	-
19531	21995	34711	378	-
19531	21995	34711	378	-
19531	21995	34711	378	-
19531	21995	34711	378	-
19531	21995	34711	378	-
19531	21995	34711	378	-
19531	21995	34711	378	-
19531	21995	34711	378	-
19531	21995	34711	379	-
19531	21995	34711	379	-
19531	21995	34711	379	-
19531	21995	34711	379	-
19531	21995	34711	379	-
19531	21995	34711	379	-
19531	21995	34711	379	-
19531	21995	34711	379	-
19531	21995	34711	379	-
20312	4800	34711	379	-
19531	21995	34711	379	-
19531	21995	34711	379	-
19531	21995	34711	379	-
587	17697	34711	380	-
7782	11900	34711	382	-
20312	4800	34711	384	-
587	6671	34711	389	-
20312	4800	34711	389	-
19603	7268	34711	393	-
20312	4800	34711	394	-
19531	21995	34711	398	-
19531	21995	34711	398	-
19531	21995	34711	398	-
19531	21995	34711	398	-
19531	21995	34711	398	-
19531	21995	34711	398	-
19531	21995	34711	398	-
19531	21995	34711	398	-
20312	4800	34711	399	-
10571	3297	34711	401	-
18246	3076	34711	402	-
19603	14437	34711	402	-
8048	16332	34711	402	-
18246	3076	34711	403	-
18246	3076	34711	403	-
18246	3076	34711	403	-
18246	3076	34711	403	-
18246	3076	34711	403	-
18246	3076	34711	403	-
18246	3076	34711	403	-
18246	3076	34711	403	-
18246	3076	34711	403	-
18246	3076	34711	403	-
3957	15394	34711	403	-
18246	3076	34711	403	-
18246	3076	34711	403	-
18246	3076	34711	403	-
18246	3076	34711	403	-
18246	3076	34711	403	-
18246	3076	34711	403	-
18246	3076	34711	403	-
18246	3076	34711	403	-
18246	3076	34711	403	-
18246	3076	34711	403	-
18246	3076	34711	403	-
18246	3076	34711	403	-
18246	3076	34711	403	-
20312	4800	34711	404	-
882	23167	34711	405	-
18246	3076	34711	406	-
18246	6114	34711	406	-
18246	3076	34711	406	-
18246	3076	34711	406	-
6775	16593	34711	407	-
20312	4800	34711	409	-
20312	4800	34711	414	-
19531	21708	34711	416	-
19531	21708	34711	419	-
20312	4800	34711	419	-
20312	4800	34711	424	-
20312	4800	38663	429	-
20312	4800	38663	434	-
12332	2843	38663	435	-
20312	4800	38663	439	-
7179	8452	38663	440	-
19531	21995	38663	442	-
20312	4800	38663	444	-
11001	19834	38663	449	-
20312	4800	38663	449	-
7782	21708	38663	451	-
6775	16593	38663	454	-
20312	4800	38663	455	-
17624	23167	38663	457	-
3611	22986	38663	459	-
16409	19603	38663	459	-
17624	23167	38663	459	-
20312	4800	38663	460	-
16409	19603	38663	465	-
20312	4800	38663	465	-
20312	9554	38663	465	-
16409	10429	38663	469	-
16409	10429	38663	469	-
16409	6775	38663	469	-
16409	10429	38663	469	-
20312	4800	38663	470	-
20312	16593	38663	473	-
14547	11900	38663	475	-
20312	4800	38663	475	-
17624	2843	38663	476	-
3076	4981	38663	480	-
20312	4800	38663	480	-
19603	2843	38663	480	-
7179	23167	38663	482	-
11001	21708	38663	483	-
7179	7268	38663	483	-
7179	9554	38663	484	-
20312	4800	38663	485	-
20312	4800	23306	490	-
23317	882	23306	493	-
15394	4800	23306	493	-
20312	4800	23306	495	-
20312	4800	23306	500	-
10571	14437	23306	501	-
20312	4800	23306	505	-
11001	19834	23306	510	-
20312	4800	23306	510	-
20312	4800	23306	515	-
20312	4800	23306	520	-
20312	4800	23306	525	-
20312	4800	23306	530	-
20312	4800	23306	535	-
20312	4800	23306	540	-
882	16531	23306	544	-
20312	4800	23306	545	-
20312	4800	16919	550	-
587	329	16919	552	-
587	329	16919	552	-
587	329	16919	552	-
587	329	16919	552	-
587	329	16919	552	-
587	329	16919	552	-
587	329	16919	552	-
587	329	16919	552	-
587	329	16919	552	-
587	329	16919	552	-
587	329	16919	552	-
587	329	16919	553	-
587	17697	16919	553	-
587	329	16919	553	-
587	329	16919	553	-
587	329	16919	553	-
587	329	16919	553	-
20312	4800	16919	555	-
19603	16593	16919	558	-
20312	4800	16919	560	-
11001	22986	16919	562	-
20312	4800	16919	565	-
19531	18332	16919	568	-
3297	19531	16919	569	-
20312	4800	16919	570	-
587	329	16919	575	-
587	329	16919	576	-
587	329	16919	576	-
587	329	16919	576	-
587	329	16919	576	-
587	329	16919	576	-
20312	4800	16919	576	-
587	329	16919	576	-
587	329	16919	576	-
587	329	16919	576	-
587	17697	16919	576	-
587	329	16919	576	-
587	329	16919	576	-
587	329	16919	576	-
587	329	16919	576	-
587	329	16919	576	-
587	329	16919	576	-
20312	4800	16919	581	-
20312	4800	16919	586	-
19531	18332	16919	588	-
20312	4800	16919	591	-
20312	4800	16919	596	-
20312	4800	16919	601	-
20312	4800	16919	606	-
20312	4800	18130	611	-
8048	23167	18130	614	-
20312	4800	18130	616	-
20312	4800	18130	621	-
20312	4800	18130	626	-
20312	4800	18130	631	-
19531	614	18130	634	-
19531	614	18130	634	-
20312	4800	18130	636	-
19531	614	18130	638	-
19531	614	18130	638	-
19531	614	18130	638	-
19531	614	18130	638	-
19531	614	18130	638	-
19531	614	18130	638	-
19531	614	18130	638	-
19531	614	18130	638	-
19531	12981	18130	638	-
19531	614	18130	638	-
19531	614	18130	638	-
19531	614	18130	638	-
19531	614	18130	638	-
19531	614	18130	638	-
19531	614	18130	638	-
19531	614	18130	638	-
19531	12981	18130	638	-
19531	614	18130	638	-
19531	614	18130	638	-
19531	614	18130	638	-
882	8452	18130	639	-
20312	4800	18130	641	-
882	14437	18130	642	-
587	20802	18130	644	-
587	20802	18130	644	-
587	20802	18130	644	-
587	20802	18130	644	-
587	20802	18130	644	-
587	20802	18130	644	-
587	20802	18130	644	-
587	20802	18130	644	-
587	20802	18130	644	-
587	20802	18130	644	-
587	20802	18130	644	-
587	20802	18130	644	-
587	20802	18130	644	-
20312	4800	18130	646	-
3297	1633	18130	649	-
882	14437	18130	650	-
20312	4800	18130	651	-
20312	4800	18130	656	-
20312	4800	18130	661	-
16409	20499	18130	664	-
16409	20499	18130	664	-
16409	20499	18130	664	-
20312	4800	18130	666	-
16409	20499	26953	669	-
16409	20499	26953	669	-
16409	20499	26953	669	-
16409	20499	26953	669	-
16409	20499	26953	669	-
16409	20499	26953	669	-
16409	20499	26953	669	-
16409	20499	26953	669	-
16409	20499	26953	669	-
16409	20499	26953	669	-
16409	20499	26953	669	-
16409	20499	26953	669	-
18246	15417	26953	671	-
18246	15417	26953	671	-
18246	15417	26953	671	-
18246	15417	26953	671	-
18246	15417	26953	671	-
18246	15417	26953	671	-
18246	15417	26953	671	-
20312	4800	26953	671	-
18246	15417	26953	671	-
18246	15417	26953	672	-
18246	15417	26953	672	-
18246	15417	26953	672	-
18246	15417	26953	672	-
18246	15417	26953	672	-
18246	15417	26953	672	-
18246	15417	26953	672	-
18246	15417	26953	672	-
18246	15417	26953	672	-
18246	15417	26953	672	-
18246	15417	26953	672	-
18246	15417	26953	672	-
18246	15417	26953	672	-
18246	15417	26953	672	-
18246	15417	26953	672	-
18246	15417	26953	672	-
18246	15417	26953	672	-
18246	15417	26953	672	-
20312	4800	26953	676	-
7179	9554	26953	677	-
6775	16593	26953	677	-
20312	16593	26953	678	-
7179	9554	26953	680	-
20312	4800	26953	681	-
11001	13122	26953	684	-
20312	4800	26953	686	-
19531	22986	26953	688	-
20312	4800	26953	691	-
7782	22986	26953	692	-
20312	4800	26953	696	-
882	3461	26953	702	-
20312	4800	26953	702	-
23317	5938	26953	702	-
20312	4800	26953	707	-
587	20802	26953	708	-
587	20802	26953	709	-
587	20802	26953	709	-
587	20802	26953	709	-
587	20802	26953	709	-
587	20802	26953	709	-
587	20802	26953	709	-
587	20802	26953	709	-
587	20802	26953	709	-
587	20802	26953	709	-
587	20802	26953	709	-
587	20802	26953	709	-
587	20802	26953	709	-
587	20802	26953	709	-
587	20802	26953	709	-
587	20802	26953	709	-
587	20802	26953	709	-
20312	4800	26953	712	-
10429	15894	26953	713	-
20312	4800	26953	717	-
3611	1633	26953	717	-
19531	8611	26953	717	-
7179	23167	26953	718	-
3611	1633	26953	719	-
20312	4800	26953	722	-
19531	3914	26953	723	-
19531	614	26953	723	-
19603	16531	26953	726	-
20312	4800	26953	727	-
13993	19531	38895	731	-
11001	6934	38895	732	-
11001	6934	38895	732	-
11001	6934	38895	732	-
20312	4800	38895	732	-
11001	6934	38895	732	-
13993	19531	38895	733	-
13993	19531	38895	736	-
20312	4800	38895	737	-
13993	19531	38895	739	-
18246	16250	38895	742	-
18246	16250	38895	742	-
18246	16250	38895	742	-
18246	16250	38895	742	-
18246	16250	38895	742	-
18246	16250	38895	742	-
18246	16250	38895	742	-
18246	16250	38895	742	-
18246	16250	38895	742	-
18246	16250	38895	742	-
18246	16250	38895	742	-
18246	16250	38895	742	-
18246	16250	38895	742	-
18246	16250	38895	742	-
18246	16250	38895	742	-
18246	16250	38895	742	-
18246	16250	38895	742	-
18246	16250	38895	742	-
18246	16250	38895	742	-
20312	4800	38895	742	-
17923	5938	38895	744	-
20312	587	38895	744	-
20312	4800	38895	747	-
3076	4981	38895	747	-
18246	16250	38895	748	-
19603	16593	38895	749	-
587	7179	38895	750	-
20312	4800	38895	752	-
587	21736	38895	753	-
587	20802	38895	753	-
6775	3297	38895	755	-
20312	4800	38895	757	-
3957	1633	38895	758	-
12332	16332	38895	761	-
20312	4800	38895	762	-
7782	1633	38895	762	-
18246	17697	38895	765	-
18246	1379	38895	765	-
18246	17697	38895	765	-
18246	1379	38895	765	-
18246	17697	38895	765	-
18246	17697	38895	765	-
18246	1379	38895	765	-
18246	1379	38895	765	-
18246	1379	38895	765	-
18246	1379	38895	765	-
18246	1379	38895	765	-
18246	1379	38895	765	-
18246	1379	38895	765	-
18246	1379	38895	766	-
18246	1379	38895	766	-
18246	1379	38895	766	-
18246	1379	38895	766	-
18246	1379	38895	766	-
18246	17697	38895	766	-
18246	17697	38895	766	-
18246	1379	38895	766	-
18246	1379	38895	766	-
18246	1379	38895	766	-
18246	1379	38895	766	-
18246	1379	38895	766	-
18246	17697	38895	766	-
18246	1379	38895	766	-
18246	17697	38895	766	-
18246	17697	38895	766	-
18246	17697	38895	766	-
18246	1379	38895	766	-
18246	17697	38895	766	-
18246	1379	38895	766	-
18246	17697	38895	766	-
18246	17697	38895	766	-
18246	1379	38895	766	-
18246	17697	38895	766	-
18246	17697	38895	766	-
18246	1379	38895	766	-
18246	17697	38895	766	-
18246	1379	38895	766	-
16409	16409	38895	767	-
20312	4800	38895	767	-
16409	16409	38895	767	-
16409	16409	38895	767	-
16409	16409	38895	767	-
19531	614	38895	771	-
19531	614	38895	771	-
12332	9554	38895	771	-
20312	4800	38895	772	-
19531	614	38895	774	-
19531	614	38895	774	-
19531	614	38895	774	-
19531	614	38895	774	-
19531	20349	38895	774	-
19531	614	38895	774	-
19531	614	38895	775	-
19531	614	38895	775	-
19531	614	38895	775	-
19531	614	38895	775	-
19531	614	38895	775	-
20312	4800	38895	777	-
20312	4800	38895	782	-
12985	1633	38895	786	-
20312	4800	38895	787	-
20367	587	30251	791	-
20312	4800	30251	792	-
6775	3461	30251	792	-
19531	12981	30251	794	-
19531	614	30251	794	-
19531	12981	30251	794	-
19531	614	30251	794	-
19531	614	30251	794	-
19531	614	30251	794	-
19531	614	30251	794	-
19531	614	30251	795	-
19531	614	30251	795	-
19531	614	30251	795	-
19531	614	30251	795	-
19531	614	30251	795	-
19531	614	30251	795	-
19531	614	30251	795	-
19531	614	30251	795	-
19531	614	30251	795	-
19531	614	30251	795	-
19531	614	30251	795	-
19531	614	30251	795	-
19531	614	30251	795	-
19531	614	30251	795	-
19531	614	30251	795	-
20312	4800	30251	797	-
20312	4800	30251	802	-
20312	4800	30251	807	-
16409	15307	30251	810	-
16409	15307	30251	811	-
16409	15307	30251	811	-
16409	12248	30251	811	-
16409	15307	30251	811	-
16409	15307	30251	811	-
16409	15307	30251	811	-
16409	15307	30251	811	-
16409	15307	30251	811	-
20312	4800	30251	812	-
20312	4800	30251	817	-
19531	16986	30251	820	-
19531	16986	30251	820	-
19531	16986	30251	820	-
19531	16986	30251	821	-
19531	16986	30251	821	-
19531	16986	30251	821	-
19531	16986	30251	821	-
19531	16986	30251	821	-
19531	16986	30251	821	-
19531	16986	30251	821	-
19531	16986	30251	821	-
19531	16986	30251	821	-
19531	16986	30251	821	-
20312	4800	30251	822	-
587	7179	30251	826	-
20312	4800	30251	828	-
587	20802	30251	829	-
20312	4800	30251	833	-
587	20802	30251	836	-
587	20802	30251	836	-
587	20802	30251	836	-
587	20802	30251	836	-
587	20802	30251	836	-
587	20802	30251	836	-
587	20802	30251	836	-
587	20802	30251	836	-
587	20802	30251	836	-
587	20802	30251	836	-
587	20802	30251	836	-
587	20802	30251	836	-
20312	4800	30251	838	-
20312	4800	30251	843	-
6775	14437	30251	843	-
12332	3297	30251	844	-
20312	4800	41160	848	-
20312	4800	41160	853	-
7215	5938	41160	854	-
16409	20499	41160	856	-
16409	20499	41160	856	-
16409	20499	41160	856	-
16409	20499	41160	856	-
16409	20499	41160	856	-
16409	20499	41160	856	-
16409	20499	41160	856	-
16409	20499	41160	857	-
16409	20499	41160	857	-
16409	20499	41160	857	-
16409	20499	41160	857	-
16409	20499	41160	857	-
20312	4800	41160	858	-
20312	4800	41160	863	-
20312	4800	41160	868	-
20312	4800	41160	873	-
6775	9554	41160	877	-
20312	4800	41160	878	-
20312	4800	41160	883	-
3957	15894	41160	886	-
20312	4800	41160	888	-
16409	20499	41160	890	-
20312	4800	41160	893	-
16409	19569	41160	893	-
16409	19569	41160	893	-
16409	19569	41160	893	-
16409	20499	41160	894	-
16409	20499	41160	894	-
16409	20499	41160	894	-
20312	4800	41160	898	-
20312	4800	41160	903	-
8048	23167	41160	905	-
3297	19531	41160	905	-
20312	4800	27434	908	-
20312	4800	27434	913	-
12985	15894	27434	914	-
3297	19829	27434	914	-
3297	19829	27434	914	-
3297	19829	27434	914	-
3297	8524	27434	914	-
3297	19829	27434	914	-
3297	8524	27434	914	-
3297	8524	27434	914	-
3297	19829	27434	914	-
3297	19829	27434	914	-
3297	19829	27434	914	-
3297	8524	27434	914	-
3297	19829	27434	914	-
3297	19829	27434	914	-
3297	19829	27434	915	-
3297	19829	27434	915	-
3297	19829	27434	915	-
3297	19829	27434	915	-
20312	4800	27434	918	-
20312	4800	27434	923	-
20312	4800	27434	928	-
587	329	27434	929	-
587	329	27434	929	-
587	329	27434	929	-
587	329	27434	929	-
587	329	27434	929	-
587	329	27434	929	-
587	329	27434	929	-
587	329	27434	929	-
587	329	27434	929	-
587	329	27434	929	-
587	329	27434	929	-
587	329	27434	929	-
587	17697	27434	929	-
587	329	27434	929	-
587	329	27434	929	-
587	329	27434	929	-
587	329	27434	929	-
19531	16986	27434	931	-
19531	16986	27434	931	-
19531	16986	27434	931	-
19531	16986	27434	931	-
19531	16986	27434	931	-
19531	16986	27434	931	-
19531	3914	27434	931	-
19531	16986	27434	931	-
19531	16986	27434	931	-
12332	3611	27434	932	-
14547	3374	27434	933	-
14547	3374	27434	933	-
14547	3374	27434	933	-
14547	3374	27434	933	-
14547	3374	27434	933	-
14547	3374	27434	933	-
12332	4981	27434	933	-
14547	3374	27434	933	-
20312	4800	27434	934	-
3297	19829	27434	937	-
3297	19829	27434	937	-
3297	19829	27434	937	-
3297	19829	27434	937	-
3297	19829	27434	937	-
3297	19829	27434	937	-
3297	19829	27434	937	-
3297	19829	27434	937	-
3297	19829	27434	937	-
3297	19829	27434	937	-
3297	19829	27434	937	-
3297	19829	27434	937	-
3297	19829	27434	937	-
3297	19829	27434	937	-
3297	19829	27434	937	-
3297	19829	27434	937	-
3297	19829	27434	937	-
3297	19829	27434	937	-
3297	19829	27434	937	-
3297	19829	27434	937	-
3297	19829	27434	937	-
3297	19829	27434	937	-
12332	3461	27434	937	-
3297	19829	27434	937	-
3297	1633	27434	939	-
20312	4800	27434	939	-
20312	4800	27434	944	-
20312	4800	27434	949	-
11001	15894	27434	951	-
14547	3374	27434	954	-
14547	3374	27434	954	-
14547	3374	27434	954	-
20312	4800	27434	954	-
20312	4800	27434	959	-
20312	4800	27434	964	-
20312	4800	34517	969	-
16409	20499	34517	972	-
16409	20499	34517	972	-
16409	20499	34517	972	-
16409	20499	34517	972	-
16409	20499	34517	972	-
16409	20499	34517	972	-
16409	20499	34517	972	-
16409	20499	34517	972	-
16409	20499	34517	972	-
16409	20499	34517	972	-
16409	20499	34517	972	-
16409	20499	34517	972	-
20312	4800	34517	974	-
7179	8452	34517	977	-
14547	4273	34517	978	-
14547	4273	34517	978	-
14547	4273	34517	978	-
14547	4273	34517	978	-
14547	4273	34517	978	-
14547	4273	34517	978	-
14547	4273	34517	978	-
14547	4273	34517	978	-
14547	4273	34517	978	-
14547	4273	34517	978	-
14547	4273	34517	978	-
14547	4273	34517	978	-
14547	4273	34517	978	-
14547	4273	34517	978	-
14547	4273	34517	978	-
14547	4273	34517	978	-
14547	4273	34517	978	-
14547	4273	34517	978	-
14547	4273	34517	978	-
14547	4273	34517	978	-
14547	4273	34517	978	-
14547	4273	34517	978	-
14547	4273	34517	978	-
14547	4273	34517	978	-
14547	4273	34517	979	-
14547	4273	34517	979	-
14547	4273	34517	979	-
14547	4273	34517	979	-
14547	4273	34517	979	-
14547	4273	34517	979	-
14547	4273	34517	979	-
14547	4273	34517	979	-
14547	4273	34517	979	-
14547	4273	34517	979	-
14547	4273	34517	979	-
14547	4273	34517	979	-
14547	4273	34517	979	-
14547	4273	34517	979	-
14547	4273	34517	979	-
14547	4273	34517	979	-
14547	4273	34517	979	-
14547	4273	34517	979	-
14547	4273	34517	979	-
14547	4273	34517	979	-
14547	4273	34517	979	-
14547	4273	34517	979	-
14547	4273	34517	979	-
14547	4273	34517	979	-
14547	4273	34517	979	-
14547	4273	34517	979	-
20312	4800	34517	979	-
14547	4273	34517	979	-
14547	4273	34517	979	-
10571	3461	34517	981	-
14547	2973	34517	981	-
14547	2973	34517	981	-
14547	2973	34517	981	-
14547	2973	34517	981	-
20312	4800	34517	984	-
14547	2973	34517	987	-
14547	2973	34517	987	-
20312	4800	34517	989	-
20312	4800	34517	994	-
7179	16593	34517	995	-
16409	20387	34517	997	-
16671	11900	34517	997	-
7179	16593	34517	998	-
20312	4800	34517	999	-
14547	2973	34517	1001	-
14547	2973	34517	1001	-
14547	2973	34517	1001	-
14547	2973	34517	1001	-
14547	2973	34517	1001	-
14547	2973	34517	1001	-
14547	2973	34517	1002	-
20312	4800	34517	1004	-
3297	15667	34517	1006	-
17624	23167	34517	1008	-
20312	4800	34517	1009	-
17624	23167	34517	1010	-
17624	23167	34517	1012	-
20312	4800	34517	1014	-
17624	23167	34517	1015	-
17624	23167	34517	1017	-
16409	15307	34517	1018	-
20312	4800	34517	1019	-
17624	23167	34517	1019	-
16409	15307	34517	1020	-
16409	10522	34517	1020	-
16409	15307	34517	1020	-
16409	15307	34517	1020	-
16409	15307	34517	1020	-
16409	15307	34517	1020	-
16409	15307	34517	1021	-
16409	15307	34517	1021	-
16409	15307	34517	1021	-
16409	15307	34517	1021	-
16409	12248	34517	1021	-
16409	15307	34517	1021	-
16409	15307	34517	1021	-
16409	15307	34517	1021	-
16409	15307	34517	1021	-
16409	12511	34517	1021	-
16409	15307	34517	1021	-
16409	15307	34517	1021	-
16409	15307	34517	1021	-
16409	15307	34517	1021	-
16409	15307	34517	1021	-
16409	15307	34517	1021	-
16409	15307	34517	1021	-
16409	15307	34517	1021	-
16409	15307	34517	1021	-
16409	15307	34517	1021	-
16409	15307	34517	1021	-
16409	15307	34517	1021	-
16409	15307	34517	1021	-
16409	15307	34517	1021	-
16409	15307	34517	1021	-
16409	15307	34517	1021	-
16409	15307	34517	1021	-
16409	15307	34517	1021	-
16409	15307	34517	1021	-
16409	15307	34517	1021	-
16409	15307	34517	1021	-
16409	15307	34517	1022	-
16409	15307	34517	1022	-
16409	15307	34517	1022	-
16409	4071	34517	1022	-
13993	13122	34517	1023	-
17624	23167	34517	1023	-
20312	4800	34517	1024	-
3297	7215	34517	1026	-
3297	7215	34517	1026	-
3297	7215	34517	1026	-
3297	7215	34517	1026	-
3297	7215	34517	1026	-
3297	7215	34517	1026	-
3297	7215	34517	1026	-
3297	7215	34517	1026	-
3297	7215	34517	1026	-
3297	7215	34517	1026	-
3297	7215	34517	1026	-
17624	23167	7532	1028	-
20312	4800	7532	1029	-
17624	23167	7532	1032	-
7215	5938	7532	1032	-
20312	4800	7532	1034	-
20312	4800	7532	1039	-
20312	4800	7532	1044	-
14547	3374	7532	1047	-
14547	3374	7532	1047	-
14547	3374	7532	1047	-
14547	3374	7532	1047	-
14547	3374	7532	1047	-
14547	3374	7532	1047	-
14547	3374	7532	1047	-
20312	4800	7532	1049	-
17923	5938	7532	1051	-
20312	587	7532	1051	-
20312	4800	7532	1055	-
20312	4800	7532	1060	-
23317	5938	7532	1065	-
20312	4800	7532	1065	-
20312	4800	7532	1070	-
19603	3611	7532	1071	-
19603	3611	7532	1071	-
19603	3611	7532	1071	-
19603	3611	7532	1071	-
19603	3611	7532	1071	-
19603	3611	7532	1071	-
19603	3611	7532	1071	-
3297	15667	7532	1072	-
20312	4800	7532	1075	-
11001	5938	7532	1076	-
20312	4800	7532	1080	-
16409	12116	7532	1082	-
16409	12116	7532	1082	-
16409	12116	7532	1082	-
16409	12116	7532	1082	-
16409	12116	7532	1082	-
16409	12116	7532	1082	-
16409	12116	7532	1082	-
10429	15667	7532	1084	-
20312	4800	7532	1085	-
17624	16332	7532	1086	-
14547	1633	7532	1086	-
17624	16332	20335	1088	-
17624	16332	20335	1090	-
20312	4800	20335	1090	-
23317	882	20335	1093	-
15394	4800	20335	1093	-
17624	16332	20335	1094	-
20312	4800	20335	1095	-
3076	16531	20335	1099	-
20312	4800	20335	1100	-
13993	22986	20335	1103	-
13993	22986	20335	1105	-
20312	4800	20335	1105	-
13993	22986	20335	1107	-
20312	4800	20335	1110	-
13993	22986	20335	1111	-
20312	4800	20335	1115	-
16409	836	20335	1116	-
16409	836	20335	1116	-
16409	836	20335	1116	-
16409	836	20335	1116	-
16409	836	20335	1116	-
16409	836	20335	1116	-
16409	836	20335	1116	-
3957	15667	20335	1117	-
3957	15394	20335	1117	-
16409	18332	20335	1117	-
20312	4800	20335	1120	-
20312	4800	20335	1125	-
6775	16593	20335	1125	-
6775	16593	20335	1128	-
20312	4800	20335	1130	-
10571	14437	20335	1132	-
14547	21426	20335	1133	-
14547	21426	20335	1133	-
14547	21426	20335	1133	-
14547	21426	20335	1133	-
14547	21426	20335	1133	-
14547	21426	20335	1133	-
14547	21426	20335	1133	-
14547	21426	20335	1133	-
14547	21426	20335	1133	-
14547	21426	20335	1133	-
14547	21426	20335	1133	-
14547	21426	20335	1133	-
14547	21426	20335	1133	-
14547	21426	20335	1133	-
14547	21426	20335	1133	-
14547	21426	20335	1133	-
14547	21426	20335	1133	-
20312	4800	20335	1135	-
16409	21980	20335	1139	-
587	6128	20335	1140	-
587	6128	20335	1140	-
587	6128	20335	1140	-
587	6128	20335	1140	-
587	6128	20335	1140	-
587	6128	20335	1140	-
20312	4800	20335	1140	-
587	6128	20335	1140	-
587	6128	20335	1140	-
587	6128	20335	1140	-
587	6128	20335	1140	-
587	6128	20335	1140	-
587	6128	20335	1140	-
587	6128	20335	1140	-
587	6128	20335	1140	-
587	6128	20335	1140	-
587	6128	20335	1140	-
587	6128	20335	1140	-
587	6128	20335	1140	-
587	6128	20335	1140	-
587	6128	20335	1141	-
587	6128	20335	1141	-
587	6128	20335	1141	-
587	6128	20335	1141	-
587	6128	20335	1144	-
587	6368	20335	1144	-
587	6128	20335	1144	-
587	6128	20335	1144	-
587	6128	20335	1144	-
587	6128	20335	1144	-
587	6128	20335	1144	-
587	6128	20335	1144	-
14547	22986	20335	1144	-
20312	4800	20335	1145	-
12985	15667	20335	1146	-
14547	8530	25832	1148	-
14547	8530	25832	1148	-
14547	8530	25832	1148	-
14547	8530	25832	1148	-
14547	8530	25832	1148	-
14547	8530	25832	1148	-
14547	8530	25832	1148	-
14547	8530	25832	1148	-
14547	8530	25832	1148	-
14547	20495	25832	1148	-
14547	8530	25832	1148	-
14547	8530	25832	1148	-
14547	8530	25832	1148	-
14547	8530	25832	1148	-
14547	8530	25832	1148	-
14547	8530	25832	1148	-
14547	8530	25832	1149	-
14547	8530	25832	1149	-
14547	8530	25832	1149	-
14547	8530	25832	1149	-
14547	8530	25832	1149	-
14547	8530	25832	1149	-
14547	8530	25832	1149	-
14547	8530	25832	1149	-
14547	8530	25832	1149	-
14547	8530	25832	1149	-
14547	8530	25832	1149	-
14547	8530	25832	1149	-
14547	8530	25832	1149	-
14547	8530	25832	1149	-
14547	8530	25832	1149	-
14547	8530	25832	1149	-
14547	8530	25832	1149	-
14547	8530	25832	1149	-
14547	8530	25832	1149	-
14547	8530	25832	1149	-
14547	8530	25832	1149	-
14547	8530	25832	1149	-
14547	8530	25832	1149	-
14547	8530	25832	1149	-
14547	8530	25832	1149	-
14547	8530	25832	1149	-
3297	7215	25832	1150	-
20312	4800	25832	1150	-
3297	7215	25832	1154	-
3297	7215	25832	1154	-
3297	7215	25832	1154	-
3297	7215	25832	1154	-
3297	7215	25832	1154	-
3297	7215	25832	1154	-
3297	7215	25832	1154	-
3297	7215	25832	1154	-
3297	7215	25832	1154	-
3297	7215	25832	1154	-
3297	7215	25832	1154	-
3297	7215	25832	1154	-
3297	7215	25832	1154	-
3297	7215	25832	1154	-
3297	7215	25832	1154	-
3297	7215	25832	1154	-
3297	7215	25832	1154	-
11001	15894	25832	1154	-
3297	7215	25832	1154	-
3297	7215	25832	1154	-
20312	4800	25832	1155	-
20312	4800	25832	1160	-
20312	4800	25832	1165	-
3076	3297	25832	1167	-
14547	9121	25832	1169	-
14547	9121	25832	1169	-
14547	9121	25832	1169	-
14547	12737	25832	1169	-
14547	9121	25832	1169	-
14547	9121	25832	1169	-
14547	9121	25832	1169	-
14547	9121	25832	1169	-
14547	9121	25832	1169	-
14547	12737	25832	1169	-
14547	9121	25832	1170	-
14547	9121	25832	1170	-
14547	9121	25832	1170	-
14547	12737	25832	1170	-
14547	9121	25832	1170	-
14547	9121	25832	1170	-
14547	9121	25832	1170	-
14547	9121	25832	1170	-
14547	9121	25832	1170	-
14547	9121	25832	1170	-
20312	4800	25832	1170	-
14547	12737	25832	1170	-
14547	9121	25832	1170	-
14547	9121	25832	1170	-
3611	5938	25832	1171	-
20312	4800	25832	1176	-
16409	12116	25832	1177	-
16409	12116	25832	1177	-
16409	12116	25832	1177	-
16409	12116	25832	1177	-
16409	12116	25832	1177	-
16409	12116	25832	1177	-
16409	12116	25832	1177	-
12332	2843	25832	1181	-
20312	4800	25832	1181	-
12332	3611	25832	1182	-
19603	3611	25832	1182	-
8048	2843	25832	1183	-
20312	4800	25832	1186	-
11001	22986	25832	1190	-
20312	4800	25832	1191	-
16409	12116	25832	1193	-
16409	12116	25832	1193	-
16409	12116	25832	1193	-
12332	3611	25832	1194	-
12332	16332	25832	1194	-
19839	21708	25832	1194	-
3957	22986	25832	1195	-
20312	4800	25832	1196	-
20312	4800	25832	1201	-
3297	7215	25832	1203	-
3297	7215	25832	1203	-
3297	7215	25832	1203	-
3297	7215	25832	1203	-
3297	7215	25832	1203	-
20312	4800	25832	1206	-
16409	12449	38047	1208	-
16409	12449	38047	1208	-
16409	12449	38047	1208	-
16409	12449	38047	1208	-
16409	12449	38047	1208	-
16409	12449	38047	1208	-
16409	12449	38047	1208	-
16409	12449	38047	1208	-
16409	12449	38047	1208	-
16409	12449	38047	1208	-
16409	12449	38047	1208	-
16409	12449	38047	1208	-
16409	12449	38047	1208	-
20312	4800	38047	1211	-
14547	18332	38047	1211	-
16409	12116	38047	1212	-
16409	12116	38047	1215	-
16409	21273	38047	1215	-
16409	12116	38047	1215	-
16409	12116	38047	1215	-
16409	21273	38047	1215	-
20312	4800	38047	1216	-
6775	14437	38047	1220	-
20312	4800	38047	1221	-
3957	11900	38047	1221	-
12985	22986	38047	1223	-
20312	4800	38047	1226	-
14547	15153	38047	1228	-
14547	9121	38047	1229	-
20312	4800	38047	1231	-
3297	7215	38047	1235	-
3297	7215	38047	1235	-
3297	7215	38047	1235	-
3297	7215	38047	1235	-
3297	7215	38047	1235	-
3297	7215	38047	1235	-
3297	7215	38047	1235	-
3297	7215	38047	1235	-
3297	7215	38047	1235	-
3297	7215	38047	1235	-
3297	7215	38047	1235	-
3297	7215	38047	1235	-
3297	7215	38047	1235	-
3297	7215	38047	1235	-
3297	7215	38047	1235	-
3297	7215	38047	1235	-
3297	7215	38047	1235	-
3297	7215	38047	1235	-
3297	7215	38047	1235	-
20312	4800	38047	1236	-
3957	5938	38047	1239	-
19603	16332	38047	1239	-
3957	587	38047	1240	-
20312	4800	38047	1241	-
20312	4800	38047	1246	-
20312	4800	38047	1251	-
20312	4800	38047	1256	-
20312	4800	38047	1261	-
20312	4800	38047	1266	-
14547	11309	38047	1267	-
14547	11309	38047	1267	-
14547	11309	38047	1267	-
14547	11309	38047	1267	-
14547	11309	38047	1267	-
14547	11309	38047	1267	-
14547	11309	38047	1267	-
14547	11309	38047	1267	-
14547	11309	38047	1267	-
14547	11309	38047	1267	-
14547	11309	38047	1267	-
14547	11309	38047	1267	-
14547	11309	38047	1267	-
14547	11309	38047	1267	-
14547	11309	38047	1267	-
14547	11309	38047	1267	-
14547	11309	38047	1267	-
14547	11309	38047	1267	-
14547	11309	38047	1267	-
14547	11309	38047	1267	-
14547	11309	38047	1267	-
14547	11309	38047	1267	-
14547	11309	38047	1267	-
14547	11309	38047	1267	-
14547	11309	38047	1267	-
14547	11309	38047	1267	-
14547	11309	38047	1267	-
14547	11309	38047	1267	-
14547	11309	38047	1267	-
14547	11309	38047	1267	-
14547	11309	38047	1267	-
14547	11309	38047	1267	-
14547	11309	38047	1267	-
14547	11309	38047	1267	-
14547	11309	38047	1267	-
14547	11309	38047	1267	-
14547	11309	38047	1267	-
14547	11309	38047	1267	-
3297	15667	30828	1268	-
14547	11309	30828	1268	-
14547	11309	30828	1268	-
14547	11309	30828	1268	-
14547	11309	30828	1268	-
14547	11309	30828	1268	-
20312	4800	30828	1271	-
3297	15667	30828	1271	-
20312	4800	30828	1276	-
3297	8530	30828	1277	-
3297	8530	30828	1277	-
12985	11900	30828	1277	-
3297	8530	30828	1277	-
3297	8530	30828	1277	-
3297	8530	30828	1277	-
3297	8530	30828	1277	-
12985	1633	30828	1277	-
3297	8530	30828	1277	-
3297	8530	30828	1278	-
3297	8530	30828	1278	-
3297	8530	30828	1278	-
3297	8530	30828	1278	-
3297	8530	30828	1278	-
3297	8530	30828	1278	-
3297	8530	30828	1278	-
3297	8530	30828	1278	-
3297	8530	30828	1278	-
3297	8530	30828	1278	-
3297	8530	30828	1278	-
3297	8530	30828	1278	-
3297	8530	30828	1278	-
3297	8530	30828	1278	-
3297	8530	30828	1278	-
3297	8530	30828	1278	-
3297	8530	30828	1278	-
3297	8530	30828	1278	-
3297	8530	30828	1278	-
3297	8530	30828	1278	-
3297	8530	30828	1278	-
3297	8530	30828	1278	-
3297	8530	30828	1278	-
3297	8530	30828	1278	-
3297	8530	30828	1278	-
3297	8530	30828	1278	-
3297	20495	30828	1278	-
3297	8530	30828	1278	-
3297	8530	30828	1278	-
3297	8530	30828	1278	-
3297	8530	30828	1278	-
3297	8530	30828	1278	-
3297	8530	30828	1278	-
3297	8530	30828	1278	-
19839	5938	30828	1278	-
20312	3611	30828	1278	-
3297	8530	30828	1278	-
20312	4800	30828	1281	-
20312	4800	30828	1286	-
20312	4800	30828	1292	-
14547	15667	30828	1292	-
17624	3297	30828	1294	-
17624	3297	30828	1296	-
20312	4800	30828	1297	-
17624	3297	30828	1299	-
17624	3297	30828	1301	-
20312	4800	30828	1302	-
3957	21708	30828	1302	-
17624	3297	30828	1303	-
14547	20961	30828	1304	-
14547	20961	30828	1305	-
14547	20961	30828	1305	-
14547	20961	30828	1305	-
14547	20961	30828	1305	-
14547	20961	30828	1305	-
14547	20961	30828	1305	-
14547	20961	30828	1305	-
17624	3297	30828	1305	-
14547	20961	30828	1305	-
14547	20961	30828	1305	-
14547	20961	30828	1305	-
14547	20961	30828	1305	-
14547	20961	30828	1305	-
14547	20961	30828	1305	-
14547	20961	30828	1305	-
14547	20961	30828	1305	-
14547	20961	30828	1305	-
14547	20961	30828	1305	-
14547	20961	30828	1305	-
14547	20961	30828	1305	-
14547	20961	30828	1305	-
14547	20961	30828	1305	-
14547	20961	30828	1305	-
14547	20961	30828	1305	-
14547	20961	30828	1305	-
14547	20961	30828	1305	-
14547	20961	30828	1305	-
14547	20961	30828	1305	-
14547	20961	30828	1305	-
14547	20961	30828	1305	-
14547	20961	30828	1305	-
14547	20961	30828	1306	-
14547	20961	30828	1306	-
14547	20961	30828	1306	-
14547	20961	30828	1306	-
14547	20961	30828	1306	-
14547	20961	30828	1306	-
14547	20961	30828	1306	-
20312	4800	30828	1307	-
17624	3297	30828	1308	-
20312	4800	30828	1312	-
20312	3611	30828	1313	-
20312	3611	30828	1313	-
20312	3611	30828	1313	-
20312	3611	30828	1313	-
20312	3611	30828	1313	-
20312	3611	30828	1313	-
20312	3611	30828	1313	-
20312	4800	30828	1317	-
13993	15667	30828	1320	-
20312	4800	30828	1322	-
20312	4800	30828	1327	-
20312	4800	15808	1332	-
14547	15913	15808	1332	-
3611	19531	15808	1334	-
17624	2843	15808	1336	-
7215	15667	15808	1336	-
20312	4800	15808	1337	-
17624	4981	15808	1338	-
17624	4981	15808	1340	-
20312	4800	15808	1342	-
17624	4981	15808	1342	-
17624	4981	15808	1344	-
10429	13122	15808	1344	-
10429	13122	15808	1347	-
20312	4800	15808	1347	-
17624	4981	15808	1347	-
17624	4981	15808	1349	-
19603	23167	15808	1350	-
19603	3611	15808	1350	-
19839	19531	15808	1350	-
20312	4800	15808	1352	-
17624	4981	15808	1352	-
20312	4800	15808	1357	-
16409	11157	15808	1359	-
16409	11157	15808	1359	-
16409	11157	15808	1359	-
16409	11157	15808	1359	-
16409	11157	15808	1359	-
16409	11157	15808	1359	-
16409	11157	15808	1359	-
16409	11157	15808	1359	-
16409	11157	15808	1359	-
16409	11157	15808	1359	-
16409	11157	15808	1359	-
16409	11157	15808	1359	-
16409	11157	15808	1359	-
16409	11157	15808	1359	-
16409	11157	15808	1359	-
16409	11157	15808	1359	-
16409	11157	15808	1359	-
16409	11157	15808	1359	-
16409	11157	15808	1359	-
16409	11157	15808	1359	-
20312	4800	15808	1362	-
3957	15394	15808	1363	-
19603	9554	15808	1363	-
20312	4800	15808	1367	-
12332	3611	15808	1372	-
12332	3611	15808	1372	-
12332	3611	15808	1372	-
12332	3611	15808	1372	-
12332	3611	15808	1372	-
12332	3611	15808	1372	-
12332	3611	15808	1372	-
20312	4800	15808	1372	-
20312	4800	15808	1377	-
20312	4800	15808	1382	-
12332	3611	15808	1386	-
12332	3611	15808	1386	-
12332	3611	15808	1386	-
12332	3611	15808	1386	-
12332	3611	15808	1386	-
12332	3611	15808	1386	-
12332	3611	15808	1386	-
20312	4800	15808	1387	-
17923	13122	21898	1390	-
17923	15394	21898	1390	-
6775	587	21898	1390	-
20312	4800	21898	1392	-
3957	19834	21898	1395	-
16671	19834	21898	1395	-
16409	11157	21898	1396	-
16409	11157	21898	1396	-
16409	11157	21898	1396	-
16409	11157	21898	1396	-
16409	11157	21898	1396	-
16409	11157	21898	1396	-
16409	11157	21898	1396	-
16409	11157	21898	1396	-
16409	11157	21898	1396	-
16409	11157	21898	1396	-
16409	11157	21898	1396	-
16409	11157	21898	1396	-
16409	11157	21898	1396	-
16409	11157	21898	1397	-
16409	11157	21898	1397	-
16409	11157	21898	1397	-
16409	11157	21898	1397	-
16409	11157	21898	1397	-
16409	11157	21898	1397	-
16409	11157	21898	1397	-
20312	4800	21898	1397	-
12332	16593	21898	1398	-
3297	8530	21898	1398	-
3297	8530	21898	1398	-
3297	22986	21898	1401	-
11001	15667	21898	1401	-
20312	4800	21898	1402	-
882	3461	21898	1402	-
12332	16593	21898	1402	-
17624	16593	21898	1403	-
17624	16593	21898	1405	-
7179	3461	21898	1407	-
17624	16593	21898	1407	-
882	3297	21898	1407	-
20312	4800	21898	1408	-
17624	16593	21898	1409	-
17624	16593	21898	1412	-
20312	4800	21898	1413	-
19603	2843	21898	1415	-
14547	3333	21898	1418	-
20312	4800	21898	1418	-
16409	21231	21898	1420	-
16409	21231	21898	1421	-
16409	21231	21898	1421	-
16409	21231	21898	1421	-
16409	21231	21898	1421	-
16409	21231	21898	1421	-
16409	21231	21898	1421	-
16409	21231	21898	1421	-
16409	21231	21898	1421	-
16409	21231	21898	1421	-
16409	21231	21898	1421	-
16409	21231	21898	1421	-
16409	21231	21898	1421	-
16409	21231	21898	1421	-
16409	21231	21898	1421	-
16409	21231	21898	1421	-
16409	21231	21898	1421	-
16409	21231	21898	1421	-
16409	21231	21898	1421	-
16409	21231	21898	1421	-
16409	21231	21898	1421	-
16409	21231	21898	1421	-
16409	21231	21898	1421	-
16409	21231	21898	1421	-
16409	21231	21898	1421	-
3297	8530	21898	1422	-
3297	8530	21898	1422	-
3297	8530	21898	1422	-
3297	8530	21898	1422	-
3297	8530	21898	1422	-
3297	8530	21898	1422	-
3297	8530	21898	1422	-
3297	8530	21898	1422	-
16409	21231	21898	1422	-
16409	21231	21898	1422	-
3297	8530	21898	1422	-
3297	8530	21898	1422	-
3297	8530	21898	1422	-
3297	8530	21898	1422	-
3297	8530	21898	1422	-
3297	8530	21898	1422	-
3297	8530	21898	1422	-
16409	21231	21898	1422	-
16409	21231	21898	1422	-
16409	21231	21898	1422	-
16409	21231	21898	1422	-
16409	21231	21898	1422	-
16409	21231	21898	1422	-
16409	21231	21898	1422	-
16409	21231	21898	1422	-
16409	21231	21898	1422	-
16409	21231	21898	1422	-
16409	21231	21898	1422	-
3297	8530	21898	1422	-
3297	8530	21898	1422	-
16409	21231	21898	1422	-
3297	8530	21898	1422	-
3297	8530	21898	1423	-
3297	8530	21898	1423	-
3297	8530	21898	1423	-
3297	8530	21898	1423	-
3297	8530	21898	1423	-
3297	8530	21898	1423	-
3297	8530	21898	1423	-
20312	4800	21898	1423	-
3297	8530	21898	1423	-
3297	8530	21898	1423	-
3611	15894	21898	1425	-
14547	15913	21898	1426	-
20312	4800	21898	1428	-
23317	5938	21898	1428	-
14547	15667	21898	1429	-
16409	6521	21898	1430	-
20312	4800	21898	1433	-
16409	21231	21898	1435	-
16409	21231	21898	1435	-
16409	21231	21898	1435	-
16409	21231	21898	1436	-
16409	21231	21898	1436	-
16409	21231	21898	1436	-
16409	21231	21898	1436	-
16409	21231	21898	1436	-
16409	21231	21898	1436	-
16409	21231	21898	1436	-
16409	21231	21898	1436	-
16409	21231	21898	1436	-
16409	21231	21898	1436	-
16409	21231	21898	1436	-
16409	21231	21898	1436	-
16409	21231	21898	1436	-
16409	21231	21898	1436	-
16409	21231	21898	1436	-
16409	21231	21898	1436	-
16409	21231	21898	1436	-
20312	4800	21898	1438	-
20312	3297	21898	1438	-
3297	19531	21898	1441	-
19603	3611	21898	1442	-
19603	3611	21898	1442	-
19603	3611	21898	1442	-
19603	3611	21898	1442	-
19603	19350	21898	1442	-
19603	3611	21898	1442	-
19603	3611	21898	1442	-
19603	3611	21898	1442	-
19603	3611	21898	1442	-
19603	3611	21898	1442	-
16409	21231	21898	1443	-
20312	4800	21898	1443	-
16409	21231	21898	1444	-
16409	21231	21898	1444	-
16409	21231	21898	1444	-
16409	21231	21898	1444	-
16409	21231	21898	1444	-
16409	21231	21898	1444	-
16409	21231	21898	1444	-
16409	21231	21898	1444	-
16409	21231	21898	1444	-
16409	21231	21898	1444	-
16409	21231	21898	1444	-
16409	21231	21898	1444	-
16409	21231	21898	1444	-
16409	21231	21898	1444	-
16409	21231	21898	1444	-
16409	21231	21898	1444	-
16409	21231	21898	1444	-
16409	21231	21898	1444	-
16409	21231	21898	1445	-
16409	21231	21898	1445	-
16409	21231	21898	1445	-
16409	21231	21898	1445	-
16409	21231	21898	1445	-
16409	21231	21898	1445	-
16409	21231	21898	1445	-
16409	21231	21898	1445	-
16409	21231	21898	1445	-
16409	21231	21898	1445	-
16409	21231	21898	1445	-
16409	21231	21898	1445	-
16409	21231	21898	1445	-
16409	21231	21898	1445	-
16409	21231	21898	1445	-
16409	21231	21898	1445	-
16409	21231	21898	1445	-
16409	21231	21898	1445	-
16409	21231	21898	1445	-
16409	21231	21898	1445	-
20312	4800	10245	1448	-
3297	1001	10245	1449	-
20312	4800	10245	1453	-
19603	3611	10245	1455	-
16409	16788	10245	1456	-
16409	16788	10245	1456	-
20312	4800	10245	1458	-
16409	16788	10245	1460	-
20312	4800	10245	1463	-
3297	15894	10245	1465	-
20312	4800	10245	1468	-
14547	3333	10245	1469	-
3297	7215	10245	1471	-
3297	7215	10245	1471	-
3297	7215	10245	1471	-
3297	7215	10245	1471	-
3297	7215	10245	1471	-
3297	7215	10245	1471	-
3297	7215	10245	1471	-
3297	7215	10245	1471	-
3297	7215	10245	1471	-
3297	7215	10245	1471	-
3297	7215	10245	1471	-
3297	7215	10245	1471	-
3297	7215	10245	1471	-
3297	7215	10245	1471	-
3297	7215	10245	1471	-
3297	7215	10245	1471	-
3297	7215	10245	1471	-
3297	7215	10245	1471	-
3297	7215	10245	1471	-
20312	4800	10245	1473	-
20312	4800	10245	1478	-
10429	22986	10245	1483	-
20312	4800	10245	1483	-
16409	2667	10245	1488	-
16409	2667	10245	1488	-
16409	2667	10245	1488	-
16409	2667	10245	1488	-
20312	4800	10245	1488	-
16409	2667	10245	1488	-
16409	2667	10245	1488	-
16409	2667	10245	1488	-
16409	2667	10245	1489	-
16409	2667	10245	1489	-
16409	2667	10245	1489	-
16409	2667	10245	1489	-
16409	2667	10245	1489	-
16409	2667	10245	1489	-
16409	2667	10245	1489	-
14547	15913	10245	1490	-
20312	4800	10245	1493	-
20312	4800	10245	1498	-
3297	7215	10245	1498	-
11001	22986	10245	1502	-
20312	4800	10245	1503	-
20312	3611	10245	1506	-
14547	12232	10245	1507	-
14547	12232	10245	1507	-
14547	12232	10245	1507	-
14547	12232	10245	1507	-
14547	12232	10245	1507	-
14547	12232	10245	1507	-
14547	7713	10245	1507	-
14547	12232	10245	1507	-
14547	12232	10245	1507	-
14547	12232	10245	1507	-
20312	3611	10245	1507	-
20312	3611	10245	1507	-
20312	3611	10245	1507	-
14547	12232	10245	1507	-
14547	12232	10245	1507	-
14547	12232	10245	1507	-
14547	12232	31806	1508	-
14547	12232	31806	1508	-
14547	12232	31806	1508	-
14547	12232	31806	1508	-
14547	12232	31806	1508	-
14547	12232	31806	1508	-
14547	12232	31806	1508	-
14547	12232	31806	1508	-
14547	12232	31806	1508	-
14547	12232	31806	1508	-
14547	12232	31806	1508	-
14547	12232	31806	1508	-
14547	12232	31806	1508	-
14547	12232	31806	1508	-
14547	12232	31806	1508	-
14547	12232	31806	1508	-
14547	12232	31806	1508	-
14547	12232	31806	1508	-
14547	12232	31806	1508	-
14547	12232	31806	1508	-
14547	12232	31806	1508	-
14547	12232	31806	1508	-
14547	12232	31806	1508	-
14547	12232	31806	1508	-
14547	12232	31806	1508	-
20312	4800	31806	1508	-
14547	12232	31806	1508	-
14547	12232	31806	1508	-
14547	12232	31806	1508	-
14547	22527	31806	1508	-
14547	12232	31806	1508	-
14547	12232	31806	1508	-
14547	12232	31806	1508	-
14547	12232	31806	1508	-
14547	12232	31806	1508	-
14547	12232	31806	1508	-
20312	4800	31806	1513	-
3611	15894	31806	1515	-
19839	19531	31806	1517	-
3957	19531	31806	1518	-
20312	4800	31806	1518	-
20312	4800	31806	1523	-
6775	3461	31806	1523	-
7215	19834	31806	1524	-
6775	3461	31806	1526	-
20312	4800	31806	1529	-
20312	4800	31806	1534	-
20312	4800	31806	1539	-
12332	3611	31806	1541	-
12332	3611	31806	1541	-
12332	3611	31806	1541	-
12332	3611	31806	1541	-
12332	3611	31806	1541	-
12332	3611	31806	1541	-
12332	3611	31806	1541	-
16409	6157	31806	1543	-
16409	14263	31806	1544	-
16409	14263	31806	1544	-
16409	3858	31806	1544	-
16409	6157	31806	1544	-
16409	6157	31806	1544	-
16409	6157	31806	1544	-
16409	6157	31806	1544	-
16409	6157	31806	1544	-
16409	14263	31806	1544	-
16409	6157	31806	1544	-
16409	6157	31806	1544	-
16409	6157	31806	1544	-
16409	6157	31806	1544	-
16409	6157	31806	1544	-
16409	6157	31806	1544	-
16409	6157	31806	1544	-
16409	6157	31806	1544	-
20312	4800	31806	1544	-
16409	6157	31806	1544	-
16409	6157	31806	1544	-
16409	6157	31806	1544	-
16409	6157	31806	1545	-
16409	6157	31806	1545	-
16409	6157	31806	1545	-
20312	4800	31806	1549	-
14547	7033	31806	1551	-
14547	7033	31806	1551	-
16409	13369	31806	1554	-
20312	4800	31806	1554	-
20312	4800	31806	1559	-
882	3611	31806	1559	-
19839	19834	31806	1559	-
20312	4800	31806	1564	-
13993	19834	31806	1565	-
19839	11900	31806	1567	-
10571	3611	31806	1567	-
20312	4800	24612	1569	-
14547	15667	24612	1572	-
20312	4800	24612	1574	-
16409	10812	24612	1576	-
16409	16110	24612	1576	-
16409	6157	24612	1576	-
16409	14263	24612	1577	-
16409	6157	24612	1577	-
16409	6157	24612	1577	-
16409	6157	24612	1577	-
16409	6157	24612	1577	-
16409	18682	24612	1577	-
16409	14263	24612	1577	-
16409	6157	24612	1578	-
16409	6157	24612	1578	-
16409	6157	24612	1578	-
16409	6157	24612	1578	-
16409	6157	24612	1578	-
16409	6157	24612	1578	-
16409	18682	24612	1578	-
16409	6157	24612	1578	-
16409	18682	24612	1578	-
16409	6157	24612	1578	-
16409	6157	24612	1578	-
16409	6157	24612	1578	-
16409	6157	24612	1578	-
16409	6157	24612	1578	-
16409	6157	24612	1578	-
16409	6157	24612	1578	-
16409	6157	24612	1578	-
16409	6157	24612	1578	-
16409	6157	24612	1578	-
16409	14263	24612	1578	-
16409	6157	24612	1578	-
16409	6157	24612	1578	-
16409	6157	24612	1578	-
16409	3858	24612	1578	-
16409	6157	24612	1578	-
16409	6157	24612	1578	-
16409	6157	24612	1578	-
16409	18682	24612	1578	-
16409	6157	24612	1578	-
20312	4800	24612	1579	-
3076	14437	24612	1581	-
20312	4800	24612	1584	-
16671	15894	24612	1587	-
14547	7457	24612	1589	-
14547	7457	24612	1589	-
14547	7457	24612	1589	-
14547	7457	24612	1589	-
14547	7457	24612	1589	-
14547	7457	24612	1589	-
14547	7457	24612	1589	-
14547	7457	24612	1589	-
14547	7457	24612	1589	-
14547	7457	24612	1589	-
14547	7457	24612	1589	-
14547	7457	24612	1589	-
14547	7457	24612	1589	-
20312	4800	24612	1589	-
14547	7457	24612	1589	-
14547	7457	24612	1589	-
14547	7457	24612	1589	-
14547	7457	24612	1589	-
14547	7457	24612	1589	-
14547	7457	24612	1589	-
16671	15894	24612	1590	-
14547	7457	24612	1590	-
14547	7457	24612	1590	-
14547	7457	24612	1590	-
20312	4800	24612	1594	-
20312	4800	24612	1599	-
16409	16788	24612	1600	-
16409	16788	24612	1600	-
14547	17716	24612	1604	-
14547	17716	24612	1604	-
14547	17716	24612	1604	-
14547	17716	24612	1604	-
14547	17716	24612	1604	-
14547	17716	24612	1604	-
14547	17716	24612	1604	-
14547	17716	24612	1604	-
14547	17716	24612	1604	-
14547	17716	24612	1604	-
14547	17716	24612	1604	-
20312	4800	24612	1604	-
14547	17716	24612	1604	-
14547	17716	24612	1604	-
14547	17716	24612	1604	-
14547	17716	24612	1604	-
14547	17716	24612	1604	-
14547	17716	24612	1604	-
14547	17716	24612	1604	-
14547	17716	24612	1604	-
14547	17716	24612	1604	-
20312	4800	24612	1609	-
20312	4800	24612	1614	-
12332	3611	24612	1614	-
20312	4800	24612	1619	-
20312	4800	24612	1624	-
20312	4800	23238	1629	-
16409	15454	23238	1632	-
20312	4800	23238	1634	-
16671	19834	23238	1634	-
20312	4800	23238	1639	-
14547	1633	23238	1642	-
20312	4800	23238	1644	-
20312	4800	23238	1649	-
14547	3026	23238	1651	-
14547	3026	23238	1651	-
14547	3026	23238	1651	-
14547	3026	23238	1651	-
14547	3026	23238	1652	-
20312	3611	23238	1652	-
11001	19834	23238	1654	-
20312	4800	23238	1655	-
3297	7215	23238	1658	-
20312	4800	23238	1660	-
20312	4800	23238	1665	-
20312	4800	23238	1670	-
882	4981	23238	1672	-
20312	4800	23238	1675	-
19603	3611	23238	1675	-
12332	3611	23238	1676	-
12332	3611	23238	1676	-
20312	4800	23238	1680	-
16671	6157	23238	1681	-
13993	19834	23238	1682	-
20312	4800	23238	1685	-
16671	6157	23238	1685	-
16671	6157	23238	1685	-
16671	14263	23238	1685	-
882	8452	23238	1685	-
16671	6157	23238	1685	-
16671	6157	23238	1686	-
16671	6157	23238	1686	-
16671	6157	23238	1686	-
16671	6157	23238	1686	-
16671	6157	23238	1686	-
16671	6157	23238	1686	-
16671	6157	23238	1686	-
16671	6157	23238	1686	-
16671	6157	23238	1686	-
16671	14263	23238	1686	-
16671	14263	23238	1686	-
16671	6157	23238	1686	-
16671	6157	23238	1686	-
16671	6157	23238	1686	-
16671	6157	23238	1686	-
16671	6157	23238	1686	-
16671	3858	23238	1686	-
16671	6157	23238	1686	-
16671	6157	23238	1686	-
19531	15894	46469	1690	-
20312	4800	46469	1690	-
12985	19531	46469	1690	-
20367	587	46469	1691	-
3297	19531	46469	1691	-
15394	4800	46469	1693	-
23317	882	46469	1693	-
16409	8056	46469	1694	-
16409	8056	46469	1694	-
16409	8056	46469	1694	-
16409	8056	46469	1694	-
16409	8056	46469	1694	-
16409	8056	46469	1694	-
16409	8056	46469	1694	-
16409	8056	46469	1694	-
16409	8056	46469	1694	-
16409	8056	46469	1694	-
16409	8056	46469	1694	-
16409	8056	46469	1694	-
20312	4800	46469	1695	-
14547	3026	46469	1697	-
14547	3026	46469	1697	-
14547	3026	46469	1697	-
14547	3026	46469	1697	-
14547	3026	46469	1697	-
20312	4800	46469	1700	-
17923	13122	46469	1703	-
6775	587	46469	1703	-
20312	4800	46469	1705	-
20312	4800	46469	1710	-
20312	4800	46469	1715	-
20312	16593	46469	1715	-
20312	4800	46469	1720	-
7215	19834	46469	1722	-
16409	20499	46469	1725	-
16409	20499	46469	1725	-
16409	20499	46469	1725	-
16409	20499	46469	1725	-
16409	20499	46469	1725	-
16409	20499	46469	1725	-
16409	20499	46469	1725	-
7215	19834	46469	1725	-
16409	20499	46469	1725	-
16409	20499	46469	1725	-
20312	4800	46469	1725	-
16409	20499	46469	1725	-
16409	20499	46469	1725	-
16409	20499	46469	1725	-
20312	4800	46469	1730	-
12332	3611	46469	1734	-
12332	3611	46469	1734	-
12332	3611	46469	1734	-
12332	3611	46469	1734	-
12332	3611	46469	1734	-
12332	3611	46469	1734	-
12332	3611	46469	1734	-
19603	3611	46469	1735	-
19603	3611	46469	1735	-
19603	3611	46469	1735	-
19603	3611	46469	1735	-
19603	3611	46469	1735	-
19603	3611	46469	1735	-
20312	4800	46469	1735	-
19603	3611	46469	1735	-
3611	15894	46469	1736	-
16409	20499	46469	1737	-
16409	20499	46469	1737	-
16409	20499	46469	1737	-
16409	20499	46469	1737	-
16409	20499	46469	1737	-
16409	20499	46469	1737	-
16409	20499	46469	1737	-
16409	20499	46469	1737	-
16409	20499	46469	1737	-
16409	20499	46469	1737	-
16409	20499	46469	1737	-
16409	20499	46469	1737	-
20312	4800	46469	1740	-
16409	20499	46469	1742	-
16409	18823	46469	1743	-
16409	18823	46469	1743	-
16409	18823	46469	1743	-
16409	18823	46469	1743	-
16409	20499	46469	1743	-
16409	20499	46469	1743	-
16409	20499	46469	1743	-
16409	18823	46469	1743	-
16409	18823	46469	1743	-
16409	18823	46469	1743	-
16409	18823	46469	1743	-
16409	18823	46469	1743	-
20312	4800	46469	1745	-
19839	11900	1081	1749	-
10571	3611	1081	1749	-
20312	4800	1081	1750	-
20312	4800	1081	1755	-
14547	3026	1081	1759	-
14547	3026	1081	1759	-
14547	3026	1081	1759	-
14547	3026	1081	1759	-
14547	3026	1081	1759	-
20312	4800	1081	1760	-
16409	16788	1081	1761	-
16671	10812	1081	1762	-
16671	15454	1081	1762	-
16671	6157	1081	1762	-
16671	6157	1081	1762	-
16671	6157	1081	1762	-
16671	6157	1081	1762	-
16671	14263	1081	1762	-
16671	18682	1081	1762	-
16671	6157	1081	1762	-
16671	6157	1081	1762	-
16671	18682	1081	1762	-
16671	18682	1081	1763	-
16671	14263	1081	1763	-
16671	18682	1081	1763	-
16671	6157	1081	1763	-
16671	3858	1081	1763	-
16671	6157	1081	1763	-
16671	6157	1081	1763	-
16671	18682	1081	1763	-
16671	6157	1081	1763	-
16671	6157	1081	1763	-
16671	6157	1081	1763	-
16671	6157	1081	1763	-
16671	18682	1081	1763	-
16671	6157	1081	1763	-
16671	6157	1081	1763	-
16671	6157	1081	1763	-
16671	6157	1081	1763	-
16671	14263	1081	1763	-
16671	6157	1081	1763	-
16671	6157	1081	1763	-
16671	6157	1081	1763	-
3297	17005	1081	1765	-
20312	4800	1081	1766	-
20312	4800	1081	1771	-
20312	4800	1081	1776	-
3297	7215	1081	1778	-
13993	22986	1081	1780	-
20312	4800	1081	1781	-
20312	4800	1081	1786	-
14547	12539	1081	1787	-
14547	12539	1081	1787	-
14547	12539	1081	1787	-
23317	5938	1081	1791	-
20312	4800	1081	1791	-
19603	2843	1081	1793	-
14547	12539	1081	1796	-
14547	12539	1081	1796	-
14547	12539	1081	1796	-
14547	12539	1081	1796	-
14547	12539	1081	1796	-
14547	12539	1081	1796	-
14547	12539	1081	1796	-
14547	12539	1081	1796	-
14547	12539	1081	1796	-
20312	4800	1081	1796	-
14547	12539	1081	1796	-
14547	12539	1081	1796	-
14547	12539	1081	1796	-
14547	12539	1081	1796	-
14547	12539	1081	1796	-
3297	8530	1081	1797	-
3297	8530	1081	1797	-
3297	8530	1081	1797	-
3297	8530	1081	1797	-
3297	8530	1081	1797	-
3297	8530	1081	1797	-
3297	8530	1081	1797	-
3297	8530	1081	1797	-
3297	8530	1081	1797	-
3297	8530	1081	1798	-
3297	8530	1081	1798	-
3297	8530	1081	1798	-
3297	8530	1081	1798	-
3297	8530	1081	1798	-
3297	8530	1081	1798	-
3297	8530	1081	1798	-
3297	8530	1081	1798	-
3297	8530	1081	1798	-
3297	8530	1081	1798	-
3297	8530	1081	1798	-
3297	20495	1081	1798	-
3297	8530	1081	1798	-
3297	8530	1081	1798	-
3297	8530	1081	1798	-
3297	8530	1081	1798	-
3297	8530	1081	1798	-
3297	8530	1081	1798	-
3297	8530	1081	1798	-
3297	8530	1081	1798	-
3297	8530	1081	1798	-
3297	8530	1081	1798	-
3297	8530	1081	1798	-
3297	8530	1081	1798	-
3297	8530	1081	1798	-
3297	8530	1081	1798	-
3297	8530	1081	1798	-
3297	8530	1081	1798	-
3297	8530	1081	1798	-
3297	8530	1081	1798	-
3297	8530	1081	1798	-
3297	8530	1081	1798	-
3297	8530	1081	1798	-
