13993	19834	23680	0	-
12332	9554	23680	4	-
10429	19834	5111	30	-
20312	3461	5111	36	-
20312	16593	5111	37	-
20312	8452	5111	38	-
20312	14437	5111	38	-
20312	23167	5111	39	-
20312	3297	5111	40	-
20312	16531	5111	41	-
20312	16332	5111	42	-
17923	14437	5111	53	-
19531	587	5111	53	-
16671	5938	23758	82	-
16671	1633	23758	82	-
20312	3461	23758	88	-
16409	17698	23758	98	-
16409	17698	23758	98	-
16409	5571	23758	98	-
12985	1633	23758	98	-
12985	11900	23758	99	-
12985	5938	23758	100	-
13993	19834	23758	101	-
8048	8452	23758	107	-
8048	14437	23758	110	-
20312	2843	23758	114	-
20312	16332	23758	114	-
20312	14437	25218	135	-
20312	2843	25218	135	-
20312	3297	25218	136	-
6775	9554	25218	136	-
20312	3461	25218	137	-
14547	5938	25218	138	-
14547	11900	25218	138	-
20312	16593	25218	138	-
14547	19531	25218	139	-
20312	9554	25218	139	-
20312	16332	25218	141	-
6775	9554	25218	141	-
12985	19531	25218	155	-
12985	15667	25218	155	-
3957	15394	25218	169	-
3297	21980	25218	178	-
3297	21980	25218	178	-
3297	21980	25218	178	-
3297	5938	24776	198	-
10571	16332	24776	200	-
10571	16332	24776	202	-
16671	12149	24776	205	-
16671	12149	24776	205	-
16671	12149	24776	205	-
16671	12149	24776	205	-
16671	12149	24776	205	-
16671	12149	24776	205	-
16671	12149	24776	205	-
16671	12149	24776	205	-
16671	12149	24776	205	-
16671	12149	24776	205	-
16671	12149	24776	205	-
16671	12149	24776	205	-
16671	12149	24776	205	-
16671	1207	24776	205	-
16671	12149	24776	205	-
20312	8452	24776	206	-
3297	5800	24776	211	-
3297	19834	24776	212	-
3297	22030	24776	214	-
15737	3076	24776	214	-
15737	3076	24776	215	-
15737	3076	24776	215	-
15737	3076	24776	215	-
15737	3076	24776	215	-
15737	3076	24776	215	-
15737	3076	24776	215	-
15737	3076	24776	215	-
15737	3076	24776	215	-
15737	3076	24776	215	-
15737	3076	24776	215	-
15737	3076	24776	215	-
15737	3076	24776	215	-
15737	3076	24776	215	-
15737	3076	24776	215	-
15737	3076	24776	215	-
15737	3076	24776	215	-
15737	3076	24776	215	-
15737	3076	24776	215	-
15737	3076	24776	215	-
15737	3076	24776	215	-
15737	3076	24776	216	-
15737	3076	24776	216	-
15737	3076	24776	216	-
15737	3076	24776	216	-
3297	18246	24776	217	-
3297	18246	24776	217	-
3297	22030	24776	217	-
3297	22030	24776	217	-
3297	22030	24776	217	-
3297	18246	24776	217	-
3297	18246	24776	217	-
16671	12149	24776	218	-
16671	12149	24776	218	-
16671	12149	24776	218	-
16671	20495	24776	221	-
16671	12149	24776	221	-
16671	12149	24776	221	-
16671	12149	24776	221	-
16671	12149	24776	221	-
16671	12149	24776	222	-
16671	12149	24776	222	-
16671	12149	24776	222	-
16671	12149	24776	222	-
16671	12149	24776	222	-
16671	12149	24776	222	-
16671	12149	24776	222	-
3297	4085	24776	229	-
3297	4085	24776	230	-
3297	4085	24776	230	-
3297	4085	24776	230	-
3297	4085	24776	230	-
3297	4085	24776	230	-
3297	4085	24776	230	-
3297	4085	24776	230	-
3297	4085	24776	230	-
3297	4085	24776	230	-
3297	4085	24776	230	-
3297	4085	24776	230	-
3297	4085	24776	230	-
3297	4085	24776	230	-
3297	4085	24776	230	-
3297	4085	24776	230	-
3297	4085	24776	230	-
16671	5938	24776	237	-
16671	5938	24776	239	-
16671	12149	24776	245	-
16671	12149	25174	246	-
16671	12149	25174	246	-
16671	12149	25174	246	-
16671	12149	25174	246	-
16671	12149	25174	246	-
16671	12149	25174	246	-
16671	12149	25174	246	-
16671	12149	25174	246	-
16671	12149	25174	246	-
16671	12149	25174	246	-
16671	12149	25174	246	-
16671	12149	25174	246	-
16671	12149	25174	246	-
16671	12149	25174	246	-
16671	12149	25174	246	-
16671	12149	25174	246	-
16671	12149	25174	246	-
16671	12149	25174	247	-
16671	12149	25174	247	-
16671	12149	25174	247	-
16671	12149	25174	247	-
15737	7147	25174	248	-
7179	8452	25174	248	-
16409	17698	25174	282	-
16409	17698	25174	282	-
3297	4085	25174	296	-
3297	4085	25174	296	-
3297	4085	25174	296	-
3297	4085	25174	296	-
3297	4085	25174	296	-
3297	4085	25174	296	-
3297	4085	25174	296	-
3297	4085	25174	296	-
3297	4085	25174	296	-
3297	4085	25174	296	-
3297	4085	25174	297	-
15737	17392	25174	301	-
15737	17392	25174	301	-
15737	17392	25174	301	-
15737	17392	25174	301	-
15737	17392	25174	301	-
15737	17392	25174	301	-
15737	17392	25174	301	-
15737	17392	25174	301	-
15737	17392	25174	301	-
15737	17392	25174	301	-
15737	17392	25174	301	-
15737	17392	25174	301	-
15737	17392	25174	302	-
15737	17392	25174	302	-
15737	17392	25174	302	-
15737	17392	25174	302	-
15737	17392	25174	302	-
15737	17392	25174	302	-
15737	17392	25174	302	-
15737	17392	25174	302	-
3076	14437	25101	312	-
3076	2843	25101	312	-
3076	9554	25101	313	-
3297	21980	25101	314	-
3297	21980	25101	314	-
3297	21980	25101	314	-
3076	16332	25101	314	-
8048	4981	25101	326	-
7179	14437	25101	326	-
17624	16593	25101	335	-
3957	587	25101	335	-
17923	14437	25101	337	-
19531	587	25101	337	-
16671	17214	25101	345	-
16671	17214	25101	346	-
16671	17214	25101	346	-
16671	17214	25101	346	-
16671	17214	25101	346	-
16671	17214	25101	346	-
16671	17214	25101	346	-
16671	17214	25101	346	-
16671	17214	25101	346	-
16671	17214	25101	346	-
16671	17214	25101	346	-
16671	17214	25101	346	-
16671	17214	25101	346	-
16671	17214	25101	346	-
16671	17214	25101	346	-
16671	17214	25101	346	-
16671	17214	25101	346	-
16671	17214	25101	346	-
16671	17214	25101	346	-
16671	17214	25101	346	-
16671	17214	25101	347	-
16671	17214	25101	347	-
16671	17214	25101	347	-
16671	17214	25101	347	-
16671	17214	25101	347	-
7782	5938	25101	358	-
3297	5800	25101	359	-
3297	22030	25101	359	-
3297	22030	25101	359	-
3297	22030	25101	359	-
3297	22030	25101	359	-
3297	22030	25101	359	-
3297	22030	25101	359	-
3297	22030	25101	359	-
3297	22030	25101	359	-
11001	5938	25101	361	-
15737	3076	40727	373	-
15737	3076	40727	374	-
15737	3076	40727	374	-
15737	3076	40727	374	-
15737	3076	40727	374	-
15737	3076	40727	374	-
15737	3076	40727	374	-
15737	3076	40727	374	-
15737	3076	40727	374	-
15737	3076	40727	374	-
15737	3076	40727	374	-
15737	3076	40727	374	-
15737	3076	40727	374	-
15737	3076	40727	374	-
15737	3076	40727	374	-
15737	3076	40727	374	-
15737	3076	40727	374	-
15737	3076	40727	374	-
15737	3076	40727	374	-
15737	3076	40727	374	-
15737	3076	40727	374	-
15737	3076	40727	374	-
15737	3076	40727	374	-
15737	3076	40727	374	-
15737	3076	40727	374	-
3297	22030	40727	376	-
3297	21846	40727	397	-
16409	9608	40727	397	-
16409	9608	40727	397	-
16409	9608	40727	397	-
16409	9608	40727	397	-
16409	9608	40727	397	-
16409	9608	40727	398	-
16409	9608	40727	398	-
16409	9608	40727	398	-
16409	9608	40727	398	-
16409	9608	40727	398	-
16409	9608	40727	398	-
16409	9608	40727	398	-
16409	9608	40727	398	-
16409	18987	40727	401	-
16409	9608	40727	401	-
16409	9608	40727	401	-
16409	9608	40727	401	-
15737	20201	40727	401	-
16409	9608	40727	401	-
16409	9608	40727	401	-
15737	20201	40727	401	-
16409	9608	40727	401	-
3611	3374	40727	405	-
3611	3374	40727	405	-
3611	3374	40727	405	-
3611	3374	40727	406	-
3611	3374	40727	406	-
3611	3374	40727	406	-
3611	3374	40727	406	-
3611	3374	40727	406	-
3611	3374	40727	406	-
3611	7215	40727	411	-
3611	7215	40727	411	-
3611	7215	40727	411	-
3611	7215	40727	411	-
3611	7215	40727	411	-
3611	7215	40727	411	-
3611	7215	40727	411	-
3611	7215	40727	411	-
3611	7215	40727	411	-
3611	7215	40727	411	-
3611	7215	40727	411	-
3611	7215	40727	411	-
3611	7215	40727	411	-
3611	7215	40727	411	-
15737	4085	40727	414	-
15737	4085	40727	414	-
15737	4085	40727	414	-
15737	4085	40727	414	-
15737	4085	40727	414	-
15737	4085	40727	414	-
15737	4085	40727	414	-
15737	4085	40727	414	-
15737	4085	40727	414	-
15737	4085	40727	414	-
15737	4085	40727	414	-
15737	4085	40727	415	-
15737	4085	40727	415	-
15737	4085	40727	415	-
15737	4085	40727	415	-
15737	4085	40727	415	-
15737	4085	40727	415	-
3611	7215	13685	440	-
3611	7215	13685	440	-
3611	7215	13685	440	-
3611	7215	13685	440	-
3611	7215	13685	441	-
3611	22986	13685	445	-
15737	3076	13685	452	-
15737	3076	13685	453	-
15737	3076	13685	453	-
15737	3076	13685	453	-
15737	3076	13685	453	-
15737	3076	13685	453	-
15737	3076	13685	453	-
15737	3076	13685	453	-
15737	3076	13685	453	-
15737	3076	13685	453	-
15737	3076	13685	453	-
15737	3076	13685	453	-
15737	3076	13685	453	-
15737	3076	13685	453	-
15737	3076	13685	453	-
15737	3076	13685	453	-
15737	3076	13685	453	-
15737	3076	13685	453	-
15737	3076	13685	453	-
15737	3076	13685	453	-
15737	3076	13685	453	-
15737	3076	13685	453	-
15737	3076	13685	453	-
15737	3076	13685	453	-
15737	3076	13685	453	-
6775	2843	13685	454	-
6775	16332	13685	454	-
19531	5938	13685	473	-
3297	4085	13685	474	-
3297	4085	13685	474	-
3297	4085	13685	474	-
3297	4085	13685	474	-
3297	4085	13685	474	-
3297	4085	13685	474	-
3297	4085	13685	474	-
3297	4085	13685	474	-
3297	4085	13685	474	-
3297	4085	13685	474	-
3297	4085	13685	474	-
3297	4085	13685	474	-
3297	4085	13685	474	-
3297	4085	13685	474	-
3297	4085	13685	474	-
3297	4085	13685	474	-
3297	4085	13685	474	-
17624	3611	13685	481	-
19839	15667	13685	481	-
17624	2843	13685	481	-
19531	5938	13685	481	-
17624	3297	13685	481	-
17624	7268	13685	483	-
17624	16332	13685	483	-
10429	22986	13685	485	-
16409	9608	43176	486	-
16409	9608	43176	486	-
16409	9608	43176	486	-
16409	9608	43176	486	-
16409	9608	43176	486	-
16409	9608	43176	486	-
16409	9608	43176	486	-
16409	9608	43176	486	-
16409	9608	43176	486	-
16409	9608	43176	486	-
16409	9608	43176	486	-
16409	9608	43176	487	-
3297	5938	43176	487	-
3611	7215	43176	488	-
3611	7215	43176	488	-
10571	23167	43176	488	-
19531	22986	43176	489	-
19531	19834	43176	489	-
3297	16409	43176	493	-
3297	16409	43176	493	-
3297	16409	43176	493	-
3297	16409	43176	493	-
15737	3076	43176	511	-
15737	3076	43176	511	-
15737	3076	43176	512	-
15737	3076	43176	512	-
15737	3076	43176	512	-
15737	3076	43176	512	-
15737	3076	43176	512	-
15737	3076	43176	512	-
15737	3076	43176	512	-
15737	3076	43176	512	-
15737	3076	43176	512	-
15737	3076	43176	512	-
16671	3011	43176	516	-
16671	3011	43176	516	-
16671	3011	43176	516	-
16671	3011	43176	516	-
16671	3011	43176	517	-
16671	3011	43176	517	-
16671	3011	43176	517	-
16671	3011	43176	517	-
16671	3011	43176	517	-
16671	3011	43176	517	-
16671	3011	43176	517	-
16671	3011	43176	517	-
16671	3011	43176	517	-
16671	3011	43176	517	-
16671	3011	43176	517	-
16671	3011	43176	517	-
16671	3011	43176	517	-
15737	3076	43176	520	-
15737	3076	43176	520	-
15737	3076	43176	520	-
15737	3076	43176	520	-
15737	3076	43176	520	-
15737	3076	43176	520	-
15737	3076	43176	520	-
15737	3076	43176	520	-
15737	3076	43176	520	-
15737	3076	43176	520	-
15737	3076	43176	520	-
15737	3076	43176	520	-
15737	3076	43176	520	-
15737	3076	43176	520	-
15737	3076	43176	520	-
15737	3076	43176	520	-
15737	3076	43176	521	-
15737	3076	43176	521	-
15737	3076	43176	521	-
15737	3076	43176	521	-
15737	3076	43176	521	-
15737	3076	43176	521	-
15737	3076	43176	521	-
15737	3076	43176	521	-
15737	3076	43176	521	-
3297	5938	43176	530	-
3297	11900	43176	530	-
3297	16409	43176	537	-
3297	16409	43176	537	-
3297	16409	43176	537	-
3297	16409	43176	537	-
3297	16409	43176	537	-
3297	16409	43176	537	-
3297	16409	43176	537	-
3297	16409	43176	537	-
3297	16409	43176	537	-
3297	16409	43176	537	-
3297	16409	43176	537	-
3297	16409	43176	537	-
3297	16409	43176	537	-
3076	9554	45819	548	-
7782	22986	45819	560	-
7782	15667	45819	560	-
15394	4800	45819	574	-
23317	882	45819	574	-
3611	7215	45819	574	-
19839	15667	45819	586	-
16671	3011	45819	589	-
16671	3011	45819	589	-
16671	3011	45819	590	-
16671	3011	45819	590	-
16671	3011	45819	590	-
16671	3011	45819	590	-
16671	3011	45819	590	-
16671	3011	45819	590	-
16671	3011	45819	590	-
16671	3011	45819	590	-
16671	3011	45819	590	-
16671	3011	45819	590	-
16671	3011	45819	590	-
16671	3011	45819	590	-
16671	3011	45819	590	-
16671	3011	45819	590	-
16671	3011	45819	590	-
16671	3011	45819	590	-
16671	3011	45819	590	-
16671	3011	45819	590	-
16671	3011	45819	590	-
16671	3011	45819	590	-
3611	11230	45819	594	-
3611	22956	45819	594	-
3611	11230	45819	594	-
3611	11230	45819	594	-
12985	5938	45819	598	-
16671	3011	45819	601	-
16671	3011	45819	601	-
3611	11230	6970	608	-
3611	22956	6970	608	-
3611	11230	6970	608	-
3611	11230	6970	608	-
16409	17005	6970	615	-
15737	3076	6970	621	-
15737	3076	6970	623	-
15737	3076	6970	623	-
15737	3076	6970	623	-
15737	3076	6970	623	-
15737	3076	6970	623	-
15737	3076	6970	623	-
15737	3076	6970	623	-
15737	3076	6970	623	-
15737	3076	6970	623	-
15737	3076	6970	623	-
15737	3076	6970	623	-
15737	3076	6970	623	-
15737	3076	6970	623	-
15737	3076	6970	623	-
15737	3076	6970	623	-
15737	3076	6970	623	-
15737	3076	6970	623	-
15737	3076	6970	623	-
15737	3076	6970	623	-
15737	3076	6970	623	-
15737	3076	6970	623	-
15737	3076	6970	623	-
15737	3076	6970	623	-
15737	3076	6970	623	-
15737	3076	6970	623	-
15737	3076	6970	623	-
15737	3076	6970	623	-
15737	3076	6970	623	-
15737	3076	6970	623	-
15737	3076	6970	623	-
15737	3076	6970	623	-
15737	3076	6970	623	-
15737	3076	6970	623	-
15737	3076	6970	623	-
15737	3076	6970	623	-
15737	3076	6970	624	-
15737	3076	6970	624	-
15737	3076	6970	624	-
15737	3076	6970	624	-
15737	3076	6970	624	-
15737	3076	6970	624	-
15737	3076	6970	624	-
15737	3076	6970	624	-
16409	7215	6970	626	-
16409	7215	6970	626	-
16409	7215	6970	626	-
16409	7215	6970	626	-
16409	7215	6970	626	-
16409	7215	6970	626	-
16409	7215	6970	626	-
16409	7215	6970	626	-
16409	7215	6970	626	-
16409	7215	6970	626	-
16409	7215	6970	626	-
16671	3011	6970	630	-
16671	3011	6970	630	-
16671	3011	6970	630	-
16671	3011	6970	630	-
16671	3011	6970	630	-
16671	3011	6970	630	-
16671	3011	6970	630	-
16671	3011	6970	630	-
16671	3011	6970	630	-
16671	3011	6970	630	-
16671	3011	6970	630	-
16671	3011	6970	630	-
16671	3011	6970	630	-
16671	3011	6970	630	-
16671	3011	6970	630	-
16671	3011	6970	630	-
16671	3011	6970	630	-
16409	7215	6970	639	-
16409	8842	40602	670	-
15737	6114	40602	670	-
3611	3374	40602	675	-
3611	3374	40602	675	-
3611	3374	40602	675	-
3611	3374	40602	675	-
3611	3374	40602	675	-
3611	3374	40602	675	-
3611	3374	40602	675	-
16409	4559	40602	676	-
16409	4559	40602	676	-
16409	4559	40602	676	-
16409	4559	40602	676	-
3611	11900	40602	681	-
10571	14437	40602	687	-
10571	3611	40602	687	-
19839	11900	40602	687	-
10571	2843	40602	687	-
10571	4981	40602	688	-
10571	16593	40602	689	-
7782	11900	40602	691	-
10571	9554	40602	691	-
3611	15667	40602	694	-
16671	3011	40602	695	-
16671	3011	40602	695	-
16671	3011	40602	695	-
16671	3011	40602	695	-
16671	3011	40602	695	-
16671	3011	40602	695	-
16671	3011	40602	695	-
16671	3011	40602	695	-
16671	3011	40602	695	-
16671	3011	40602	695	-
16671	3011	40602	695	-
16671	3011	40602	695	-
16671	3011	40602	695	-
16671	3011	40602	695	-
16671	3011	40602	698	-
16671	3011	40602	698	-
16671	3011	40602	698	-
16671	3011	40602	698	-
16671	3011	40602	698	-
16671	3011	40602	698	-
16671	3011	40602	698	-
16671	3011	40602	698	-
16671	3011	40602	698	-
16671	3011	40602	698	-
16671	3011	40602	698	-
3611	3374	40602	709	-
3611	3374	40602	709	-
3611	3374	40602	709	-
16409	22153	40602	710	-
16409	22153	40602	710	-
16409	22153	40602	710	-
16409	22153	40602	711	-
16409	22153	40602	711	-
16409	22153	40602	711	-
16409	22153	40602	711	-
16409	22153	40602	711	-
16409	22153	40602	711	-
16409	22153	40602	711	-
16409	22153	40602	711	-
16409	22153	40602	711	-
16409	22153	40602	711	-
16409	22153	40602	711	-
16409	4559	40602	711	-
3297	15891	40602	717	-
3297	15891	40602	717	-
3297	15891	40602	717	-
3297	15891	40602	717	-
3297	15891	40602	717	-
3297	15891	40602	717	-
3297	15891	40602	717	-
3297	15891	40602	717	-
3297	15891	40602	717	-
3297	15891	40602	717	-
3297	15891	40602	717	-
3297	15891	40602	717	-
3297	15891	40602	717	-
3297	15891	40602	717	-
3297	15891	40602	717	-
3297	15891	40602	717	-
3297	15891	40602	717	-
3297	15891	40602	717	-
3297	15891	40602	717	-
3297	15891	40602	717	-
3297	15891	40602	717	-
7215	11900	40602	719	-
7215	1633	40602	720	-
7215	19531	40602	721	-
3611	3374	40602	724	-
3611	3374	40602	724	-
3611	3374	40602	724	-
3611	3374	40602	724	-
3611	3374	40602	724	-
3611	3374	40602	724	-
3611	3374	40602	724	-
13993	13122	30067	737	-
13993	11900	30067	738	-
3297	14598	30067	749	-
3297	15891	30067	751	-
19531	11900	30067	751	-
3297	11653	30067	754	-
3957	15667	30067	762	-
16671	3011	30067	767	-
16671	3011	30067	767	-
16671	3011	30067	767	-
16671	3011	30067	767	-
16671	3011	30067	767	-
16671	3011	30067	768	-
16671	3011	30067	768	-
16671	3011	30067	768	-
16671	3011	30067	768	-
16671	3011	30067	768	-
16671	3011	30067	768	-
16671	3011	30067	768	-
16671	3011	30067	768	-
16671	3011	30067	768	-
16671	3011	30067	768	-
16671	3011	30067	768	-
16671	3011	30067	768	-
16671	3011	30067	768	-
16671	3011	30067	768	-
16671	3011	30067	768	-
16671	3011	30067	768	-
16409	22153	30067	772	-
16409	22153	30067	772	-
16409	22153	30067	772	-
16409	22153	30067	772	-
16409	22153	30067	772	-
16409	22153	30067	772	-
16409	22153	30067	772	-
16409	22153	30067	772	-
16409	22153	30067	772	-
16409	22153	30067	772	-
16409	22153	30067	772	-
16409	22153	30067	772	-
16409	22153	30067	772	-
16409	22153	30067	772	-
3611	3374	5712	789	-
3957	19834	5712	792	-
19603	4981	5712	818	-
19603	4981	5712	821	-
16671	3011	5712	834	-
15737	13755	5712	839	-
15737	13755	5712	839	-
15737	13755	5712	839	-
15737	13755	5712	839	-
15737	13755	5712	839	-
15737	13755	5712	839	-
15737	13755	5712	839	-
15737	13755	5712	839	-
15737	13755	5712	839	-
15737	13755	5712	839	-
15737	13755	5712	839	-
15737	13755	5712	839	-
15737	13755	5712	839	-
15737	13755	5712	839	-
15737	13755	5712	839	-
15737	13755	5712	839	-
15737	13755	5712	839	-
15737	13755	5712	839	-
15737	13755	5712	839	-
15737	13755	5712	839	-
20367	19350	20163	846	-
3297	1001	20163	849	-
3957	22986	20163	852	-
16671	11230	20163	860	-
16671	22956	20163	860	-
16671	11230	20163	860	-
16671	11230	20163	860	-
15737	13755	20163	869	-
16409	22153	20163	869	-
16409	18428	20163	872	-
16409	18428	20163	872	-
16409	18428	20163	872	-
16409	18428	20163	872	-
16409	18428	20163	872	-
16409	18428	20163	872	-
16409	18428	20163	872	-
16409	18428	20163	872	-
16409	18428	20163	872	-
16409	18428	20163	872	-
16409	18428	20163	873	-
16409	18428	20163	873	-
16409	18428	20163	873	-
16409	18428	20163	873	-
16409	18428	20163	873	-
16409	18428	20163	873	-
17923	15394	20163	873	-
17923	9554	20163	873	-
7782	587	20163	873	-
3611	3374	20163	883	-
3611	3374	20163	883	-
3611	3374	20163	883	-
3611	3374	20163	883	-
3611	3374	20163	883	-
3611	3374	20163	883	-
3611	3374	20163	883	-
10571	4981	8500	913	-
10571	4981	8500	915	-
3297	15891	8500	916	-
3297	15891	8500	916	-
3297	15891	8500	916	-
3297	15891	8500	916	-
3297	15891	8500	916	-
3297	15891	8500	916	-
3297	15891	8500	916	-
3297	15891	8500	916	-
3297	15891	8500	916	-
3297	15891	8500	916	-
3297	15891	8500	916	-
3297	15891	8500	917	-
3297	15891	8500	917	-
3297	15891	8500	917	-
3297	15891	8500	917	-
3297	15891	8500	917	-
3297	15891	8500	917	-
3297	15891	8500	917	-
3297	15891	8500	917	-
3297	15891	8500	917	-
3297	15891	8500	917	-
3297	14598	8500	917	-
15737	13755	8500	928	-
15737	13755	8500	928	-
15737	13755	8500	928	-
15737	13755	8500	928	-
15737	13755	8500	928	-
15737	13755	8500	928	-
15737	13755	8500	928	-
15737	13755	8500	928	-
15737	13755	8500	928	-
15737	13755	8500	928	-
15737	13755	8500	928	-
15737	13755	8500	928	-
15737	13755	8500	928	-
15737	13755	8500	928	-
15737	13755	8500	928	-
15737	13755	8500	928	-
15737	13755	8500	928	-
15737	13755	8500	928	-
15737	13755	8500	928	-
15737	13755	8500	928	-
7179	8452	8500	933	-
3611	2973	8500	947	-
16671	445	8500	947	-
16671	445	8500	947	-
16671	445	8500	947	-
16671	445	8500	947	-
16671	445	8500	947	-
16671	445	8500	947	-
16671	445	8500	947	-
16671	445	8500	947	-
16671	445	8500	947	-
16671	445	8500	948	-
16671	445	8500	948	-
16671	445	8500	948	-
16671	445	8500	948	-
16671	445	8500	948	-
15737	6114	8500	960	-
16671	445	11989	1005	-
16671	445	11989	1005	-
16671	445	11989	1005	-
16671	445	11989	1005	-
16671	445	11989	1005	-
16671	445	11989	1005	-
16671	445	11989	1005	-
16671	445	11989	1005	-
16671	445	11989	1005	-
16671	445	11989	1005	-
16671	445	11989	1005	-
16671	445	11989	1005	-
7179	8452	11989	1006	-
10571	14437	11989	1007	-
3611	16228	46348	1027	-
16671	445	46348	1038	-
16671	445	46348	1038	-
16671	445	46348	1038	-
16671	445	46348	1038	-
16671	445	46348	1038	-
16671	445	46348	1038	-
16671	445	46348	1038	-
16671	445	46348	1038	-
16671	445	46348	1038	-
16671	445	46348	1038	-
16671	445	46348	1038	-
16671	445	46348	1038	-
16671	445	46348	1038	-
7215	5938	46348	1038	-
7215	22986	46348	1038	-
15737	21616	46348	1039	-
15737	21616	46348	1039	-
7215	13122	46348	1039	-
7215	15894	46348	1040	-
7215	1633	46348	1041	-
7215	21708	46348	1043	-
15737	15417	46348	1045	-
15737	15417	46348	1045	-
15737	15417	46348	1045	-
15737	15417	46348	1045	-
15737	15417	46348	1045	-
15737	15417	46348	1045	-
15737	15417	46348	1045	-
15737	15417	46348	1045	-
15737	15417	46348	1045	-
15737	15417	46348	1045	-
15737	15417	46348	1045	-
15737	15417	46348	1045	-
15737	15417	46348	1045	-
15737	15417	46348	1045	-
15737	15417	46348	1045	-
15737	15417	46348	1045	-
15737	15417	46348	1045	-
15737	15417	46348	1045	-
15737	15417	46348	1045	-
15737	15417	46348	1045	-
15737	15417	46348	1045	-
15737	15417	46348	1045	-
15737	15417	46348	1045	-
15737	15417	46348	1045	-
15737	15417	46348	1045	-
15737	15417	46348	1045	-
15737	15417	46348	1045	-
15737	21616	46348	1045	-
15737	21616	46348	1046	-
7179	8452	46348	1057	-
16409	7594	46348	1060	-
16409	7594	46348	1060	-
16409	7594	46348	1060	-
16409	7594	46348	1060	-
16409	7594	46348	1060	-
16409	7594	46348	1060	-
16409	7594	46348	1060	-
16409	7594	46348	1060	-
16409	7594	46348	1060	-
16409	7594	46348	1060	-
16409	7594	46348	1060	-
16409	7594	46348	1060	-
16409	7594	46348	1060	-
16409	7594	46348	1060	-
16409	7594	46348	1061	-
16409	7594	46348	1061	-
16409	7594	46348	1061	-
16409	7594	46348	1061	-
16409	7594	46348	1061	-
16409	7594	46348	1061	-
16409	7594	46348	1061	-
16409	7594	46348	1061	-
16409	7594	46348	1061	-
16409	7594	46348	1061	-
16409	7594	46348	1061	-
16409	7594	46348	1061	-
16409	7594	46348	1061	-
16409	7594	46348	1061	-
16409	7594	46348	1061	-
16409	7594	46348	1061	-
16409	7594	46348	1061	-
3611	6950	46348	1061	-
16409	7594	46348	1061	-
16409	7594	46348	1061	-
16409	7594	46348	1061	-
16409	7594	46348	1061	-
16409	7594	46348	1061	-
16409	7594	46348	1061	-
16409	7594	46348	1061	-
16409	7594	46348	1061	-
16409	7594	46348	1061	-
16409	7594	46348	1061	-
16409	7594	46348	1061	-
16409	7594	46348	1061	-
16409	7594	46348	1061	-
16409	7594	46348	1062	-
16409	7594	46348	1062	-
16409	7594	46348	1062	-
16409	20495	46348	1062	-
16409	7594	46348	1062	-
16409	7594	46348	1067	-
3297	15891	46348	1079	-
3297	11653	46348	1079	-
16671	15894	46348	1085	-
16671	21708	9395	1086	-
16671	22986	9395	1086	-
16671	13122	9395	1087	-
3076	4981	9395	1090	-
3076	3461	9395	1090	-
3076	16332	9395	1091	-
16409	7594	9395	1092	-
16409	7594	9395	1092	-
16409	7594	9395	1092	-
16409	7594	9395	1092	-
16409	7594	9395	1092	-
16409	7594	9395	1092	-
16409	7594	9395	1092	-
16409	7594	9395	1092	-
16409	7594	9395	1092	-
16409	7594	9395	1092	-
16409	7594	9395	1092	-
16409	7594	9395	1092	-
16409	7594	9395	1092	-
16409	7594	9395	1092	-
16409	7594	9395	1092	-
7179	23167	9395	1092	-
10429	15894	9395	1093	-
7179	3461	9395	1094	-
7179	16531	9395	1095	-
10429	15894	9395	1097	-
3611	6950	9395	1097	-
3611	6950	9395	1097	-
3611	6950	9395	1097	-
3611	6950	9395	1097	-
7179	16332	9395	1097	-
16671	2804	9395	1120	-
3076	4981	9395	1127	-
3076	9554	9395	1127	-
3957	15394	9395	1129	-
8048	14437	9395	1133	-
8048	4981	9395	1133	-
3611	16228	5194	1148	-
3611	4181	5194	1159	-
3611	1345	5194	1162	-
3611	4181	5194	1162	-
16409	22473	5194	1162	-
16409	22473	5194	1163	-
16409	22473	5194	1163	-
16409	22473	5194	1163	-
16409	22473	5194	1163	-
16409	22473	5194	1163	-
16409	22473	5194	1163	-
16409	22473	5194	1163	-
16409	22473	5194	1163	-
16409	22473	5194	1163	-
16409	22473	5194	1163	-
16409	22473	5194	1163	-
16409	22473	5194	1163	-
16409	22473	5194	1163	-
16409	22473	5194	1163	-
16671	3076	5194	1163	-
16671	3076	5194	1163	-
16671	3076	5194	1163	-
16671	3076	5194	1164	-
16671	3076	5194	1164	-
16671	3076	5194	1164	-
16671	3076	5194	1164	-
16671	3076	5194	1164	-
16671	3076	5194	1164	-
16671	3076	5194	1164	-
16671	3076	5194	1164	-
16671	3076	5194	1164	-
16671	3076	5194	1164	-
16671	3076	5194	1164	-
16671	3076	5194	1164	-
16671	3076	5194	1164	-
16671	3076	5194	1164	-
16671	3076	5194	1164	-
16671	3076	5194	1164	-
16671	3076	5194	1164	-
16671	3076	5194	1164	-
16671	3076	5194	1164	-
16671	3076	5194	1164	-
16671	3076	5194	1164	-
16671	3076	5194	1164	-
3611	3953	5194	1165	-
15737	4573	5194	1166	-
15737	21616	5194	1166	-
15737	21616	5194	1166	-
15737	21616	5194	1166	-
3611	17361	5194	1168	-
3611	4181	5194	1168	-
15394	4800	5194	1174	-
23317	882	5194	1174	-
3611	18459	5194	1202	-
3611	18459	5194	1202	-
3611	18459	5194	1202	-
3611	18459	5194	1202	-
3611	18459	5194	1202	-
3611	18459	5194	1202	-
3611	18459	5194	1202	-
3611	18459	5194	1202	-
3611	18459	5194	1202	-
3611	18459	5194	1202	-
3611	18459	5194	1202	-
3611	18459	5194	1202	-
3611	18459	5194	1202	-
3611	18459	5194	1202	-
3611	18459	5194	1202	-
3611	18459	5194	1202	-
3611	18459	5194	1202	-
3611	18459	5194	1202	-
3611	18459	5194	1202	-
3611	18459	5194	1202	-
3611	18459	5194	1202	-
3611	18459	5194	1202	-
3611	18459	5194	1202	-
3611	18459	5194	1202	-
3611	18459	5194	1202	-
3611	18459	5194	1202	-
3611	18459	5194	1202	-
10571	2843	5194	1203	-
12332	2843	37201	1206	-
12332	4981	37201	1206	-
3611	11900	37201	1221	-
20312	4981	37201	1226	-
15737	19471	37201	1230	-
15737	19471	37201	1230	-
15737	19471	37201	1230	-
15737	19471	37201	1230	-
15737	19471	37201	1230	-
15737	19471	37201	1230	-
3611	18459	37201	1231	-
3611	18459	37201	1232	-
3611	18459	37201	1232	-
3611	18459	37201	1232	-
3611	18459	37201	1232	-
3611	18459	37201	1232	-
3611	18459	37201	1232	-
3611	18459	37201	1232	-
3611	18459	37201	1232	-
3611	18459	37201	1232	-
16671	229	37201	1235	-
16671	229	37201	1235	-
20367	587	37201	1239	-
3957	587	37201	1243	-
3297	16051	37201	1246	-
3611	18459	37201	1255	-
3611	18459	37201	1255	-
3611	18459	37201	1255	-
3611	18459	37201	1255	-
16671	229	37201	1255	-
16671	229	37201	1255	-
3611	18459	37201	1255	-
16671	229	37201	1255	-
3611	18459	37201	1255	-
16671	229	37201	1255	-
7179	8452	37201	1255	-
16671	229	37201	1255	-
16671	229	37201	1256	-
16671	229	37201	1256	-
16671	229	37201	1256	-
16671	229	37201	1256	-
16671	229	37201	1256	-
16671	229	37201	1256	-
16671	229	37201	1256	-
16671	229	37201	1256	-
16671	229	37201	1256	-
16671	229	37201	1256	-
16671	229	37201	1256	-
16671	229	37201	1256	-
16671	229	37201	1256	-
16671	229	37201	1256	-
16671	229	37201	1256	-
16671	229	37201	1256	-
16671	229	37201	1256	-
16671	229	37201	1256	-
16671	229	37201	1256	-
12332	4981	46235	1269	-
3297	15891	46235	1270	-
3297	14598	46235	1270	-
10429	15894	46235	1294	-
3297	18204	46235	1298	-
8048	3297	46235	1300	-
8048	16332	46235	1300	-
8048	3297	46235	1307	-
12332	4981	46235	1309	-
882	2843	46235	1313	-
882	3461	46235	1314	-
16671	1028	46235	1315	-
882	4981	46235	1315	-
6775	2843	46235	1315	-
882	8452	46235	1316	-
882	16332	46235	1316	-
16671	229	46235	1321	-
16671	229	46235	1321	-
16671	229	46235	1321	-
16671	229	46235	1321	-
16671	229	46235	1321	-
16671	229	46235	1321	-
16671	229	46235	1321	-
16671	229	46235	1321	-
16671	229	46235	1321	-
16671	229	46235	1321	-
16671	229	46235	1321	-
16671	229	46235	1321	-
16671	229	46235	1321	-
16671	229	46235	1321	-
16671	229	46235	1321	-
16671	229	46235	1321	-
16671	229	46235	1321	-
16671	229	46235	1321	-
19603	14437	46235	1321	-
16671	229	46235	1321	-
16671	229	46235	1321	-
16671	229	46235	1321	-
16671	229	46235	1321	-
16671	229	46235	1322	-
16671	229	46235	1322	-
16671	229	46235	1322	-
16671	229	46235	1322	-
16671	229	46235	1322	-
16671	229	46235	1322	-
16671	229	46235	1322	-
16671	229	46235	1322	-
3611	18459	30608	1327	-
3611	18459	30608	1327	-
3611	18459	30608	1327	-
3611	18459	30608	1327	-
3611	18459	30608	1327	-
10571	14437	30608	1340	-
10571	23167	30608	1340	-
10571	2843	30608	1342	-
10571	14437	30608	1342	-
10571	16531	30608	1343	-
10571	3461	30608	1344	-
15737	21537	30608	1345	-
15737	21537	30608	1345	-
10571	16593	30608	1345	-
7179	16531	30608	1348	-
7179	3297	30608	1350	-
13993	15894	30608	1353	-
7179	3297	30608	1353	-
13993	15894	30608	1355	-
16409	22473	30608	1356	-
13993	15894	30608	1357	-
13993	15894	30608	1359	-
13993	15894	30608	1363	-
11001	19531	30608	1378	-
16671	20698	30608	1379	-
16671	20698	30608	1379	-
16671	20698	30608	1379	-
16671	20698	30608	1379	-
16671	20698	30608	1379	-
16671	20698	30608	1379	-
16671	20698	30608	1379	-
16671	20698	30608	1379	-
16671	20698	30608	1379	-
16671	20698	30608	1379	-
16671	20698	30608	1379	-
16671	20698	30608	1380	-
16671	20698	30608	1380	-
16671	20698	30608	1380	-
16671	20698	30608	1380	-
16671	20698	30608	1380	-
19531	22986	30608	1380	-
19531	11900	30608	1381	-
19603	3461	30608	1381	-
19603	16593	30608	1382	-
19603	14437	30608	1383	-
19603	2843	30608	1384	-
19603	4981	11305	1386	-
19603	16531	11305	1387	-
19603	7268	11305	1388	-
19603	16332	11305	1389	-
7179	8452	11305	1389	-
19531	11900	11305	1391	-
19531	11900	11305	1394	-
17923	9554	11305	1394	-
7782	587	11305	1394	-
16409	13482	11305	1401	-
19531	11900	11305	1402	-
16671	4085	11305	1436	-
16409	19324	11305	1439	-
16409	19324	11305	1439	-
10571	3297	11305	1441	-
19603	3297	11305	1445	-
3076	3461	20825	1451	-
16409	5572	20825	1469	-
16409	19324	20825	1469	-
16409	19324	20825	1469	-
16409	19324	20825	1469	-
16409	19324	20825	1469	-
16409	23040	20825	1472	-
16409	19324	20825	1472	-
16409	19324	20825	1472	-
16409	19324	20825	1472	-
16409	19324	20825	1472	-
16409	19324	20825	1472	-
16409	19324	20825	1472	-
16409	19578	20825	1475	-
16409	19324	20825	1475	-
16409	19324	20825	1475	-
3611	18459	20825	1478	-
3611	18459	20825	1478	-
3611	18459	20825	1478	-
3611	18459	20825	1478	-
3611	18459	20825	1478	-
3611	18459	20825	1478	-
16671	4085	20825	1479	-
16671	4085	20825	1479	-
16671	4085	20825	1479	-
16671	4085	20825	1479	-
16671	4085	20825	1479	-
16671	4085	20825	1479	-
16671	4085	20825	1479	-
16671	4085	20825	1479	-
16671	4085	20825	1479	-
16671	4085	20825	1479	-
16671	4085	20825	1479	-
16671	4085	20825	1479	-
16671	4085	20825	1479	-
16671	4085	20825	1479	-
16671	4085	20825	1479	-
16671	4085	20825	1480	-
16671	4085	20825	1480	-
16671	4085	20825	1480	-
16671	4085	20825	1480	-
16671	4085	20825	1480	-
16671	4085	20825	1480	-
16671	4085	20825	1480	-
16671	4085	20825	1480	-
16671	4085	20825	1480	-
16671	4085	20825	1480	-
16671	4085	20825	1480	-
16671	4085	20825	1480	-
16671	4085	20825	1480	-
16671	4085	20825	1480	-
16671	4394	20825	1495	-
16671	4394	20825	1495	-
7179	8452	20825	1500	-
3297	13122	44411	1515	-
3297	15667	44411	1515	-
7179	8452	44411	1517	-
12985	19531	44411	1528	-
12985	15667	44411	1529	-
12985	21708	44411	1530	-
17624	3461	44411	1530	-
14547	22986	44411	1546	-
14547	11900	44411	1546	-
7179	8452	44411	1546	-
14547	1633	44411	1547	-
16671	17392	44411	1555	-
16671	17392	44411	1556	-
16671	17392	44411	1556	-
16671	17392	44411	1556	-
16671	17392	44411	1556	-
16671	17392	44411	1556	-
16671	17392	44411	1556	-
16671	17392	44411	1556	-
16671	17392	44411	1556	-
16671	17392	44411	1556	-
16671	17392	44411	1556	-
16671	17392	44411	1556	-
16671	17392	44411	1556	-
16671	17392	44411	1556	-
16671	17392	44411	1556	-
16671	17392	44411	1556	-
16671	17392	44411	1556	-
16671	17392	44411	1556	-
16671	17392	44411	1556	-
16671	17392	44411	1556	-
7782	15667	44411	1564	-
7782	1633	44411	1564	-
10571	14437	12700	1566	-
16671	17392	12700	1572	-
16671	17392	12700	1572	-
16671	17392	12700	1572	-
16671	17392	12700	1572	-
16671	17392	12700	1572	-
16671	17392	12700	1572	-
16671	17392	12700	1572	-
16671	17392	12700	1572	-
16671	17392	12700	1572	-
16671	17392	12700	1572	-
16671	17392	12700	1573	-
16671	17392	12700	1573	-
16671	17392	12700	1573	-
16671	17392	12700	1573	-
16671	17392	12700	1573	-
16671	17392	12700	1573	-
13993	15667	12700	1577	-
13993	19531	12700	1577	-
10571	3297	12700	1579	-
16409	10220	12700	1581	-
10571	3297	12700	1581	-
10571	9554	12700	1582	-
11001	5938	12700	1584	-
11001	15667	12700	1584	-
7179	3461	12700	1586	-
7179	16593	12700	1587	-
8048	3297	12700	1588	-
7179	8452	12700	1589	-
7179	14437	12700	1590	-
16671	10510	12700	1594	-
16671	10510	12700	1594	-
16671	10510	12700	1594	-
16671	10510	12700	1595	-
16671	10510	12700	1595	-
16671	10510	12700	1595	-
16671	10510	12700	1595	-
16671	10510	12700	1595	-
16671	11230	12700	1595	-
16671	10510	12700	1595	-
16671	22956	12700	1595	-
16671	10510	12700	1595	-
16671	11230	12700	1595	-
16671	10510	12700	1595	-
16671	11230	12700	1595	-
16671	10510	12700	1595	-
16671	10510	12700	1595	-
19839	15894	12700	1595	-
16671	10510	12700	1595	-
16671	10510	12700	1595	-
16671	10510	12700	1595	-
16671	10510	12700	1595	-
16671	10510	12700	1595	-
16671	10510	12700	1595	-
7179	3611	12700	1595	-
16671	10510	12700	1596	-
16671	10510	12700	1596	-
16671	10510	12700	1596	-
16671	10510	12700	1596	-
16671	10510	12700	1596	-
16671	10510	12700	1596	-
7179	23167	12700	1596	-
7179	3297	12700	1600	-
17624	8452	12700	1605	-
7179	2843	12700	1605	-
16671	13122	12700	1607	-
16671	11900	12700	1607	-
16671	15667	12700	1608	-
7179	4981	12700	1610	-
7179	16531	12700	1618	-
7179	8452	12700	1621	-
16671	17392	12700	1622	-
16671	17392	12700	1622	-
16671	17392	12700	1622	-
16671	17392	12700	1622	-
16671	17392	12700	1622	-
16671	17392	12700	1622	-
16671	17392	12700	1622	-
16671	17392	12700	1622	-
16671	17392	12700	1622	-
16671	17392	12700	1622	-
16671	17392	12700	1623	-
16671	17392	12700	1623	-
16671	17392	12700	1623	-
16671	17392	12700	1623	-
16671	17392	12700	1623	-
16671	17392	12700	1623	-
7179	7268	28820	1627	-
20312	23167	28820	1627	-
7179	9554	28820	1628	-
16671	17392	28820	1630	-
16671	17392	28820	1630	-
16671	17392	28820	1630	-
20312	16531	28820	1630	-
16671	17392	28820	1631	-
16671	17392	28820	1631	-
16671	17392	28820	1631	-
16671	17392	28820	1631	-
16671	17392	28820	1631	-
16671	17392	28820	1631	-
16671	17392	28820	1631	-
16671	17392	28820	1631	-
16671	17392	28820	1631	-
16671	17392	28820	1631	-
16671	17392	28820	1631	-
16671	17392	28820	1631	-
16671	17392	28820	1631	-
16671	17392	28820	1631	-
16671	17392	28820	1631	-
16671	17392	28820	1631	-
16671	17392	28820	1631	-
19603	2843	28820	1632	-
7179	16332	28820	1632	-
12985	1633	28820	1634	-
12332	23167	28820	1635	-
19603	2843	28820	1642	-
16409	10220	28820	1644	-
16409	10220	28820	1644	-
12332	3297	28820	1645	-
10429	19531	28820	1648	-
7179	8452	28820	1650	-
12332	16593	28820	1650	-
12985	21708	28820	1652	-
12985	19531	28820	1652	-
16409	1038	28820	1659	-
16409	1038	28820	1659	-
16409	1038	28820	1659	-
16409	1038	28820	1659	-
16409	1038	28820	1659	-
16409	1038	28820	1659	-
16409	1038	28820	1659	-
16409	1038	28820	1659	-
16409	1038	28820	1659	-
16409	1038	28820	1659	-
16409	1038	28820	1659	-
16409	1038	28820	1659	-
16671	10510	28820	1661	-
19531	5938	28820	1664	-
15737	15597	28820	1667	-
15737	15597	28820	1667	-
15737	15597	28820	1667	-
3611	1442	28820	1677	-
3611	1442	28820	1677	-
3611	1442	28820	1677	-
3611	1442	28820	1677	-
3611	1442	28820	1677	-
3611	1442	28820	1677	-
3611	1442	28820	1677	-
3611	1442	28820	1677	-
3611	1442	28820	1677	-
3611	1442	28820	1677	-
3611	1442	28820	1677	-
3611	1442	28820	1677	-
16671	2425	28820	1677	-
3611	1442	28820	1677	-
16671	2425	28820	1678	-
16671	2425	28820	1678	-
16671	2425	28820	1678	-
16671	2425	28820	1678	-
16671	2425	28820	1678	-
16671	2425	28820	1678	-
16671	2425	28820	1678	-
16671	2425	28820	1678	-
16671	2425	28820	1678	-
16671	2425	28820	1678	-
16671	2425	28820	1678	-
16671	2425	28820	1678	-
16671	2425	28820	1678	-
16671	2425	28820	1678	-
16671	2425	28820	1678	-
16671	2425	28820	1678	-
16671	2425	28820	1678	-
16671	2425	28820	1678	-
16671	2425	28820	1678	-
16671	2425	28820	1678	-
3297	19531	28820	1685	-
6775	3461	27791	1686	-
3297	19531	27791	1688	-
14547	21708	27791	1696	-
3611	15894	27791	1705	-
3611	1633	27791	1705	-
16671	2425	27791	1707	-
16671	2425	27791	1707	-
16671	2425	27791	1707	-
16671	2425	27791	1707	-
16671	2425	27791	1707	-
16671	2425	27791	1707	-
16671	2425	27791	1707	-
16671	2425	27791	1707	-
16671	2425	27791	1707	-
16671	2425	27791	1707	-
16671	2425	27791	1707	-
16671	2425	27791	1707	-
16671	2425	27791	1707	-
16671	2425	27791	1707	-
16671	2425	27791	1707	-
16671	2425	27791	1707	-
16671	2425	27791	1707	-
16671	2425	27791	1707	-
16671	2425	27791	1707	-
3611	3801	27791	1708	-
3611	3801	27791	1709	-
3611	3801	27791	1709	-
3611	3801	27791	1709	-
3611	3801	27791	1709	-
3611	3801	27791	1709	-
3611	3801	27791	1709	-
3611	3801	27791	1709	-
3611	3801	27791	1709	-
3611	3801	27791	1709	-
3611	3801	27791	1709	-
3611	3801	27791	1709	-
3611	3801	27791	1709	-
3611	3801	27791	1709	-
3611	3801	27791	1709	-
3611	3801	27791	1709	-
3611	3801	27791	1709	-
3611	3801	27791	1709	-
3611	3801	27791	1709	-
3611	3801	27791	1709	-
3611	3801	27791	1709	-
3611	3801	27791	1709	-
3611	3801	27791	1709	-
3611	3801	27791	1709	-
3611	3801	27791	1709	-
3611	3801	27791	1709	-
3611	3801	27791	1709	-
3611	3801	27791	1710	-
3611	3801	27791	1710	-
3611	3801	27791	1710	-
3611	3801	27791	1710	-
3611	3801	27791	1710	-
3611	3801	27791	1710	-
3611	3801	27791	1710	-
3611	3801	27791	1722	-
3611	3801	27791	1722	-
3611	3801	27791	1722	-
3611	3801	27791	1722	-
3611	3801	27791	1722	-
3611	3801	27791	1722	-
3611	3801	27791	1722	-
3611	3801	27791	1722	-
3611	3801	27791	1722	-
3611	3801	27791	1722	-
3611	3801	27791	1722	-
3611	3801	27791	1722	-
20312	9554	27791	1723	-
20312	9554	27791	1726	-
19531	20201	27791	1744	-
19531	20201	27791	1744	-
10571	3461	3812	1749	-
15737	18332	3812	1753	-
19603	16531	3812	1774	-
15394	4800	3812	1774	-
23317	882	3812	1774	-
19531	15667	3812	1775	-
19603	16531	3812	1777	-
19603	14437	3812	1779	-
19603	3297	3812	1779	-
19603	4981	3812	1781	-
19603	16531	3812	1782	-
19603	9554	3812	1783	-
19603	16332	3812	1785	-
16671	2425	3812	1789	-
16671	2425	3812	1789	-
16671	2425	3812	1789	-
16671	2425	3812	1789	-
16671	2425	3812	1789	-
16671	2425	3812	1789	-
16671	2425	3812	1789	-
16671	2425	3812	1789	-
16671	2425	3812	1789	-
16671	2425	3812	1789	-
16671	2425	3812	1789	-
16671	2425	3812	1789	-
16671	2425	3812	1789	-
16671	2425	3812	1789	-
16671	2425	3812	1789	-
3611	19531	3812	1791	-
16671	17392	3812	1791	-
16671	17392	3812	1792	-
16671	17392	3812	1792	-
16671	17392	3812	1792	-
16671	17392	3812	1792	-
16671	17392	3812	1792	-
16671	17392	3812	1792	-
16671	17392	3812	1792	-
16671	17392	3812	1792	-
16671	17392	3812	1792	-
16671	17392	3812	1792	-
16671	17392	3812	1792	-
16671	17392	3812	1792	-
16671	17392	3812	1792	-
16671	17392	3812	1792	-
16671	17392	3812	1792	-
16671	17392	3812	1792	-
16671	17392	3812	1792	-
16671	17392	3812	1792	-
3611	19531	3812	1794	-
