14547	2456	34566	0	-
5954	8452	22298	13	nmap
14547	18332	22298	26	-
16409	6863	22298	35	-
15737	6157	22298	39	-
16409	18634	22298	60	-
20312	23167	22298	63	-
14267	15581	22298	64	-
14547	10419	22298	65	-
20312	16531	22298	65	-
14267	15581	22298	66	-
16409	445	34817	68	-
16409	18634	34817	69	-
5954	8452	34817	74	nmap
16409	3076	34817	77	-
16409	3076	34817	86	-
20312	16593	34817	94	-
11001	17005	34817	96	-
5954	1390	34817	105	nmap
16409	18634	34817	105	-
5954	1390	34817	105	nmap
16409	3076	34817	122	-
587	2582	42241	132	-
14547	16918	42241	134	-
5954	8452	42241	135	nmap
14547	3374	42241	156	-
3611	15667	42241	158	-
14547	10908	42241	159	-
587	4394	42241	159	-
10571	23167	42241	162	-
10571	16593	42241	163	-
10571	16531	42241	166	-
14267	15581	42241	172	-
11001	3374	42241	176	-
6775	4981	42241	176	-
6775	4981	42241	182	-
17624	3611	42241	182	-
17624	3611	42241	183	-
17624	3611	42241	183	-
17624	3611	42241	183	-
17624	3611	42241	183	-
6775	16531	42241	183	-
17624	3611	42241	183	-
14547	10908	14389	191	-
20367	4981	14389	194	-
5954	8452	14389	196	nmap
20367	16332	14389	200	-
20367	4981	14389	206	-
587	18246	14389	215	-
20367	16332	14389	217	-
14547	3374	14389	219	-
14267	15581	14389	223	-
14547	10908	14389	227	-
13993	22986	14389	231	-
13993	11900	14389	232	-
20367	4981	14389	243	-
16409	18634	21674	249	-
15737	8530	21674	251	-
23317	882	21674	257	-
5954	8452	21674	257	nmap
15394	4800	21674	257	-
11001	3374	21674	264	-
16409	3076	21674	266	-
14547	13876	21674	275	-
14547	10908	21674	276	-
587	15988	21674	278	-
15737	8530	21674	279	-
20367	14437	21674	280	-
16409	18634	21674	281	-
882	23167	21674	282	-
20367	16531	21674	282	-
20367	16531	21674	288	-
16409	18634	21674	290	-
20367	23167	21674	293	-
16409	3076	21674	294	-
14267	8924	21674	297	-
16409	3076	21674	303	-
20312	8452	26401	315	-
11001	3374	26401	318	-
5954	8452	26401	318	nmap
11001	3374	26401	324	-
16409	18634	26401	326	-
14267	8924	26401	326	-
14547	10908	26401	328	-
16409	3076	26401	339	-
15737	9118	26401	343	-
7179	16531	26401	352	-
3611	13122	26401	354	-
3611	15894	26401	355	-
15737	8530	26401	356	-
13993	15894	26401	357	-
3611	15667	26401	357	-
13993	15894	26401	360	-
3611	19531	26401	361	-
13993	15894	26401	362	-
13993	15894	26401	364	-
13993	15894	26401	367	-
13993	15894	26401	367	-
19603	9554	20127	375	-
5954	8452	20127	379	nmap
10429	5938	20127	380	-
15737	8530	20127	385	-
14547	18090	20127	393	-
14547	13876	20127	395	-
10429	22986	20127	396	-
10429	11900	20127	403	-
11001	3374	20127	406	-
19839	19834	20127	406	-
882	3611	20127	406	-
14267	8924	20127	408	-
882	4981	20127	410	-
882	16593	20127	410	-
14547	20430	20127	424	-
3611	13122	20127	424	-
19531	22986	37837	430	-
7215	19834	37837	432	-
7215	21708	37837	433	-
3076	16593	37837	435	-
14547	13876	37837	435	-
17624	3611	37837	438	-
17624	3611	37837	438	-
17624	3611	37837	438	-
17624	3611	37837	438	-
17624	3611	37837	438	-
17624	3611	37837	438	-
17624	3611	37837	438	-
14547	22986	37837	438	-
5954	8452	37837	440	nmap
6775	2843	37837	440	-
3076	3297	37837	443	-
3076	16593	37837	445	-
3076	9554	37837	449	-
7179	8452	37837	459	-
14547	13122	37837	461	-
19839	19531	37837	464	-
19603	3611	37837	464	-
19839	19531	37837	465	-
19603	3611	37837	465	-
3076	16531	37837	467	-
20367	19350	37837	467	-
14547	19531	37837	467	-
882	14437	37837	468	-
16409	18634	37837	470	-
882	4981	37837	474	-
14547	20430	37837	477	-
3076	16531	37837	480	-
16409	3076	37837	483	-
3297	5938	37837	483	-
882	9554	37837	486	-
7179	2843	37837	487	-
587	15988	41495	488	-
3297	22986	41495	488	-
3611	19531	41495	490	-
6775	2843	41495	491	-
3297	1633	41495	492	-
3076	23167	41495	497	-
3076	2843	41495	499	-
5954	8452	41495	501	nmap
3076	16531	41495	503	-
14547	13876	41495	509	-
15737	8530	41495	510	-
3076	14437	41495	511	-
3076	14437	41495	515	-
3297	15667	41495	518	-
13993	22986	41495	521	-
11001	15667	41495	525	-
3076	9554	41495	526	-
3076	14437	41495	526	-
13993	19531	41495	526	-
3957	19531	41495	530	-
3957	15394	41495	533	-
19603	2843	41495	534	-
587	15054	41495	538	-
11001	15667	41495	539	-
3957	21708	41495	542	-
5954	8452	12321	562	nmap
10571	8452	12321	570	-
19839	19531	12321	577	-
19603	3611	12321	577	-
20312	3297	12321	578	-
19603	2843	12321	578	-
16409	8153	12321	582	-
20312	3297	12321	584	-
3076	2843	12321	588	-
3076	16332	12321	589	-
14547	19501	12321	591	-
7782	13122	12321	597	-
7782	11900	12321	597	-
16409	8153	12321	600	-
19603	2843	12321	605	-
3957	13122	6906	608	-
11001	16704	6906	613	-
11001	15894	6906	614	-
14547	22986	6906	622	-
5954	8452	6906	623	nmap
3957	587	6906	628	-
587	14873	6906	631	-
587	14873	6906	633	-
17624	8452	6906	638	-
17624	16593	6906	638	-
14547	11900	6906	638	-
17624	14437	6906	638	-
14547	19501	6906	640	-
13993	13122	6906	643	-
17624	23167	6906	643	-
15737	8530	6906	644	-
10571	3461	6906	644	-
13993	11900	6906	646	-
17624	3297	6906	647	-
10571	16593	6906	651	-
11001	626	6906	660	-
3957	19834	6906	663	-
10571	8452	6906	665	-
10571	14437	6906	665	-
17624	2843	6906	666	-
20312	16332	15400	668	-
16409	8153	15400	672	-
16671	15667	15400	672	-
17624	4981	15400	674	-
11001	16704	15400	675	-
10571	3611	15400	676	-
19839	11900	15400	676	-
10571	23167	15400	677	-
17624	16531	15400	678	-
5954	8452	15400	684	nmap
15737	8530	15400	685	-
17624	9554	15400	691	-
10571	3297	15400	691	-
10571	3461	15400	695	-
15737	445	15400	701	-
10571	16531	15400	702	-
10571	16593	15400	706	-
10571	9554	15400	708	-
11001	15894	15400	710	-
14547	19501	15400	710	-
10571	7268	15400	710	-
11001	19834	15400	710	-
14547	15667	15400	710	-
10571	16332	15400	711	-
11001	15667	15400	713	-
17624	3611	15400	715	-
17624	3611	15400	715	-
17624	3611	15400	715	-
17624	3611	15400	715	-
17624	3611	15400	715	-
17624	3611	15400	715	-
17624	3611	15400	715	-
17624	3611	15400	715	-
17624	3611	15400	715	-
17624	3611	15400	715	-
17624	3611	15400	715	-
17624	3611	15400	715	-
17624	3611	15400	716	-
17624	3611	15400	716	-
17624	3611	15400	716	-
17624	3611	15400	716	-
17624	3611	15400	716	-
17624	3611	15400	716	-
20367	587	15400	716	-
17624	3611	15400	716	-
17624	3611	15400	716	-
17624	3611	15400	716	-
17624	3611	15400	716	-
17624	3611	15400	716	-
17624	3611	15400	716	-
7782	15894	15400	718	-
11001	16704	15400	719	-
3957	11900	15400	725	-
7782	15667	15400	725	-
12332	8452	4648	731	-
3297	15894	4648	733	-
3297	19531	4648	734	-
19531	21708	4648	735	-
7782	15667	4648	736	-
882	3297	4648	739	-
882	2843	4648	740	-
882	4981	4648	742	-
3611	22986	4648	742	-
5954	8452	4648	745	nmap
15737	445	4648	747	-
882	3461	4648	747	-
11001	16704	4648	750	-
13993	11900	4648	754	-
14547	22113	4648	760	-
16409	3076	4648	771	-
13993	15667	4648	777	-
10571	16332	4648	779	-
16409	3076	4648	780	-
15737	445	4648	782	-
10571	16332	26133	791	-
11001	903	26133	796	-
15737	445	26133	802	-
11001	7151	26133	806	-
5954	8452	26133	806	nmap
14547	17480	26133	808	-
16409	3076	26133	816	-
5954	1390	26133	825	nmap
5954	1390	26133	825	nmap
14547	6941	26133	830	-
17624	3611	26133	836	-
17624	3611	26133	836	-
17624	3611	26133	836	-
17624	3611	26133	836	-
17624	3611	26133	836	-
6775	3297	26133	836	-
17624	3611	26133	836	-
17624	3611	26133	836	-
3957	22986	26133	837	-
7215	11900	26133	846	-
14547	1161	2658	852	-
15394	4800	2658	857	-
23317	882	2658	857	-
11001	11988	2658	862	-
5954	8452	2658	867	nmap
7179	23167	2658	872	-
7179	3461	2658	873	-
3297	1001	2658	875	-
3076	3297	2658	885	-
3076	16593	2658	886	-
3374	19834	2658	886	-
882	2843	2658	893	-
17624	3611	2658	894	-
11001	7151	2658	894	-
17624	3611	2658	894	-
17624	3611	2658	894	-
19531	19834	2658	894	-
882	14437	2658	896	-
587	14873	2658	899	-
587	14873	2658	901	-
7179	16332	2658	905	-
11001	7151	37390	908	-
882	9554	37390	909	-
882	16332	37390	910	-
14547	1161	37390	913	-
15737	445	37390	918	-
3611	22986	37390	918	-
20367	4981	37390	919	-
18246	21708	37390	920	-
20367	8452	37390	921	-
14547	3271	37390	926	-
10429	22986	37390	927	-
10429	11900	37390	927	-
5954	8452	37390	928	nmap
3297	13122	37390	931	-
11001	15667	37390	931	-
20367	14437	37390	934	-
3297	11900	37390	935	-
3297	1633	37390	939	-
15737	445	37390	941	-
11001	15667	37390	943	-
11001	15667	37390	944	-
11001	22986	37390	958	-
16409	3076	37390	960	-
11001	7151	37390	963	-
11001	1633	37390	963	-
19839	21708	37390	967	-
12332	3611	37390	967	-
587	14873	16072	970	-
12332	16332	16072	973	-
5954	8452	16072	989	nmap
15737	18345	16072	1001	-
15737	12067	16072	1005	-
7215	22986	16072	1007	-
3297	15667	16072	1009	-
8048	16593	16072	1017	-
8048	9554	16072	1017	-
19531	9118	16072	1018	-
3957	5938	16072	1027	-
3297	11900	2565	1029	-
17624	3611	2565	1034	-
17624	3611	2565	1035	-
3297	1633	2565	1035	-
14547	2613	2565	1036	-
7179	16593	2565	1042	-
882	3297	2565	1046	-
7179	16593	2565	1049	-
5954	8452	2565	1050	nmap
587	14873	2565	1051	-
16671	19531	2565	1051	-
15737	12067	2565	1055	-
11001	3076	2565	1056	-
19531	9118	2565	1057	-
10571	8452	2565	1062	-
7215	19834	2565	1064	-
15737	18345	2565	1065	-
11001	19834	2565	1068	-
11001	1633	2565	1069	-
19531	9118	2565	1077	-
587	12519	2565	1080	-
14547	22986	2565	1082	-
587	16714	2565	1087	-
3957	15894	14192	1092	-
882	16593	14192	1092	-
14547	2613	14192	1093	-
3957	15667	14192	1096	-
15737	12067	14192	1096	-
10571	8452	14192	1098	-
5954	8452	14192	1111	nmap
587	16714	14192	1112	-
13993	13122	14192	1113	-
13993	19834	14192	1114	-
19531	22986	14192	1115	-
13993	11900	14192	1116	-
19531	9118	14192	1118	-
19531	15894	14192	1118	-
15737	12067	14192	1121	-
13993	19531	14192	1123	-
19531	3076	14192	1126	-
19531	15667	14192	1128	-
19531	3076	14192	1139	-
6775	3611	14192	1143	-
19350	13122	37266	1149	-
12332	23167	37266	1153	-
6775	3611	37266	1156	-
19839	13122	37266	1156	-
10429	5938	37266	1158	-
6775	16531	37266	1161	-
19839	15894	37266	1162	-
7179	3611	37266	1162	-
15737	12603	37266	1164	-
20312	16593	37266	1170	-
17624	3461	37266	1172	-
5954	8452	37266	1173	nmap
10429	1633	37266	1173	-
13993	11900	37266	1178	-
7782	5938	37266	1180	-
17624	4981	37266	1182	-
17624	3611	37266	1193	-
17624	3611	37266	1193	-
7782	22986	37266	1195	-
19531	19834	37266	1198	-
12985	15667	37266	1198	-
3374	19834	37266	1199	-
19603	3461	37266	1201	-
7782	19834	37266	1201	-
19603	16531	37266	1202	-
14547	2613	37266	1206	-
14547	2613	9691	1210	-
17624	8452	9691	1213	-
17624	8452	9691	1215	-
17624	8452	9691	1217	-
17624	8452	9691	1220	-
17624	8452	9691	1223	-
17624	8452	9691	1223	-
19603	3461	9691	1233	-
5954	8452	9691	1234	nmap
882	14437	9691	1235	-
882	7268	9691	1241	-
882	16332	9691	1242	-
15737	12603	9691	1246	-
15737	3076	9691	1257	-
14547	2613	39553	1268	-
587	14941	39553	1272	-
14547	17857	39553	1277	-
10429	19834	39553	1283	-
10429	21708	39553	1284	-
17624	3611	39553	1293	-
17624	3611	39553	1293	-
17624	3611	39553	1293	-
17624	3611	39553	1293	-
17624	3611	39553	1293	-
17624	3611	39553	1293	-
17624	3611	39553	1293	-
5954	8452	39553	1295	nmap
15737	3076	39553	1298	-
7215	15894	39553	1301	-
17624	14437	39553	1308	-
17624	3461	39553	1309	-
882	2843	39553	1311	-
14547	18888	39553	1322	-
15737	3076	39553	1324	-
587	2519	39553	1326	-
11001	1633	8301	1340	-
11001	15667	8301	1341	-
8048	16332	8301	1343	-
7215	11900	8301	1353	-
5954	8452	8301	1356	nmap
882	23167	8301	1357	-
882	3461	8301	1358	-
12332	8452	8301	1358	-
19531	3076	8301	1362	-
882	23167	8301	1368	-
882	16531	8301	1371	-
882	8452	8301	1377	-
3611	15667	8301	1378	-
882	4981	8301	1379	-
882	16593	8301	1380	-
6775	23167	8301	1384	-
3297	5938	8301	1386	-
3297	22986	8301	1387	-
587	14873	927	1388	-
19839	5938	927	1388	-
20312	3611	927	1388	-
15737	3625	927	1394	-
587	14873	927	1395	-
19531	9118	927	1397	-
15737	9096	927	1399	-
20312	16332	927	1399	-
3297	13122	927	1400	-
20312	3297	927	1401	-
7782	19834	927	1401	-
3297	15894	927	1404	-
3297	11900	927	1408	-
587	19662	927	1409	-
15737	9096	927	1409	-
20367	19350	927	1411	-
7782	19834	927	1412	-
7782	19531	927	1415	-
3957	15394	927	1416	-
3957	19834	927	1416	-
5954	8452	927	1417	nmap
7782	5938	927	1419	-
17624	3611	927	1424	-
15737	9096	927	1427	-
3957	15394	927	1432	-
3957	19834	927	1432	-
14547	18888	927	1437	-
20312	16332	927	1438	-
587	16631	927	1440	-
10571	23167	43777	1452	-
23317	882	43777	1457	-
15394	4800	43777	1457	-
3076	14437	43777	1467	-
3076	9554	43777	1469	-
7782	22986	43777	1470	-
6775	23167	43777	1471	-
8048	23167	43777	1475	-
3076	14437	43777	1475	-
5954	8452	43777	1478	nmap
3297	19834	43777	1491	-
3957	15394	43777	1493	-
3297	15667	43777	1497	-
3297	21708	43777	1499	-
3076	23167	43777	1504	-
3076	3297	43777	1506	-
15737	9096	43777	1507	-
587	23236	35776	1509	-
19531	5938	35776	1510	-
19531	9118	35776	1517	-
7215	21708	35776	1517	-
8048	14437	35776	1527	-
3611	1633	35776	1535	-
3957	587	35776	1537	-
12332	23167	35776	1538	-
8048	8452	35776	1538	-
5954	8452	35776	1539	nmap
12332	2843	35776	1539	-
587	17245	35776	1540	-
3611	22986	35776	1542	-
3611	1633	35776	1543	-
12332	4981	35776	1543	-
5954	1390	35776	1546	nmap
5954	1390	35776	1546	nmap
12332	16531	35776	1547	-
12332	8452	35776	1548	-
12332	16332	35776	1551	-
15737	3548	1520	1568	-
12332	14437	1520	1579	-
17624	16593	1520	1590	-
19531	23104	1520	1595	-
5954	8452	1520	1600	nmap
16671	22986	1520	1618	-
16671	19834	1520	1618	-
16671	19531	1520	1620	-
16671	21708	1520	1624	-
19531	23104	1520	1625	-
19531	9118	9785	1629	-
16671	10738	9785	1630	-
17624	3611	9785	1641	-
17624	3611	9785	1642	-
19531	13122	9785	1656	-
19531	19834	9785	1656	-
16671	10738	9785	1658	-
19531	11900	9785	1659	-
5954	8452	9785	1661	nmap
19531	15667	9785	1662	-
19531	23104	9785	1671	-
20312	16593	9785	1673	-
15737	3548	9785	1677	-
3297	21708	25822	1691	-
19531	23104	25822	1700	-
19531	17005	25822	1701	-
3076	4981	25822	1705	-
3076	3461	25822	1706	-
7179	2843	25822	1709	-
882	14437	25822	1717	-
5954	8452	25822	1722	nmap
882	14437	25822	1726	-
19603	3611	25822	1727	-
19603	3611	25822	1727	-
882	16593	25822	1727	-
8048	7268	25822	1728	-
19531	9118	25822	1731	-
15737	14267	25822	1733	-
19531	9118	25822	1739	-
17624	3611	25822	1747	-
16671	10738	25822	1747	-
10571	2843	25822	1747	-
10571	16593	16724	1748	-
17624	3611	16724	1749	-
17624	3611	16724	1749	-
17624	3611	16724	1749	-
17624	3611	16724	1749	-
17624	3611	16724	1749	-
17624	3611	16724	1749	-
3611	21708	16724	1763	-
882	2843	16724	1766	-
12332	3297	16724	1779	-
12332	3461	16724	1779	-
5954	8452	16724	1783	nmap
15737	3901	16724	1785	-
19603	3611	16724	1788	-
14267	20961	16724	1790	-
15737	7164	16724	1792	-
