23317	5938	26559	0	-
20312	4800	26559	0	-
23317	12431	26559	3	snmpgetattack
5376	4800	26559	3	snmpgetattack
23317	5938	26559	5	-
20312	4800	26559	5	-
5376	4800	13736	8	snmpgetattack
23317	12431	13736	8	snmpgetattack
20312	4800	13736	10	-
23317	5938	13736	10	-
5376	4800	13736	13	snmpgetattack
23317	12431	13736	13	snmpgetattack
20312	4800	13736	16	-
23317	5938	13736	16	-
23317	12431	13736	18	snmpgetattack
5376	4800	13736	18	snmpgetattack
23317	5938	13736	21	-
20312	4800	13736	21	-
23317	12431	13736	23	snmpgetattack
5376	4800	13736	23	snmpgetattack
20312	4800	13736	26	-
23317	5938	13736	26	-
5376	4800	13736	28	snmpgetattack
23317	12431	13736	28	snmpgetattack
23317	5938	13736	31	-
20312	4800	13736	31	-
23317	12431	13736	33	snmpgetattack
5376	4800	13736	33	snmpgetattack
20312	4800	13736	36	-
23317	5938	13736	36	-
5376	4800	13736	38	snmpgetattack
23317	12431	13736	38	snmpgetattack
23317	5938	13736	41	-
20312	4800	13736	41	-
5376	4800	13736	43	snmpgetattack
23317	12431	13736	43	snmpgetattack
23317	5938	13736	46	-
20312	4800	13736	46	-
5376	4800	13736	48	snmpgetattack
23317	12431	13736	48	snmpgetattack
20312	4800	13736	51	-
23317	5938	13736	51	-
5376	4800	13736	53	snmpgetattack
23317	12431	13736	53	snmpgetattack
23317	5938	13736	56	-
20312	4800	13736	56	-
23317	12431	13736	58	snmpgetattack
5376	4800	13736	58	snmpgetattack
20312	4800	13736	61	-
23317	5938	13736	61	-
23317	12431	13736	63	snmpgetattack
5376	4800	13736	63	snmpgetattack
23317	5938	24948	66	-
20312	4800	24948	66	-
5376	4800	24948	68	snmpgetattack
23317	12431	24948	68	snmpgetattack
20312	4800	24948	71	-
23317	5938	24948	71	-
23317	12431	24948	73	snmpgetattack
5376	4800	24948	73	snmpgetattack
23317	5938	24948	76	-
20312	4800	24948	76	-
23317	12431	24948	78	snmpgetattack
5376	4800	24948	78	snmpgetattack
23317	5938	24948	81	-
20312	4800	24948	81	-
23317	12431	24948	83	snmpgetattack
5376	4800	24948	83	snmpgetattack
8294	11780	24948	85	nmap
20312	4800	24948	87	-
23317	5938	24948	87	-
5376	4800	24948	88	snmpgetattack
23317	12431	24948	88	snmpgetattack
20312	4800	24948	92	-
23317	5938	24948	92	-
23317	12431	24948	93	snmpgetattack
5376	4800	24948	93	snmpgetattack
20312	4800	24948	97	-
23317	5938	24948	97	-
23317	12431	24948	98	snmpgetattack
5376	4800	24948	98	snmpgetattack
20312	4800	24948	102	-
23317	5938	24948	102	-
23317	12431	24948	103	snmpgetattack
5376	4800	24948	103	snmpgetattack
23317	5938	24948	107	-
20312	4800	24948	107	-
23317	12431	24948	108	snmpgetattack
5376	4800	24948	108	snmpgetattack
20312	4800	24948	112	-
23317	5938	24948	112	-
23317	12431	24948	113	snmpgetattack
5376	4800	24948	113	snmpgetattack
20312	4800	24948	117	-
23317	5938	24948	117	-
5376	4800	24948	118	snmpgetattack
23317	12431	24948	118	snmpgetattack
20312	4800	24948	122	-
23317	5938	24948	122	-
5376	4800	24948	123	snmpgetattack
23317	12431	24948	123	snmpgetattack
20312	4800	32990	127	-
23317	5938	32990	127	-
23317	12431	32990	129	snmpgetattack
5376	4800	32990	129	snmpgetattack
20312	4800	32990	132	-
23317	5938	32990	132	-
5376	4800	32990	134	snmpgetattack
23317	12431	32990	134	snmpgetattack
23317	5938	32990	137	-
20312	4800	32990	137	-
23317	12431	32990	139	snmpgetattack
5376	4800	32990	139	snmpgetattack
20312	4800	32990	142	-
23317	5938	32990	142	-
23317	12431	32990	144	snmpgetattack
5376	4800	32990	144	snmpgetattack
20312	4800	32990	147	-
23317	5938	32990	147	-
5376	4800	32990	149	snmpgetattack
23317	12431	32990	149	snmpgetattack
20312	4800	32990	152	-
23317	5938	32990	152	-
23317	12431	32990	154	snmpgetattack
5376	4800	32990	154	snmpgetattack
20312	4800	32990	157	-
23317	5938	32990	157	-
5376	4800	32990	159	snmpgetattack
23317	12431	32990	159	snmpgetattack
23317	5938	32990	162	-
20312	4800	32990	162	-
3957	587	32990	163	-
20977	8452	32990	163	warez
12985	12258	32990	164	warez
12985	12258	32990	164	warez
15394	4800	32990	167	-
20312	4800	32990	167	-
23317	882	32990	167	-
23317	5938	32990	167	-
5376	4800	32990	169	snmpgetattack
23317	12431	32990	169	snmpgetattack
20312	4800	32990	172	-
23317	5938	32990	172	-
5376	4800	32990	174	snmpgetattack
23317	12431	32990	174	snmpgetattack
20312	4800	32990	177	-
23317	5938	32990	177	-
23317	12431	32990	179	snmpgetattack
5376	4800	32990	179	snmpgetattack
20312	4800	32990	182	-
23317	5938	32990	182	-
5376	4800	32990	184	snmpgetattack
23317	12431	32990	184	snmpgetattack
20312	4800	34373	187	-
23317	5938	34373	187	-
23317	12431	34373	189	snmpgetattack
5376	4800	34373	189	snmpgetattack
23317	5938	34373	192	-
20312	4800	34373	192	-
5376	4800	34373	194	snmpgetattack
23317	12431	34373	194	snmpgetattack
20312	4800	34373	197	-
23317	5938	34373	197	-
23317	12431	34373	199	snmpgetattack
5376	4800	34373	199	snmpgetattack
20312	4800	34373	202	-
23317	5938	34373	202	-
23317	12431	34373	204	snmpgetattack
5376	4800	34373	204	snmpgetattack
23317	5938	34373	207	-
20312	4800	34373	207	-
5376	4800	34373	209	snmpgetattack
23317	12431	34373	209	snmpgetattack
20312	4800	34373	213	-
23317	5938	34373	213	-
23317	12431	34373	214	snmpgetattack
5376	4800	34373	214	snmpgetattack
20312	4800	34373	218	-
23317	5938	34373	218	-
5376	4800	34373	219	snmpgetattack
23317	12431	34373	219	snmpgetattack
23317	5938	34373	223	-
20312	4800	34373	223	-
5376	4800	34373	224	snmpgetattack
23317	12431	34373	224	snmpgetattack
20312	4800	34373	228	-
23317	5938	34373	228	-
5376	4800	34373	229	snmpgetattack
23317	12431	34373	229	snmpgetattack
20312	4800	34373	233	-
23317	5938	34373	233	-
5376	4800	34373	234	snmpgetattack
23317	12431	34373	234	snmpgetattack
8294	11780	34373	236	nmap
20312	4800	34373	238	-
23317	5938	34373	238	-
5376	4800	34373	239	snmpgetattack
23317	12431	34373	239	snmpgetattack
20312	4800	34373	243	-
23317	5938	34373	243	-
23317	12431	34373	244	snmpgetattack
5376	4800	34373	244	snmpgetattack
23317	5938	27683	248	-
20312	4800	27683	248	-
23317	12431	27683	249	snmpgetattack
5376	4800	27683	249	snmpgetattack
23317	5938	27683	253	-
20312	4800	27683	253	-
5376	4800	27683	255	snmpgetattack
23317	12431	27683	255	snmpgetattack
23317	5938	27683	258	-
20312	4800	27683	258	-
5376	4800	27683	260	snmpgetattack
23317	12431	27683	260	snmpgetattack
20312	4800	27683	263	-
23317	5938	27683	263	-
5376	4800	27683	265	snmpgetattack
23317	12431	27683	265	snmpgetattack
23317	5938	27683	268	-
20312	4800	27683	268	-
5376	4800	27683	270	snmpgetattack
23317	12431	27683	270	snmpgetattack
20312	4800	27683	273	-
23317	5938	27683	273	-
23317	12431	27683	275	snmpgetattack
5376	4800	27683	275	snmpgetattack
23317	5938	27683	278	-
20312	4800	27683	278	-
5376	4800	27683	280	snmpgetattack
23317	12431	27683	280	snmpgetattack
20312	4800	27683	283	-
23317	5938	27683	283	-
23317	12431	27683	285	snmpgetattack
5376	4800	27683	285	snmpgetattack
23317	5938	27683	288	-
20312	4800	27683	288	-
5376	4800	27683	290	snmpgetattack
23317	12431	27683	290	snmpgetattack
20312	4800	27683	293	-
23317	5938	27683	293	-
5376	4800	27683	295	snmpgetattack
23317	12431	27683	295	snmpgetattack
23317	5938	27683	298	-
20312	4800	27683	298	-
23317	12431	27683	300	snmpgetattack
5376	4800	27683	300	snmpgetattack
23317	5938	27683	303	-
20312	4800	27683	303	-
5376	4800	27683	305	snmpgetattack
23317	12431	27683	305	snmpgetattack
23317	5938	22951	308	-
20312	4800	22951	308	-
5376	4800	22951	310	snmpgetattack
23317	12431	22951	310	snmpgetattack
23317	5938	22951	313	-
20312	4800	22951	313	-
23317	12431	22951	315	snmpgetattack
5376	4800	22951	315	snmpgetattack
20312	4800	22951	318	-
23317	5938	22951	318	-
5376	4800	22951	320	snmpgetattack
23317	12431	22951	320	snmpgetattack
20312	4800	22951	323	-
23317	5938	22951	323	-
23317	12431	22951	325	snmpgetattack
5376	4800	22951	325	snmpgetattack
20312	4800	22951	328	-
23317	5938	22951	328	-
5376	4800	22951	330	snmpgetattack
23317	12431	22951	330	snmpgetattack
20312	4800	22951	333	-
23317	5938	22951	333	-
5376	4800	22951	335	snmpgetattack
23317	12431	22951	335	snmpgetattack
20312	4800	22951	339	-
23317	5938	22951	339	-
23317	12431	22951	340	snmpgetattack
5376	4800	22951	340	snmpgetattack
20312	4800	22951	344	-
23317	5938	22951	344	-
5376	4800	22951	345	snmpgetattack
23317	12431	22951	345	snmpgetattack
23317	5938	22951	349	-
20312	4800	22951	349	-
23317	12431	22951	350	snmpgetattack
5376	4800	22951	350	snmpgetattack
23317	5938	22951	354	-
20312	4800	22951	354	-
5376	4800	22951	355	snmpgetattack
23317	12431	22951	355	snmpgetattack
23317	5938	22951	359	-
20312	4800	22951	359	-
23317	12431	22951	360	snmpgetattack
5376	4800	22951	360	snmpgetattack
20312	4800	22951	364	-
23317	5938	22951	364	-
23317	12431	22951	365	snmpgetattack
5376	4800	22951	365	snmpgetattack
23317	5938	6594	369	-
20312	4800	6594	369	-
23317	12431	6594	370	snmpgetattack
5376	4800	6594	370	snmpgetattack
20312	4800	6594	374	-
23317	5938	6594	374	-
23317	12431	6594	375	snmpgetattack
5376	4800	6594	375	snmpgetattack
23317	5938	6594	379	-
20312	4800	6594	379	-
23317	12431	6594	381	snmpgetattack
5376	4800	6594	381	snmpgetattack
23317	5938	6594	384	-
20312	4800	6594	384	-
5376	4800	6594	386	snmpgetattack
23317	12431	6594	386	snmpgetattack
19350	17005	6594	388	-
20312	4800	6594	389	-
23317	5938	6594	389	-
23317	12431	6594	391	snmpgetattack
5376	4800	6594	391	snmpgetattack
23317	5938	6594	394	-
20312	4800	6594	394	-
23317	12431	6594	396	snmpgetattack
5376	4800	6594	396	snmpgetattack
20312	4800	6594	399	-
23317	5938	6594	399	-
17923	15394	6594	399	-
17923	15394	6594	400	-
17923	15394	6594	400	-
17923	15394	6594	400	-
17923	15394	6594	400	-
17923	15394	6594	400	-
17923	15394	6594	400	-
17923	15394	6594	400	-
17923	15394	6594	400	-
17923	15394	6594	400	-
17923	15394	6594	400	-
20367	587	6594	400	-
17923	15394	6594	400	-
17923	15394	6594	400	-
17923	15394	6594	400	-
17923	15394	6594	400	-
17923	15394	6594	400	-
17923	15394	6594	400	-
17923	15394	6594	400	-
17923	15394	6594	400	-
17923	15394	6594	400	-
17923	15394	6594	400	-
17923	15394	6594	400	-
17923	15394	6594	400	-
17923	15394	6594	400	-
17923	15394	6594	400	-
17923	15394	6594	400	-
17923	15394	6594	400	-
17923	15394	6594	400	-
17923	15394	6594	400	-
17923	15394	6594	400	-
17923	15394	6594	400	-
17923	15394	6594	400	-
17923	15394	6594	400	-
17923	15394	6594	400	-
17923	15394	6594	400	-
17923	15394	6594	400	-
17923	15394	6594	400	-
17923	15394	6594	400	-
17923	15394	6594	400	-
17923	15394	6594	400	-
17923	15394	6594	400	-
17923	15394	6594	400	-
17923	15394	6594	400	-
17923	15394	6594	400	-
17923	15394	6594	400	-
17923	15394	6594	400	-
17923	15394	6594	400	-
17923	15394	6594	400	-
17923	15394	6594	400	-
17923	15394	6594	400	-
17923	15394	6594	400	-
17923	15394	6594	400	-
17923	15394	6594	400	-
17923	15394	6594	400	-
17923	15394	6594	400	-
17923	15394	6594	400	-
17923	15394	6594	400	-
17923	15394	6594	400	-
17923	15394	6594	400	-
17923	15394	6594	400	-
17923	15394	6594	400	-
17923	15394	6594	400	-
17923	15394	6594	400	-
17923	15394	6594	400	-
17923	15394	6594	400	-
17923	15394	6594	400	-
17923	15394	6594	400	-
17923	15394	6594	400	-
17923	15394	6594	400	-
17923	15394	6594	400	-
17923	15394	6594	400	-
17923	15394	6594	400	-
17923	15394	6594	400	-
17923	15394	6594	400	-
17923	15394	6594	400	-
17923	15394	6594	400	-
17923	15394	6594	400	-
17923	15394	6594	400	-
17923	15394	6594	400	-
5376	4800	6594	401	snmpgetattack
23317	12431	6594	401	snmpgetattack
23317	5938	6594	404	-
20312	4800	6594	404	-
17923	15394	6594	405	-
17923	15394	6594	405	-
5376	4800	6594	406	snmpgetattack
23317	12431	6594	406	snmpgetattack
20312	4800	6594	409	-
23317	5938	6594	409	-
17923	15394	6594	410	-
17923	15394	6594	410	-
17923	15394	6594	410	-
17923	15394	6594	410	-
17923	15394	6594	410	-
17923	15394	6594	410	-
17923	15394	6594	410	-
17923	15394	6594	410	-
17923	15394	6594	410	-
17923	15394	6594	410	-
17923	15394	6594	410	-
17923	15394	6594	410	-
17923	15394	6594	410	-
17923	15394	6594	411	-
17923	15394	6594	411	-
17923	15394	6594	411	-
17923	15394	6594	411	-
17923	15394	6594	411	-
17923	15394	6594	411	-
5376	4800	6594	411	snmpgetattack
17923	15394	6594	411	-
17923	15394	6594	411	-
17923	15394	6594	411	-
17923	15394	6594	411	-
17923	15394	6594	411	-
17923	15394	6594	411	-
17923	15394	6594	411	-
23317	12431	6594	411	snmpgetattack
17923	15394	6594	411	-
17923	15394	6594	411	-
17923	15394	6594	411	-
17923	15394	6594	411	-
17923	15394	6594	411	-
17923	15394	6594	411	-
17923	15394	6594	411	-
17923	15394	6594	411	-
17923	15394	6594	411	-
17923	15394	6594	411	-
17923	15394	6594	411	-
17923	15394	6594	411	-
17923	15394	6594	411	-
17923	15394	6594	411	-
17923	15394	6594	411	-
17923	15394	6594	411	-
17923	15394	6594	411	-
17923	15394	6594	411	-
17923	15394	6594	411	-
17923	15394	6594	411	-
17923	15394	6594	411	-
17923	15394	6594	411	-
17923	15394	6594	411	-
17923	15394	6594	411	-
17923	15394	6594	411	-
17923	15394	6594	411	-
17923	15394	6594	411	-
17923	15394	6594	411	-
17923	15394	6594	411	-
17923	15394	6594	411	-
17923	15394	6594	411	-
17923	15394	6594	411	-
17923	15394	6594	411	-
17923	15394	6594	411	-
17923	15394	6594	411	-
17923	15394	6594	411	-
17923	15394	6594	411	-
17923	15394	6594	411	-
17923	15394	6594	411	-
17923	15394	6594	411	-
17923	15394	6594	411	-
17923	15394	6594	411	-
17923	15394	6594	411	-
17923	15394	6594	411	-
17923	15394	6594	411	-
17923	15394	6594	411	-
17923	15394	6594	411	-
17923	15394	6594	411	-
17923	15394	6594	411	-
17923	15394	6594	411	-
17923	15394	6594	411	-
17923	15394	6594	411	-
17923	15394	6594	411	-
17923	15394	6594	411	-
17923	15394	6594	411	-
20312	4800	6594	414	-
23317	5938	6594	414	-
17923	15394	6594	416	-
5376	4800	6594	416	snmpgetattack
23317	12431	6594	416	snmpgetattack
17923	15394	6594	416	-
20312	4800	6594	419	-
23317	5938	6594	419	-
17923	15394	6594	421	-
17923	15394	6594	421	-
17923	15394	6594	421	-
17923	15394	6594	421	-
17923	15394	6594	421	-
17923	15394	6594	421	-
17923	15394	6594	421	-
17923	15394	6594	421	-
17923	15394	6594	421	-
17923	15394	6594	421	-
17923	15394	6594	421	-
17923	15394	6594	421	-
5376	4800	6594	421	snmpgetattack
17923	15394	6594	421	-
17923	15394	6594	421	-
17923	15394	6594	421	-
17923	15394	6594	421	-
17923	15394	6594	421	-
17923	15394	6594	421	-
17923	15394	6594	421	-
17923	15394	6594	421	-
17923	15394	6594	421	-
23317	12431	6594	421	snmpgetattack
17923	15394	6594	421	-
17923	15394	6594	421	-
17923	15394	6594	421	-
17923	15394	6594	421	-
17923	15394	6594	421	-
17923	15394	6594	421	-
17923	15394	6594	421	-
17923	15394	6594	421	-
17923	15394	6594	421	-
17923	15394	6594	421	-
17923	15394	6594	421	-
17923	15394	6594	421	-
17923	15394	6594	421	-
17923	15394	6594	421	-
17923	15394	6594	421	-
17923	15394	6594	421	-
17923	15394	6594	421	-
17923	15394	6594	421	-
17923	15394	6594	422	-
17923	15394	6594	422	-
17923	15394	6594	422	-
17923	15394	6594	422	-
17923	15394	6594	422	-
17923	15394	6594	422	-
17923	15394	6594	422	-
17923	15394	6594	422	-
17923	15394	6594	422	-
17923	15394	6594	422	-
17923	15394	6594	422	-
17923	15394	6594	422	-
17923	15394	6594	422	-
17923	15394	6594	422	-
17923	15394	6594	422	-
17923	15394	6594	422	-
17923	15394	6594	422	-
17923	15394	6594	422	-
17923	15394	6594	422	-
17923	15394	6594	422	-
17923	15394	6594	422	-
17923	15394	6594	422	-
17923	15394	6594	422	-
17923	15394	6594	422	-
17923	15394	6594	422	-
17923	15394	6594	422	-
17923	15394	6594	422	-
17923	15394	6594	422	-
17923	15394	6594	422	-
17923	15394	6594	422	-
17923	15394	6594	422	-
17923	15394	6594	422	-
17923	15394	6594	422	-
17923	15394	6594	422	-
17923	15394	6594	422	-
17923	15394	6594	422	-
17923	15394	6594	422	-
17923	15394	6594	422	-
17923	15394	6594	422	-
17923	15394	6594	422	-
17923	15394	6594	422	-
20312	4800	6594	424	-
23317	5938	6594	424	-
5376	4800	23068	426	snmpgetattack
23317	12431	23068	426	snmpgetattack
17923	15394	23068	427	-
17923	15394	23068	427	-
20312	4800	23068	430	-
23317	5938	23068	430	-
23317	12431	23068	431	snmpgetattack
5376	4800	23068	431	snmpgetattack
17923	15394	23068	432	-
17923	15394	23068	432	-
17923	15394	23068	432	-
17923	15394	23068	432	-
17923	15394	23068	432	-
17923	15394	23068	432	-
17923	15394	23068	432	-
17923	15394	23068	432	-
17923	15394	23068	432	-
17923	15394	23068	432	-
17923	15394	23068	432	-
17923	15394	23068	432	-
17923	15394	23068	432	-
17923	15394	23068	432	-
17923	15394	23068	432	-
17923	15394	23068	432	-
17923	15394	23068	432	-
17923	15394	23068	432	-
17923	15394	23068	432	-
17923	15394	23068	432	-
17923	15394	23068	432	-
17923	15394	23068	432	-
17923	15394	23068	432	-
17923	15394	23068	432	-
17923	15394	23068	432	-
17923	15394	23068	432	-
17923	15394	23068	432	-
17923	15394	23068	432	-
17923	15394	23068	432	-
17923	15394	23068	432	-
17923	15394	23068	432	-
17923	15394	23068	432	-
17923	15394	23068	432	-
17923	15394	23068	432	-
17923	15394	23068	432	-
17923	15394	23068	432	-
17923	15394	23068	432	-
17923	15394	23068	432	-
17923	15394	23068	432	-
17923	15394	23068	432	-
17923	15394	23068	432	-
17923	15394	23068	432	-
17923	15394	23068	432	-
17923	15394	23068	432	-
17923	15394	23068	432	-
17923	15394	23068	432	-
17923	15394	23068	432	-
17923	15394	23068	432	-
17923	15394	23068	432	-
17923	15394	23068	432	-
17923	15394	23068	432	-
17923	15394	23068	432	-
17923	15394	23068	432	-
17923	15394	23068	432	-
17923	15394	23068	432	-
17923	15394	23068	432	-
17923	15394	23068	432	-
17923	15394	23068	432	-
17923	15394	23068	432	-
17923	15394	23068	432	-
17923	15394	23068	432	-
17923	15394	23068	432	-
17923	15394	23068	432	-
17923	15394	23068	432	-
17923	15394	23068	432	-
17923	15394	23068	432	-
17923	15394	23068	432	-
17923	15394	23068	432	-
17923	15394	23068	432	-
17923	15394	23068	432	-
17923	15394	23068	432	-
17923	15394	23068	432	-
17923	15394	23068	432	-
17923	15394	23068	432	-
17923	15394	23068	432	-
17923	15394	23068	432	-
17923	15394	23068	432	-
17923	15394	23068	432	-
17923	15394	23068	432	-
17923	15394	23068	432	-
23317	5938	23068	435	-
20312	4800	23068	435	-
5376	4800	23068	437	snmpgetattack
23317	12431	23068	437	snmpgetattack
17923	15394	23068	437	-
17923	15394	23068	437	-
23317	5938	23068	440	-
20312	4800	23068	440	-
17923	15394	23068	442	-
17923	15394	23068	442	-
17923	15394	23068	442	-
5376	4800	23068	442	snmpgetattack
17923	15394	23068	442	-
17923	15394	23068	442	-
17923	15394	23068	442	-
17923	15394	23068	442	-
17923	15394	23068	442	-
17923	15394	23068	442	-
17923	15394	23068	442	-
17923	15394	23068	442	-
23317	12431	23068	442	snmpgetattack
17923	15394	23068	442	-
17923	15394	23068	442	-
17923	15394	23068	443	-
17923	15394	23068	443	-
17923	15394	23068	443	-
17923	15394	23068	443	-
17923	15394	23068	443	-
17923	15394	23068	443	-
17923	15394	23068	443	-
17923	15394	23068	443	-
17923	15394	23068	443	-
17923	15394	23068	443	-
17923	15394	23068	443	-
17923	15394	23068	443	-
17923	15394	23068	443	-
17923	15394	23068	443	-
17923	15394	23068	443	-
17923	15394	23068	443	-
17923	15394	23068	443	-
17923	15394	23068	443	-
17923	15394	23068	443	-
17923	15394	23068	443	-
17923	15394	23068	443	-
17923	15394	23068	443	-
17923	15394	23068	443	-
17923	15394	23068	443	-
17923	15394	23068	443	-
17923	15394	23068	443	-
17923	15394	23068	443	-
17923	15394	23068	443	-
17923	15394	23068	443	-
17923	15394	23068	443	-
17923	15394	23068	443	-
17923	15394	23068	443	-
17923	15394	23068	443	-
17923	15394	23068	443	-
17923	15394	23068	443	-
17923	15394	23068	443	-
17923	15394	23068	443	-
17923	15394	23068	443	-
17923	15394	23068	443	-
17923	15394	23068	443	-
17923	15394	23068	443	-
17923	15394	23068	443	-
17923	15394	23068	443	-
17923	15394	23068	443	-
17923	15394	23068	443	-
17923	15394	23068	443	-
17923	15394	23068	443	-
17923	15394	23068	443	-
17923	15394	23068	443	-
17923	15394	23068	443	-
17923	15394	23068	443	-
17923	15394	23068	443	-
17923	15394	23068	443	-
17923	15394	23068	443	-
17923	15394	23068	443	-
17923	15394	23068	443	-
17923	15394	23068	443	-
17923	15394	23068	443	-
17923	15394	23068	443	-
17923	15394	23068	443	-
17923	15394	23068	443	-
17923	15394	23068	443	-
17923	15394	23068	443	-
17923	15394	23068	443	-
17923	15394	23068	443	-
17923	15394	23068	443	-
17923	15394	23068	443	-
20312	4800	23068	445	-
23317	5938	23068	445	-
5376	4800	23068	447	snmpgetattack
23317	12431	23068	447	snmpgetattack
17923	15394	23068	448	-
17923	15394	23068	448	-
23317	5938	23068	450	-
20312	4800	23068	450	-
23317	12431	23068	452	snmpgetattack
5376	4800	23068	452	snmpgetattack
17923	15394	23068	453	-
17923	15394	23068	454	-
17923	15394	23068	454	-
17923	15394	23068	454	-
17923	15394	23068	454	-
17923	15394	23068	454	-
17923	15394	23068	454	-
17923	15394	23068	454	-
17923	15394	23068	454	-
17923	15394	23068	454	-
17923	15394	23068	454	-
17923	15394	23068	454	-
17923	15394	23068	454	-
17923	15394	23068	454	-
17923	15394	23068	454	-
17923	15394	23068	454	-
17923	15394	23068	454	-
17923	15394	23068	454	-
17923	15394	23068	454	-
17923	15394	23068	454	-
17923	15394	23068	454	-
17923	15394	23068	454	-
17923	15394	23068	454	-
17923	15394	23068	454	-
17923	15394	23068	454	-
17923	15394	23068	454	-
17923	15394	23068	454	-
17923	15394	23068	454	-
17923	15394	23068	454	-
17923	15394	23068	454	-
17923	15394	23068	454	-
17923	15394	23068	454	-
17923	15394	23068	454	-
17923	15394	23068	454	-
17923	15394	23068	454	-
17923	15394	23068	454	-
17923	15394	23068	454	-
17923	15394	23068	454	-
17923	15394	23068	454	-
17923	15394	23068	454	-
17923	15394	23068	454	-
17923	15394	23068	454	-
17923	15394	23068	454	-
17923	15394	23068	454	-
17923	15394	23068	454	-
17923	15394	23068	454	-
17923	15394	23068	454	-
17923	15394	23068	454	-
17923	15394	23068	454	-
17923	15394	23068	454	-
17923	15394	23068	454	-
17923	15394	23068	454	-
17923	15394	23068	454	-
17923	15394	23068	454	-
17923	15394	23068	454	-
17923	15394	23068	454	-
17923	15394	23068	454	-
17923	15394	23068	454	-
17923	15394	23068	454	-
17923	15394	23068	454	-
17923	15394	23068	454	-
17923	15394	23068	454	-
17923	15394	23068	454	-
17923	15394	23068	454	-
17923	15394	23068	454	-
17923	15394	23068	454	-
17923	15394	23068	454	-
17923	15394	23068	454	-
17923	15394	23068	454	-
17923	15394	23068	454	-
17923	15394	23068	454	-
17923	15394	23068	454	-
17923	15394	23068	454	-
17923	15394	23068	454	-
17923	15394	23068	454	-
17923	15394	23068	454	-
17923	15394	23068	454	-
17923	15394	23068	454	-
17923	15394	23068	454	-
17923	15394	23068	454	-
23317	5938	23068	455	-
20312	4800	23068	455	-
23317	12431	23068	457	snmpgetattack
5376	4800	23068	457	snmpgetattack
17923	15394	23068	459	-
17923	15394	23068	459	-
23317	5938	23068	460	-
20312	4800	23068	460	-
5376	4800	23068	462	snmpgetattack
23317	12431	23068	462	snmpgetattack
17923	15394	23068	464	-
17923	15394	23068	464	-
17923	15394	23068	464	-
20312	4800	23068	465	-
23317	5938	23068	465	-
17923	15394	23068	465	-
17923	15394	23068	465	-
17923	15394	23068	465	-
17923	15394	23068	465	-
17923	15394	23068	465	-
17923	15394	23068	465	-
17923	15394	23068	465	-
17923	15394	23068	465	-
17923	15394	23068	465	-
17923	15394	23068	465	-
17923	15394	23068	465	-
17923	15394	23068	465	-
17923	15394	23068	465	-
17923	15394	23068	465	-
17923	15394	23068	465	-
17923	15394	23068	465	-
17923	15394	23068	465	-
23317	12431	23068	467	snmpgetattack
5376	4800	23068	467	snmpgetattack
20312	4800	23068	470	-
23317	5938	23068	470	-
5376	4800	23068	472	snmpgetattack
23317	12431	23068	472	snmpgetattack
23317	5938	23068	475	-
20312	4800	23068	475	-
5376	4800	23068	477	snmpgetattack
23317	12431	23068	477	snmpgetattack
20312	4800	23068	480	-
23317	5938	23068	480	-
5376	4800	23068	482	snmpgetattack
23317	12431	23068	482	snmpgetattack
23317	5938	23068	485	-
20312	4800	23068	485	-
5376	4800	4616	487	snmpgetattack
23317	12431	4616	487	snmpgetattack
23317	5938	4616	491	-
20312	4800	4616	491	-
5376	4800	4616	492	snmpgetattack
23317	12431	4616	492	snmpgetattack
20312	4800	4616	496	-
23317	5938	4616	496	-
23317	12431	4616	497	snmpgetattack
5376	4800	4616	497	snmpgetattack
20312	4800	4616	501	-
23317	5938	4616	501	-
19350	1398	4616	501	-
19350	17697	4616	501	-
19350	17697	4616	501	-
19350	17697	4616	501	-
19350	17697	4616	501	-
19350	1398	4616	501	-
19350	1398	4616	501	-
23317	12431	4616	503	snmpgetattack
5376	4800	4616	503	snmpgetattack
23317	5938	4616	506	-
20312	4800	4616	506	-
5376	4800	4616	508	snmpgetattack
23317	12431	4616	508	snmpgetattack
20312	4800	4616	511	-
23317	5938	4616	511	-
5376	4800	4616	513	snmpgetattack
23317	12431	4616	513	snmpgetattack
20312	4800	4616	516	-
23317	5938	4616	516	-
5376	4800	4616	518	snmpgetattack
23317	12431	4616	518	snmpgetattack
20312	4800	4616	521	-
23317	5938	4616	521	-
5376	4800	4616	523	snmpgetattack
23317	12431	4616	523	snmpgetattack
20312	4800	4616	526	-
23317	5938	4616	526	-
19350	19709	4616	528	-
5376	4800	4616	528	snmpgetattack
23317	12431	4616	528	snmpgetattack
19350	19709	4616	529	-
19350	19709	4616	529	-
19350	19709	4616	529	-
19350	19709	4616	529	-
19350	19709	4616	529	-
19350	19709	4616	529	-
19350	19709	4616	529	-
19350	19709	4616	529	-
19350	19709	4616	529	-
19350	19709	4616	529	-
19350	19709	4616	529	-
19350	19709	4616	529	-
19350	19709	4616	529	-
19350	19709	4616	529	-
19350	19709	4616	529	-
19350	19709	4616	529	-
19350	19709	4616	530	-
19350	19709	4616	530	-
19350	19709	4616	530	-
19350	19709	4616	530	-
19350	19709	4616	530	-
19350	19709	4616	530	-
19350	19709	4616	530	-
19350	19709	4616	530	-
19350	19709	4616	530	-
19350	19709	4616	530	-
19350	19709	4616	530	-
19350	19709	4616	530	-
19350	19709	4616	530	-
19350	19709	4616	530	-
19350	19709	4616	530	-
19350	19709	4616	530	-
19350	19709	4616	530	-
19350	19709	4616	530	-
19350	19709	4616	530	-
19350	19709	4616	530	-
19350	19709	4616	530	-
19350	19709	4616	530	-
19350	19709	4616	530	-
19350	19709	4616	530	-
19350	19709	4616	530	-
23317	5938	4616	531	-
20312	4800	4616	531	-
23317	12431	4616	533	snmpgetattack
5376	4800	4616	533	snmpgetattack
20312	4800	4616	536	-
23317	5938	4616	536	-
5376	4800	4616	538	snmpgetattack
23317	12431	4616	538	snmpgetattack
23317	5938	4616	541	-
20312	4800	4616	541	-
23317	12431	4616	543	snmpgetattack
5376	4800	4616	543	snmpgetattack
20312	4800	22384	546	-
23317	5938	22384	546	-
5376	4800	22384	548	snmpgetattack
23317	12431	22384	548	snmpgetattack
20312	4800	22384	551	-
23317	5938	22384	551	-
5376	4800	22384	554	snmpgetattack
23317	12431	22384	554	snmpgetattack
20312	4800	22384	556	-
23317	5938	22384	556	-
5376	4800	22384	559	snmpgetattack
23317	12431	22384	559	snmpgetattack
23317	5938	22384	561	-
20312	4800	22384	561	-
23317	12431	22384	564	snmpgetattack
5376	4800	22384	564	snmpgetattack
23317	5938	22384	566	-
20312	4800	22384	566	-
23317	12431	22384	569	snmpgetattack
5376	4800	22384	569	snmpgetattack
20312	4800	22384	571	-
23317	5938	22384	571	-
5376	4800	22384	574	snmpgetattack
23317	12431	22384	574	snmpgetattack
20312	4800	22384	576	-
23317	5938	22384	576	-
23317	12431	22384	579	snmpgetattack
5376	4800	22384	579	snmpgetattack
20312	4800	22384	581	-
23317	5938	22384	581	-
5376	4800	22384	584	snmpgetattack
23317	12431	22384	584	snmpgetattack
20312	4800	22384	586	-
23317	5938	22384	586	-
23317	12431	22384	589	snmpgetattack
5376	4800	22384	589	snmpgetattack
23317	5938	22384	591	-
20312	4800	22384	591	-
23317	12431	22384	594	snmpgetattack
5376	4800	22384	594	snmpgetattack
20312	4800	22384	596	-
23317	5938	22384	596	-
5376	4800	22384	599	snmpgetattack
19350	19709	22384	599	-
19350	19709	22384	599	-
19350	19709	22384	599	-
19350	19709	22384	599	-
19350	17906	22384	599	-
23317	12431	22384	599	snmpgetattack
23317	5938	22384	601	-
20312	4800	22384	601	-
5376	4800	22384	604	snmpgetattack
23317	12431	22384	604	snmpgetattack
20312	4800	21803	606	-
23317	5938	21803	606	-
5376	4800	21803	609	snmpgetattack
23317	12431	21803	609	snmpgetattack
23317	5938	21803	611	-
20312	4800	21803	611	-
19350	7282	21803	613	-
5376	4800	21803	614	snmpgetattack
23317	12431	21803	614	snmpgetattack
19350	7282	21803	615	-
19350	7282	21803	615	-
19350	7282	21803	615	-
19350	7282	21803	615	-
19350	7282	21803	615	-
19350	7282	21803	615	-
19350	7282	21803	615	-
19350	7282	21803	615	-
19350	7282	21803	615	-
19350	7282	21803	615	-
19350	7282	21803	615	-
19350	7282	21803	615	-
19350	7282	21803	615	-
19350	7282	21803	615	-
19350	7282	21803	615	-
19350	7282	21803	615	-
19350	7282	21803	615	-
19350	7282	21803	616	-
19350	7282	21803	616	-
19350	7282	21803	616	-
19350	7282	21803	616	-
19350	7282	21803	616	-
19350	7282	21803	616	-
19350	7282	21803	616	-
19350	7282	21803	616	-
19350	7282	21803	616	-
23317	5938	21803	617	-
20312	4800	21803	617	-
5376	4800	21803	619	snmpgetattack
23317	12431	21803	619	snmpgetattack
20312	4800	21803	622	-
23317	5938	21803	622	-
5376	4800	21803	624	snmpgetattack
23317	12431	21803	624	snmpgetattack
20312	4800	21803	627	-
23317	5938	21803	627	-
5376	4800	21803	629	snmpgetattack
23317	12431	21803	629	snmpgetattack
20312	4800	21803	632	-
23317	5938	21803	632	-
5376	4800	21803	634	snmpgetattack
23317	12431	21803	634	snmpgetattack
20312	4800	21803	637	-
23317	5938	21803	637	-
5376	4800	21803	639	snmpgetattack
23317	12431	21803	639	snmpgetattack
20312	4800	21803	642	-
23317	5938	21803	642	-
5376	4800	21803	644	snmpgetattack
23317	12431	21803	644	snmpgetattack
23317	5938	21803	647	-
20312	4800	21803	647	-
23317	12431	21803	649	snmpgetattack
5376	4800	21803	649	snmpgetattack
19350	1739	21803	651	-
19350	1739	21803	652	-
20312	4800	21803	652	-
23317	5938	21803	652	-
19350	1739	21803	652	-
19350	1739	21803	652	-
19350	1739	21803	652	-
19350	1739	21803	652	-
19350	1739	21803	652	-
19350	1739	21803	652	-
19350	1739	21803	652	-
19350	1739	21803	652	-
19350	1739	21803	652	-
19350	1739	21803	652	-
19350	1739	21803	652	-
19350	1739	21803	652	-
19350	1739	21803	652	-
19350	1739	21803	652	-
19350	1739	21803	652	-
19350	1739	21803	652	-
19350	1739	21803	653	-
19350	1739	21803	653	-
19350	1739	21803	653	-
19350	1739	21803	653	-
19350	1739	21803	653	-
19350	1739	21803	653	-
19350	1739	21803	653	-
19350	1739	21803	653	-
19350	1739	21803	653	-
19350	1739	21803	653	-
19350	1739	21803	653	-
19350	1739	21803	653	-
19350	1739	21803	653	-
19350	1739	21803	653	-
19350	1739	21803	653	-
19350	1739	21803	653	-
5376	4800	21803	655	snmpgetattack
23317	12431	21803	655	snmpgetattack
23317	5938	21803	657	-
20312	4800	21803	657	-
23317	12431	21803	660	snmpgetattack
5376	4800	21803	660	snmpgetattack
20312	4800	21803	662	-
23317	5938	21803	662	-
5376	4800	21803	665	snmpgetattack
23317	12431	21803	665	snmpgetattack
19350	13755	21803	665	-
19350	13755	32387	666	-
19350	13755	32387	666	-
19350	13755	32387	666	-
19350	13755	32387	666	-
19350	13755	32387	666	-
19350	13755	32387	666	-
19350	13755	32387	666	-
19350	13755	32387	666	-
19350	13755	32387	666	-
19350	13755	32387	666	-
19350	13755	32387	666	-
19350	13755	32387	666	-
19350	13755	32387	666	-
19350	13755	32387	666	-
19350	13755	32387	666	-
19350	13755	32387	666	-
19350	13755	32387	666	-
19350	13755	32387	666	-
19350	13755	32387	666	-
20312	4800	32387	667	-
23317	5938	32387	667	-
5376	4800	32387	670	snmpgetattack
23317	12431	32387	670	snmpgetattack
20312	4800	32387	672	-
23317	5938	32387	672	-
23317	12431	32387	675	snmpgetattack
5376	4800	32387	675	snmpgetattack
20312	4800	32387	677	-
23317	5938	32387	677	-
5376	4800	32387	680	snmpgetattack
23317	12431	32387	680	snmpgetattack
20312	4800	32387	682	-
23317	5938	32387	682	-
23317	12431	32387	685	snmpgetattack
5376	4800	32387	685	snmpgetattack
20312	4800	32387	687	-
23317	5938	32387	687	-
5376	4800	32387	690	snmpgetattack
23317	12431	32387	690	snmpgetattack
20312	4800	32387	692	-
23317	5938	32387	692	-
5376	4800	32387	695	snmpgetattack
23317	12431	32387	695	snmpgetattack
20312	4800	32387	697	-
23317	5938	32387	697	-
5376	4800	32387	700	snmpgetattack
23317	12431	32387	700	snmpgetattack
20312	4800	32387	702	-
23317	5938	32387	702	-
5376	4800	32387	705	snmpgetattack
23317	12431	32387	705	snmpgetattack
20312	4800	32387	707	-
23317	5938	32387	707	-
5376	4800	32387	710	snmpgetattack
23317	12431	32387	710	snmpgetattack
20312	4800	32387	712	-
23317	5938	32387	712	-
5376	4800	32387	715	snmpgetattack
23317	12431	32387	715	snmpgetattack
3957	15394	32387	717	-
23317	5938	32387	717	-
20312	4800	32387	717	-
23317	12431	32387	720	snmpgetattack
5376	4800	32387	720	snmpgetattack
23317	5938	32387	722	-
20312	4800	32387	722	-
5376	4800	32387	725	snmpgetattack
23317	12431	32387	725	snmpgetattack
20312	4800	10575	727	-
23317	5938	10575	727	-
5376	4800	10575	730	snmpgetattack
23317	12431	10575	730	snmpgetattack
20312	4800	10575	732	-
23317	5938	10575	732	-
23317	12431	10575	735	snmpgetattack
5376	4800	10575	735	snmpgetattack
20312	4800	10575	738	-
23317	5938	10575	738	-
5376	4800	10575	740	snmpgetattack
23317	12431	10575	740	snmpgetattack
23317	5938	10575	743	-
20312	4800	10575	743	-
23317	12431	10575	745	snmpgetattack
5376	4800	10575	745	snmpgetattack
20312	4800	10575	748	-
23317	5938	10575	748	-
5376	4800	10575	750	snmpgetattack
23317	12431	10575	750	snmpgetattack
20312	4800	10575	753	-
23317	5938	10575	753	-
5376	4800	10575	755	snmpgetattack
23317	12431	10575	755	snmpgetattack
20312	4800	10575	758	-
23317	5938	10575	758	-
23317	12431	10575	760	snmpgetattack
5376	4800	10575	760	snmpgetattack
23317	5938	10575	763	-
20312	4800	10575	763	-
23317	12431	10575	765	snmpgetattack
5376	4800	10575	765	snmpgetattack
23317	882	10575	767	-
15394	4800	10575	767	-
20312	4800	10575	768	-
23317	5938	10575	768	-
5376	4800	10575	770	snmpgetattack
23317	12431	10575	770	snmpgetattack
20312	4800	10575	773	-
23317	5938	10575	773	-
5376	4800	10575	775	snmpgetattack
23317	12431	10575	775	snmpgetattack
20312	4800	10575	778	-
23317	5938	10575	778	-
23317	12431	10575	781	snmpgetattack
5376	4800	10575	781	snmpgetattack
23317	5938	10575	783	-
20312	4800	10575	783	-
5376	4800	1674	786	snmpgetattack
23317	12431	1674	786	snmpgetattack
20312	4800	1674	788	-
23317	5938	1674	788	-
5376	4800	1674	791	snmpgetattack
23317	12431	1674	791	snmpgetattack
20312	4800	1674	793	-
23317	5938	1674	793	-
5376	4800	1674	796	snmpgetattack
23317	12431	1674	796	snmpgetattack
20312	4800	1674	798	-
23317	5938	1674	798	-
5376	4800	1674	801	snmpgetattack
23317	12431	1674	801	snmpgetattack
23317	5938	1674	803	-
20312	4800	1674	803	-
23317	12431	1674	806	snmpgetattack
5376	4800	1674	806	snmpgetattack
23317	5938	1674	808	-
20312	4800	1674	808	-
5376	4800	1674	811	snmpgetattack
23317	12431	1674	811	snmpgetattack
20312	4800	1674	813	-
23317	5938	1674	813	-
5376	4800	1674	816	snmpgetattack
23317	12431	1674	816	snmpgetattack
23317	5938	1674	818	-
20312	4800	1674	818	-
5376	4800	1674	821	snmpgetattack
23317	12431	1674	821	snmpgetattack
23317	5938	1674	823	-
20312	4800	1674	823	-
5376	4800	1674	826	snmpgetattack
23317	12431	1674	826	snmpgetattack
20312	4800	1674	828	-
23317	5938	1674	828	-
5376	4800	1674	831	snmpgetattack
23317	12431	1674	831	snmpgetattack
23317	5938	1674	833	-
20312	4800	1674	833	-
23317	12431	1674	836	snmpgetattack
5376	4800	1674	836	snmpgetattack
20312	4800	1674	838	-
23317	5938	1674	838	-
5376	4800	1674	841	snmpgetattack
23317	12431	1674	841	snmpgetattack
20312	4800	1674	843	-
23317	5938	1674	843	-
5376	4800	45184	846	snmpgetattack
23317	12431	45184	846	snmpgetattack
23317	5938	45184	848	-
20312	4800	45184	848	-
5376	4800	45184	851	snmpgetattack
23317	12431	45184	851	snmpgetattack
23317	5938	45184	853	-
20312	4800	45184	853	-
5376	4800	45184	856	snmpgetattack
23317	12431	45184	856	snmpgetattack
23317	5938	45184	859	-
20312	4800	45184	859	-
5376	4800	45184	861	snmpgetattack
23317	12431	45184	861	snmpgetattack
23317	5938	45184	864	-
20312	4800	45184	864	-
23317	12431	45184	866	snmpgetattack
5376	4800	45184	866	snmpgetattack
23317	5938	45184	869	-
20312	4800	45184	869	-
23317	12431	45184	871	snmpgetattack
5376	4800	45184	871	snmpgetattack
104	8452	45184	873	warez
20312	4800	45184	874	-
23317	5938	45184	874	-
12985	6626	45184	875	warez
12985	6626	45184	875	warez
23317	12431	45184	876	snmpgetattack
5376	4800	45184	876	snmpgetattack
23317	5938	45184	879	-
20312	4800	45184	879	-
5376	4800	45184	881	snmpgetattack
23317	12431	45184	881	snmpgetattack
23317	5938	45184	884	-
20312	4800	45184	884	-
5376	4800	45184	886	snmpgetattack
23317	12431	45184	886	snmpgetattack
23317	5938	45184	889	-
20312	4800	45184	889	-
5376	4800	45184	891	snmpgetattack
23317	12431	45184	891	snmpgetattack
20312	4800	45184	894	-
23317	5938	45184	894	-
5376	4800	45184	896	snmpgetattack
23317	12431	45184	896	snmpgetattack
20312	4800	45184	899	-
23317	5938	45184	899	-
5376	4800	45184	901	snmpgetattack
23317	12431	45184	901	snmpgetattack
23317	5938	45184	904	-
20312	4800	45184	904	-
23317	12431	45552	907	snmpgetattack
5376	4800	45552	907	snmpgetattack
23317	5938	45552	909	-
20312	4800	45552	909	-
23317	12431	45552	912	snmpgetattack
5376	4800	45552	912	snmpgetattack
20312	4800	45552	914	-
23317	5938	45552	914	-
5376	4800	45552	917	snmpgetattack
23317	12431	45552	917	snmpgetattack
23317	5938	45552	919	-
20312	4800	45552	919	-
5376	4800	45552	922	snmpgetattack
23317	12431	45552	922	snmpgetattack
20312	4800	45552	924	-
23317	5938	45552	924	-
23317	12431	45552	927	snmpgetattack
5376	4800	45552	927	snmpgetattack
20312	4800	45552	929	-
23317	5938	45552	929	-
5376	4800	45552	932	snmpgetattack
23317	12431	45552	932	snmpgetattack
20312	4800	45552	935	-
23317	5938	45552	935	-
23317	12431	45552	937	snmpgetattack
5376	4800	45552	937	snmpgetattack
20312	4800	45552	940	-
23317	5938	45552	940	-
5376	4800	45552	942	snmpgetattack
23317	12431	45552	942	snmpgetattack
23317	5938	45552	945	-
20312	4800	45552	945	-
5376	4800	45552	947	snmpgetattack
23317	12431	45552	947	snmpgetattack
20312	4800	45552	950	-
23317	5938	45552	950	-
23317	12431	45552	952	snmpgetattack
5376	4800	45552	952	snmpgetattack
20312	4800	45552	955	-
23317	5938	45552	955	-
5376	4800	45552	957	snmpgetattack
23317	12431	45552	957	snmpgetattack
23317	5938	45552	960	-
20312	4800	45552	960	-
5376	4800	45552	962	snmpgetattack
23317	12431	45552	962	snmpgetattack
20312	4800	45552	965	-
23317	5938	45552	965	-
5376	4800	10958	967	snmpgetattack
23317	12431	10958	967	snmpgetattack
20312	4800	10958	970	-
23317	5938	10958	970	-
5376	4800	10958	972	snmpgetattack
23317	12431	10958	972	snmpgetattack
20312	4800	10958	975	-
23317	5938	10958	975	-
23317	12431	10958	977	snmpgetattack
5376	4800	10958	977	snmpgetattack
23317	5938	10958	980	-
20312	4800	10958	980	-
5376	4800	10958	982	snmpgetattack
23317	12431	10958	982	snmpgetattack
23317	5938	10958	985	-
20312	4800	10958	985	-
5376	4800	10958	987	snmpgetattack
23317	12431	10958	987	snmpgetattack
20312	4800	10958	990	-
23317	5938	10958	990	-
5376	4800	10958	992	snmpgetattack
23317	12431	10958	992	snmpgetattack
23317	5938	10958	995	-
20312	4800	10958	995	-
23317	12431	10958	997	snmpgetattack
5376	4800	10958	997	snmpgetattack
23317	5938	10958	1000	-
20312	4800	10958	1000	-
5376	4800	10958	1002	snmpgetattack
23317	12431	10958	1002	snmpgetattack
20312	4800	10958	1005	-
23317	5938	10958	1005	-
5376	4800	10958	1007	snmpgetattack
23317	12431	10958	1007	snmpgetattack
23317	5938	10958	1010	-
20312	4800	10958	1010	-
23317	12431	10958	1012	snmpgetattack
5376	4800	10958	1012	snmpgetattack
23317	5938	10958	1016	-
20312	4800	10958	1016	-
23317	12431	10958	1017	snmpgetattack
5376	4800	10958	1017	snmpgetattack
23317	5938	10958	1021	-
20312	4800	10958	1021	-
5376	4800	10958	1022	snmpgetattack
23317	12431	10958	1022	snmpgetattack
20312	4800	40959	1026	-
23317	5938	40959	1026	-
5376	4800	40959	1027	snmpgetattack
23317	12431	40959	1027	snmpgetattack
20312	4800	40959	1031	-
23317	5938	40959	1031	-
23317	12431	40959	1033	snmpgetattack
5376	4800	40959	1033	snmpgetattack
20312	4800	40959	1036	-
23317	5938	40959	1036	-
23317	12431	40959	1038	snmpgetattack
5376	4800	40959	1038	snmpgetattack
20312	4800	40959	1041	-
23317	5938	40959	1041	-
23317	12431	40959	1043	snmpgetattack
5376	4800	40959	1043	snmpgetattack
20312	4800	40959	1046	-
23317	5938	40959	1046	-
23317	12431	40959	1048	snmpgetattack
5376	4800	40959	1048	snmpgetattack
20312	4800	40959	1051	-
23317	5938	40959	1051	-
5376	4800	40959	1053	snmpgetattack
23317	12431	40959	1053	snmpgetattack
23317	5938	40959	1056	-
20312	4800	40959	1056	-
23317	12431	40959	1058	snmpgetattack
5376	4800	40959	1058	snmpgetattack
20312	4800	40959	1061	-
23317	5938	40959	1061	-
23317	12431	40959	1063	snmpgetattack
5376	4800	40959	1063	snmpgetattack
23317	5938	40959	1066	-
20312	4800	40959	1066	-
23317	12431	40959	1068	snmpgetattack
5376	4800	40959	1068	snmpgetattack
20312	4800	40959	1071	-
23317	5938	40959	1071	-
23317	12431	40959	1073	snmpgetattack
5376	4800	40959	1073	snmpgetattack
23317	5938	40959	1076	-
20312	4800	40959	1076	-
5376	4800	40959	1078	snmpgetattack
23317	12431	40959	1078	snmpgetattack
23317	5938	40959	1081	-
20312	4800	40959	1081	-
5376	4800	40959	1083	snmpgetattack
23317	12431	40959	1083	snmpgetattack
23317	5938	26105	1086	-
20312	4800	26105	1086	-
5376	4800	26105	1088	snmpgetattack
23317	12431	26105	1088	snmpgetattack
20312	4800	26105	1091	-
23317	5938	26105	1091	-
23317	12431	26105	1093	snmpgetattack
5376	4800	26105	1093	snmpgetattack
20312	4800	26105	1097	-
23317	5938	26105	1097	-
23317	12431	26105	1098	snmpgetattack
5376	4800	26105	1098	snmpgetattack
20312	4800	26105	1102	-
23317	5938	26105	1102	-
5376	4800	26105	1103	snmpgetattack
23317	12431	26105	1103	snmpgetattack
20312	4800	26105	1107	-
23317	5938	26105	1107	-
5376	4800	26105	1108	snmpgetattack
23317	12431	26105	1108	snmpgetattack
23317	5938	26105	1112	-
20312	4800	26105	1112	-
5376	4800	26105	1113	snmpgetattack
23317	12431	26105	1113	snmpgetattack
23317	5938	26105	1117	-
20312	4800	26105	1117	-
5376	4800	26105	1118	snmpgetattack
23317	12431	26105	1118	snmpgetattack
20312	4800	26105	1122	-
23317	5938	26105	1122	-
23317	12431	26105	1123	snmpgetattack
5376	4800	26105	1123	snmpgetattack
23317	5938	26105	1127	-
20312	4800	26105	1127	-
23317	12431	26105	1128	snmpgetattack
5376	4800	26105	1128	snmpgetattack
20312	4800	26105	1132	-
23317	5938	26105	1132	-
23317	12431	26105	1133	snmpgetattack
5376	4800	26105	1133	snmpgetattack
23317	5938	26105	1137	-
20312	4800	26105	1137	-
5376	4800	26105	1138	snmpgetattack
23317	12431	26105	1138	snmpgetattack
23317	5938	26105	1142	-
20312	4800	26105	1142	-
23317	12431	26105	1143	snmpgetattack
5376	4800	26105	1143	snmpgetattack
20312	4800	42713	1147	-
23317	5938	42713	1147	-
5376	4800	42713	1148	snmpgetattack
23317	12431	42713	1148	snmpgetattack
20312	4800	42713	1152	-
23317	5938	42713	1152	-
5376	4800	42713	1153	snmpgetattack
23317	12431	42713	1153	snmpgetattack
23317	5938	42713	1157	-
20312	4800	42713	1157	-
23317	12431	42713	1159	snmpgetattack
5376	4800	42713	1159	snmpgetattack
23317	5938	42713	1163	-
20312	4800	42713	1163	-
23317	12431	42713	1164	snmpgetattack
5376	4800	42713	1164	snmpgetattack
20312	4800	42713	1168	-
23317	5938	42713	1168	-
23317	12431	42713	1169	snmpgetattack
5376	4800	42713	1169	snmpgetattack
20312	4800	42713	1173	-
23317	5938	42713	1173	-
5376	4800	42713	1174	snmpgetattack
23317	12431	42713	1174	snmpgetattack
20312	4800	42713	1178	-
23317	5938	42713	1178	-
5376	4800	42713	1179	snmpgetattack
23317	12431	42713	1179	snmpgetattack
20312	4800	42713	1183	-
23317	5938	42713	1183	-
23317	12431	42713	1184	snmpgetattack
5376	4800	42713	1184	snmpgetattack
23317	5938	42713	1188	-
20312	4800	42713	1188	-
5376	4800	42713	1189	snmpgetattack
23317	12431	42713	1189	snmpgetattack
23317	5938	42713	1193	-
20312	4800	42713	1193	-
5376	4800	42713	1194	snmpgetattack
23317	12431	42713	1194	snmpgetattack
20312	4800	42713	1198	-
23317	5938	42713	1198	-
23317	12431	42713	1199	snmpgetattack
5376	4800	42713	1199	snmpgetattack
20312	4800	42713	1203	-
23317	5938	42713	1203	-
5376	4800	42713	1204	snmpgetattack
23317	12431	42713	1204	snmpgetattack
20312	4800	3371	1208	-
23317	5938	3371	1208	-
23317	12431	3371	1209	snmpgetattack
5376	4800	3371	1209	snmpgetattack
20312	4800	3371	1213	-
23317	5938	3371	1213	-
5376	4800	3371	1214	snmpgetattack
23317	12431	3371	1214	snmpgetattack
20312	4800	3371	1218	-
23317	5938	3371	1218	-
5376	4800	3371	1219	snmpgetattack
23317	12431	3371	1219	snmpgetattack
23317	5938	3371	1223	-
20312	4800	3371	1223	-
5376	4800	3371	1224	snmpgetattack
23317	12431	3371	1224	snmpgetattack
20312	4800	3371	1228	-
23317	5938	3371	1228	-
5376	4800	3371	1229	snmpgetattack
23317	12431	3371	1229	snmpgetattack
20312	4800	3371	1233	-
23317	5938	3371	1233	-
5376	4800	3371	1234	snmpgetattack
23317	12431	3371	1234	snmpgetattack
20312	4800	3371	1238	-
23317	5938	3371	1238	-
23317	12431	3371	1239	snmpgetattack
5376	4800	3371	1239	snmpgetattack
5376	4800	3371	1244	snmpgetattack
23317	12431	3371	1244	snmpgetattack
23317	5938	3371	1244	-
20312	4800	3371	1244	-
23317	12431	3371	1249	snmpgetattack
20312	4800	3371	1249	-
23317	5938	3371	1249	-
5376	4800	3371	1249	snmpgetattack
20312	4800	3371	1254	-
23317	5938	3371	1254	-
5376	4800	3371	1254	snmpgetattack
23317	12431	3371	1254	snmpgetattack
20312	4800	3371	1259	-
23317	5938	3371	1259	-
5376	4800	3371	1259	snmpgetattack
23317	12431	3371	1259	snmpgetattack
20312	4800	3371	1264	-
5376	4800	3371	1264	snmpgetattack
23317	12431	3371	1264	snmpgetattack
23317	5938	3371	1264	-
23317	5938	29384	1269	-
5376	4800	29384	1269	snmpgetattack
23317	12431	29384	1269	snmpgetattack
20312	4800	29384	1269	-
20312	4800	29384	1274	-
23317	5938	29384	1274	-
5376	4800	29384	1274	snmpgetattack
23317	12431	29384	1274	snmpgetattack
23317	5938	29384	1279	-
20312	4800	29384	1279	-
5376	4800	29384	1280	snmpgetattack
23317	12431	29384	1280	snmpgetattack
20312	4800	29384	1284	-
23317	5938	29384	1284	-
5376	4800	29384	1285	snmpgetattack
23317	12431	29384	1285	snmpgetattack
20312	4800	29384	1289	-
23317	5938	29384	1289	-
5376	4800	29384	1290	snmpgetattack
23317	12431	29384	1290	snmpgetattack
20312	4800	29384	1294	-
23317	5938	29384	1294	-
5376	4800	29384	1295	snmpgetattack
23317	12431	29384	1295	snmpgetattack
20312	4800	29384	1299	-
23317	5938	29384	1299	-
5376	4800	29384	1300	snmpgetattack
23317	12431	29384	1300	snmpgetattack
20312	4800	29384	1304	-
23317	5938	29384	1304	-
5376	4800	29384	1305	snmpgetattack
23317	12431	29384	1305	snmpgetattack
20312	4800	29384	1309	-
23317	5938	29384	1309	-
5376	4800	29384	1310	snmpgetattack
23317	12431	29384	1310	snmpgetattack
20312	4800	29384	1314	-
23317	5938	29384	1314	-
5376	4800	29384	1315	snmpgetattack
23317	12431	29384	1315	snmpgetattack
20312	4800	29384	1320	-
23317	5938	29384	1320	-
5376	4800	29384	1320	snmpgetattack
23317	12431	29384	1320	snmpgetattack
20312	4800	29384	1325	-
23317	5938	29384	1325	-
5376	4800	29384	1325	snmpgetattack
23317	12431	29384	1325	snmpgetattack
20312	4800	30337	1330	-
23317	5938	30337	1330	-
5376	4800	30337	1330	snmpgetattack
23317	12431	30337	1330	snmpgetattack
20312	4800	30337	1335	-
23317	5938	30337	1335	-
5376	4800	30337	1335	snmpgetattack
23317	12431	30337	1335	snmpgetattack
20312	4800	30337	1340	-
23317	5938	30337	1340	-
5376	4800	30337	1340	snmpgetattack
23317	12431	30337	1340	snmpgetattack
12985	5196	30337	1343	warez
3957	587	30337	1343	-
12985	5196	30337	1343	warez
12293	8452	30337	1343	warez
20312	4800	30337	1345	-
5376	4800	30337	1345	snmpgetattack
23317	12431	30337	1345	snmpgetattack
23317	5938	30337	1345	-
20312	4800	30337	1350	-
23317	5938	30337	1350	-
5376	4800	30337	1350	snmpgetattack
23317	12431	30337	1350	snmpgetattack
20312	4800	30337	1355	-
23317	5938	30337	1355	-
5376	4800	30337	1355	snmpgetattack
23317	12431	30337	1355	snmpgetattack
20312	4800	30337	1360	-
23317	5938	30337	1360	-
5376	4800	30337	1360	snmpgetattack
23317	12431	30337	1360	snmpgetattack
20312	4800	30337	1365	-
23317	5938	30337	1365	-
5376	4800	30337	1365	snmpgetattack
23317	12431	30337	1365	snmpgetattack
15394	4800	30337	1367	-
23317	882	30337	1367	-
20312	4800	30337	1370	-
23317	5938	30337	1370	-
5376	4800	30337	1370	snmpgetattack
23317	12431	30337	1370	snmpgetattack
5376	4800	30337	1375	snmpgetattack
23317	12431	30337	1375	snmpgetattack
20312	4800	30337	1375	-
23317	5938	30337	1375	-
23317	5938	30337	1380	-
20312	4800	30337	1380	-
23317	12431	30337	1380	snmpgetattack
5376	4800	30337	1380	snmpgetattack
23317	12431	8484	1386	snmpgetattack
5376	4800	8484	1386	snmpgetattack
20312	4800	8484	1386	-
23317	5938	8484	1386	-
20312	4800	8484	1391	-
23317	5938	8484	1391	-
5376	4800	8484	1391	snmpgetattack
23317	12431	8484	1391	snmpgetattack
5376	4800	8484	1396	snmpgetattack
23317	12431	8484	1396	snmpgetattack
20312	4800	8484	1396	-
23317	5938	8484	1396	-
20312	4800	8484	1401	-
23317	5938	8484	1401	-
5376	4800	8484	1401	snmpgetattack
23317	12431	8484	1401	snmpgetattack
5376	4800	8484	1406	snmpgetattack
23317	12431	8484	1406	snmpgetattack
20312	4800	8484	1406	-
23317	5938	8484	1406	-
5376	4800	8484	1411	snmpgetattack
23317	12431	8484	1411	snmpgetattack
20312	4800	8484	1411	-
23317	5938	8484	1411	-
23317	5938	8484	1416	-
5376	4800	8484	1416	snmpgetattack
23317	12431	8484	1416	snmpgetattack
20312	4800	8484	1416	-
23317	12431	8484	1421	snmpgetattack
20312	4800	8484	1421	-
23317	5938	8484	1421	-
5376	4800	8484	1421	snmpgetattack
5376	4800	8484	1426	snmpgetattack
23317	12431	8484	1426	snmpgetattack
20312	4800	8484	1426	-
23317	5938	8484	1426	-
23317	5938	8484	1431	-
5376	4800	8484	1431	snmpgetattack
23317	12431	8484	1431	snmpgetattack
20312	4800	8484	1431	-
23317	12431	8484	1436	snmpgetattack
20312	4800	8484	1436	-
23317	5938	8484	1436	-
5376	4800	8484	1436	snmpgetattack
23317	5938	8484	1441	-
5376	4800	8484	1441	snmpgetattack
23317	12431	8484	1441	snmpgetattack
20312	4800	8484	1441	-
5376	4800	31866	1446	snmpgetattack
20312	4800	31866	1446	-
23317	5938	31866	1446	-
23317	12431	31866	1446	snmpgetattack
23317	12431	31866	1451	snmpgetattack
20312	4800	31866	1451	-
23317	5938	31866	1451	-
5376	4800	31866	1451	snmpgetattack
23317	5938	31866	1456	-
5376	4800	31866	1456	snmpgetattack
23317	12431	31866	1456	snmpgetattack
20312	4800	31866	1456	-
23317	12431	31866	1461	snmpgetattack
20312	4800	31866	1461	-
23317	5938	31866	1461	-
5376	4800	31866	1461	snmpgetattack
20312	4800	31866	1466	-
23317	5938	31866	1466	-
23317	12431	31866	1466	snmpgetattack
5376	4800	31866	1466	snmpgetattack
23317	12431	31866	1472	snmpgetattack
20312	4800	31866	1472	-
23317	5938	31866	1472	-
5376	4800	31866	1472	snmpgetattack
23317	5938	31866	1477	-
23317	12431	31866	1477	snmpgetattack
20312	4800	31866	1477	-
5376	4800	31866	1477	snmpgetattack
5376	4800	31866	1482	snmpgetattack
23317	12431	31866	1482	snmpgetattack
20312	4800	31866	1482	-
23317	5938	31866	1482	-
5376	4800	31866	1487	snmpgetattack
23317	12431	31866	1487	snmpgetattack
20312	4800	31866	1487	-
23317	5938	31866	1487	-
20312	4800	31866	1492	-
23317	12431	31866	1492	snmpgetattack
5376	4800	31866	1492	snmpgetattack
23317	5938	31866	1492	-
20312	4800	31866	1497	-
5376	4800	31866	1497	snmpgetattack
23317	12431	31866	1497	snmpgetattack
23317	5938	31866	1497	-
23317	12431	31866	1502	snmpgetattack
5376	4800	31866	1502	snmpgetattack
20312	4800	31866	1502	-
23317	5938	31866	1502	-
20312	4800	17430	1507	-
5376	4800	17430	1507	snmpgetattack
23317	12431	17430	1507	snmpgetattack
23317	5938	17430	1507	-
20312	4800	17430	1512	-
23317	5938	17430	1512	-
5376	4800	17430	1512	snmpgetattack
23317	12431	17430	1512	snmpgetattack
23317	12431	17430	1517	snmpgetattack
5376	4800	17430	1517	snmpgetattack
23317	5938	17430	1517	-
20312	4800	17430	1517	-
23317	12431	17430	1522	snmpgetattack
20312	4800	17430	1522	-
23317	5938	17430	1522	-
5376	4800	17430	1522	snmpgetattack
23317	12431	17430	1527	snmpgetattack
5376	4800	17430	1527	snmpgetattack
20312	4800	17430	1527	-
23317	5938	17430	1527	-
23317	5938	17430	1532	-
5376	4800	17430	1532	snmpgetattack
23317	12431	17430	1532	snmpgetattack
20312	4800	17430	1532	-
5376	4800	17430	1537	snmpgetattack
23317	12431	17430	1537	snmpgetattack
20312	4800	17430	1537	-
23317	5938	17430	1537	-
5376	4800	17430	1542	snmpgetattack
20312	4800	17430	1542	-
23317	5938	17430	1542	-
23317	12431	17430	1542	snmpgetattack
23317	12431	17430	1547	snmpgetattack
5376	4800	17430	1547	snmpgetattack
20312	4800	17430	1547	-
23317	5938	17430	1547	-
20312	4800	17430	1553	-
23317	5938	17430	1553	-
5376	4800	17430	1553	snmpgetattack
23317	12431	17430	1553	snmpgetattack
23317	12431	17430	1558	snmpgetattack
20312	4800	17430	1558	-
23317	5938	17430	1558	-
5376	4800	17430	1558	snmpgetattack
23317	12431	17430	1563	snmpgetattack
20312	4800	17430	1563	-
23317	5938	17430	1563	-
5376	4800	17430	1563	snmpgetattack
23317	5938	24808	1568	-
20312	4800	24808	1568	-
23317	12431	24808	1568	snmpgetattack
5376	4800	24808	1568	snmpgetattack
5376	4800	24808	1573	snmpgetattack
23317	12431	24808	1573	snmpgetattack
23317	5938	24808	1573	-
20312	4800	24808	1573	-
23317	5938	24808	1578	-
5376	4800	24808	1578	snmpgetattack
23317	12431	24808	1578	snmpgetattack
20312	4800	24808	1578	-
23317	12431	24808	1583	snmpgetattack
20312	4800	24808	1583	-
23317	5938	24808	1583	-
5376	4800	24808	1583	snmpgetattack
20312	4800	24808	1588	-
23317	12431	24808	1588	snmpgetattack
5376	4800	24808	1588	snmpgetattack
23317	5938	24808	1588	-
23317	5938	24808	1593	-
5376	4800	24808	1593	snmpgetattack
23317	12431	24808	1593	snmpgetattack
20312	4800	24808	1593	-
23317	12431	24808	1598	snmpgetattack
20312	4800	24808	1598	-
23317	5938	24808	1598	-
5376	4800	24808	1598	snmpgetattack
23317	5938	24808	1603	-
5376	4800	24808	1603	snmpgetattack
23317	12431	24808	1603	snmpgetattack
20312	4800	24808	1603	-
5376	4800	24808	1609	snmpgetattack
23317	12431	24808	1609	snmpgetattack
20312	4800	24808	1609	-
23317	5938	24808	1609	-
23317	5938	24808	1614	-
20312	4800	24808	1614	-
5376	4800	24808	1614	snmpgetattack
23317	12431	24808	1614	snmpgetattack
5376	4800	24808	1619	snmpgetattack
20312	4800	24808	1619	-
23317	5938	24808	1619	-
23317	12431	24808	1619	snmpgetattack
20312	4800	24808	1624	-
23317	5938	24808	1624	-
5376	4800	24808	1624	snmpgetattack
23317	12431	24808	1624	snmpgetattack
5376	4800	25539	1629	snmpgetattack
23317	12431	25539	1629	snmpgetattack
20312	4800	25539	1629	-
23317	5938	25539	1629	-
20312	4800	25539	1634	-
5376	4800	25539	1634	snmpgetattack
23317	5938	25539	1634	-
23317	12431	25539	1634	snmpgetattack
5376	4800	25539	1639	snmpgetattack
23317	5938	25539	1639	-
20312	4800	25539	1639	-
23317	12431	25539	1639	snmpgetattack
5376	4800	25539	1644	snmpgetattack
23317	12431	25539	1644	snmpgetattack
20312	4800	25539	1644	-
23317	5938	25539	1644	-
23317	5938	25539	1649	-
5376	4800	25539	1649	snmpgetattack
20312	4800	25539	1649	-
23317	12431	25539	1649	snmpgetattack
23317	12431	25539	1654	snmpgetattack
20312	4800	25539	1654	-
23317	5938	25539	1654	-
5376	4800	25539	1654	snmpgetattack
23317	12431	25539	1659	snmpgetattack
20312	4800	25539	1659	-
23317	5938	25539	1659	-
5376	4800	25539	1659	snmpgetattack
23317	12431	25539	1665	snmpgetattack
20312	4800	25539	1665	-
23317	5938	25539	1665	-
5376	4800	25539	1665	snmpgetattack
5376	4800	25539	1670	snmpgetattack
23317	12431	25539	1670	snmpgetattack
20312	4800	25539	1670	-
23317	5938	25539	1670	-
3957	15394	25539	1670	-
23317	5938	25539	1675	-
5376	4800	25539	1675	snmpgetattack
23317	12431	25539	1675	snmpgetattack
20312	4800	25539	1675	-
23317	12431	25539	1680	snmpgetattack
5376	4800	25539	1680	snmpgetattack
23317	5938	25539	1680	-
20312	4800	25539	1680	-
23317	12431	25539	1685	snmpgetattack
20312	4800	25539	1685	-
23317	5938	25539	1685	-
5376	4800	25539	1685	snmpgetattack
20312	4800	13903	1690	-
23317	5938	13903	1690	-
5376	4800	13903	1690	snmpgetattack
23317	12431	13903	1690	snmpgetattack
23317	12431	13903	1695	snmpgetattack
20312	4800	13903	1695	-
23317	5938	13903	1695	-
5376	4800	13903	1695	snmpgetattack
20312	4800	13903	1700	-
23317	5938	13903	1700	-
5376	4800	13903	1700	snmpgetattack
23317	12431	13903	1700	snmpgetattack
23317	12431	13903	1705	snmpgetattack
5376	4800	13903	1705	snmpgetattack
23317	5938	13903	1705	-
20312	4800	13903	1705	-
20312	4800	13903	1710	-
23317	5938	13903	1710	-
5376	4800	13903	1710	snmpgetattack
23317	12431	13903	1710	snmpgetattack
20312	4800	13903	1715	-
5376	4800	13903	1715	snmpgetattack
23317	12431	13903	1715	snmpgetattack
23317	5938	13903	1715	-
23317	12431	13903	1721	snmpgetattack
20312	4800	13903	1721	-
23317	5938	13903	1721	-
5376	4800	13903	1721	snmpgetattack
23317	12431	13903	1726	snmpgetattack
23317	5938	13903	1726	-
20312	4800	13903	1726	-
5376	4800	13903	1726	snmpgetattack
5376	4800	13903	1731	snmpgetattack
23317	5938	13903	1731	-
23317	12431	13903	1731	snmpgetattack
20312	4800	13903	1731	-
23317	12431	13903	1736	snmpgetattack
5376	4800	13903	1736	snmpgetattack
20312	4800	13903	1736	-
23317	5938	13903	1736	-
23317	5938	13903	1741	-
5376	4800	13903	1741	snmpgetattack
23317	12431	13903	1741	snmpgetattack
20312	4800	13903	1741	-
5376	4800	24608	1746	snmpgetattack
20312	4800	24608	1746	-
23317	12431	24608	1746	snmpgetattack
23317	5938	24608	1746	-
23317	5938	24608	1751	-
5376	4800	24608	1751	snmpgetattack
23317	12431	24608	1751	snmpgetattack
20312	4800	24608	1751	-
5376	4800	24608	1756	snmpgetattack
23317	5938	24608	1756	-
20312	4800	24608	1756	-
23317	12431	24608	1756	snmpgetattack
23317	5938	24608	1761	-
20312	4800	24608	1761	-
5376	4800	24608	1761	snmpgetattack
23317	12431	24608	1761	snmpgetattack
23317	12431	24608	1766	snmpgetattack
5376	4800	24608	1766	snmpgetattack
20312	4800	24608	1766	-
23317	5938	24608	1766	-
20312	4800	24608	1771	-
23317	5938	24608	1771	-
5376	4800	24608	1771	snmpgetattack
23317	12431	24608	1771	snmpgetattack
23317	12431	24608	1777	snmpgetattack
20312	4800	24608	1777	-
23317	5938	24608	1777	-
5376	4800	24608	1777	snmpgetattack
20312	4800	24608	1782	-
23317	12431	24608	1782	snmpgetattack
5376	4800	24608	1782	snmpgetattack
23317	5938	24608	1782	-
5376	4800	24608	1787	snmpgetattack
23317	12431	24608	1787	snmpgetattack
20312	4800	24608	1787	-
23317	5938	24608	1787	-
23317	5938	24608	1792	-
5376	4800	24608	1792	snmpgetattack
23317	12431	24608	1792	snmpgetattack
20312	4800	24608	1792	-
5376	4800	24608	1797	snmpgetattack
23317	12431	24608	1797	snmpgetattack
20312	4800	24608	1797	-
23317	5938	24608	1797	-
