7215	7594	4256	0	-
7215	7594	4256	0	-
7215	7594	4256	0	-
7215	7594	4256	0	-
7215	7594	4256	0	-
7215	7594	4256	0	-
7215	7594	4256	0	-
7215	7594	4256	0	-
7215	7594	4256	0	-
7215	7594	4256	0	-
7215	7594	4256	0	-
7215	7594	4256	0	-
7215	7594	4256	0	-
7215	7594	4256	0	-
7215	7594	4256	0	-
7215	7594	4256	0	-
7215	7594	4256	0	-
7215	7594	4256	0	-
7215	7594	4256	0	-
7215	7594	4256	0	-
7215	7594	4256	0	-
7215	7594	4256	0	-
7215	7594	4256	0	-
7215	7594	4256	0	-
7215	7594	4256	0	-
7215	7594	4256	0	-
7215	7594	4256	0	-
7215	7594	4256	1	-
7215	7594	4256	1	-
7215	7594	4256	1	-
7215	7594	4256	1	-
7215	7594	4256	1	-
7215	7594	4256	1	-
7215	7594	4256	1	-
7215	7594	4256	1	-
7215	7594	4256	1	-
7215	7594	4256	1	-
7215	7594	4256	1	-
7215	7594	4256	1	-
7215	7594	4256	1	-
7215	7594	4256	1	-
7215	7594	4256	1	-
7215	7594	4256	1	-
7215	7594	4256	1	-
7215	7594	4256	1	-
7215	7594	4256	1	-
7215	7594	4256	1	-
7215	7594	4256	1	-
7215	7594	4256	1	-
20312	4800	4256	3	-
7782	5938	11488	7	-
3611	16690	11488	7	-
3611	16690	11488	8	-
3611	16690	11488	8	-
3611	16690	11488	8	-
3611	16690	11488	8	-
3611	16690	11488	8	-
3611	16690	11488	8	-
3611	16690	11488	8	-
3611	16690	11488	8	-
3611	16690	11488	8	-
20312	4800	11488	8	-
20312	4800	11488	13	-
20312	4800	11488	18	-
3611	16690	11488	18	-
3611	16690	11488	19	-
3611	16690	11488	19	-
882	14437	11488	21	-
20312	4800	11488	23	-
19531	739	11488	28	-
19531	739	11488	28	-
19531	739	11488	28	-
19531	8524	11488	28	-
19531	739	11488	28	-
20312	4800	11488	28	-
19531	739	11488	28	-
20312	4800	11488	33	-
3076	4981	11488	33	-
882	16531	11488	35	-
20312	4800	11488	38	-
19603	16531	11488	39	-
13993	5938	11488	40	-
7215	16772	11488	41	-
7215	16772	11488	41	-
7215	16772	11488	41	-
7215	16772	11488	41	-
7215	16772	11488	41	-
7215	16772	11488	41	-
7215	16772	11488	41	-
7215	16772	11488	41	-
20312	4800	11488	43	-
20312	4800	11488	48	-
7215	16772	11488	48	-
7782	1633	11488	51	-
20312	4800	11488	53	-
587	8530	11488	53	-
587	8530	11488	54	-
587	8530	11488	54	-
587	8530	11488	54	-
587	8530	11488	54	-
587	8530	11488	54	-
587	8530	11488	54	-
587	8530	11488	54	-
587	8530	11488	54	-
587	8530	11488	54	-
587	20495	11488	54	-
587	8530	11488	54	-
587	8530	11488	54	-
587	8530	11488	54	-
587	8530	11488	54	-
587	8530	11488	54	-
587	8530	11488	54	-
587	8530	11488	54	-
587	8530	11488	54	-
587	8530	11488	54	-
587	8530	11488	54	-
587	8530	11488	54	-
587	8530	11488	54	-
587	8530	11488	54	-
587	8530	11488	54	-
587	8530	11488	54	-
587	8530	11488	55	-
587	8530	11488	55	-
587	8530	11488	55	-
587	8530	11488	55	-
587	8530	11488	55	-
587	8530	11488	55	-
587	8530	11488	55	-
587	8530	11488	55	-
587	8530	11488	55	-
587	8530	11488	55	-
587	8530	11488	55	-
587	8530	11488	55	-
587	8530	11488	55	-
587	8530	11488	55	-
587	8530	11488	55	-
587	8530	11488	55	-
10571	2843	11488	56	-
20312	4800	11488	58	-
8048	14437	11488	61	-
20312	4800	11488	63	-
3297	20961	11488	64	-
3297	20961	11488	65	-
3297	20961	11488	65	-
3297	20961	11488	65	-
3297	20961	11488	65	-
3297	20961	11488	65	-
3297	20961	11488	65	-
3297	20961	11488	65	-
3297	20961	11488	65	-
3297	20961	11488	65	-
3297	20961	11488	65	-
3297	20961	11488	65	-
3297	20961	11488	65	-
3297	20961	11488	65	-
3297	20961	11488	65	-
3297	20961	11488	65	-
3297	20961	11488	65	-
3297	20961	11488	65	-
3297	20961	11488	65	-
3297	20961	11488	65	-
3297	20961	11488	65	-
3297	20961	11488	65	-
3297	20961	11488	65	-
3297	20961	11488	65	-
3297	20961	11488	65	-
3297	20961	11488	65	-
3297	20961	11488	65	-
3297	20961	11488	65	-
3297	20961	11488	65	-
3297	20961	11488	65	-
3297	20961	11488	65	-
3297	20961	11488	65	-
3297	20961	11488	65	-
3297	20961	11488	65	-
3297	20961	11488	65	-
3297	20961	11488	65	-
3297	20961	11488	65	-
3297	20961	11488	66	-
20312	4800	31311	68	-
19603	16593	31311	69	-
19603	4981	31311	71	-
20312	4800	31311	73	-
20312	4800	31311	78	-
20312	4800	31311	83	-
20312	4800	31311	88	-
16409	19603	31311	92	-
16409	13936	31311	92	-
20312	4800	31311	93	-
20312	4800	31311	98	-
20312	16593	31311	101	-
20312	4800	31311	103	-
882	2843	31311	103	-
20312	4800	31311	108	-
20312	4800	31311	113	-
20312	4800	31311	119	-
3297	1633	31311	124	-
20312	4800	31311	124	-
3297	9057	45400	128	-
20312	4800	45400	129	-
3297	22454	45400	131	-
3297	22454	45400	131	-
3297	22454	45400	131	-
3297	22454	45400	132	-
3297	22454	45400	132	-
3297	22454	45400	132	-
3297	22454	45400	132	-
3297	22454	45400	132	-
3297	22454	45400	132	-
3297	22454	45400	132	-
3297	22454	45400	132	-
3297	22454	45400	132	-
3297	22454	45400	132	-
3297	22454	45400	132	-
3297	22454	45400	132	-
3297	22454	45400	132	-
3297	22454	45400	132	-
3297	22454	45400	132	-
3297	22454	45400	132	-
3297	22454	45400	132	-
3297	22454	45400	132	-
3297	22454	45400	132	-
3297	22454	45400	132	-
3297	22454	45400	132	-
3297	22454	45400	132	-
3297	22454	45400	132	-
20312	4800	45400	134	-
20312	4800	45400	139	-
20312	4800	45400	144	-
7215	4273	45400	147	-
7215	4273	45400	147	-
7215	4273	45400	147	-
7215	4273	45400	147	-
7215	4273	45400	147	-
7215	4273	45400	147	-
7215	4273	45400	147	-
7215	4273	45400	147	-
7215	4273	45400	147	-
7215	4273	45400	147	-
7215	4273	45400	147	-
7215	4273	45400	147	-
7215	4273	45400	147	-
7215	4273	45400	147	-
7215	4273	45400	147	-
7215	4273	45400	147	-
7215	4273	45400	147	-
7215	4273	45400	147	-
7215	4273	45400	147	-
7215	4273	45400	147	-
7215	4273	45400	147	-
7215	4273	45400	147	-
7215	4273	45400	148	-
7215	4273	45400	148	-
7215	4273	45400	148	-
7215	4273	45400	148	-
7215	4273	45400	148	-
7215	4273	45400	148	-
7215	4273	45400	148	-
7215	4273	45400	148	-
7215	4273	45400	148	-
7215	4273	45400	148	-
7215	4273	45400	148	-
7215	4273	45400	148	-
7215	4273	45400	148	-
7215	4273	45400	148	-
7215	4273	45400	148	-
7215	4273	45400	148	-
7215	4273	45400	148	-
7215	4273	45400	148	-
7215	4273	45400	148	-
7215	4273	45400	148	-
7215	4273	45400	148	-
7215	4273	45400	148	-
7215	4273	45400	148	-
7215	4273	45400	148	-
7215	4273	45400	148	-
7215	4273	45400	148	-
7215	4273	45400	148	-
7215	4273	45400	148	-
7215	4273	45400	148	-
7215	4273	45400	148	-
20312	4800	45400	149	-
19531	5938	45400	151	-
20312	4800	45400	154	-
7215	2973	45400	158	-
7215	2973	45400	158	-
7215	2973	45400	158	-
7215	2973	45400	158	-
20312	4800	45400	159	-
19531	3122	45400	161	-
19531	3122	45400	161	-
19531	3122	45400	161	-
19531	3122	45400	161	-
20312	4800	45400	164	-
587	7215	45400	169	-
587	7215	45400	169	-
20312	4800	45400	169	-
587	7215	45400	169	-
587	7215	45400	169	-
587	7215	45400	170	-
587	7215	45400	170	-
587	7215	45400	170	-
587	7215	45400	170	-
587	7215	45400	170	-
587	7215	45400	170	-
587	7215	45400	170	-
20312	4800	45400	174	-
20312	4800	45400	179	-
20312	4800	45400	184	-
7215	2973	45400	185	-
7215	2973	45400	185	-
7215	2973	45400	185	-
20312	4800	3015	189	-
3297	22454	3015	190	-
3297	22454	3015	190	-
3297	22454	3015	190	-
3297	22454	3015	190	-
3297	22454	3015	190	-
3297	22454	3015	190	-
3297	22454	3015	190	-
3297	22454	3015	190	-
3297	22454	3015	190	-
3297	22454	3015	190	-
3297	22454	3015	190	-
3297	22454	3015	190	-
3297	22454	3015	190	-
3297	22454	3015	190	-
3297	22454	3015	190	-
3297	22454	3015	190	-
3297	22454	3015	190	-
3297	22454	3015	190	-
3297	22454	3015	190	-
3297	22454	3015	190	-
3297	22454	3015	190	-
3297	22454	3015	191	-
3297	22454	3015	191	-
3297	22454	3015	191	-
3297	22454	3015	191	-
3297	22454	3015	191	-
3297	22454	3015	191	-
3297	22454	3015	191	-
3297	22454	3015	191	-
3297	22454	3015	191	-
3297	22454	3015	191	-
3297	22454	3015	191	-
3297	22454	3015	191	-
587	1398	3015	194	-
587	1398	3015	194	-
587	17697	3015	194	-
587	1398	3015	194	-
587	17697	3015	194	-
587	17697	3015	194	-
587	17697	3015	194	-
587	1398	3015	194	-
20312	4800	3015	194	-
20312	4800	3015	199	-
20312	4800	3015	204	-
20312	4800	3015	209	-
587	3901	3015	211	-
587	2677	3015	214	-
587	2677	3015	214	-
20312	4800	3015	214	-
20312	4800	3015	219	-
7215	2973	3015	220	-
7215	2973	3015	220	-
7215	2973	3015	220	-
7215	2973	3015	220	-
7215	2973	3015	220	-
7215	2973	3015	220	-
7215	2973	3015	220	-
20312	4800	3015	224	-
19531	7389	3015	226	-
19531	7389	3015	226	-
19531	7389	3015	226	-
19531	7389	3015	226	-
19531	7389	3015	226	-
19531	7389	3015	226	-
19531	7389	3015	226	-
19531	7389	3015	226	-
19531	7389	3015	226	-
19531	7389	3015	226	-
19531	7389	3015	226	-
19531	7389	3015	226	-
20312	4800	3015	229	-
3611	15394	3015	229	-
20367	587	3015	229	-
882	4981	3015	231	-
20312	4800	3015	234	-
20312	4800	3015	239	-
19531	7389	3015	240	-
19531	7389	3015	240	-
19531	7389	3015	240	-
19531	7389	3015	240	-
19531	7389	3015	240	-
19531	7389	3015	240	-
19531	7389	3015	240	-
19531	7389	3015	240	-
19531	7389	3015	240	-
19531	7389	3015	240	-
19531	7389	3015	240	-
19531	7389	3015	240	-
19531	7389	3015	241	-
19531	7389	3015	241	-
16409	19603	3015	244	-
20312	4800	3015	244	-
7782	19834	3015	245	-
7215	19531	23187	247	-
20312	4800	23187	249	-
3297	17005	23187	252	-
20312	4800	23187	254	-
10429	11900	23187	255	-
10571	4981	23187	257	-
20312	4800	23187	259	-
7215	6929	23187	261	-
7215	6929	23187	261	-
7215	6929	23187	262	-
7215	6929	23187	262	-
7215	6929	23187	262	-
7215	6929	23187	262	-
7215	6929	23187	262	-
7215	6929	23187	262	-
7215	6929	23187	262	-
7215	6929	23187	262	-
7215	6929	23187	262	-
7215	6929	23187	262	-
7215	6929	23187	262	-
7215	6929	23187	262	-
7215	6929	23187	262	-
7215	6929	23187	262	-
7215	6929	23187	262	-
7215	6929	23187	262	-
7215	6929	23187	262	-
7215	6929	23187	262	-
7215	6929	23187	262	-
7215	6929	23187	262	-
7215	6929	23187	262	-
7215	6929	23187	262	-
7215	6929	23187	262	-
7215	6929	23187	262	-
7215	6929	23187	262	-
7215	6929	23187	262	-
7215	6929	23187	262	-
7215	6929	23187	262	-
7215	6929	23187	262	-
7215	6929	23187	262	-
7215	6929	23187	262	-
20312	4800	23187	264	-
7215	6929	23187	265	-
7215	6929	23187	265	-
7215	6929	23187	265	-
7215	19063	23187	265	-
7215	6929	23187	265	-
7215	6929	23187	266	-
20312	4800	23187	270	-
20312	4800	23187	275	-
3297	22454	23187	278	-
3297	22454	23187	278	-
3297	22454	23187	278	-
3297	22454	23187	278	-
3297	22454	23187	278	-
3297	22454	23187	278	-
3297	22454	23187	278	-
3297	22454	23187	279	-
3297	22454	23187	279	-
3297	22454	23187	279	-
3297	22454	23187	279	-
3297	22454	23187	279	-
3297	22454	23187	279	-
3297	22454	23187	279	-
3297	22454	23187	279	-
3297	22454	23187	279	-
3297	22454	23187	279	-
3297	22454	23187	279	-
3297	22454	23187	279	-
3297	22454	23187	279	-
3297	22454	23187	279	-
3297	22454	23187	279	-
3297	22454	23187	279	-
3297	22454	23187	279	-
3297	22454	23187	279	-
3297	22454	23187	279	-
3297	22454	23187	279	-
3297	22454	23187	279	-
3297	22454	23187	279	-
3297	22454	23187	279	-
3297	22454	23187	279	-
3297	22454	23187	279	-
3297	22454	23187	279	-
3297	22454	23187	279	-
3297	22454	23187	279	-
20312	4800	23187	280	-
3957	15394	23187	282	-
3957	587	23187	283	-
12332	14437	23187	283	-
20312	4800	23187	285	-
10571	16531	23187	285	-
13993	11900	23187	290	-
20312	4800	23187	290	-
13993	11900	23187	292	-
13993	11900	23187	294	-
3611	16690	23187	295	-
20312	4800	23187	295	-
3611	1967	23187	295	-
13993	11900	23187	296	-
13993	11900	23187	298	-
7215	6929	23187	300	-
20312	4800	23187	300	-
7215	6929	23187	301	-
7215	6929	23187	301	-
7215	6929	23187	301	-
13993	11900	23187	301	-
7215	6929	23187	301	-
7215	6929	23187	301	-
7215	6929	23187	301	-
7215	6929	23187	301	-
7215	6929	23187	301	-
7215	6929	23187	301	-
7215	6929	23187	301	-
7215	6929	23187	301	-
7215	6929	23187	301	-
7215	6929	23187	301	-
7215	6929	23187	301	-
7215	6929	23187	301	-
7215	6929	23187	301	-
7215	6929	23187	301	-
7215	6929	23187	302	-
7215	6929	23187	302	-
7215	6929	23187	302	-
7215	6929	23187	302	-
7215	6929	23187	302	-
7215	6929	23187	302	-
7215	6929	23187	302	-
7215	6929	23187	302	-
7215	6929	23187	302	-
7215	6929	23187	302	-
7215	6929	23187	302	-
7215	6929	23187	302	-
7215	6929	23187	302	-
7215	6929	23187	302	-
7215	6929	23187	302	-
7215	6929	23187	302	-
7215	6929	23187	302	-
7215	6929	23187	302	-
7215	6929	23187	302	-
7215	6929	23187	302	-
7215	6929	23187	302	-
7215	6929	23187	302	-
7215	6929	23187	302	-
7215	6929	23187	302	-
7215	6929	23187	302	-
7215	6929	23187	302	-
7215	6929	23187	302	-
7215	6929	23187	302	-
13993	11900	23187	304	-
13993	11900	23187	304	-
13993	11900	23187	304	-
13993	11900	23187	304	-
13993	11900	23187	304	-
13993	11900	23187	304	-
13993	11900	23187	304	-
13993	11900	23187	304	-
13993	11900	23187	304	-
13993	11900	23187	304	-
13993	11900	23187	304	-
13993	11900	23187	304	-
13993	11900	23187	304	-
13993	11900	23187	304	-
13993	11900	23187	304	-
13993	11900	23187	304	-
20312	4800	23187	305	-
16409	16772	38921	308	-
16409	16772	38921	308	-
16409	16772	38921	308	-
16409	16772	38921	308	-
16409	16772	38921	308	-
3611	15394	38921	308	-
16409	16772	38921	308	-
16409	16772	38921	308	-
16409	16772	38921	308	-
7215	6929	38921	309	-
7215	6929	38921	309	-
7215	6929	38921	309	-
7215	6929	38921	309	-
7215	6929	38921	309	-
7215	6929	38921	309	-
7215	6929	38921	309	-
7215	6929	38921	309	-
7215	6929	38921	309	-
7215	6929	38921	309	-
7215	6929	38921	310	-
7215	6929	38921	310	-
7215	6929	38921	310	-
7215	6929	38921	310	-
7215	6929	38921	310	-
7215	6929	38921	310	-
7215	6929	38921	310	-
7215	6929	38921	310	-
7215	6929	38921	310	-
7215	6929	38921	310	-
7215	6929	38921	310	-
20312	4800	38921	310	-
7215	6929	38921	310	-
7215	6929	38921	310	-
7215	6929	38921	310	-
7215	6929	38921	310	-
7215	6929	38921	310	-
7215	6929	38921	310	-
7215	6929	38921	310	-
7215	6929	38921	310	-
7215	6929	38921	310	-
7215	6929	38921	310	-
7215	6929	38921	310	-
7215	6929	38921	310	-
7215	6929	38921	310	-
7215	6929	38921	310	-
7215	6929	38921	310	-
7215	6929	38921	310	-
7215	6929	38921	310	-
7215	6929	38921	310	-
7215	6929	38921	310	-
7215	6929	38921	310	-
20312	4800	38921	315	-
20312	4800	38921	320	-
23317	5938	38921	325	-
20312	4800	38921	325	-
20312	4800	38921	330	-
20312	4800	38921	335	-
20312	4800	38921	340	-
587	1398	38921	343	-
587	17697	38921	343	-
587	1398	38921	343	-
587	17697	38921	343	-
587	17697	38921	343	-
587	17697	38921	343	-
587	1398	38921	343	-
587	1398	38921	343	-
20312	4800	38921	345	-
13993	13122	38921	346	-
20312	4800	38921	350	-
587	7215	38921	351	-
587	7215	38921	351	-
587	7215	38921	351	-
17923	14437	38921	355	-
20312	4800	38921	355	-
7179	8452	38921	355	-
19531	587	38921	355	-
20312	4800	38921	360	-
20312	4800	38921	365	-
7215	6929	32154	370	-
20312	4800	32154	370	-
7215	6929	32154	371	-
7215	6929	32154	371	-
7215	6929	32154	371	-
7215	6929	32154	371	-
7215	6929	32154	371	-
7215	6929	32154	371	-
7215	6929	32154	371	-
7215	6929	32154	371	-
7215	6929	32154	371	-
7215	6929	32154	371	-
7215	6929	32154	371	-
7215	6929	32154	371	-
7215	6929	32154	371	-
7215	6929	32154	371	-
7215	6929	32154	371	-
7215	6929	32154	371	-
7215	6929	32154	371	-
7215	6929	32154	371	-
7215	6929	32154	371	-
7215	6929	32154	371	-
7215	6929	32154	371	-
7215	6929	32154	371	-
7215	6929	32154	371	-
7215	6929	32154	372	-
7215	6929	32154	372	-
7215	6929	32154	372	-
7215	6929	32154	372	-
7215	6929	32154	372	-
7215	6929	32154	372	-
7215	6929	32154	372	-
7215	6929	32154	372	-
7215	6929	32154	372	-
7215	6929	32154	372	-
7215	6929	32154	372	-
7215	6929	32154	372	-
7215	6929	32154	372	-
7215	6929	32154	372	-
7215	6929	32154	372	-
7215	6929	32154	372	-
7215	6929	32154	372	-
7215	6929	32154	372	-
7215	6929	32154	372	-
7215	6929	32154	372	-
20312	4800	32154	375	-
20312	4800	32154	380	-
3611	20634	32154	384	-
3611	20634	32154	384	-
3611	20634	32154	384	-
3611	20634	32154	384	-
3611	20634	32154	384	-
3611	20634	32154	384	-
3611	20634	32154	384	-
3611	20634	32154	384	-
3611	20634	32154	384	-
3611	20634	32154	384	-
3611	20634	32154	384	-
3611	20634	32154	384	-
3611	20634	32154	384	-
3611	20634	32154	384	-
3611	20634	32154	384	-
3611	20634	32154	384	-
19531	7389	32154	385	-
19531	7389	32154	385	-
19531	7389	32154	385	-
19531	7389	32154	385	-
19531	7389	32154	385	-
19531	7389	32154	385	-
19531	7389	32154	385	-
10429	19834	32154	385	-
19531	7389	32154	385	-
19531	7389	32154	385	-
19531	7389	32154	385	-
19531	7389	32154	385	-
19531	7389	32154	385	-
19531	7389	32154	385	-
19531	7389	32154	385	-
20312	4800	32154	385	-
587	7215	32154	387	-
10429	5938	32154	388	-
20312	4800	32154	390	-
3611	21510	32154	392	-
3611	21510	32154	392	-
3611	21510	32154	392	-
3611	21510	32154	393	-
3611	21510	32154	393	-
3611	21510	32154	393	-
3611	21510	32154	393	-
3611	21510	32154	393	-
3611	21510	32154	393	-
3611	21510	32154	393	-
3611	21510	32154	393	-
20312	4800	32154	395	-
20312	4800	32154	400	-
20312	4800	32154	405	-
16409	19603	32154	406	-
20312	4800	32154	410	-
3611	21510	32154	410	-
20312	4800	32154	415	-
20312	4800	32154	421	-
7179	16332	32154	422	-
7179	3461	32154	425	-
20312	4800	32154	426	-
8048	3461	38260	430	-
20312	4800	38260	431	-
882	16531	38260	432	-
6775	9554	38260	432	-
6775	9554	38260	435	-
20312	4800	38260	436	-
11001	1633	38260	440	-
20312	4800	38260	441	-
16409	19603	38260	442	-
10571	23167	38260	443	-
7215	6929	38260	444	-
7215	6929	38260	445	-
7215	6929	38260	445	-
7215	6929	38260	445	-
7215	6929	38260	445	-
7215	6929	38260	445	-
7215	6929	38260	445	-
7215	6929	38260	445	-
7215	6929	38260	445	-
7215	6929	38260	445	-
7215	6929	38260	445	-
7215	6929	38260	445	-
7215	6929	38260	445	-
7215	6929	38260	445	-
7215	6929	38260	445	-
7215	6929	38260	445	-
7215	6929	38260	445	-
7215	6929	38260	445	-
7215	6929	38260	445	-
7215	6929	38260	445	-
7215	6929	38260	445	-
7215	6929	38260	445	-
7215	6929	38260	445	-
7215	6929	38260	445	-
7215	6929	38260	445	-
7215	6929	38260	445	-
7215	6929	38260	445	-
7215	6929	38260	445	-
7215	6929	38260	446	-
7215	6929	38260	446	-
7215	6929	38260	446	-
7215	6929	38260	446	-
7215	6929	38260	446	-
7215	6929	38260	446	-
7215	6929	38260	446	-
7215	6929	38260	446	-
7215	6929	38260	446	-
7215	6929	38260	446	-
7215	6929	38260	446	-
7215	6929	38260	446	-
7215	6929	38260	446	-
7215	6929	38260	446	-
7215	6929	38260	446	-
7215	6929	38260	446	-
20312	4800	38260	446	-
7215	6929	38260	446	-
7215	6929	38260	446	-
7215	6929	38260	446	-
20312	4800	38260	451	-
3611	15894	38260	454	-
20312	4800	38260	456	-
7215	6929	38260	458	-
7215	6929	38260	458	-
7215	6929	38260	458	-
7215	6929	38260	458	-
7215	6929	38260	458	-
7215	6929	38260	458	-
7215	6929	38260	459	-
7215	6929	38260	459	-
7215	6929	38260	459	-
7215	6929	38260	459	-
7215	6929	38260	459	-
7215	6929	38260	459	-
7215	6929	38260	459	-
7215	6929	38260	459	-
7215	6929	38260	459	-
7215	6929	38260	459	-
7215	6929	38260	459	-
7215	6929	38260	459	-
7215	6929	38260	459	-
7215	6929	38260	459	-
7215	6929	38260	459	-
7215	6929	38260	459	-
7215	6929	38260	459	-
7215	6929	38260	459	-
7215	6929	38260	459	-
7215	6929	38260	459	-
7215	6929	38260	459	-
7215	6929	38260	459	-
7215	6929	38260	459	-
7215	6929	38260	459	-
7215	6929	38260	459	-
7215	6929	38260	459	-
7215	6929	38260	459	-
7215	6929	38260	459	-
7215	6929	38260	459	-
7215	6929	38260	459	-
7215	6929	38260	459	-
7215	6929	38260	459	-
7215	6929	38260	459	-
7215	6929	38260	459	-
7215	6929	38260	459	-
7215	6929	38260	459	-
7215	6929	38260	460	-
7215	6929	38260	460	-
7215	6929	38260	460	-
20312	4800	38260	461	-
20312	4800	38260	466	-
587	1004	38260	467	-
587	1004	38260	467	-
587	1004	38260	467	-
587	1004	38260	467	-
587	1004	38260	467	-
587	1004	38260	467	-
587	1004	38260	467	-
587	1004	38260	468	-
587	1004	38260	468	-
587	1004	38260	468	-
587	1004	38260	468	-
587	1004	38260	468	-
587	1004	38260	468	-
587	1004	38260	468	-
587	1004	38260	468	-
587	1004	38260	468	-
587	1004	38260	468	-
587	1004	38260	468	-
587	1004	38260	468	-
587	1004	38260	468	-
587	1004	38260	468	-
20312	4800	38260	471	-
20312	4800	38260	476	-
20312	4800	38260	481	-
20312	4800	38260	486	-
19531	21980	4919	487	-
19531	21980	4919	487	-
19531	21980	4919	487	-
11001	19834	4919	488	-
11001	15894	4919	491	-
20312	4800	4919	491	-
15394	4800	4919	492	-
23317	882	4919	492	-
20312	4800	4919	496	-
16409	6775	4919	500	-
16409	10429	4919	501	-
16409	10429	4919	501	-
20312	4800	4919	501	-
16409	10429	4919	501	-
20312	4800	4919	506	-
587	1004	4919	508	-
587	1004	4919	508	-
20312	4800	4919	511	-
7215	15421	4919	514	-
7215	15421	4919	515	-
7215	15421	4919	515	-
7215	15421	4919	515	-
7215	15421	4919	515	-
7215	15421	4919	515	-
7215	15421	4919	515	-
7215	15421	4919	515	-
3611	15667	4919	515	-
6775	14437	4919	516	-
20312	4800	4919	516	-
17624	2843	4919	517	-
17624	2843	4919	519	-
20312	4800	4919	521	-
17624	2843	4919	522	-
11001	11900	4919	522	-
17624	2843	4919	524	-
20312	4800	4919	526	-
17624	2843	4919	528	-
7215	19834	4919	529	-
19531	1949	4919	531	-
20312	4800	4919	531	-
587	1004	4919	533	-
587	1004	4919	533	-
587	1004	4919	533	-
587	1004	4919	533	-
587	1004	4919	534	-
587	1004	4919	534	-
587	1004	4919	534	-
587	1004	4919	534	-
587	1004	4919	534	-
587	1004	4919	534	-
587	1004	4919	534	-
587	1004	4919	534	-
587	1004	4919	534	-
587	1004	4919	534	-
587	1004	4919	534	-
587	1004	4919	534	-
19531	6001	4919	534	-
19531	6001	4919	534	-
19531	6001	4919	534	-
19531	6001	4919	534	-
587	1004	4919	534	-
587	1004	4919	534	-
587	1004	4919	534	-
587	1004	4919	534	-
587	1004	4919	534	-
19531	6001	4919	534	-
19531	6001	4919	535	-
19531	6001	4919	535	-
19531	6001	4919	535	-
19531	6001	4919	535	-
19531	6001	4919	535	-
19531	6001	4919	535	-
20312	4800	4919	536	-
20312	4800	4919	541	-
16409	16409	4919	543	-
16409	16409	4919	543	-
16409	16409	4919	543	-
16409	16409	4919	543	-
12332	16531	4919	544	-
20312	4800	4919	546	-
20312	4800	11293	551	-
20312	4800	11293	556	-
8048	14437	11293	556	-
8048	16332	11293	557	-
7215	15894	11293	559	-
20312	4800	11293	562	-
19531	21980	11293	562	-
10571	14437	11293	563	-
20312	4800	11293	567	-
7215	19834	11293	569	-
7215	1633	11293	571	-
20312	4800	11293	572	-
20312	4800	11293	577	-
20312	4800	11293	582	-
3611	22986	11293	585	-
20312	4800	11293	587	-
20312	4800	11293	592	-
20312	4800	11293	597	-
20312	4800	11293	602	-
19531	22275	11293	602	-
19531	17516	11293	605	-
19531	17516	11293	605	-
19531	17516	11293	605	-
20312	4800	5825	607	-
20312	4800	5825	612	-
11001	1633	5825	612	-
20312	3461	5825	617	-
20312	4800	5825	617	-
7215	6929	5825	621	-
7215	6929	5825	621	-
7215	6929	5825	621	-
7215	6929	5825	621	-
7215	6929	5825	621	-
7215	6929	5825	621	-
7215	6929	5825	621	-
7215	6929	5825	621	-
7215	6929	5825	621	-
7215	6929	5825	621	-
7215	6929	5825	621	-
7215	6929	5825	621	-
7215	6929	5825	621	-
7215	6929	5825	621	-
7215	6929	5825	621	-
7215	6929	5825	622	-
7215	6929	5825	622	-
7215	6929	5825	622	-
7215	6929	5825	622	-
7215	6929	5825	622	-
7215	6929	5825	622	-
7215	6929	5825	622	-
7215	6929	5825	622	-
7215	6929	5825	622	-
7215	6929	5825	622	-
7215	6929	5825	622	-
7215	6929	5825	622	-
7215	6929	5825	622	-
7215	6929	5825	622	-
7215	6929	5825	622	-
7215	6929	5825	622	-
7215	6929	5825	622	-
7215	6929	5825	622	-
7215	6929	5825	622	-
7215	6929	5825	622	-
7215	6929	5825	622	-
7215	6929	5825	622	-
7215	6929	5825	622	-
7215	6929	5825	622	-
7215	6929	5825	622	-
7215	6929	5825	622	-
20312	4800	5825	622	-
7215	6929	5825	622	-
7215	6929	5825	622	-
7215	6929	5825	623	-
16409	15307	5825	626	-
16409	15307	5825	626	-
16409	15307	5825	626	-
16409	15307	5825	626	-
7215	6929	5825	627	-
7215	6929	5825	627	-
7215	6929	5825	627	-
7215	6929	5825	627	-
7215	6929	5825	627	-
7215	6929	5825	627	-
7215	6929	5825	627	-
7215	6929	5825	627	-
7215	6929	5825	627	-
7215	6929	5825	627	-
7215	6929	5825	627	-
7215	6929	5825	627	-
7215	6929	5825	627	-
7215	6929	5825	627	-
7215	6929	5825	627	-
7215	6929	5825	627	-
20312	4800	5825	627	-
7215	6929	5825	627	-
7215	6929	5825	627	-
7215	6929	5825	627	-
7215	6929	5825	628	-
7215	6929	5825	628	-
7215	6929	5825	628	-
7215	6929	5825	628	-
7215	6929	5825	628	-
7215	6929	5825	628	-
7215	6929	5825	628	-
7215	6929	5825	628	-
7215	6929	5825	628	-
7215	6929	5825	628	-
7215	6929	5825	628	-
7215	6929	5825	628	-
7215	6929	5825	628	-
7215	6929	5825	628	-
7215	6929	5825	628	-
7215	6929	5825	628	-
7215	6929	5825	628	-
7215	6929	5825	628	-
7215	6929	5825	628	-
7215	6929	5825	628	-
7215	6929	5825	628	-
7215	6929	5825	628	-
16409	12248	5825	629	-
16409	15307	5825	630	-
16409	15307	5825	630	-
16409	15307	5825	630	-
16409	15307	5825	630	-
20312	4800	5825	632	-
20312	4800	5825	637	-
7782	11900	5825	640	-
7179	8452	5825	640	-
3611	21510	5825	642	-
20312	4800	5825	642	-
3611	21510	5825	642	-
3611	21510	5825	643	-
3611	21510	5825	643	-
3611	21510	5825	643	-
3611	21510	5825	643	-
3611	21510	5825	643	-
3611	21510	5825	643	-
3611	21510	5825	643	-
3611	21510	5825	643	-
3611	21510	5825	643	-
3611	21510	5825	644	-
17624	2843	5825	645	-
20312	4800	5825	647	-
20312	3297	5825	650	-
20312	4800	5825	652	-
3611	21510	5825	656	-
3611	21510	5825	657	-
3611	21510	5825	657	-
3611	21510	5825	657	-
3611	21510	5825	657	-
3611	21510	5825	657	-
3611	21510	5825	657	-
3611	21510	5825	657	-
3611	21510	5825	657	-
3611	21510	5825	657	-
3611	21510	5825	657	-
20312	4800	5825	657	-
10571	2843	5825	657	-
20312	4800	5825	662	-
20312	4800	44701	667	-
3611	21510	44701	668	-
20312	4800	44701	673	-
11001	11900	44701	676	-
7782	5938	44701	677	-
20312	4800	44701	678	-
20312	4800	44701	683	-
20312	4800	44701	688	-
23317	5938	44701	688	-
19531	13122	44701	692	-
19531	5938	44701	692	-
20312	4800	44701	693	-
19531	22986	44701	694	-
19531	15307	44701	698	-
19531	15307	44701	698	-
19531	15307	44701	698	-
19531	15307	44701	698	-
19531	15307	44701	698	-
19531	12248	44701	698	-
19531	15307	44701	698	-
19531	15307	44701	698	-
20312	4800	44701	698	-
19531	15307	44701	698	-
7215	6929	44701	700	-
7215	6929	44701	701	-
7215	6929	44701	701	-
7215	6929	44701	701	-
7215	6929	44701	701	-
7215	6929	44701	701	-
7215	6929	44701	701	-
7215	6929	44701	701	-
7215	6929	44701	701	-
7215	6929	44701	701	-
7215	6929	44701	701	-
7215	6929	44701	701	-
7215	6929	44701	701	-
7215	6929	44701	701	-
7215	6929	44701	701	-
7215	6929	44701	701	-
7215	6929	44701	701	-
7215	6929	44701	701	-
7215	6929	44701	701	-
7215	6929	44701	701	-
7215	6929	44701	701	-
7215	6929	44701	701	-
7215	6929	44701	701	-
7215	6929	44701	701	-
7215	6929	44701	701	-
7215	6929	44701	701	-
7215	6929	44701	701	-
7215	6929	44701	701	-
7215	6929	44701	701	-
7215	6929	44701	701	-
7215	6929	44701	701	-
7215	6929	44701	701	-
7215	6929	44701	701	-
7215	6929	44701	702	-
7215	6929	44701	702	-
7215	6929	44701	702	-
7215	6929	44701	702	-
7215	6929	44701	702	-
7215	6929	44701	702	-
7215	6929	44701	702	-
7215	6929	44701	702	-
7215	6929	44701	702	-
7215	6929	44701	702	-
7215	6929	44701	702	-
20312	4800	44701	703	-
20312	4800	44701	708	-
19531	19834	44701	712	-
20312	4800	44701	713	-
19531	5938	44701	715	-
19531	15307	44701	717	-
20312	4800	44701	718	-
11001	5938	44701	719	-
12985	15667	44701	721	-
20312	4800	44701	723	-
17624	8452	44701	723	-
11001	5938	44701	724	-
7215	21372	44701	725	-
7215	21372	44701	725	-
7215	21372	44701	725	-
7215	21372	44701	725	-
7215	21372	44701	725	-
7215	21372	44701	725	-
7215	21372	44701	725	-
7215	21372	44701	725	-
7215	21372	44701	725	-
7215	21372	44701	725	-
7215	21372	44701	725	-
7215	21372	44701	725	-
7215	21372	44701	725	-
7215	21372	44701	725	-
7215	21372	44701	726	-
7215	21372	44701	726	-
7215	21372	44701	726	-
17624	8452	44701	726	-
7215	21372	44701	726	-
7215	21372	44701	726	-
7215	21372	44701	726	-
19531	15307	44701	726	-
7215	21372	44701	726	-
7215	21372	44701	726	-
7215	21372	44701	726	-
7215	21372	44701	726	-
7215	21372	44701	726	-
7215	21372	44701	726	-
10429	15894	38221	727	-
19603	9554	38221	727	-
17624	8452	38221	728	-
20312	4800	38221	728	-
19531	15307	38221	729	-
19531	15307	38221	729	-
19531	11011	38221	729	-
19531	15307	38221	729	-
19531	15307	38221	730	-
19531	15307	38221	730	-
19531	15307	38221	730	-
19531	15307	38221	730	-
19531	15307	38221	730	-
19531	15307	38221	730	-
17624	8452	38221	731	-
3611	9890	38221	732	-
3611	9890	38221	732	-
3611	9890	38221	732	-
7179	8452	38221	732	-
3611	9890	38221	732	-
19531	15307	38221	733	-
19531	15307	38221	733	-
19531	15307	38221	733	-
19531	12361	38221	733	-
20312	4800	38221	733	-
19531	15307	38221	733	-
19531	15307	38221	733	-
19531	15307	38221	736	-
19531	15307	38221	736	-
19531	2321	38221	736	-
19531	15307	38221	736	-
19531	15307	38221	736	-
19531	15307	38221	736	-
19531	15307	38221	736	-
19531	15307	38221	736	-
19531	15307	38221	736	-
19531	15307	38221	736	-
12332	23167	38221	737	-
20312	4800	38221	738	-
19531	4100	38221	739	-
19531	11900	38221	741	-
19531	15307	38221	742	-
19531	15307	38221	742	-
19531	15307	38221	742	-
19531	15307	38221	742	-
19531	15307	38221	742	-
19531	15307	38221	742	-
19531	15307	38221	742	-
19531	15307	38221	742	-
19531	15307	38221	742	-
19531	10522	38221	742	-
19531	15307	38221	742	-
19531	15307	38221	742	-
19531	15307	38221	742	-
19531	15307	38221	743	-
19531	15307	38221	743	-
19531	15307	38221	743	-
19531	15307	38221	743	-
19531	11011	38221	743	-
19531	15307	38221	743	-
19531	15307	38221	743	-
19531	15307	38221	743	-
19531	15307	38221	743	-
19531	15307	38221	743	-
19531	15307	38221	743	-
19531	12361	38221	743	-
20312	4800	38221	743	-
19531	15307	38221	743	-
19531	15307	38221	743	-
19531	15307	38221	746	-
19531	15307	38221	746	-
19531	16043	38221	746	-
19531	15307	38221	746	-
19531	15307	38221	746	-
19531	15307	38221	746	-
19531	15307	38221	746	-
20312	4800	38221	748	-
587	1004	38221	751	-
16409	15307	38221	752	-
20312	4800	38221	753	-
587	1004	38221	754	-
587	1004	38221	754	-
587	1004	38221	754	-
587	1004	38221	754	-
587	1004	38221	754	-
587	1004	38221	754	-
587	1004	38221	754	-
587	1004	38221	754	-
587	1004	38221	754	-
587	1004	38221	754	-
587	1004	38221	754	-
587	1004	38221	755	-
587	1004	38221	755	-
587	1004	38221	755	-
587	1004	38221	755	-
7782	11900	38221	755	-
7179	14437	38221	756	-
16409	15307	38221	758	-
16409	15307	38221	758	-
16409	15307	38221	758	-
16409	15307	38221	758	-
16409	15307	38221	758	-
16409	15307	38221	758	-
16409	10522	38221	758	-
16409	15307	38221	758	-
20312	4800	38221	758	-
7782	11900	38221	758	-
16409	15307	38221	758	-
882	14437	38221	758	-
16409	15307	38221	758	-
3611	2997	38221	759	-
3611	2997	38221	759	-
3611	2997	38221	759	-
3611	2997	38221	759	-
3611	2997	38221	759	-
3611	2997	38221	759	-
3611	2997	38221	759	-
6775	9554	38221	759	-
3611	2997	38221	760	-
3611	2997	38221	760	-
3611	2997	38221	760	-
3611	2997	38221	760	-
16409	15307	38221	761	-
16409	15307	38221	761	-
16409	15307	38221	761	-
16409	15307	38221	761	-
16409	15307	38221	761	-
16409	15307	38221	761	-
16409	15307	38221	761	-
16409	15307	38221	761	-
16409	15307	38221	761	-
16409	15307	38221	761	-
16409	15307	38221	761	-
16409	15307	38221	761	-
16409	12511	38221	761	-
16409	15307	38221	761	-
16409	15307	38221	761	-
16409	15307	38221	762	-
16409	15307	38221	762	-
16409	12248	38221	762	-
16409	15307	38221	762	-
16409	15307	38221	762	-
16409	15307	38221	762	-
16409	15307	38221	762	-
16409	15307	38221	762	-
16409	15307	38221	762	-
16409	15307	38221	762	-
16409	15307	38221	762	-
16409	15307	38221	762	-
16409	15307	38221	762	-
16409	15307	38221	762	-
16409	15307	38221	762	-
20312	4800	38221	763	-
7215	16979	38221	764	-
7215	16979	38221	764	-
7215	16979	38221	764	-
7215	16979	38221	764	-
7215	16979	38221	764	-
7215	16979	38221	765	-
16409	4071	38221	765	-
7215	16979	38221	765	-
7215	16979	38221	765	-
7215	16979	38221	765	-
7215	16979	38221	765	-
7215	16979	38221	768	-
7215	16979	38221	768	-
7215	16979	38221	768	-
7215	16979	38221	768	-
7215	16979	38221	768	-
7215	16979	38221	768	-
7215	16979	38221	768	-
7215	16979	38221	768	-
7215	2989	38221	768	-
20312	4800	38221	768	-
7215	16979	38221	768	-
7215	16979	38221	768	-
20312	4800	38221	773	-
3611	22430	38221	773	-
3611	22430	38221	773	-
3076	16332	38221	773	-
7782	22986	38221	774	-
3076	16332	38221	776	-
20312	4800	38221	778	-
18246	17697	38221	781	-
18246	17697	38221	781	-
18246	1398	38221	781	-
18246	17697	38221	781	-
18246	17697	38221	781	-
18246	1398	38221	781	-
18246	1398	38221	781	-
18246	1398	38221	781	-
20312	4800	38221	783	-
882	3461	26425	787	-
20312	4800	26425	788	-
587	1004	26425	790	-
587	1004	26425	790	-
587	1004	26425	790	-
587	1004	26425	790	-
587	1004	26425	791	-
587	1004	26425	791	-
587	1004	26425	791	-
587	1004	26425	791	-
587	1004	26425	791	-
587	1004	26425	791	-
587	1004	26425	791	-
587	1004	26425	791	-
587	1004	26425	791	-
587	1004	26425	791	-
587	1004	26425	791	-
587	1004	26425	791	-
587	1004	26425	791	-
587	1004	26425	791	-
587	1004	26425	791	-
587	1004	26425	791	-
587	1004	26425	791	-
20312	4800	26425	793	-
17624	9554	26425	794	-
20312	4800	26425	798	-
20312	4800	26425	803	-
20312	4800	26425	808	-
7179	9554	26425	811	-
587	17516	26425	813	-
587	17516	26425	813	-
20312	4800	26425	813	-
587	22275	26425	813	-
587	17516	26425	813	-
7179	9554	26425	814	-
20312	4800	26425	819	-
587	21980	26425	821	-
587	21980	26425	821	-
587	21980	26425	821	-
16671	1633	26425	822	-
20312	4800	26425	824	-
7215	16979	26425	826	-
7215	16979	26425	826	-
7215	16979	26425	826	-
7215	16979	26425	826	-
7215	16979	26425	826	-
7215	16979	26425	826	-
7215	16979	26425	826	-
7215	16979	26425	826	-
7215	16979	26425	826	-
7215	16979	26425	826	-
7215	16979	26425	826	-
7215	16979	26425	826	-
7215	16979	26425	826	-
20312	4800	26425	829	-
20312	4800	26425	834	-
20312	4800	26425	839	-
7215	18332	26425	842	-
3611	15752	26425	843	-
3611	15752	26425	843	-
3611	15752	26425	843	-
3611	15752	26425	843	-
3611	15752	26425	843	-
3611	15752	26425	843	-
3611	15752	26425	843	-
3611	15752	26425	843	-
3611	15752	26425	843	-
3611	15752	26425	843	-
3611	15752	26425	844	-
3611	15752	26425	844	-
3611	15752	26425	844	-
3611	15752	26425	844	-
3611	15752	26425	844	-
20312	4800	26425	844	-
3611	15752	26425	844	-
3611	15752	26425	844	-
3957	15394	26425	845	-
3297	1001	23958	848	-
20312	4800	23958	849	-
7179	8452	23958	849	-
19603	9554	23958	852	-
20312	4800	23958	854	-
20312	4800	23958	859	-
7179	8452	23958	862	-
20312	4800	23958	864	-
17624	4981	23958	866	-
7215	16979	23958	867	-
7215	16979	23958	867	-
7215	16979	23958	867	-
7215	16979	23958	867	-
7215	16979	23958	867	-
7215	16979	23958	867	-
7215	16979	23958	867	-
7215	16979	23958	867	-
7215	16979	23958	867	-
7215	16979	23958	867	-
7215	16979	23958	867	-
7215	16979	23958	867	-
7215	16979	23958	867	-
7215	16979	23958	867	-
8048	2843	23958	868	-
20312	4800	23958	869	-
20312	4800	23958	874	-
19531	13557	23958	875	-
19531	13557	23958	875	-
19531	13557	23958	875	-
19531	13557	23958	875	-
587	13847	23958	875	-
19531	13557	23958	875	-
587	13847	23958	875	-
19531	13557	23958	875	-
19531	13557	23958	875	-
19531	13557	23958	875	-
19531	13557	23958	875	-
19531	13557	23958	875	-
19531	13557	23958	875	-
19531	13557	23958	875	-
19531	13557	23958	875	-
19531	13557	23958	875	-
19531	13557	23958	875	-
19531	13557	23958	875	-
19531	13557	23958	875	-
19531	13557	23958	875	-
19531	13557	23958	875	-
19531	13557	23958	875	-
19531	13557	23958	875	-
587	13268	23958	878	-
587	13268	23958	878	-
20312	4800	23958	879	-
20312	4800	23958	884	-
19531	5938	23958	887	-
18246	3901	23958	888	-
20312	4800	23958	889	-
18246	15581	23958	891	-
18246	15581	23958	891	-
18246	15581	23958	891	-
3611	15894	23958	891	-
18246	15581	23958	891	-
18246	15581	23958	892	-
18246	15581	23958	892	-
18246	15581	23958	892	-
18246	15581	23958	892	-
18246	15581	23958	892	-
18246	15581	23958	892	-
18246	15581	23958	892	-
18246	15581	23958	892	-
18246	15581	23958	892	-
18246	15581	23958	892	-
18246	15581	23958	892	-
18246	15581	23958	892	-
18246	15581	23958	892	-
18246	15581	23958	892	-
18246	15581	23958	892	-
18246	15581	23958	892	-
18246	15581	23958	892	-
18246	15581	23958	892	-
20312	4800	23958	894	-
20312	4800	23958	899	-
10429	11900	23958	903	-
20312	4800	23958	904	-
20312	4800	42565	909	-
10429	1633	42565	909	-
20312	4800	42565	914	-
8048	16332	42565	917	-
19531	13666	42565	919	-
19531	13666	42565	919	-
20312	4800	42565	919	-
19531	13666	42565	919	-
19531	13666	42565	920	-
18246	15581	42565	923	-
18246	15581	42565	924	-
18246	15581	42565	924	-
18246	15581	42565	924	-
18246	15581	42565	924	-
18246	15581	42565	924	-
18246	15581	42565	924	-
18246	15581	42565	924	-
18246	15581	42565	924	-
18246	15581	42565	924	-
18246	15581	42565	924	-
18246	15581	42565	924	-
18246	15581	42565	924	-
18246	15581	42565	924	-
18246	15581	42565	924	-
18246	15581	42565	924	-
18246	15581	42565	924	-
18246	15581	42565	924	-
18246	15581	42565	924	-
18246	15581	42565	924	-
18246	15581	42565	924	-
20312	4800	42565	924	-
18246	15581	42565	924	-
7215	16979	42565	925	-
7215	16979	42565	925	-
7215	16979	42565	925	-
7215	16979	42565	925	-
7215	16979	42565	925	-
7215	16979	42565	925	-
7215	16979	42565	925	-
7215	16979	42565	925	-
7215	16979	42565	925	-
7215	16979	42565	925	-
7215	16979	42565	925	-
7215	16979	42565	925	-
7215	16979	42565	925	-
18246	17697	42565	926	-
18246	1398	42565	926	-
18246	17697	42565	926	-
18246	1398	42565	927	-
18246	17697	42565	927	-
18246	1398	42565	927	-
18246	1398	42565	927	-
18246	17697	42565	927	-
20312	4800	42565	929	-
20312	4800	42565	934	-
7215	1633	42565	935	-
7179	8452	42565	937	-
7179	8452	42565	937	-
20312	4800	42565	939	-
20312	4800	42565	944	-
7215	18192	42565	946	-
7215	18192	42565	947	-
7215	18192	42565	947	-
7215	18192	42565	947	-
7215	18192	42565	947	-
7215	18192	42565	947	-
7215	18192	42565	947	-
7215	18192	42565	947	-
7215	18192	42565	947	-
16671	5938	42565	947	-
7215	18192	42565	947	-
7215	18192	42565	947	-
7215	18192	42565	947	-
7215	18192	42565	947	-
7215	18192	42565	947	-
7215	18192	42565	947	-
20312	4800	42565	949	-
17624	2843	42565	950	-
7215	13	42565	950	-
7215	18192	42565	953	-
7215	21560	42565	953	-
7215	18192	42565	953	-
7215	18192	42565	953	-
7215	18192	42565	953	-
7215	18192	42565	953	-
7215	21560	42565	953	-
7215	18192	42565	953	-
7215	21560	42565	953	-
20312	4800	42565	954	-
16409	12449	42565	956	-
16409	12449	42565	956	-
16409	12449	42565	956	-
16409	12449	42565	956	-
16409	12449	42565	956	-
16409	12449	42565	956	-
16409	12449	42565	956	-
16409	12449	42565	956	-
16409	12449	42565	956	-
16409	12449	42565	956	-
16409	12449	42565	956	-
16409	12449	42565	956	-
16409	12449	42565	956	-
7215	18192	42565	958	-
7215	18192	42565	958	-
7215	18192	42565	958	-
7215	18192	42565	958	-
7215	18192	42565	958	-
7215	18192	42565	958	-
7215	18192	42565	958	-
7215	18192	42565	958	-
20312	4800	42565	960	-
7215	18192	42565	960	-
7215	18192	42565	960	-
7215	18192	42565	960	-
7215	18192	42565	960	-
7215	18192	42565	960	-
7215	18192	42565	960	-
14547	15894	42565	960	-
7215	18192	42565	960	-
20312	4800	42565	965	-
18246	8530	1749	969	-
18246	8530	1749	970	-
18246	8530	1749	970	-
18246	8530	1749	970	-
18246	8530	1749	970	-
18246	8530	1749	970	-
18246	8530	1749	970	-
18246	8530	1749	970	-
18246	20495	1749	970	-
18246	8530	1749	970	-
18246	8530	1749	970	-
18246	8530	1749	970	-
18246	8530	1749	970	-
18246	8530	1749	970	-
18246	8530	1749	970	-
18246	8530	1749	970	-
18246	8530	1749	970	-
18246	8530	1749	970	-
18246	8530	1749	970	-
20312	4800	1749	970	-
18246	8530	1749	970	-
18246	8530	1749	970	-
18246	8530	1749	971	-
18246	8530	1749	971	-
18246	8530	1749	971	-
18246	8530	1749	971	-
18246	8530	1749	971	-
18246	8530	1749	971	-
18246	8530	1749	971	-
18246	8530	1749	971	-
18246	8530	1749	971	-
18246	8530	1749	971	-
18246	8530	1749	971	-
18246	8530	1749	971	-
18246	8530	1749	971	-
18246	8530	1749	971	-
18246	8530	1749	971	-
18246	8530	1749	971	-
18246	8530	1749	971	-
18246	8530	1749	971	-
18246	8530	1749	971	-
18246	8530	1749	971	-
18246	8530	1749	971	-
20312	4800	1749	975	-
20312	4800	1749	980	-
18246	8530	1749	981	-
18246	8530	1749	981	-
18246	8530	1749	981	-
18246	8530	1749	982	-
18246	8530	1749	982	-
18246	8530	1749	982	-
18246	8530	1749	982	-
18246	8530	1749	982	-
18246	8530	1749	982	-
18246	8530	1749	982	-
18246	8530	1749	982	-
18246	8530	1749	982	-
18246	8530	1749	982	-
18246	8530	1749	982	-
18246	8530	1749	982	-
18246	8530	1749	982	-
18246	8530	1749	982	-
18246	8530	1749	982	-
18246	8530	1749	982	-
18246	8530	1749	982	-
18246	8530	1749	982	-
18246	8530	1749	982	-
18246	8530	1749	982	-
18246	8530	1749	982	-
18246	8530	1749	982	-
18246	8530	1749	982	-
18246	8530	1749	982	-
18246	8530	1749	982	-
18246	8530	1749	982	-
18246	8530	1749	982	-
18246	8530	1749	982	-
20312	4800	1749	985	-
18246	8530	1749	986	-
18246	8530	1749	986	-
18246	8530	1749	986	-
18246	8530	1749	986	-
18246	8530	1749	986	-
18246	8530	1749	986	-
18246	8530	1749	986	-
18246	8530	1749	986	-
18246	8530	1749	986	-
18246	8530	1749	986	-
18246	8530	1749	986	-
18246	8530	1749	986	-
18246	8530	1749	986	-
18246	8530	1749	986	-
18246	8530	1749	986	-
18246	8530	1749	986	-
18246	8530	1749	986	-
18246	8530	1749	986	-
18246	8530	1749	986	-
18246	8530	1749	986	-
18246	8530	1749	986	-
18246	8530	1749	986	-
18246	8530	1749	986	-
18246	8530	1749	986	-
18246	8530	1749	986	-
18246	8530	1749	986	-
18246	8530	1749	986	-
20312	4800	1749	990	-
20312	4800	1749	995	-
20312	4800	1749	1000	-
12332	23167	1749	1004	-
20312	4800	1749	1005	-
20312	4800	1749	1010	-
3611	15894	1749	1010	-
10429	15894	1749	1011	-
17923	15394	1749	1014	-
17923	9554	1749	1014	-
7782	587	1749	1014	-
20312	4800	1749	1015	-
20312	4800	1749	1020	-
19531	13666	1749	1024	-
19531	13666	1749	1024	-
19531	13666	1749	1024	-
19531	13666	1749	1024	-
19531	13666	1749	1024	-
19531	13666	1749	1024	-
587	12232	1749	1024	-
19531	13666	1749	1024	-
19531	13666	1749	1024	-
19531	13666	1749	1024	-
19531	13666	1749	1024	-
19531	13666	1749	1024	-
19531	13666	1749	1024	-
19531	13666	1749	1024	-
587	12232	1749	1025	-
587	12232	1749	1025	-
20312	4800	1749	1025	-
7782	11900	26336	1027	-
587	12232	26336	1028	-
587	12232	26336	1028	-
587	12232	26336	1028	-
587	12232	26336	1028	-
587	12232	26336	1028	-
587	12232	26336	1028	-
587	12232	26336	1028	-
587	12232	26336	1028	-
587	12232	26336	1028	-
587	12232	26336	1028	-
587	12232	26336	1028	-
587	12232	26336	1028	-
587	12232	26336	1028	-
587	12232	26336	1028	-
587	12232	26336	1028	-
587	12232	26336	1028	-
587	12232	26336	1028	-
587	7713	26336	1028	-
20312	4800	26336	1030	-
587	12232	26336	1031	-
587	12232	26336	1031	-
587	12232	26336	1031	-
587	12232	26336	1031	-
587	12232	26336	1031	-
587	12232	26336	1031	-
587	12232	26336	1031	-
587	12232	26336	1031	-
587	12232	26336	1031	-
587	12232	26336	1031	-
587	12232	26336	1031	-
587	12232	26336	1031	-
587	12232	26336	1031	-
587	12232	26336	1031	-
587	12232	26336	1031	-
587	12232	26336	1031	-
587	12232	26336	1031	-
587	12232	26336	1031	-
587	12232	26336	1031	-
587	12232	26336	1031	-
587	22527	26336	1031	-
587	12232	26336	1031	-
587	12232	26336	1032	-
587	12232	26336	1032	-
587	12232	26336	1032	-
587	12232	26336	1032	-
587	12232	26336	1032	-
20312	4800	26336	1035	-
7215	18192	26336	1039	-
20312	4800	26336	1040	-
20312	4800	26336	1045	-
23317	5938	26336	1050	-
20312	4800	26336	1050	-
20312	4800	26336	1055	-
20312	4800	26336	1060	-
20312	4800	26336	1065	-
13993	15667	26336	1067	-
20312	4800	26336	1070	-
20312	4800	26336	1075	-
20312	4800	26336	1080	-
20312	4800	26336	1085	-
20312	4800	19532	1090	-
23317	882	19532	1092	-
15394	4800	19532	1092	-
7215	18192	19532	1093	-
7215	18192	19532	1093	-
7215	18192	19532	1093	-
7215	18192	19532	1093	-
7215	18192	19532	1093	-
7215	18192	19532	1093	-
7215	18192	19532	1093	-
20312	4800	19532	1095	-
20312	4800	19532	1100	-
19531	13666	19532	1101	-
19531	13666	19532	1101	-
19531	13666	19532	1101	-
19531	13666	19532	1101	-
19531	13666	19532	1101	-
19531	13666	19532	1101	-
7179	8452	19532	1101	-
19531	13666	19532	1101	-
19531	13666	19532	1101	-
19531	13666	19532	1101	-
19531	13666	19532	1101	-
19531	13666	19532	1101	-
19531	13666	19532	1101	-
19531	13666	19532	1101	-
20312	4800	19532	1105	-
20312	4800	19532	1111	-
16409	21231	19532	1113	-
16409	21231	19532	1113	-
16409	21231	19532	1114	-
16409	21231	19532	1114	-
16409	21231	19532	1114	-
16409	21231	19532	1114	-
16409	21231	19532	1114	-
16409	21231	19532	1114	-
16409	21231	19532	1114	-
16409	21231	19532	1114	-
16409	21231	19532	1114	-
16409	21231	19532	1114	-
16409	21231	19532	1114	-
16409	21231	19532	1114	-
16409	21231	19532	1114	-
16409	21231	19532	1114	-
16409	21231	19532	1114	-
16409	21231	19532	1114	-
16409	21231	19532	1114	-
16409	21231	19532	1114	-
16409	21231	19532	1114	-
16409	21231	19532	1114	-
16409	21231	19532	1114	-
16409	21231	19532	1114	-
16409	21231	19532	1114	-
16409	21231	19532	1114	-
16409	21231	19532	1114	-
16409	21231	19532	1114	-
16409	21231	19532	1114	-
16409	21231	19532	1114	-
16409	21231	19532	1114	-
16409	21231	19532	1114	-
16409	21231	19532	1114	-
16409	21231	19532	1114	-
16409	21231	19532	1114	-
16409	21231	19532	1114	-
16409	21231	19532	1114	-
16409	21231	19532	1114	-
16409	21231	19532	1114	-
20312	4800	19532	1116	-
20312	4800	19532	1121	-
12985	15894	19532	1124	-
20312	4800	19532	1126	-
20312	4800	19532	1131	-
19531	13666	19532	1134	-
19531	13666	19532	1134	-
19531	13666	19532	1134	-
19531	13666	19532	1134	-
20312	4800	19532	1136	-
20312	4800	19532	1141	-
19531	13666	19532	1145	-
19531	13666	19532	1146	-
19531	13666	19532	1146	-
19531	13666	19532	1146	-
19531	13666	19532	1146	-
19531	13666	19532	1146	-
19531	13666	19532	1146	-
19531	13666	19532	1146	-
19531	13666	19532	1146	-
19531	13666	19532	1146	-
19531	13666	19532	1146	-
19531	13666	19532	1146	-
19531	13666	19532	1146	-
19531	13666	19532	1146	-
20312	4800	19532	1146	-
19531	13666	19532	1146	-
19531	13666	19532	1146	-
18246	8530	3514	1149	-
18246	8530	3514	1149	-
18246	8530	3514	1149	-
18246	8530	3514	1149	-
18246	8530	3514	1149	-
18246	8530	3514	1149	-
18246	8530	3514	1149	-
18246	8530	3514	1149	-
18246	8530	3514	1149	-
18246	8530	3514	1149	-
18246	8530	3514	1149	-
18246	8530	3514	1149	-
18246	8530	3514	1149	-
18246	8530	3514	1149	-
18246	8530	3514	1149	-
7179	8452	3514	1149	-
7215	18192	3514	1150	-
18246	8530	3514	1150	-
7215	18192	3514	1150	-
7215	18192	3514	1150	-
7215	18192	3514	1150	-
18246	8530	3514	1150	-
18246	8530	3514	1150	-
18246	8530	3514	1150	-
7215	18192	3514	1150	-
18246	8530	3514	1150	-
18246	8530	3514	1150	-
18246	8530	3514	1150	-
18246	10429	3514	1150	-
18246	8530	3514	1150	-
18246	8530	3514	1150	-
18246	8530	3514	1150	-
18246	8530	3514	1150	-
18246	8530	3514	1150	-
18246	8530	3514	1150	-
7215	18192	3514	1150	-
18246	8530	3514	1150	-
18246	8530	3514	1150	-
18246	8530	3514	1150	-
18246	8530	3514	1150	-
20312	4800	3514	1151	-
19531	13666	3514	1152	-
19531	13666	3514	1152	-
19531	13666	3514	1152	-
11001	15894	3514	1152	-
19531	13666	3514	1152	-
3611	15752	3514	1154	-
3611	15752	3514	1154	-
3611	15752	3514	1154	-
3611	15752	3514	1154	-
3611	15752	3514	1154	-
3611	15752	3514	1154	-
3611	15752	3514	1154	-
3611	15752	3514	1154	-
3611	15752	3514	1154	-
20312	4800	3514	1156	-
20312	4800	3514	1161	-
19531	6099	3514	1163	-
20312	4800	3514	1166	-
7215	18192	3514	1167	-
7215	18192	3514	1167	-
7215	18192	3514	1167	-
7215	18192	3514	1167	-
7215	18192	3514	1167	-
7215	18192	3514	1167	-
7215	18192	3514	1167	-
7215	18192	3514	1167	-
7215	18192	3514	1167	-
7215	18192	3514	1167	-
7215	18192	3514	1167	-
7215	18192	3514	1167	-
7215	18192	3514	1167	-
587	21260	3514	1168	-
587	21260	3514	1168	-
20312	4800	3514	1171	-
3611	15752	3514	1172	-
3611	15752	3514	1172	-
3611	15752	3514	1172	-
3611	15752	3514	1172	-
3611	15752	3514	1172	-
3611	15752	3514	1172	-
3611	15752	3514	1172	-
3611	15752	3514	1172	-
3611	15752	3514	1172	-
3611	15752	3514	1172	-
3611	15752	3514	1172	-
3611	15752	3514	1172	-
3611	15752	3514	1172	-
3611	15752	3514	1172	-
3611	15752	3514	1172	-
3611	15752	3514	1172	-
3611	15752	3514	1172	-
20312	4800	3514	1176	-
587	12205	3514	1178	-
587	12205	3514	1178	-
587	12205	3514	1178	-
20312	4800	3514	1181	-
20312	4800	3514	1186	-
20312	4800	3514	1191	-
20312	4800	3514	1196	-
20312	4800	3514	1201	-
20312	4800	3514	1206	-
20312	4800	6172	1211	-
19531	13666	6172	1213	-
19531	13666	6172	1213	-
19531	13666	6172	1213	-
19531	13666	6172	1213	-
19531	13666	6172	1213	-
19531	13666	6172	1213	-
19531	13666	6172	1213	-
19531	13666	6172	1213	-
19531	13666	6172	1213	-
19531	13666	6172	1214	-
19531	13666	6172	1214	-
19531	13666	6172	1214	-
19531	13666	6172	1214	-
19531	13666	6172	1214	-
19531	13666	6172	1214	-
19531	13666	6172	1214	-
3297	19834	6172	1215	-
3957	587	6172	1216	-
7179	19350	6172	1216	-
7179	8452	6172	1216	-
20312	4800	6172	1216	-
20367	587	6172	1216	-
20312	4800	6172	1221	-
6775	8452	6172	1223	-
20312	4800	6172	1226	-
7179	3461	6172	1230	-
20312	4800	6172	1231	-
20312	4800	6172	1236	-
20312	4800	6172	1241	-
3957	15394	6172	1242	-
7179	8452	6172	1245	-
20312	4800	6172	1246	-
19531	13666	6172	1247	-
19531	13666	6172	1248	-
19531	13666	6172	1248	-
19531	13666	6172	1248	-
19531	13666	6172	1248	-
19531	13666	6172	1248	-
19531	13666	6172	1248	-
19531	13666	6172	1248	-
19531	13666	6172	1248	-
19531	13666	6172	1248	-
19531	13666	6172	1248	-
19531	13666	6172	1248	-
19531	13666	6172	1248	-
19531	13666	6172	1248	-
19531	13666	6172	1248	-
19531	13666	6172	1248	-
587	11793	6172	1249	-
587	11793	6172	1249	-
587	11793	6172	1249	-
587	11793	6172	1249	-
587	11793	6172	1249	-
587	11793	6172	1249	-
587	11793	6172	1249	-
587	11793	6172	1249	-
587	11793	6172	1249	-
587	11793	6172	1249	-
587	11793	6172	1249	-
587	11793	6172	1249	-
587	11793	6172	1249	-
587	11793	6172	1249	-
587	11793	6172	1249	-
20312	4800	6172	1251	-
7215	5938	6172	1256	-
20312	4800	6172	1257	-
20312	4800	6172	1262	-
16409	21231	6172	1265	-
16409	21231	6172	1265	-
16409	21231	6172	1265	-
16409	21231	6172	1265	-
16409	21231	6172	1265	-
16409	21231	6172	1265	-
16409	21231	6172	1265	-
16409	21231	6172	1265	-
16409	21231	6172	1265	-
16409	21231	6172	1265	-
16409	21231	6172	1265	-
16409	21231	6172	1265	-
16409	21231	6172	1265	-
16409	21231	6172	1265	-
16409	21231	6172	1265	-
16409	21231	6172	1266	-
16409	21231	6172	1266	-
16409	21231	6172	1266	-
16409	21231	6172	1266	-
16409	21231	6172	1266	-
20312	4800	18799	1267	-
3297	15894	18799	1267	-
16409	21231	18799	1267	-
16409	21231	18799	1268	-
16409	21231	18799	1268	-
16409	21231	18799	1268	-
16409	21231	18799	1268	-
16409	21231	18799	1268	-
16409	21231	18799	1268	-
16409	21231	18799	1268	-
16409	21231	18799	1268	-
16409	21231	18799	1268	-
16409	21231	18799	1268	-
16409	21231	18799	1268	-
16409	21231	18799	1268	-
16409	21231	18799	1268	-
16409	21231	18799	1268	-
16409	21231	18799	1268	-
16409	21231	18799	1268	-
16409	21231	18799	1268	-
16409	21231	18799	1268	-
16409	21231	18799	1268	-
16409	21231	18799	1268	-
16409	21231	18799	1268	-
16409	21231	18799	1268	-
16409	21231	18799	1268	-
16409	21231	18799	1268	-
16409	21231	18799	1268	-
16409	21231	18799	1268	-
16409	21231	18799	1268	-
16409	21231	18799	1269	-
16409	21231	18799	1269	-
16409	21231	18799	1269	-
16409	21231	18799	1269	-
16409	21231	18799	1269	-
16409	21231	18799	1269	-
16409	21231	18799	1269	-
16409	21231	18799	1269	-
16409	21231	18799	1269	-
16409	21231	18799	1269	-
16409	21231	18799	1269	-
20312	4800	18799	1272	-
20312	4800	18799	1277	-
18246	8530	18799	1278	-
18246	8530	18799	1278	-
18246	8530	18799	1278	-
18246	8530	18799	1278	-
18246	8530	18799	1278	-
18246	8530	18799	1278	-
18246	8530	18799	1278	-
18246	8530	18799	1278	-
18246	8530	18799	1278	-
18246	8530	18799	1278	-
18246	8530	18799	1278	-
18246	8530	18799	1278	-
18246	8530	18799	1278	-
18246	8530	18799	1278	-
18246	8530	18799	1278	-
18246	8530	18799	1278	-
18246	8530	18799	1278	-
18246	8530	18799	1278	-
18246	8530	18799	1278	-
18246	8530	18799	1278	-
18246	8530	18799	1278	-
18246	8530	18799	1278	-
18246	8530	18799	1278	-
18246	8530	18799	1278	-
18246	8530	18799	1278	-
18246	8530	18799	1278	-
18246	8530	18799	1279	-
16409	2667	18799	1281	-
16409	2667	18799	1281	-
16409	2667	18799	1281	-
16409	2667	18799	1281	-
16409	2667	18799	1281	-
16409	2667	18799	1281	-
16409	2667	18799	1281	-
16409	2667	18799	1281	-
16409	2667	18799	1281	-
16409	2667	18799	1281	-
16409	2667	18799	1281	-
16409	2667	18799	1281	-
16409	2667	18799	1281	-
16409	2667	18799	1281	-
20312	4800	18799	1282	-
16409	6157	18799	1286	-
3076	16332	18799	1287	-
20312	4800	18799	1287	-
16409	6157	18799	1288	-
16409	6157	18799	1288	-
16409	6157	18799	1288	-
16409	6157	18799	1288	-
16409	6157	18799	1288	-
16409	6157	18799	1288	-
16409	6157	18799	1288	-
16409	6157	18799	1288	-
16409	6157	18799	1288	-
16409	6157	18799	1288	-
16409	6157	18799	1288	-
16409	6157	18799	1288	-
16409	6157	18799	1288	-
3076	16332	18799	1290	-
16409	6157	18799	1291	-
16409	14263	18799	1291	-
7215	5938	18799	1292	-
20312	4800	18799	1292	-
16409	3858	18799	1294	-
16409	6157	18799	1294	-
16409	6157	18799	1295	-
16409	6157	18799	1295	-
16409	6157	18799	1295	-
16409	6157	18799	1295	-
16409	14263	18799	1295	-
16409	14263	18799	1295	-
20312	4800	18799	1297	-
20312	4800	18799	1302	-
20312	4800	18799	1307	-
3297	15894	18799	1307	-
20312	4800	18799	1312	-
16409	10812	18799	1314	-
16409	6157	18799	1317	-
16409	16110	18799	1317	-
20312	4800	18799	1317	-
16409	6157	18799	1319	-
3076	4981	18799	1319	-
16409	6157	18799	1319	-
16409	6157	18799	1319	-
16409	6157	18799	1322	-
16409	6157	18799	1322	-
16409	6157	18799	1322	-
16409	6157	18799	1322	-
16409	6157	18799	1322	-
16409	6157	18799	1322	-
16409	14263	18799	1322	-
16409	6157	18799	1322	-
16409	3858	18799	1322	-
16409	6157	18799	1322	-
16409	6157	18799	1322	-
16409	6157	18799	1322	-
16409	6157	18799	1322	-
16409	6157	18799	1322	-
16409	18682	18799	1322	-
16409	6157	18799	1322	-
16409	6157	18799	1322	-
16409	14263	18799	1322	-
16409	6157	18799	1322	-
16409	6157	18799	1322	-
16409	14263	18799	1322	-
20312	4800	18799	1322	-
16409	18682	18799	1322	-
16409	6157	18799	1322	-
16409	6157	18799	1323	-
16409	6157	18799	1323	-
16409	18682	18799	1323	-
16409	6157	18799	1323	-
16409	6157	18799	1323	-
16409	18682	18799	1323	-
16409	6157	18799	1323	-
16409	6157	18799	1323	-
16409	6157	18799	1323	-
16409	6157	18799	1323	-
20312	4800	42263	1327	-
20312	4800	42263	1332	-
12985	15894	42263	1334	-
20312	4800	42263	1337	-
7215	6090	42263	1338	-
7215	6090	42263	1338	-
7215	6090	42263	1338	-
7215	6090	42263	1338	-
7215	6090	42263	1338	-
7215	6090	42263	1338	-
7215	6090	42263	1338	-
7215	6090	42263	1338	-
7215	6090	42263	1338	-
18246	12319	42263	1340	-
6775	2843	42263	1340	-
3076	4981	42263	1341	-
20312	4800	42263	1342	-
18246	6836	42263	1343	-
18246	6836	42263	1343	-
18246	6836	42263	1343	-
18246	6836	42263	1343	-
18246	6836	42263	1343	-
18246	6836	42263	1343	-
18246	6836	42263	1343	-
18246	6836	42263	1343	-
18246	6836	42263	1343	-
18246	6836	42263	1343	-
18246	6836	42263	1343	-
18246	6836	42263	1343	-
18246	6836	42263	1343	-
18246	6836	42263	1343	-
18246	6836	42263	1343	-
18246	6836	42263	1343	-
18246	6836	42263	1343	-
18246	6836	42263	1343	-
18246	6836	42263	1343	-
18246	4383	42263	1346	-
18246	6836	42263	1346	-
18246	4383	42263	1346	-
18246	6836	42263	1346	-
18246	6836	42263	1346	-
18246	6836	42263	1347	-
18246	6836	42263	1347	-
20312	4800	42263	1347	-
19603	4981	42263	1352	-
16409	15454	42263	1352	-
20312	4800	42263	1352	-
20312	4800	42263	1357	-
3957	15894	42263	1358	-
7215	4619	42263	1358	-
7215	4619	42263	1358	-
7215	4619	42263	1358	-
7215	4619	42263	1359	-
7215	4619	42263	1359	-
7215	4619	42263	1359	-
7215	4619	42263	1359	-
7215	4619	42263	1359	-
7215	4619	42263	1359	-
7215	4619	42263	1359	-
7215	4619	42263	1359	-
7215	4619	42263	1359	-
7215	4619	42263	1359	-
7215	4619	42263	1359	-
7215	4619	42263	1359	-
7215	4619	42263	1359	-
7215	4619	42263	1359	-
7215	4619	42263	1359	-
7215	4619	42263	1359	-
7215	4619	42263	1359	-
20312	4800	42263	1362	-
20312	4800	42263	1367	-
7215	4619	42263	1368	-
7215	4619	42263	1368	-
20312	4800	42263	1372	-
20312	4800	42263	1377	-
20312	4800	42263	1382	-
20312	4800	16263	1387	-
16409	8056	16263	1389	-
16409	8056	16263	1389	-
16409	8056	16263	1389	-
16409	8056	16263	1389	-
16409	8056	16263	1389	-
16409	8056	16263	1389	-
16409	8056	16263	1389	-
16409	8056	16263	1389	-
16409	8056	16263	1389	-
12985	15894	16263	1389	-
16409	8056	16263	1389	-
16409	8056	16263	1389	-
16409	8056	16263	1389	-
20312	4800	16263	1392	-
20312	4800	16263	1398	-
20312	4800	16263	1403	-
20312	4800	16263	1408	-
587	11793	16263	1410	-
587	11793	16263	1410	-
587	11793	16263	1410	-
587	11793	16263	1410	-
587	11793	16263	1410	-
587	11793	16263	1410	-
587	11793	16263	1410	-
587	11793	16263	1410	-
587	11793	16263	1410	-
587	11793	16263	1410	-
587	11793	16263	1410	-
587	11793	16263	1410	-
587	11793	16263	1410	-
19531	13666	16263	1412	-
19531	13666	16263	1412	-
19531	13666	16263	1412	-
19531	13666	16263	1412	-
19531	13666	16263	1412	-
19531	13666	16263	1412	-
19531	13666	16263	1412	-
19531	13666	16263	1412	-
19531	13666	16263	1412	-
19531	13666	16263	1412	-
19531	13666	16263	1412	-
19531	13666	16263	1412	-
19531	13666	16263	1412	-
19531	13666	16263	1412	-
19531	13666	16263	1412	-
19531	13666	16263	1412	-
23317	5938	16263	1413	-
20312	4800	16263	1413	-
3611	1633	16263	1414	-
20312	4800	16263	1418	-
11001	13122	16263	1421	-
19531	13666	16263	1421	-
20312	4800	16263	1423	-
11001	3548	16263	1423	-
11001	3548	16263	1423	-
11001	3548	16263	1423	-
11001	3548	16263	1423	-
11001	3548	16263	1423	-
11001	3548	16263	1423	-
11001	3548	16263	1423	-
11001	3548	16263	1423	-
11001	3548	16263	1424	-
11001	3548	16263	1424	-
11001	3548	16263	1424	-
11001	3548	16263	1424	-
11001	3548	16263	1424	-
11001	3548	16263	1424	-
11001	3548	16263	1424	-
11001	3548	16263	1424	-
11001	3548	16263	1424	-
16671	5938	16263	1428	-
20312	4800	16263	1428	-
18246	12319	16263	1432	-
18246	12319	16263	1432	-
18246	12319	16263	1432	-
18246	12319	16263	1432	-
18246	12319	16263	1432	-
18246	12319	16263	1432	-
18246	12319	16263	1432	-
18246	12319	16263	1432	-
18246	12319	16263	1432	-
18246	12319	16263	1432	-
18246	12319	16263	1432	-
18246	12319	16263	1432	-
18246	12319	16263	1432	-
18246	12319	16263	1432	-
18246	12319	16263	1432	-
18246	12319	16263	1432	-
18246	12319	16263	1432	-
18246	12319	16263	1432	-
18246	12319	16263	1432	-
18246	12319	16263	1432	-
20312	4800	16263	1433	-
20312	3461	16263	1434	-
20312	4800	16263	1438	-
3297	1633	16263	1439	-
8048	4981	16263	1441	-
20312	4800	16263	1443	-
7179	8452	45688	1447	-
20312	4800	45688	1448	-
19531	13666	45688	1453	-
19531	13666	45688	1453	-
19531	13666	45688	1453	-
19531	13666	45688	1453	-
19531	13666	45688	1453	-
19531	13666	45688	1453	-
19531	13666	45688	1453	-
19531	13666	45688	1453	-
19531	13666	45688	1453	-
19531	13666	45688	1453	-
19531	13666	45688	1453	-
19531	13666	45688	1453	-
19531	13666	45688	1453	-
19531	13666	45688	1453	-
19531	13666	45688	1453	-
19531	13666	45688	1453	-
20312	4800	45688	1453	-
7215	4619	45688	1454	-
7215	4619	45688	1454	-
7215	4619	45688	1454	-
7215	4619	45688	1454	-
7215	4619	45688	1454	-
7215	4619	45688	1454	-
7215	4619	45688	1454	-
7215	4619	45688	1454	-
7215	4619	45688	1454	-
7215	4619	45688	1454	-
7215	4619	45688	1454	-
7215	4619	45688	1454	-
7215	4619	45688	1454	-
7215	4619	45688	1454	-
20312	4800	45688	1458	-
11001	22986	45688	1459	-
20312	4800	45688	1463	-
7215	11824	45688	1463	-
19531	13666	45688	1465	-
20312	4800	45688	1468	-
20312	4981	45688	1469	-
587	11793	45688	1470	-
587	11793	45688	1470	-
587	11793	45688	1470	-
587	11793	45688	1470	-
587	11793	45688	1470	-
587	11793	45688	1470	-
587	11793	45688	1470	-
587	11793	45688	1470	-
19531	1398	45688	1471	-
19531	17697	45688	1471	-
19531	1398	45688	1471	-
19531	17697	45688	1471	-
19531	1398	45688	1471	-
19531	1398	45688	1471	-
19531	17697	45688	1471	-
19531	17697	45688	1471	-
3611	15752	45688	1472	-
3611	15752	45688	1472	-
3611	15752	45688	1472	-
3611	15752	45688	1472	-
3611	15752	45688	1472	-
3611	15752	45688	1472	-
20312	4800	45688	1473	-
20312	4800	45688	1478	-
20312	4800	45688	1483	-
20312	4800	45688	1488	-
17624	4981	45688	1489	-
7215	21708	45688	1490	-
17624	4981	45688	1491	-
20312	4800	45688	1493	-
7215	11900	45688	1493	-
11001	17516	45688	1498	-
11001	17516	45688	1498	-
20312	4800	45688	1498	-
11001	17516	45688	1498	-
11001	22275	45688	1498	-
13993	22986	45688	1502	-
19531	3901	45688	1502	-
20312	4800	45688	1503	-
19531	9502	45688	1505	-
20312	4800	23870	1508	-
19531	9502	23870	1509	-
19531	11936	23870	1509	-
19531	9502	23870	1509	-
19531	9502	23870	1509	-
18246	6157	23870	1513	-
20312	4800	23870	1513	-
18246	6157	23870	1514	-
18246	6157	23870	1514	-
18246	6157	23870	1514	-
18246	6157	23870	1514	-
18246	14263	23870	1514	-
18246	6157	23870	1514	-
18246	3858	23870	1514	-
18246	6157	23870	1514	-
18246	14263	23870	1514	-
18246	14263	23870	1514	-
18246	6157	23870	1514	-
18246	6157	23870	1514	-
18246	6157	23870	1514	-
18246	6157	23870	1514	-
18246	6157	23870	1514	-
18246	6157	23870	1514	-
18246	6157	23870	1514	-
18246	6157	23870	1514	-
18246	6157	23870	1514	-
18246	6157	23870	1514	-
18246	6157	23870	1514	-
18246	6157	23870	1514	-
18246	6157	23870	1514	-
3611	15752	23870	1516	-
3611	15752	23870	1517	-
3611	15752	23870	1517	-
3611	15752	23870	1517	-
3611	15752	23870	1517	-
3611	15752	23870	1517	-
3611	15752	23870	1517	-
3611	15752	23870	1517	-
3611	15752	23870	1517	-
3611	15752	23870	1517	-
3611	15752	23870	1517	-
3611	15752	23870	1517	-
3611	15752	23870	1517	-
3611	15752	23870	1517	-
3611	15752	23870	1517	-
3611	15752	23870	1517	-
3611	15752	23870	1517	-
20312	4800	23870	1518	-
3957	19834	23870	1520	-
17923	9554	23870	1522	-
7782	587	23870	1522	-
20312	4800	23870	1523	-
20312	4800	23870	1528	-
587	11793	23870	1529	-
587	11793	23870	1529	-
587	11793	23870	1529	-
587	11793	23870	1529	-
587	11793	23870	1529	-
587	11793	23870	1529	-
20312	4800	23870	1533	-
6775	14437	23870	1535	-
20312	4800	23870	1538	-
3611	15752	23870	1539	-
3611	15752	23870	1539	-
3611	15752	23870	1539	-
3611	15752	23870	1539	-
3611	15752	23870	1539	-
3611	15752	23870	1539	-
13993	22986	23870	1540	-
882	8452	23870	1541	-
20312	4800	23870	1544	-
20312	4800	23870	1549	-
3957	1633	23870	1550	-
3297	5938	23870	1552	-
3611	14992	23870	1553	-
3611	14992	23870	1553	-
3611	14992	23870	1553	-
3611	14992	23870	1553	-
3611	14992	23870	1553	-
3611	14992	23870	1553	-
3611	14992	23870	1553	-
3611	14992	23870	1553	-
3611	14992	23870	1553	-
3611	14992	23870	1553	-
3611	14992	23870	1553	-
3611	14992	23870	1553	-
20312	4800	23870	1554	-
7215	4619	23870	1555	-
7215	4619	23870	1555	-
7215	4619	23870	1555	-
7215	4619	23870	1555	-
7215	4619	23870	1555	-
7215	4619	23870	1555	-
7215	4619	23870	1555	-
7215	4619	23870	1555	-
7215	4619	23870	1555	-
7215	4619	23870	1555	-
7215	4619	23870	1555	-
7215	4619	23870	1555	-
7215	4619	23870	1555	-
7215	4619	23870	1555	-
7215	4619	23870	1555	-
7215	4619	23870	1555	-
7215	4619	23870	1555	-
7215	4619	23870	1555	-
7215	4619	23870	1555	-
7215	4619	23870	1555	-
11001	22275	23870	1559	-
11001	17516	23870	1559	-
7215	22986	23870	1559	-
20312	4800	23870	1559	-
11001	17516	23870	1559	-
11001	22275	23870	1559	-
18246	6157	23870	1560	-
18246	6157	23870	1560	-
18246	6157	23870	1560	-
18246	6157	23870	1560	-
18246	3858	23870	1560	-
18246	6157	23870	1560	-
18246	10812	23870	1560	-
18246	14263	23870	1560	-
18246	6157	23870	1560	-
18246	6157	23870	1561	-
18246	6157	23870	1561	-
18246	6157	23870	1561	-
18246	6157	23870	1561	-
18246	6157	23870	1561	-
18246	6157	23870	1561	-
18246	6157	23870	1561	-
18246	6157	23870	1561	-
18246	6157	23870	1561	-
18246	6157	23870	1561	-
18246	6157	23870	1561	-
18246	6157	23870	1561	-
18246	6157	23870	1561	-
18246	6157	23870	1561	-
18246	18682	23870	1561	-
18246	14263	23870	1561	-
18246	6157	23870	1561	-
18246	18682	23870	1561	-
18246	6157	23870	1561	-
18246	6157	23870	1561	-
7215	22521	23870	1562	-
20312	4800	23870	1564	-
7215	4619	8073	1569	-
7215	4619	8073	1569	-
20312	4800	8073	1569	-
6775	9554	8073	1573	-
20312	4800	8073	1574	-
6775	3297	8073	1575	-
6775	9554	8073	1575	-
587	11793	8073	1578	-
3957	5938	8073	1578	-
587	11793	8073	1578	-
587	11793	8073	1578	-
20312	4800	8073	1579	-
19531	17697	8073	1584	-
19531	17697	8073	1584	-
19531	17697	8073	1584	-
19531	1398	8073	1584	-
19531	17697	8073	1584	-
19531	1398	8073	1584	-
19531	1398	8073	1584	-
19531	1398	8073	1584	-
20312	4800	8073	1584	-
11001	17516	8073	1585	-
11001	17516	8073	1585	-
11001	17516	8073	1585	-
11001	17516	8073	1585	-
11001	22275	8073	1585	-
11001	22275	8073	1585	-
14547	5938	8073	1587	-
20312	4800	8073	1589	-
7782	13122	8073	1592	-
20312	4800	8073	1594	-
587	16725	8073	1599	-
587	16725	8073	1599	-
587	16725	8073	1599	-
587	16725	8073	1599	-
587	16725	8073	1599	-
587	16725	8073	1599	-
587	16725	8073	1599	-
587	16725	8073	1599	-
587	16725	8073	1599	-
587	16725	8073	1599	-
587	16725	8073	1599	-
587	16725	8073	1599	-
587	16725	8073	1599	-
587	16725	8073	1599	-
587	16725	8073	1599	-
587	16725	8073	1599	-
587	16725	8073	1599	-
587	16725	8073	1599	-
587	16725	8073	1599	-
587	16725	8073	1599	-
587	16725	8073	1599	-
20312	4800	8073	1599	-
587	16725	8073	1599	-
587	16725	8073	1599	-
587	16725	8073	1599	-
587	16725	8073	1599	-
587	16725	8073	1599	-
587	16725	8073	1599	-
587	16725	8073	1599	-
587	16725	8073	1599	-
882	3461	8073	1603	-
20312	4800	8073	1604	-
3957	13122	8073	1606	-
587	672	8073	1608	-
587	672	8073	1608	-
587	672	8073	1608	-
587	672	8073	1608	-
587	672	8073	1608	-
587	672	8073	1608	-
587	672	8073	1608	-
587	672	8073	1608	-
6775	14437	8073	1608	-
587	672	8073	1608	-
587	672	8073	1608	-
587	672	8073	1608	-
587	672	8073	1608	-
587	672	8073	1608	-
3957	15667	8073	1608	-
587	672	8073	1608	-
587	672	8073	1609	-
587	672	8073	1609	-
587	672	8073	1609	-
587	672	8073	1609	-
20312	4800	8073	1609	-
20312	4800	8073	1614	-
587	10052	8073	1615	-
20312	4800	8073	1619	-
20312	4800	8073	1624	-
20312	4800	42763	1629	-
20312	4800	42763	1634	-
3957	21708	42763	1634	-
12985	19834	42763	1636	-
12985	1633	42763	1636	-
12985	5938	42763	1637	-
12985	15667	42763	1638	-
20312	4800	42763	1639	-
19531	3901	42763	1639	-
19531	10197	42763	1642	-
19531	10197	42763	1642	-
19531	10197	42763	1642	-
20312	4800	42763	1644	-
20312	4800	42763	1649	-
20312	4800	42763	1654	-
20312	4800	42763	1659	-
12985	13122	42763	1662	-
12985	21708	42763	1662	-
20312	4800	42763	1664	-
16409	17005	42763	1668	-
20312	4800	42763	1669	-
11001	13122	42763	1670	-
20312	4800	42763	1674	-
11001	22986	42763	1676	-
20312	4800	42763	1679	-
20312	4800	42763	1684	-
20312	4800	41344	1689	-
16409	9121	41344	1691	-
16409	9121	41344	1691	-
16409	9121	41344	1691	-
16409	12737	41344	1691	-
16409	12737	41344	1691	-
16409	9121	41344	1692	-
16409	9121	41344	1692	-
16409	9121	41344	1692	-
16409	9121	41344	1692	-
16409	9121	41344	1692	-
23317	882	41344	1692	-
16409	9121	41344	1692	-
16409	12737	41344	1692	-
16409	9121	41344	1692	-
16409	9121	41344	1692	-
16409	9121	41344	1692	-
16409	9121	41344	1692	-
16409	9121	41344	1692	-
16409	9121	41344	1692	-
16409	9121	41344	1692	-
16409	9121	41344	1692	-
16409	9121	41344	1692	-
16409	12737	41344	1692	-
15394	4800	41344	1692	-
16409	9121	41344	1692	-
20312	4800	41344	1694	-
16409	18609	41344	1695	-
16409	13015	41344	1695	-
3611	14992	41344	1696	-
3611	14992	41344	1696	-
3611	14992	41344	1696	-
3611	14992	41344	1696	-
3611	14992	41344	1696	-
3611	14992	41344	1696	-
3611	14992	41344	1696	-
3611	14992	41344	1696	-
20312	4800	41344	1700	-
20312	23167	41344	1702	-
16409	18609	41344	1704	-
16409	18609	41344	1704	-
16409	18609	41344	1704	-
16409	18609	41344	1704	-
16409	18609	41344	1704	-
16409	13015	41344	1704	-
16409	18609	41344	1704	-
20312	4800	41344	1705	-
19531	1398	41344	1709	-
19531	17697	41344	1710	-
20312	4800	41344	1710	-
19531	17697	41344	1710	-
19531	1398	41344	1710	-
19531	1398	41344	1710	-
19531	17697	41344	1710	-
19531	1398	41344	1710	-
19531	17697	41344	1710	-
16409	20499	41344	1711	-
16409	20499	41344	1711	-
16409	20499	41344	1711	-
16409	20499	41344	1711	-
16409	20499	41344	1711	-
16409	20499	41344	1711	-
16409	20499	41344	1711	-
16409	20499	41344	1711	-
11001	17516	41344	1712	-
17624	4981	41344	1712	-
16409	20499	41344	1712	-
16409	20499	41344	1712	-
11001	6870	41344	1712	-
16409	20499	41344	1712	-
16409	20499	41344	1712	-
17624	23167	41344	1715	-
20312	4800	41344	1715	-
11001	17516	41344	1715	-
11001	4749	41344	1715	-
7782	13122	41344	1716	-
20312	4800	41344	1720	-
20312	4800	41344	1725	-
587	12790	41344	1726	-
587	10323	41344	1729	-
20312	4800	41344	1730	-
11001	17516	41344	1733	-
11001	17516	41344	1733	-
587	5080	41344	1733	-
11001	6870	41344	1733	-
20312	4800	41344	1735	-
7215	16087	41344	1735	-
7215	16087	41344	1735	-
7215	16087	41344	1735	-
587	17671	41344	1736	-
587	12790	41344	1736	-
587	17671	41344	1736	-
587	12790	41344	1736	-
587	17671	41344	1736	-
587	13	41344	1736	-
20312	4800	41344	1740	-
7215	19167	41344	1740	-
7215	19167	41344	1740	-
7215	19167	41344	1741	-
7215	19167	41344	1741	-
7215	19167	41344	1741	-
7215	19167	41344	1741	-
7215	19167	41344	1741	-
7215	19167	41344	1741	-
7215	19167	41344	1741	-
7215	19167	41344	1741	-
7215	19167	41344	1741	-
20312	4800	41344	1745	-
20312	4800	19105	1750	-
8048	4981	19105	1755	-
20312	4800	19105	1755	-
7215	19167	19105	1756	-
7215	19167	19105	1756	-
7215	19167	19105	1756	-
7215	19167	19105	1756	-
7215	19167	19105	1756	-
7215	19167	19105	1756	-
7215	19167	19105	1756	-
7179	2843	19105	1757	-
20312	4800	19105	1760	-
10571	23167	19105	1763	-
20312	4800	19105	1765	-
20312	4800	19105	1770	-
587	5642	19105	1770	-
16409	20499	19105	1772	-
16409	20499	19105	1772	-
16409	20499	19105	1772	-
16409	20499	19105	1772	-
16409	20499	19105	1772	-
16409	20499	19105	1772	-
16409	20499	19105	1773	-
16409	20499	19105	1773	-
16409	20499	19105	1773	-
16409	20499	19105	1773	-
16409	20499	19105	1773	-
16409	20499	19105	1773	-
20312	4800	19105	1775	-
23317	5938	19105	1775	-
882	23167	19105	1776	-
20312	4800	19105	1780	-
11001	15894	19105	1782	-
20312	4800	19105	1785	-
20312	4800	19105	1790	-
3611	14992	19105	1794	-
3611	14992	19105	1794	-
3611	14992	19105	1794	-
3611	14992	19105	1794	-
20312	4800	19105	1795	-
