7215	15894	26645	0	-
16409	20367	32742	12	-
16409	20367	32742	13	-
16409	20367	32742	13	-
16409	20367	32742	13	-
16409	20367	32742	13	-
16409	20367	32742	13	-
16409	20367	32742	13	-
16409	20367	32742	13	-
16409	20367	32742	13	-
16409	20367	32742	13	-
16409	20367	32742	13	-
16409	20367	32742	13	-
16409	23317	32742	13	-
16409	20367	32742	13	-
7782	17392	32742	15	-
21708	20542	32742	15	-
21708	20542	32742	15	-
21708	20542	32742	15	-
21708	20542	32742	15	-
21708	20542	32742	15	-
21708	20542	32742	15	-
21708	20542	32742	15	-
7782	17392	32742	15	-
7782	17392	32742	15	-
7782	17392	32742	15	-
7782	17392	32742	15	-
7782	17392	32742	15	-
7782	17392	32742	15	-
7782	17392	32742	16	-
7782	17392	32742	16	-
7782	17392	32742	16	-
3957	1633	32742	16	-
7782	17392	32742	16	-
7782	17392	32742	16	-
7782	17392	32742	16	-
7782	17392	32742	16	-
7782	17392	32742	16	-
7782	17392	32742	16	-
7782	17392	32742	16	-
7782	17392	32742	16	-
7782	17392	32742	16	-
7782	17392	32742	16	-
7782	17392	32742	16	-
7782	17392	32742	16	-
7782	17392	32742	16	-
7782	17392	32742	16	-
7782	17392	32742	16	-
7782	17392	32742	16	-
7782	17392	32742	16	-
7782	17392	32742	16	-
8048	16531	32742	16	-
20312	2843	32742	50	-
16409	23317	32742	51	-
21708	20542	32742	51	-
21708	20542	32742	51	-
21708	20542	32742	51	-
21708	20542	32742	51	-
16409	20367	32742	51	-
16409	20367	29402	64	-
16409	20367	29402	64	-
16409	20367	29402	64	-
16409	20367	29402	64	-
16409	20367	29402	64	-
16409	20367	29402	64	-
16409	23317	29402	64	-
16409	20367	29402	64	-
17624	3461	29402	66	-
3957	22986	29402	92	-
3076	23167	29402	92	-
3611	15894	29402	111	-
14547	15894	13369	161	-
14547	15894	13369	164	-
3957	15394	13369	169	-
7782	17392	13369	170	-
7782	17392	13369	170	-
7782	17392	13369	170	-
7782	17392	13369	170	-
7782	17392	13369	170	-
7782	17392	13369	170	-
7782	17392	13369	170	-
7782	17392	13369	170	-
7782	17392	13369	170	-
7782	17392	13369	170	-
7782	17392	13369	170	-
7782	17392	13369	170	-
7782	17392	13369	170	-
7782	17392	13369	170	-
7782	17392	13369	170	-
7782	17392	13369	170	-
7782	17392	13369	170	-
7782	17392	13369	170	-
7782	17392	13369	171	-
7782	17392	13369	171	-
7782	17392	13369	171	-
7782	17392	13369	171	-
7782	17392	13369	171	-
7782	17392	13369	171	-
7782	17392	13369	171	-
7782	17392	13369	171	-
7782	17392	13369	171	-
14547	15894	14810	201	-
21708	20542	14810	214	-
21708	20542	14810	214	-
16409	3076	14810	241	-
16409	3076	14810	241	-
16409	3076	14810	241	-
16409	3076	14810	241	-
16409	3076	14810	241	-
16409	3076	14810	241	-
16409	3076	14810	241	-
16409	3076	14810	241	-
16409	3076	14810	241	-
16409	3076	14810	241	-
16409	3076	14810	241	-
16409	3076	14810	241	-
16409	3076	14810	241	-
16409	3076	14810	241	-
16409	3076	14810	241	-
16409	3076	14810	241	-
16409	3076	14810	241	-
16409	3076	14810	242	-
16409	3076	14810	242	-
16409	3076	14810	242	-
16409	3076	14810	242	-
16409	3076	14810	242	-
16409	3076	14810	242	-
16409	3076	14810	242	-
16409	3076	14810	242	-
16409	3076	14810	242	-
16409	3076	14810	242	-
16409	3076	14810	242	-
16409	20367	35382	254	-
16409	20367	35382	254	-
16409	23317	35382	254	-
16409	20367	35382	254	-
16409	20367	35382	254	-
16409	20367	35382	254	-
16409	20367	35382	254	-
16409	12331	35382	263	-
16409	12331	35382	263	-
16409	12331	35382	263	-
16409	12331	35382	263	-
16409	12331	35382	263	-
16409	12331	35382	263	-
16409	12331	35382	263	-
16409	23317	35382	264	-
16409	12331	35382	264	-
16409	20367	35382	268	-
16409	20367	35382	268	-
16409	20367	35382	268	-
16409	20367	35382	268	-
16409	20367	35382	268	-
16409	20367	35382	268	-
16409	20367	35382	268	-
16409	20367	35382	268	-
16409	20367	35382	268	-
16409	20367	35382	268	-
16409	20367	35382	268	-
16409	20367	35382	268	-
16409	23317	35382	268	-
7782	17392	35382	268	-
16409	20367	35382	268	-
7782	17392	35382	269	-
7782	17392	35382	269	-
7782	17392	35382	269	-
7782	17392	35382	269	-
7782	17392	35382	269	-
7782	17392	35382	269	-
7782	17392	35382	269	-
7782	17392	35382	269	-
7782	17392	35382	269	-
7782	17392	35382	269	-
7782	17392	35382	269	-
7782	17392	35382	269	-
7782	17392	35382	269	-
7782	17392	35382	269	-
7782	17392	35382	269	-
7782	17392	35382	269	-
7782	17392	35382	269	-
7782	17392	35382	269	-
7782	17392	35382	269	-
7782	17392	35382	269	-
7782	17392	35382	270	-
7782	17392	35382	270	-
7782	17392	35382	270	-
7782	17392	35382	270	-
7782	17392	35382	270	-
7782	17392	35382	270	-
7782	17392	35382	270	-
21708	17932	35382	291	-
21708	17932	35382	291	-
21708	17932	35382	291	-
21708	17932	35382	291	-
21708	17932	35382	291	-
21708	17932	35382	291	-
21708	17932	35382	291	-
21708	17932	35382	292	-
21708	17932	35382	292	-
21708	17932	35382	292	-
21708	17932	35382	292	-
21708	17932	35382	292	-
21708	17932	35382	292	-
21708	17932	35382	292	-
21708	17932	35382	292	-
16409	11546	35382	292	-
16409	23317	35382	292	-
16409	17748	35382	292	-
16409	109	35382	292	-
21708	17932	35382	292	-
16409	22528	35382	298	-
16409	22528	35382	298	-
16409	22528	35382	298	-
16409	22528	35382	298	-
16409	22528	35382	298	-
16409	20367	35382	298	-
16409	22528	35382	298	-
16409	22528	35382	298	-
16409	22528	35382	298	-
16409	22528	35382	298	-
16409	22528	35382	298	-
16409	22528	35382	298	-
16409	22528	35382	298	-
16409	22528	35382	298	-
16409	22528	35382	298	-
16409	22528	35382	298	-
16409	22528	35382	298	-
16409	22528	35382	298	-
7782	17392	14345	307	-
7782	17392	14345	307	-
7782	17392	14345	307	-
7782	17392	14345	307	-
7782	17392	14345	307	-
7782	17392	14345	307	-
7782	17392	14345	307	-
7782	17392	14345	307	-
7782	17392	14345	307	-
7782	17392	14345	307	-
7782	17392	14345	307	-
7782	17392	14345	307	-
7782	17392	14345	307	-
7782	17392	14345	307	-
7782	17392	14345	307	-
7782	17392	14345	307	-
7782	17392	14345	307	-
7782	17392	14345	307	-
7782	17392	14345	307	-
7782	17392	14345	307	-
7782	17392	14345	307	-
7782	17392	14345	308	-
7782	17392	14345	308	-
7782	17392	14345	308	-
7782	17392	14345	308	-
7782	17392	14345	308	-
7782	17392	14345	308	-
7782	17392	14345	308	-
7782	17392	14345	308	-
7782	17392	14345	308	-
7782	17392	14345	308	-
7782	17392	14345	308	-
7782	17392	14345	308	-
7782	17392	14345	308	-
7782	17392	14345	308	-
7782	14547	14345	309	-
7782	14547	14345	309	-
7782	14547	14345	309	-
7782	14547	14345	309	-
7782	14547	14345	309	-
7782	14547	14345	309	-
7782	14547	14345	309	-
7782	14547	14345	309	-
7782	14547	14345	309	-
7782	14547	14345	309	-
7782	14547	14345	309	-
7782	14547	14345	309	-
7782	14547	14345	309	-
7782	14547	14345	309	-
7782	14547	14345	309	-
3957	15667	14345	315	-
17624	16531	14345	315	-
8048	3461	14345	329	-
8048	3461	14345	331	-
7782	14547	16417	390	-
7782	14547	16417	390	-
7782	14547	16417	390	-
7782	14547	16417	390	-
7782	14547	16417	390	-
7782	14547	16417	390	-
7782	14547	16417	390	-
7782	14547	16417	390	-
7782	14547	16417	390	-
7782	14547	16417	390	-
7782	14547	16417	390	-
7782	14547	16417	390	-
7782	14547	16417	390	-
7782	14547	16417	390	-
7782	14547	16417	390	-
7782	14547	16417	390	-
7782	14547	16417	390	-
7782	17478	23615	426	-
7782	9722	23615	457	-
7782	9722	23615	457	-
7782	9722	23615	457	-
7782	9722	23615	457	-
7782	9722	23615	457	-
7782	9722	23615	457	-
7782	9722	23615	457	-
7782	9722	23615	457	-
7782	9722	23615	457	-
7782	9722	23615	457	-
7782	9722	23615	457	-
7782	9722	23615	457	-
7782	10705	23615	462	-
16409	19517	23615	465	-
21708	17932	41292	488	-
21708	17932	41292	489	-
21708	17932	41292	489	-
21708	17932	41292	489	-
21708	17932	41292	489	-
7782	13810	41292	494	-
19531	15894	41292	502	-
19531	15894	41292	520	-
19531	15894	41292	522	-
7215	15667	41292	525	-
3297	22986	33578	547	-
3297	13122	33578	548	-
3297	15894	33578	548	-
3297	21708	33578	549	-
23317	882	33578	559	-
12985	15894	33578	572	-
16409	19517	33578	572	-
7782	19908	33578	574	-
7782	19908	33578	574	-
7782	19908	33578	574	-
7782	19908	33578	574	-
7782	19908	33578	574	-
16409	19517	33578	576	-
7782	8524	33578	577	-
7782	19908	33578	577	-
7782	19908	33578	577	-
7782	19908	33578	577	-
7782	19908	33578	577	-
7782	19908	33578	577	-
7782	19908	33578	577	-
7782	19908	33578	577	-
7782	19908	33578	577	-
16409	19517	33578	601	-
3957	587	20157	613	-
21708	4267	20157	616	-
21708	17932	20157	616	-
7782	13810	20157	617	-
21708	13019	20157	644	-
21708	13019	20157	644	-
21708	13019	20157	644	-
21708	13019	20157	644	-
21708	13019	20157	644	-
21708	13019	20157	644	-
21708	13019	20157	644	-
21708	13019	20157	644	-
21708	13019	20157	644	-
21708	13019	20157	644	-
21708	13019	20157	644	-
21708	13019	20157	644	-
21708	13019	20157	644	-
21708	13019	20157	644	-
21708	13019	20157	653	-
21708	13019	20157	654	-
21708	13019	20157	654	-
21708	13019	20157	654	-
21708	13019	20157	654	-
21708	13019	20157	654	-
21708	13019	20157	654	-
21708	13019	20157	654	-
21708	13019	20157	654	-
21708	13019	20157	654	-
21708	13019	20157	654	-
21708	13019	20157	654	-
21708	13019	20157	654	-
21708	13019	20157	654	-
21708	13019	20157	654	-
21708	13019	20157	654	-
21708	13019	20157	654	-
21708	13019	20157	654	-
21708	13019	20157	654	-
21708	13019	20157	654	-
21708	13019	20157	654	-
21708	13019	20157	654	-
21708	13019	20157	654	-
16409	10571	20157	662	-
16409	10571	20157	662	-
16409	10571	20157	662	-
16409	10571	20157	662	-
16409	10571	20157	662	-
16409	10571	20157	662	-
16409	10571	20157	662	-
16409	10571	20157	662	-
16409	10571	20157	662	-
16409	10571	20157	662	-
16409	10571	20157	662	-
16409	10571	20157	662	-
16409	10571	20157	662	-
16409	10571	20157	662	-
16409	10571	20157	662	-
16409	10571	20157	662	-
16409	10571	20157	662	-
16409	10571	20157	662	-
20367	19350	13136	668	-
3957	19834	13136	668	-
882	14437	13136	668	-
882	16593	13136	668	-
882	16332	13136	669	-
3957	13122	13136	671	-
6775	14437	13136	671	-
6775	4981	13136	672	-
6775	3461	13136	673	-
6775	16593	13136	674	-
16409	10571	13136	677	-
7782	15894	13136	678	-
16671	13122	13136	699	-
10429	19834	13136	703	-
14547	17005	13136	708	-
19531	19834	13136	721	-
21708	13019	32535	727	-
21708	13019	32535	727	-
21708	13019	32535	727	-
21708	13019	32535	727	-
21708	13019	32535	727	-
21708	13019	32535	727	-
21708	13019	32535	727	-
21708	13019	32535	727	-
21708	13019	32535	727	-
21708	13019	32535	727	-
21708	13019	32535	727	-
21708	13019	32535	727	-
21708	13019	32535	727	-
21708	13019	32535	727	-
21708	13019	32535	727	-
21708	13019	32535	727	-
21708	13019	32535	727	-
21708	13019	32535	727	-
21708	13019	32535	727	-
21708	13019	32535	727	-
21708	13019	32535	727	-
21708	13019	32535	727	-
11001	15894	32535	727	-
21708	13019	32535	727	-
19531	19834	32535	729	-
7215	19531	32535	731	-
7782	10705	32535	734	-
14547	15894	32535	738	-
3297	15894	32535	749	-
21708	22464	32535	751	-
21708	22464	32535	751	-
21708	22464	32535	751	-
21708	22464	32535	751	-
21708	22464	32535	751	-
21708	22464	32535	751	-
21708	22464	32535	751	-
21708	22464	32535	751	-
21708	22464	32535	751	-
21708	22464	32535	751	-
21708	22464	32535	751	-
21708	22464	32535	751	-
21708	22464	32535	751	-
21708	22464	32535	751	-
21708	22464	32535	751	-
21708	22464	32535	751	-
21708	22464	32535	751	-
21708	22464	32535	751	-
21708	22464	32535	754	-
21708	22464	32535	754	-
21708	22464	32535	754	-
21708	22464	32535	754	-
21708	22464	32535	754	-
21708	17189	32535	754	-
21708	22464	32535	754	-
7782	66	32535	756	-
7782	66	32535	756	-
7782	66	32535	756	-
21708	22737	32535	759	-
21708	10116	32535	762	-
21708	10116	32535	762	-
21708	10116	32535	762	-
21708	10116	32535	762	-
21708	10116	32535	762	-
21708	10116	32535	762	-
21708	10116	32535	762	-
7782	66	32535	765	-
7782	18998	32535	769	-
3957	21708	32535	782	-
12332	23167	32535	782	-
16409	5946	32535	783	-
16409	5946	32535	783	-
16409	5946	32535	783	-
7782	4675	32535	783	-
16409	5946	32535	783	-
7782	4675	32535	783	-
16409	5946	32535	783	-
16409	5946	32535	783	-
16409	5946	32535	783	-
16409	5946	32535	783	-
16409	5946	32535	783	-
7782	4675	12499	786	-
21708	10116	12499	787	-
21708	10116	12499	787	-
21708	10116	12499	787	-
7782	6333	12499	823	-
7782	6333	12499	823	-
7782	6333	12499	823	-
7782	6333	12499	823	-
7782	6333	12499	823	-
7782	6333	12499	823	-
7782	6333	12499	823	-
7782	6333	12499	823	-
7782	6333	12499	823	-
7782	6333	12499	823	-
7782	6333	12499	823	-
7782	6333	12499	826	-
7782	6333	12499	826	-
7782	6333	12499	826	-
7782	6333	12499	826	-
7782	6610	12499	826	-
7782	6333	12499	826	-
21708	16671	38353	844	-
21708	16671	38353	844	-
21708	16671	38353	844	-
21708	3957	38353	844	-
21708	16671	38353	844	-
21708	16671	38353	845	-
21708	3957	38353	845	-
21708	3957	38353	845	-
21708	16671	38353	845	-
21708	16671	38353	845	-
21708	16671	38353	845	-
21708	16671	38353	845	-
21708	16671	38353	845	-
21708	16671	38353	845	-
21708	3957	38353	845	-
11001	19834	38353	865	-
21708	22737	38353	874	-
21708	10116	38353	874	-
21708	10116	38353	874	-
21708	10116	38353	874	-
21708	10116	38353	874	-
21708	10116	38353	874	-
21708	10116	38353	874	-
21708	10116	38353	874	-
21708	12332	38353	876	-
21708	12332	38353	876	-
21708	12332	38353	876	-
21708	12332	38353	876	-
21708	12332	38353	876	-
21708	12332	38353	876	-
21708	12332	38353	876	-
21708	12332	38353	876	-
21708	12332	38353	876	-
21708	12332	38353	876	-
21708	12332	38353	877	-
21708	12332	38353	877	-
21708	12332	38353	877	-
21708	12332	38353	877	-
21708	12332	38353	877	-
21708	12332	38353	877	-
21708	12332	38353	877	-
21708	12332	38353	877	-
21708	12332	38353	877	-
21708	12332	38353	877	-
21708	12332	38353	877	-
21708	12332	38353	882	-
21708	12332	38353	883	-
21708	12332	38353	883	-
21708	12332	38353	883	-
21708	12332	38353	883	-
21708	12332	38353	883	-
21708	12332	38353	883	-
21708	12332	38353	883	-
21708	12332	38353	883	-
21708	12332	38353	883	-
21708	12332	38353	883	-
21708	12332	38353	883	-
21708	12332	38353	883	-
21708	12332	38353	883	-
21708	12332	38353	883	-
21708	12332	38353	883	-
21708	12332	38353	883	-
21708	12332	38353	883	-
21708	12332	38353	883	-
7782	6333	31285	927	-
7782	6333	31285	927	-
7782	6333	31285	927	-
7782	6333	31285	927	-
7782	6333	31285	927	-
7782	6333	31285	927	-
7782	6333	31285	927	-
7782	12535	31285	941	-
7782	12535	31285	941	-
7782	12535	31285	941	-
7782	12535	31285	941	-
7782	12535	31285	941	-
7782	12535	31285	941	-
7782	12535	31285	941	-
7782	12535	31285	941	-
23114	3611	31285	959	teardrop
10571	16531	443	975	-
3957	11900	443	975	-
6114	6157	443	981	-
6114	6157	443	982	-
6114	6157	443	982	-
6114	6157	443	982	-
6114	3858	443	982	-
6114	6157	443	982	-
6114	6157	443	982	-
6114	6157	443	982	-
6114	18682	443	982	-
6114	6157	443	982	-
6114	6157	443	982	-
6114	6157	443	982	-
6114	6157	443	982	-
6114	6157	443	982	-
6114	6157	443	982	-
6114	6157	443	982	-
6114	6157	443	982	-
6114	6157	443	982	-
6114	6157	443	982	-
6114	6157	443	982	-
6114	6157	443	982	-
6114	6157	443	982	-
6114	6157	443	982	-
6114	6157	443	982	-
6114	6157	443	982	-
6114	6157	443	982	-
6114	6157	443	982	-
6114	18718	443	982	-
6114	6157	443	982	-
6114	6157	443	982	-
21708	17214	443	982	-
6114	6157	443	982	-
6114	6157	443	982	-
6114	6157	443	983	-
6114	6157	443	983	-
6114	6157	443	983	-
6114	6157	443	983	-
6114	6157	443	983	-
6114	6157	443	983	-
6114	6157	443	983	-
6114	18682	443	983	-
21708	17214	443	983	-
21708	17214	443	983	-
21708	17214	443	983	-
21708	17214	443	983	-
21708	17214	443	983	-
21708	17214	443	984	-
21708	17214	443	984	-
21708	17214	443	984	-
21708	17214	443	984	-
21708	17214	443	984	-
21708	17214	443	984	-
21708	17214	443	984	-
21708	17214	443	984	-
21708	17214	443	984	-
21708	17214	443	984	-
21708	17214	443	984	-
21708	17214	443	984	-
21708	17214	443	984	-
21708	17214	443	984	-
21708	17214	443	984	-
13993	11900	443	990	-
6114	8092	443	993	-
6114	8092	443	993	-
6114	8092	443	993	-
6114	8092	443	993	-
6114	8092	443	993	-
6114	8092	443	993	-
6114	8092	443	993	-
6114	8092	443	993	-
6114	8092	443	993	-
6114	8092	443	993	-
6114	8092	443	993	-
6114	8092	443	993	-
6114	8092	443	993	-
6114	8092	443	993	-
6114	8092	443	993	-
6114	8092	443	993	-
6114	8092	443	993	-
6114	6157	443	993	-
6114	10812	443	993	-
6114	6157	443	993	-
6114	8092	443	994	-
6114	8092	443	994	-
6114	8092	443	994	-
6114	8092	443	994	-
6114	8092	443	994	-
6114	8092	443	994	-
6114	8092	443	994	-
6114	18682	443	994	-
6114	8092	443	994	-
6114	8092	443	994	-
6114	8092	443	994	-
6114	8092	443	994	-
6114	8092	443	994	-
6114	8092	443	994	-
6114	8092	443	994	-
6114	8092	443	994	-
6114	8092	443	994	-
6114	8092	443	994	-
6114	8092	443	994	-
6114	8092	443	994	-
21708	17214	443	998	-
21708	17214	443	998	-
21708	17214	443	998	-
21708	17214	443	998	-
21708	17214	443	998	-
21708	17214	443	998	-
21708	17214	443	998	-
21708	17214	443	998	-
21708	17214	443	998	-
21708	17214	443	998	-
21708	10116	443	1008	-
21708	10116	443	1008	-
16409	17005	443	1013	-
3957	22986	44245	1026	-
3076	16531	44245	1026	-
21708	10116	44245	1058	-
21708	10116	44245	1058	-
21708	10116	44245	1058	-
16409	16671	44245	1071	-
16409	16671	44245	1071	-
16409	16671	44245	1071	-
16409	3957	44245	1071	-
16409	16671	44245	1071	-
16409	3957	44245	1071	-
16409	16671	44245	1071	-
16409	16671	44245	1072	-
16409	16671	44245	1072	-
16409	16671	44245	1072	-
16409	16671	44245	1072	-
16409	16671	44245	1072	-
16409	3957	44245	1072	-
16409	3957	44245	1072	-
16409	16671	44245	1072	-
6114	18682	44245	1080	-
6114	18718	44245	1080	-
6114	18718	44245	1083	-
6114	6157	44245	1083	-
6114	6157	44245	1083	-
6114	15095	44245	1083	-
6114	15095	44245	1083	-
6114	18682	44245	1083	-
6114	15095	44245	1083	-
6114	6157	44245	1083	-
6114	6157	44245	1083	-
6114	6157	44245	1083	-
6114	15095	44245	1083	-
6114	6157	44245	1083	-
6114	15095	44245	1083	-
6114	6157	44245	1083	-
6114	15095	44245	1083	-
6114	18682	44245	1083	-
6114	6157	44245	1083	-
6114	6157	44245	1083	-
6114	6157	44245	1083	-
6114	3858	44245	1083	-
6114	18682	44245	1083	-
6114	15095	31227	1084	-
6114	15095	31227	1084	-
6114	15095	31227	1084	-
6114	15095	31227	1084	-
6114	15095	31227	1084	-
6114	6157	31227	1084	-
6114	18682	31227	1084	-
6114	15095	31227	1084	-
6114	6157	31227	1084	-
6114	6157	31227	1084	-
6114	6157	31227	1084	-
6114	15095	31227	1084	-
6114	6157	31227	1084	-
6114	6157	31227	1084	-
6114	6157	31227	1084	-
6114	15095	31227	1084	-
6114	15095	31227	1084	-
6114	6157	31227	1084	-
6114	6157	31227	1084	-
6114	6157	31227	1084	-
6114	15095	31227	1084	-
6114	18682	31227	1084	-
6114	6157	31227	1084	-
6114	18682	31227	1084	-
6114	18682	31227	1084	-
6114	15095	31227	1084	-
6114	6157	31227	1084	-
6114	18682	31227	1084	-
6114	6157	31227	1084	-
6114	6157	31227	1084	-
6114	6157	31227	1084	-
6114	6157	31227	1084	-
6114	6157	31227	1084	-
6114	15095	31227	1084	-
7782	6333	31227	1091	-
7782	6333	31227	1091	-
7782	6333	31227	1091	-
7782	6333	31227	1091	-
7782	9287	31227	1108	-
7782	9287	31227	1108	-
7782	9287	31227	1108	-
7782	9287	31227	1108	-
7782	9287	31227	1108	-
7782	9287	31227	1108	-
16409	17923	31227	1114	-
3957	1633	31227	1114	-
8048	14437	31227	1114	-
16409	17923	31227	1115	-
16409	17923	31227	1115	-
16409	17923	31227	1115	-
16409	17923	31227	1115	-
16409	17923	31227	1115	-
16409	17923	31227	1115	-
16409	17923	31227	1115	-
7782	9287	31227	1118	-
21708	20187	31227	1118	-
21708	20187	31227	1118	-
21708	20187	31227	1118	-
21708	20187	31227	1119	-
7782	9287	31227	1119	-
7782	9287	31227	1119	-
7782	9287	31227	1119	-
7782	9287	31227	1119	-
7782	9287	31227	1119	-
7782	9287	31227	1119	-
7782	9287	31227	1119	-
7782	9287	31227	1119	-
7782	9287	31227	1119	-
16409	16671	31227	1125	-
16409	3957	31227	1125	-
16409	16671	31227	1125	-
16409	16671	31227	1125	-
16409	16671	31227	1125	-
16409	16671	31227	1125	-
16409	3957	31227	1125	-
16409	16671	31227	1125	-
16409	3957	31227	1125	-
16409	3957	31227	1125	-
21708	17214	31227	1126	-
21708	11909	31227	1126	-
16409	16671	31227	1126	-
16409	16671	31227	1126	-
16409	16671	31227	1126	-
16409	16671	31227	1126	-
16409	16671	31227	1126	-
21708	11909	31227	1126	-
21708	11909	31227	1127	-
21708	11909	31227	1127	-
21708	11909	31227	1127	-
21708	11909	31227	1127	-
21708	11909	31227	1127	-
21708	11909	31227	1127	-
21708	11909	31227	1127	-
21708	11909	31227	1127	-
21708	11909	31227	1127	-
21708	11909	31227	1127	-
21708	11909	31227	1127	-
21708	11909	31227	1127	-
21708	11909	31227	1127	-
21708	11909	31227	1127	-
21708	11909	31227	1127	-
21708	11909	31227	1127	-
21708	11909	31227	1127	-
21708	11909	31227	1127	-
21708	11909	31227	1127	-
21708	11909	31227	1127	-
21708	11909	31227	1127	-
21708	11909	31227	1127	-
21708	11909	31227	1127	-
21708	11909	31227	1127	-
21708	11909	31227	1127	-
21708	11909	31227	1127	-
21708	11909	31227	1127	-
21708	11909	31227	1127	-
21708	11909	31227	1127	-
21708	11909	31227	1127	-
21708	11909	31227	1128	-
3957	15394	31227	1129	-
16409	795	31227	1130	-
16409	17624	31227	1130	-
16409	795	31227	1130	-
16409	795	31227	1131	-
16409	795	31227	1131	-
16409	795	31227	1131	-
16409	795	31227	1131	-
16409	795	31227	1131	-
16409	795	31227	1131	-
16409	795	31227	1131	-
16409	795	31227	1131	-
16409	795	31227	1131	-
16409	795	31227	1131	-
16409	795	31227	1131	-
16409	795	31227	1131	-
16409	795	31227	1131	-
16409	795	31227	1131	-
16409	795	31227	1131	-
16409	795	31227	1131	-
16409	795	31227	1131	-
12985	1633	31227	1132	-
11001	1633	31227	1135	-
7782	9287	35979	1146	-
7782	9287	35979	1146	-
7782	9287	35979	1146	-
7782	9287	35979	1146	-
7782	9287	35979	1146	-
7782	9287	35979	1146	-
7782	9287	35979	1146	-
7782	9287	35979	1146	-
7782	9287	35979	1147	-
7782	9287	35979	1147	-
6114	16671	35979	1159	-
6114	16671	35979	1159	-
6114	16671	35979	1159	-
6114	16671	35979	1159	-
6114	16671	35979	1159	-
6114	16671	35979	1159	-
6114	3957	35979	1159	-
6114	3957	35979	1159	-
6114	3957	35979	1159	-
6114	16671	35979	1159	-
6114	16671	35979	1159	-
6114	3957	35979	1159	-
6114	16671	35979	1159	-
6114	16671	35979	1159	-
23317	882	35979	1159	-
6114	16671	35979	1159	-
7782	9287	35979	1163	-
7782	9287	35979	1163	-
7782	9287	35979	1163	-
7782	9287	35979	1163	-
7782	9287	35979	1163	-
7782	9287	35979	1163	-
7782	9287	35979	1163	-
7782	9287	35979	1163	-
7782	9287	35979	1163	-
7782	9287	35979	1163	-
21708	11909	35979	1177	-
21708	11909	35979	1177	-
21708	11909	35979	1177	-
21708	11909	35979	1177	-
21708	11909	35979	1177	-
21708	11909	35979	1177	-
21708	11909	35979	1177	-
21708	11909	35979	1177	-
21708	11909	35979	1177	-
21708	11909	35979	1177	-
21708	11909	35979	1177	-
3957	1633	35979	1181	-
21708	10553	35979	1202	-
21708	9787	35979	1202	-
21708	9787	35979	1202	-
21708	9787	35979	1202	-
16409	795	24490	1205	-
16409	795	24490	1206	-
16409	795	24490	1206	-
16409	795	24490	1206	-
16409	795	24490	1206	-
16409	795	24490	1206	-
16409	795	24490	1206	-
16409	795	24490	1206	-
16409	795	24490	1206	-
16409	795	24490	1206	-
16409	795	24490	1206	-
6775	16593	24490	1215	-
6775	3461	24490	1217	-
6775	4981	24490	1217	-
6775	16593	24490	1218	-
16409	795	24490	1219	-
16409	795	24490	1219	-
16409	795	24490	1219	-
16409	795	24490	1219	-
16409	795	24490	1219	-
16409	795	24490	1219	-
16409	795	24490	1219	-
16409	795	24490	1219	-
16409	795	24490	1220	-
16409	795	24490	1220	-
16409	795	24490	1220	-
7782	9287	24490	1234	-
7782	9287	24490	1234	-
7782	9287	24490	1234	-
7782	9287	24490	1234	-
7782	9287	24490	1234	-
7782	9287	24490	1235	-
7782	9287	24490	1235	-
7782	9287	24490	1235	-
7782	9287	24490	1235	-
7782	9287	24490	1235	-
11001	13122	24490	1237	-
6114	16671	24490	1247	-
6114	16671	24490	1248	-
6114	16671	24490	1248	-
6114	16671	24490	1248	-
6114	16671	24490	1248	-
6114	16671	24490	1248	-
6114	16671	24490	1248	-
6114	16671	24490	1248	-
6114	3957	24490	1248	-
6114	16671	24490	1248	-
6114	16671	24490	1248	-
6114	16671	24490	1248	-
6114	16671	24490	1248	-
7215	5938	24490	1255	-
7782	14101	2327	1277	-
7782	14101	2327	1277	-
7782	14101	2327	1277	-
7782	14101	2327	1277	-
7782	14101	2327	1277	-
6114	20367	2327	1285	-
6114	23317	2327	1285	-
8048	3611	2327	1303	-
8048	23167	2327	1303	-
8048	3461	2327	1303	-
8048	4981	2327	1304	-
8048	16593	2327	1305	-
8048	7268	2327	1307	-
8048	8452	2327	1307	-
21708	11909	2327	1309	-
21708	11909	2327	1309	-
21708	11909	2327	1309	-
21708	11909	2327	1309	-
21708	11909	2327	1309	-
21708	11909	2327	1309	-
21708	11909	2327	1309	-
21708	11909	2327	1309	-
21708	11909	2327	1309	-
21708	11909	2327	1309	-
21708	11909	2327	1309	-
14547	21708	2327	1310	-
7782	14101	2327	1311	-
7782	14101	2327	1311	-
7782	14101	2327	1311	-
7782	14101	2327	1312	-
7782	14101	2327	1312	-
7782	14101	2327	1312	-
7782	14101	2327	1312	-
3957	5938	7602	1328	-
7782	14101	7602	1330	-
7782	14101	7602	1330	-
7782	14101	7602	1331	-
7782	14101	7602	1331	-
7782	14101	7602	1331	-
7782	14101	7602	1331	-
12332	3297	7602	1334	-
12332	3297	7602	1336	-
11001	3076	7602	1338	-
11001	3076	7602	1338	-
11001	3076	7602	1338	-
11001	3076	7602	1338	-
11001	3076	7602	1338	-
11001	3076	7602	1338	-
11001	3076	7602	1338	-
11001	3076	7602	1338	-
11001	3076	7602	1338	-
11001	3076	7602	1338	-
11001	3076	7602	1338	-
11001	3076	7602	1338	-
11001	3076	7602	1338	-
11001	3076	7602	1338	-
11001	3076	7602	1338	-
11001	3076	7602	1338	-
11001	3076	7602	1338	-
11001	3076	7602	1338	-
11001	3076	7602	1338	-
11001	3076	7602	1338	-
11001	3076	7602	1338	-
11001	3076	7602	1338	-
11001	3076	7602	1338	-
11001	3076	7602	1338	-
11001	3076	7602	1339	-
11001	3076	7602	1339	-
11001	3076	7602	1339	-
16409	795	7602	1349	-
16409	795	7602	1349	-
16409	795	7602	1349	-
16409	795	7602	1349	-
16409	795	7602	1349	-
16409	795	7602	1349	-
16409	795	7602	1349	-
16409	795	7602	1349	-
16409	795	7602	1349	-
16409	795	7602	1349	-
16409	795	7602	1350	-
19531	1633	7602	1368	-
21708	11909	7602	1380	-
21708	11909	7602	1380	-
21708	11909	7602	1380	-
21708	11909	7602	1380	-
21708	11909	7602	1380	-
21708	11909	7602	1381	-
21708	11909	7602	1381	-
21708	11909	7602	1381	-
21708	11909	7602	1381	-
21708	11909	7602	1381	-
21708	11909	23124	1388	-
21708	11909	23124	1388	-
21708	11909	23124	1388	-
21708	11909	23124	1388	-
21708	11909	23124	1388	-
21708	11909	23124	1388	-
21708	11909	23124	1388	-
21708	11909	23124	1388	-
21708	11909	23124	1388	-
21708	11909	23124	1388	-
21708	11909	23124	1388	-
21708	11909	23124	1388	-
11001	3076	23124	1388	-
21708	11909	23124	1388	-
21708	11909	23124	1389	-
21708	11909	23124	1389	-
11001	3076	23124	1389	-
11001	3076	23124	1389	-
11001	3076	23124	1389	-
11001	3076	23124	1389	-
11001	3076	23124	1389	-
11001	3076	23124	1389	-
11001	3076	23124	1389	-
11001	3076	23124	1389	-
11001	3076	23124	1389	-
11001	3076	23124	1389	-
16671	13122	23124	1396	-
21708	20187	23124	1402	-
21708	20187	23124	1402	-
21708	20187	23124	1402	-
21708	20187	23124	1402	-
21708	20187	23124	1402	-
16409	795	23124	1403	-
16409	795	23124	1403	-
16409	795	23124	1403	-
16409	795	23124	1403	-
16409	795	23124	1403	-
16409	795	23124	1403	-
16409	795	23124	1403	-
16409	795	23124	1403	-
16409	795	23124	1403	-
16409	795	23124	1403	-
21708	11909	23124	1404	-
16409	795	23124	1404	-
21708	11909	23124	1404	-
21708	11909	23124	1404	-
21708	11909	23124	1404	-
21708	11909	23124	1404	-
21708	11909	23124	1404	-
21708	11909	23124	1404	-
21708	11909	23124	1404	-
21708	11909	23124	1404	-
21708	11909	23124	1404	-
20312	4981	23124	1408	-
21708	20187	23124	1412	-
21708	20187	23124	1412	-
21708	20187	23124	1412	-
21708	20187	23124	1412	-
21708	20187	23124	1412	-
21708	20187	23124	1412	-
21708	20187	23124	1412	-
882	16332	23124	1416	-
20312	3461	23124	1425	-
20312	8452	23124	1425	-
6114	3076	23124	1426	-
6114	3076	23124	1426	-
6114	3076	23124	1426	-
20312	23167	23124	1426	-
6114	3076	23124	1426	-
6114	3076	23124	1426	-
6114	3076	23124	1426	-
6114	3076	23124	1426	-
6114	3076	23124	1426	-
6114	3076	23124	1426	-
6114	3076	23124	1426	-
6114	3076	23124	1426	-
6114	3076	23124	1426	-
6114	3076	23124	1426	-
6114	3076	23124	1426	-
6114	3076	23124	1426	-
6114	3076	23124	1426	-
6114	3076	23124	1426	-
6114	3076	23124	1426	-
6114	3076	23124	1426	-
20312	3297	23124	1426	-
6114	3076	23124	1427	-
6114	3076	23124	1427	-
6114	3076	23124	1427	-
6114	3076	23124	1427	-
6114	3076	23124	1427	-
6114	3076	23124	1427	-
6114	3076	23124	1427	-
6114	3076	23124	1427	-
6114	3076	23124	1427	-
20312	2843	23124	1427	-
20312	4981	23124	1428	-
21708	11909	23124	1429	-
21708	11909	23124	1429	-
21708	11909	23124	1429	-
21708	11909	23124	1429	-
21708	11909	23124	1429	-
21708	11909	23124	1429	-
21708	11909	23124	1429	-
21708	11909	23124	1429	-
21708	11909	23124	1429	-
21708	11909	23124	1429	-
21708	11909	23124	1429	-
21708	11909	23124	1429	-
21708	11909	23124	1429	-
20312	16531	23124	1430	-
20312	7268	23124	1431	-
20312	9554	23124	1431	-
7782	6126	23124	1432	-
7782	6126	23124	1432	-
7782	6126	23124	1432	-
7782	6126	23124	1432	-
7782	6126	23124	1432	-
3297	5938	15986	1444	-
7782	6126	15986	1447	-
7782	6126	15986	1447	-
7782	6126	15986	1447	-
12985	1633	15986	1454	-
21708	11909	15986	1477	-
21708	11909	15986	1477	-
21708	11909	15986	1477	-
21708	11909	15986	1477	-
21708	11909	15986	1477	-
21708	11909	15986	1477	-
21708	11909	15986	1477	-
21708	11909	15986	1477	-
21708	11909	15986	1477	-
21708	11909	15986	1477	-
882	3297	15986	1487	-
882	3461	15986	1487	-
882	16531	15986	1488	-
882	16593	15986	1489	-
882	9554	15986	1490	-
16409	795	15986	1500	-
16409	795	15986	1500	-
16409	795	15986	1500	-
16409	795	15986	1500	-
16409	795	15986	1500	-
16409	795	15986	1500	-
16409	795	15986	1500	-
16409	795	15986	1500	-
16409	795	15986	1500	-
16409	795	15986	1500	-
16409	795	15986	1501	-
11001	13122	22277	1512	-
7215	13122	22277	1514	-
3957	587	22277	1515	-
16409	795	22277	1534	-
16409	795	22277	1534	-
16409	795	22277	1534	-
16409	795	22277	1534	-
16409	795	22277	1535	-
16409	795	22277	1535	-
16409	795	22277	1535	-
16409	795	22277	1535	-
16409	795	22277	1535	-
16409	795	22277	1535	-
16409	795	22277	1535	-
16409	6157	18349	1567	-
16409	6157	18349	1568	-
16409	6157	18349	1568	-
16409	6157	18349	1568	-
16409	6157	18349	1568	-
16409	6157	18349	1568	-
16409	6157	18349	1568	-
16409	6157	18349	1568	-
16409	6157	18349	1568	-
16409	6157	18349	1568	-
16409	6157	18349	1568	-
16409	6157	18349	1568	-
16409	18718	18349	1568	-
16409	6157	18349	1568	-
16409	6157	18349	1568	-
16409	6157	18349	1568	-
16409	6157	18349	1568	-
16409	3858	18349	1568	-
16409	6157	18349	1568	-
16409	6157	18349	1568	-
16409	18682	18349	1568	-
16409	6157	18349	1568	-
16409	6157	18349	1568	-
16409	6157	18349	1568	-
16409	6157	18349	1568	-
16409	6157	18349	1568	-
16409	6157	18349	1568	-
16409	6157	18349	1568	-
16409	6157	18349	1568	-
16409	6157	18349	1568	-
16409	6157	18349	1568	-
16409	6157	18349	1568	-
16409	6157	18349	1568	-
16409	6157	18349	1568	-
16409	6157	18349	1568	-
16409	6157	18349	1568	-
16409	6157	18349	1568	-
16409	18682	18349	1569	-
16409	6157	18349	1569	-
16409	6157	18349	1569	-
21708	11909	18349	1572	-
21708	11909	18349	1572	-
21708	11909	18349	1572	-
21708	11909	18349	1572	-
21708	11909	18349	1572	-
21708	11909	18349	1572	-
21708	11909	18349	1572	-
21708	11909	18349	1572	-
21708	11909	18349	1572	-
21708	11909	18349	1572	-
21708	11909	18349	1572	-
21708	11909	18349	1572	-
21708	11909	18349	1572	-
21708	11909	18349	1572	-
21708	11909	18349	1572	-
16409	15095	18349	1576	-
16409	6157	18349	1577	-
16409	15095	18349	1577	-
16409	6157	18349	1577	-
16409	18682	18349	1577	-
16409	6157	18349	1577	-
16409	18682	18349	1577	-
16409	15095	18349	1577	-
16409	6157	18349	1577	-
16409	18682	18349	1577	-
16409	6157	18349	1577	-
16409	6157	18349	1577	-
16409	6157	18349	1577	-
16409	6157	18349	1577	-
16409	6157	18349	1577	-
16409	15095	18349	1577	-
16409	18682	18349	1577	-
16409	6157	18349	1577	-
16409	6157	18349	1577	-
16409	6157	18349	1577	-
16409	3858	18349	1577	-
16409	18682	18349	1577	-
16409	15095	18349	1577	-
16409	6157	18349	1577	-
16409	6157	18349	1577	-
16409	6157	18349	1577	-
16409	15095	18349	1577	-
16409	18682	18349	1577	-
16409	15095	18349	1577	-
16409	18718	18349	1577	-
16409	15095	18349	1577	-
16409	6157	18349	1577	-
16409	6157	18349	1577	-
16409	15095	18349	1578	-
16409	6157	18349	1578	-
16409	6157	18349	1578	-
16409	15095	18349	1578	-
16409	15095	18349	1578	-
16409	15095	18349	1578	-
16409	6157	18349	1578	-
16409	18682	18349	1578	-
16409	15095	18349	1578	-
16409	6157	18349	1578	-
16409	6157	18349	1578	-
16409	15095	18349	1578	-
16409	6157	18349	1578	-
16409	15095	18349	1578	-
16409	18682	18349	1578	-
16409	15095	18349	1578	-
16409	6157	18349	1578	-
16409	6157	18349	1578	-
16409	6157	18349	1578	-
16409	6157	18349	1578	-
16409	15095	18349	1578	-
16409	15095	18349	1578	-
20367	19350	18349	1579	-
7782	18088	18349	1582	-
7782	18088	18349	1582	-
7782	18088	18349	1582	-
7782	18088	18349	1582	-
7782	18088	18349	1582	-
7782	18088	18349	1582	-
7782	18088	18349	1582	-
7782	18088	18349	1582	-
7782	18088	18349	1582	-
7782	18088	18349	1582	-
7782	22986	18349	1582	-
7782	18088	18349	1582	-
7782	18088	18349	1582	-
7782	7634	18349	1596	-
7782	7634	18349	1596	-
7782	7634	18349	1596	-
7782	7634	18349	1598	-
7782	7634	18349	1598	-
7782	7634	18349	1598	-
6114	3076	18349	1603	-
6114	3076	18349	1604	-
6114	3076	18349	1604	-
6114	3076	18349	1604	-
6114	3076	18349	1604	-
6114	3076	18349	1604	-
6114	3076	18349	1604	-
6114	3076	18349	1604	-
6114	3076	18349	1604	-
6114	3076	18349	1604	-
6114	3076	18349	1604	-
6114	3076	18349	1604	-
6114	3076	18349	1604	-
6114	3076	18349	1604	-
6114	3076	18349	1604	-
6114	3076	18349	1604	-
6114	3076	18349	1604	-
6114	3076	18349	1604	-
6114	3076	18349	1604	-
6114	3076	18349	1604	-
6114	3076	18349	1604	-
6114	3076	18349	1604	-
6114	3076	18349	1604	-
6114	3076	18349	1604	-
6114	3076	18349	1604	-
6114	3076	18349	1604	-
6114	3076	18349	1604	-
6114	3076	18349	1604	-
16409	6157	18349	1605	-
16409	6157	18349	1606	-
16409	6157	18349	1606	-
16409	6157	18349	1606	-
16409	3858	18349	1606	-
16409	6157	18349	1606	-
16409	6157	18349	1606	-
16409	18682	18349	1606	-
16409	6157	18349	1606	-
16409	6157	18349	1606	-
16409	6157	18349	1606	-
16409	6157	18349	1606	-
16409	6157	18349	1606	-
16409	6157	18349	1606	-
16409	6157	18349	1606	-
16409	6157	18349	1606	-
16409	6157	18349	1606	-
16409	6157	18349	1606	-
16409	6157	18349	1606	-
16409	6157	18349	1606	-
16409	6157	18349	1606	-
16409	6157	18349	1606	-
16409	6157	18349	1606	-
16409	6157	18349	1606	-
16409	6157	18349	1606	-
16409	6157	18349	1606	-
16409	6157	18349	1606	-
16409	6157	18349	1606	-
16409	6157	18349	1606	-
16409	18718	18349	1606	-
16409	6157	18349	1606	-
16409	6157	18349	1606	-
16409	6157	18349	1607	-
16409	6157	18349	1607	-
16409	6157	18349	1607	-
16409	6157	18349	1607	-
16409	6157	18349	1607	-
16409	6157	18349	1607	-
16409	18682	18349	1607	-
16409	6157	18349	1607	-
10571	16531	18349	1622	-
10429	19834	22966	1626	-
11001	5938	22966	1657	-
11001	13122	22966	1657	-
11001	21708	22966	1658	-
13993	5938	22966	1680	-
3957	19834	35810	1706	-
882	8452	35810	1706	-
16671	13122	35810	1713	-
21708	23317	35810	1715	-
21708	20367	35810	1715	-
3076	2843	35810	1732	-
3076	3297	35810	1732	-
3076	3461	35810	1733	-
19531	5938	35810	1734	-
3076	9554	35810	1734	-
21708	20367	35810	1740	-
21708	20367	35810	1740	-
21708	20367	35810	1740	-
21708	23317	35810	1740	-
21708	20367	35810	1740	-
21708	20367	35810	1740	-
21708	20367	35810	1740	-
21708	23317	35810	1740	-
21708	23317	35810	1740	-
21708	20367	35810	1740	-
3611	22986	35810	1742	-
3611	13122	35810	1742	-
3611	1633	35810	1743	-
882	16332	22320	1745	-
21708	20367	22320	1745	-
21708	20367	22320	1745	-
21708	23317	22320	1745	-
21708	20367	22320	1745	-
21708	20367	22320	1745	-
21708	20367	22320	1745	-
882	3461	22320	1747	-
10571	16332	22320	1748	-
882	8452	22320	1748	-
882	3611	22320	1748	-
19839	19834	22320	1748	-
882	23167	22320	1748	-
882	3297	22320	1748	-
882	2843	22320	1749	-
882	4981	22320	1751	-
10571	16593	22320	1751	-
882	7268	22320	1752	-
882	9554	22320	1752	-
10571	8452	22320	1753	-
10571	3611	22320	1753	-
19839	11900	22320	1753	-
882	16332	22320	1753	-
10571	23167	22320	1753	-
11001	6114	22320	1755	-
10571	3297	22320	1755	-
10571	4981	22320	1757	-
23317	882	22320	1759	-
10571	16531	22320	1759	-
10571	9554	22320	1760	-
6114	10429	22320	1761	-
10571	16332	22320	1763	-
3076	2843	22320	1769	-
3076	2843	22320	1771	-
6114	22502	22320	1772	-
3611	19834	22320	1772	-
6114	9423	22320	1776	-
6114	22502	22320	1776	-
6114	22502	22320	1776	-
6114	22502	22320	1776	-
6114	22502	22320	1776	-
6114	22502	22320	1776	-
6114	22502	22320	1776	-
6114	22502	22320	1776	-
6114	22502	22320	1776	-
6114	22502	22320	1776	-
6114	22502	22320	1776	-
6114	22502	22320	1776	-
6114	22502	22320	1776	-
6114	22502	22320	1776	-
6114	22502	22320	1776	-
6114	22502	22320	1776	-
6114	22502	22320	1776	-
6114	22502	22320	1776	-
6114	22502	22320	1776	-
6114	22502	22320	1776	-
6114	22502	22320	1776	-
6114	22502	22320	1776	-
6114	22502	22320	1776	-
6114	22502	22320	1776	-
6114	22502	22320	1776	-
6114	22502	22320	1776	-
6114	22502	22320	1776	-
6114	22502	22320	1776	-
6114	22502	22320	1776	-
11001	10553	22320	1783	-
11001	9787	22320	1783	-
11001	9787	22320	1783	-
11001	9787	22320	1783	-
16671	22986	22320	1786	-
10429	19834	22320	1789	-
