20312	4800	37189	0	-
20312	4800	37189	2	-
23317	5938	37189	3	-
23317	5938	37189	3	-
23317	5938	37189	3	-
23317	5938	37189	3	-
23317	5938	37189	3	-
23317	5938	37189	3	-
23317	5938	37189	3	-
23317	5938	37189	3	-
23317	5938	37189	3	-
23317	5938	37189	7	-
20312	4800	37189	7	-
16409	8967	2490	9	-
16409	8967	2490	9	-
16409	8967	2490	9	-
16409	8967	2490	9	-
16409	8967	2490	9	-
16409	8967	2490	9	-
16409	8967	2490	9	-
16409	8967	2490	9	-
16409	8967	2490	9	-
16409	8967	2490	9	-
16409	8967	2490	9	-
16409	8967	2490	9	-
16409	8967	2490	9	-
16409	8967	2490	9	-
20312	4800	2490	12	-
23317	5938	2490	12	-
20312	4800	2490	17	-
23317	5938	2490	17	-
14547	3662	2490	21	-
14547	3662	2490	21	-
14547	3662	2490	21	-
14547	3662	2490	21	-
23317	5938	2490	22	-
20312	4800	2490	22	-
23317	5938	2490	27	-
20312	4800	2490	27	-
20312	4800	2490	32	-
23317	5938	2490	32	-
20312	4800	2490	37	-
23317	5938	2490	37	-
10571	3611	2490	40	-
20312	4800	2490	42	-
23317	5938	2490	42	-
23317	5938	2490	47	-
20312	4800	2490	47	-
23317	5938	2490	52	-
20312	4800	2490	52	-
23317	5938	2490	57	-
20312	4800	2490	57	-
20312	4800	2490	62	-
23317	5938	2490	63	-
20312	4800	35850	68	-
20312	4800	35850	70	-
20312	4800	35850	72	-
20312	4800	35850	77	-
20312	4800	35850	79	-
10429	15394	35850	79	-
20312	4800	35850	81	-
14547	3662	35850	81	-
14547	3662	35850	81	-
14547	3662	35850	81	-
14547	3662	35850	81	-
20312	4800	35850	86	-
20312	4800	35850	88	-
20312	4800	35850	90	-
14547	3662	35850	90	-
14547	3662	35850	90	-
14547	3662	35850	90	-
14547	3662	35850	90	-
23317	5938	35850	93	-
23317	5938	35850	93	-
23317	5938	35850	93	-
23317	5938	35850	93	-
23317	5938	35850	93	-
23317	5938	35850	93	-
23317	5938	35850	94	-
23317	5938	35850	94	-
23317	5938	35850	94	-
16409	5167	35850	94	-
16409	5167	35850	94	-
16409	5167	35850	94	-
16409	5167	35850	94	-
16409	5167	35850	94	-
16409	5167	35850	94	-
16409	5167	35850	94	-
16409	5167	35850	94	-
16409	5167	35850	94	-
16409	5167	35850	94	-
16409	5167	35850	94	-
16409	5167	35850	94	-
16409	5167	35850	94	-
16409	5167	35850	94	-
20312	4800	35850	95	-
23317	5938	35850	95	-
16409	5167	35850	95	-
16409	5167	35850	95	-
16409	5167	35850	95	-
16409	5167	35850	95	-
16409	5167	35850	95	-
16409	5167	35850	95	-
16409	5167	35850	95	-
16409	5167	35850	95	-
16409	5167	35850	95	-
16409	5167	35850	95	-
20312	3611	35850	98	-
20312	4800	35850	100	-
23317	5938	35850	100	-
10429	20002	35850	100	-
10429	20002	35850	100	-
10429	20002	35850	100	-
10429	20002	35850	100	-
10429	20002	35850	100	-
10429	20002	35850	101	-
10429	20002	35850	101	-
10429	20002	35850	101	-
10429	20002	35850	101	-
10429	20002	35850	101	-
10429	20002	35850	101	-
10429	20002	35850	101	-
10429	20002	35850	101	-
10429	20002	35850	101	-
10429	20002	35850	101	-
10429	20002	35850	101	-
10429	20002	35850	101	-
10429	20002	35850	101	-
10429	20002	35850	101	-
20312	4800	35850	105	-
23317	5938	35850	105	-
16409	5167	35850	105	-
20312	4800	35850	110	-
23317	5938	35850	110	-
20312	4800	35850	115	-
23317	5938	35850	115	-
20312	4800	35850	121	-
23317	5938	35850	121	-
20312	4800	35850	126	-
23317	5938	35850	126	-
20312	4800	9649	131	-
23317	5938	9649	131	-
20312	4800	9649	136	-
23317	5938	9649	136	-
10429	20002	9649	140	-
20312	4800	9649	141	-
23317	5938	9649	141	-
10429	20002	9649	141	-
10429	20002	9649	141	-
10429	20002	9649	141	-
10429	20002	9649	141	-
10429	20002	9649	141	-
16409	5167	9649	141	-
10429	20002	9649	141	-
10429	20002	9649	141	-
10571	3611	9649	141	-
10571	3611	9649	141	-
10429	20002	9649	141	-
16409	5167	9649	141	-
16409	5167	9649	141	-
10429	20002	9649	141	-
16409	5167	9649	141	-
10429	20002	9649	141	-
16409	5167	9649	141	-
10429	20002	9649	141	-
16409	5167	9649	141	-
10429	20002	9649	141	-
16409	5167	9649	142	-
16409	5167	9649	142	-
16409	5167	9649	142	-
16409	5167	9649	142	-
16409	5167	9649	142	-
16409	5167	9649	142	-
16409	5167	9649	142	-
16409	5167	9649	142	-
10429	20002	9649	142	-
16409	5167	9649	142	-
16409	5167	9649	142	-
16409	5167	9649	142	-
16409	5167	9649	142	-
16409	5167	9649	142	-
16409	5167	9649	142	-
16409	5167	9649	142	-
16409	5167	9649	142	-
16409	5167	9649	142	-
16409	5167	9649	142	-
16409	5167	9649	143	-
20312	4800	9649	146	-
23317	5938	9649	146	-
10429	20002	9649	151	-
10429	20002	9649	151	-
23317	5938	9649	151	-
20312	4800	9649	151	-
10429	20002	9649	151	-
10429	20002	9649	152	-
10429	20002	9649	152	-
10429	20002	9649	152	-
20312	4800	9649	156	-
20312	4800	9649	158	-
20312	4800	9649	160	-
20312	4800	9649	165	-
20312	4800	9649	167	-
20312	4800	9649	169	-
20312	4800	9649	174	-
20312	4800	9649	176	-
20312	4800	9649	178	-
16409	5167	9649	182	-
23317	5938	9649	183	-
23317	5938	9649	183	-
23317	5938	9649	183	-
23317	5938	9649	183	-
23317	5938	9649	183	-
23317	5938	9649	183	-
23317	5938	9649	183	-
23317	5938	9649	183	-
20312	4800	9649	183	-
23317	5938	9649	183	-
23317	5938	9649	183	-
16409	5167	9649	183	-
16409	5167	9649	183	-
16409	5167	9649	183	-
20312	4800	9649	183	-
16409	5167	9649	183	-
16409	5167	9649	183	-
16409	5167	9649	183	-
16409	5167	9649	183	-
16409	5167	9649	183	-
16409	5167	9649	183	-
16409	5167	9649	183	-
16409	5167	9649	183	-
16409	5167	9649	183	-
16409	5167	9649	183	-
16409	5167	9649	183	-
16409	5167	9649	183	-
16409	5167	9649	183	-
16409	5167	9649	183	-
16409	5167	9649	183	-
16409	5167	9649	183	-
16409	5167	9649	183	-
16409	5167	9649	183	-
16409	5167	9649	183	-
16409	5167	9649	183	-
20312	4800	20605	188	-
23317	5938	20605	188	-
3957	15394	20605	192	-
20312	4800	20605	193	-
23317	5938	20605	193	-
14547	3662	20605	197	-
14547	3662	20605	197	-
14547	3662	20605	197	-
14547	3662	20605	197	-
20312	4800	20605	198	-
23317	5938	20605	199	-
14547	3662	20605	201	-
14547	3662	20605	201	-
14547	3662	20605	201	-
14547	3662	20605	201	-
14547	3662	20605	201	-
20312	4800	20605	204	-
23317	5938	20605	204	-
16409	445	20605	206	-
16409	445	20605	206	-
16409	445	20605	206	-
16409	445	20605	206	-
16409	445	20605	206	-
16409	445	20605	206	-
16409	445	20605	206	-
16409	445	20605	206	-
16409	445	20605	206	-
16409	445	20605	207	-
16409	445	20605	207	-
16409	445	20605	207	-
16409	445	20605	207	-
16409	445	20605	207	-
20312	4800	20605	209	-
23317	5938	20605	209	-
20312	4800	20605	214	-
23317	5938	20605	214	-
20312	4800	20605	219	-
23317	5938	20605	219	-
20312	4800	20605	224	-
23317	5938	20605	224	-
3076	3611	20605	227	-
3076	3611	20605	227	-
3076	3611	20605	227	-
3076	3611	20605	227	-
3076	3611	20605	227	-
3076	3611	20605	227	-
3076	3611	20605	227	-
3076	3611	20605	227	-
3076	3611	20605	227	-
3076	3611	20605	227	-
3076	3611	20605	227	-
20312	4800	20605	229	-
23317	5938	20605	229	-
20312	4800	20605	234	-
23317	5938	20605	234	-
23317	5938	20605	239	-
20312	4800	20605	239	-
20312	4800	20605	244	-
23317	5938	20605	244	-
20312	4800	18312	249	-
20312	4800	18312	251	-
20312	4800	18312	253	-
20312	4800	18312	258	-
20312	4800	18312	260	-
20312	4800	18312	262	-
10571	16332	18312	262	-
20312	4800	18312	267	-
20312	4800	18312	269	-
20312	4800	18312	271	-
16409	2422	18312	272	-
16409	2422	18312	272	-
16409	2422	18312	272	-
16409	2422	18312	272	-
16409	2422	18312	272	-
16409	2422	18312	272	-
16409	2422	18312	272	-
16409	2422	18312	272	-
16409	2422	18312	272	-
16409	2422	18312	272	-
16409	2422	18312	272	-
16409	2422	18312	272	-
16409	2422	18312	272	-
16409	2422	18312	272	-
16409	2422	18312	272	-
16409	2422	18312	272	-
16409	2422	18312	272	-
16409	2422	18312	272	-
16409	2422	18312	272	-
16409	2422	18312	272	-
16409	2422	18312	272	-
16409	2422	18312	272	-
23317	5938	18312	273	-
23317	5938	18312	273	-
23317	5938	18312	273	-
23317	5938	18312	273	-
23317	5938	18312	273	-
23317	5938	18312	273	-
23317	5938	18312	273	-
23317	5938	18312	273	-
23317	5938	18312	273	-
20312	4800	18312	276	-
23317	5938	18312	276	-
20312	4800	18312	282	-
23317	5938	18312	282	-
20312	4800	18312	287	-
23317	5938	18312	287	-
20312	4800	18312	292	-
23317	5938	18312	292	-
20312	4800	18312	297	-
23317	5938	18312	297	-
20312	4800	18312	302	-
23317	5938	18312	302	-
20312	4800	18312	307	-
23317	5938	18312	307	-
14547	10254	35188	311	-
14547	10254	35188	311	-
14547	10254	35188	311	-
14547	10254	35188	311	-
14547	10254	35188	311	-
14547	10254	35188	311	-
14547	10254	35188	311	-
14547	10254	35188	311	-
14547	10254	35188	311	-
14547	10254	35188	311	-
14547	10254	35188	311	-
14547	10254	35188	311	-
14547	10254	35188	311	-
14547	10254	35188	311	-
14547	10254	35188	311	-
14547	10254	35188	311	-
14547	10254	35188	311	-
14547	10254	35188	311	-
14547	10254	35188	311	-
14547	10254	35188	311	-
14547	10254	35188	311	-
14547	10254	35188	311	-
14547	10254	35188	311	-
14547	10254	35188	311	-
20312	4800	35188	312	-
23317	5938	35188	312	-
14547	10254	35188	312	-
20312	4800	35188	317	-
23317	5938	35188	317	-
20312	4800	35188	322	-
23317	5938	35188	322	-
20312	4800	35188	327	-
23317	5938	35188	327	-
10571	3611	35188	327	-
20312	4800	35188	332	-
23317	5938	35188	332	-
20312	4800	35188	337	-
20312	4800	35188	339	-
20312	4800	35188	341	-
20312	4800	35188	346	-
20312	4800	35188	348	-
20312	4800	35188	350	-
20312	4800	35188	356	-
20312	4800	35188	358	-
20312	4800	35188	360	-
23317	5938	35188	363	-
23317	5938	35188	363	-
23317	5938	35188	363	-
23317	5938	35188	363	-
23317	5938	35188	363	-
23317	5938	35188	363	-
23317	5938	35188	363	-
23317	5938	35188	363	-
23317	5938	35188	363	-
20312	4800	35188	365	-
23317	5938	35188	365	-
20312	4800	23549	370	-
23317	5938	23549	370	-
23317	5938	23549	375	-
20312	4800	23549	375	-
20312	4800	23549	380	-
23317	5938	23549	380	-
14547	21846	23549	380	-
17923	9554	23549	383	-
7782	587	23549	383	-
20312	4800	23549	385	-
23317	5938	23549	385	-
23317	5938	23549	390	-
20312	4800	23549	390	-
20312	3611	23549	393	-
20312	3611	23549	394	-
20312	3611	23549	394	-
20312	3611	23549	394	-
20312	3611	23549	394	-
20312	3611	23549	394	-
20312	3611	23549	394	-
20312	4800	23549	395	-
23317	5938	23549	396	-
20312	4800	23549	401	-
23317	5938	23549	401	-
23317	5938	23549	406	-
20312	4800	23549	406	-
10571	3611	23549	408	-
10571	3611	23549	408	-
10571	3611	23549	408	-
10571	3611	23549	408	-
10571	3611	23549	408	-
10571	3611	23549	408	-
10571	3611	23549	408	-
16409	2422	23549	410	-
16409	2422	23549	410	-
16409	2422	23549	410	-
16409	2422	23549	410	-
16409	2422	23549	410	-
16409	2422	23549	410	-
16409	2422	23549	410	-
16409	2422	23549	410	-
16409	2422	23549	410	-
16409	2422	23549	410	-
16409	2422	23549	410	-
16409	2422	23549	410	-
16409	2422	23549	410	-
16409	2422	23549	410	-
23317	5938	23549	411	-
20312	4800	23549	411	-
20312	4800	23549	416	-
23317	5938	23549	416	-
20312	4800	23549	421	-
23317	5938	23549	421	-
20312	4800	23549	426	-
20312	4800	6310	428	-
20312	4800	6310	430	-
20312	4800	6310	435	-
20312	4800	6310	437	-
20312	4800	6310	439	-
20312	4800	6310	444	-
20312	4800	6310	446	-
20312	4800	6310	448	-
23317	5938	6310	453	-
23317	5938	6310	453	-
23317	5938	6310	453	-
23317	5938	6310	453	-
23317	5938	6310	453	-
23317	5938	6310	453	-
23317	5938	6310	453	-
20312	4800	6310	453	-
23317	5938	6310	453	-
23317	5938	6310	453	-
23317	5938	6310	453	-
16409	8967	6310	458	-
16409	8967	6310	458	-
23317	5938	6310	458	-
16409	8967	6310	458	-
20312	4800	6310	458	-
16409	8967	6310	458	-
16409	8967	6310	458	-
16409	8967	6310	458	-
16409	8967	6310	459	-
16409	8967	6310	459	-
16409	8967	6310	459	-
16409	8967	6310	459	-
16409	8967	6310	459	-
16409	8967	6310	459	-
16409	8967	6310	459	-
16409	8967	6310	459	-
20312	4800	6310	463	-
23317	5938	6310	463	-
16409	8967	6310	465	-
16409	8967	6310	465	-
16409	8967	6310	465	-
20312	4800	6310	469	-
23317	5938	6310	469	-
20312	4800	6310	474	-
23317	5938	6310	474	-
20312	4800	6310	479	-
23317	5938	6310	479	-
23317	5938	6310	484	-
20312	4800	6310	484	-
20312	4800	3931	489	-
23317	5938	3931	489	-
3076	3611	3931	493	-
3957	587	3931	493	-
3076	3611	3931	493	-
3076	3611	3931	493	-
3076	3611	3931	493	-
23317	5938	3931	494	-
20312	4800	3931	494	-
20312	4800	3931	499	-
23317	5938	3931	499	-
23317	5938	3931	504	-
20312	4800	3931	504	-
23317	5938	3931	509	-
20312	4800	3931	509	-
20312	4800	3931	514	-
23317	5938	3931	514	-
20312	4800	3931	519	-
20312	4800	3931	521	-
20312	4800	3931	523	-
20312	4800	3931	528	-
20312	4800	3931	530	-
20312	4800	3931	532	-
20312	4800	3931	537	-
20312	4800	3931	539	-
3076	3611	3931	539	-
20312	4800	3931	541	-
3076	3611	3931	542	-
3076	3611	3931	542	-
14547	10254	3931	542	-
14547	10254	3931	542	-
14547	10254	3931	542	-
14547	10254	3931	542	-
14547	10254	3931	542	-
14547	10254	3931	542	-
14547	10254	3931	542	-
3076	3611	3931	542	-
14547	10254	3931	542	-
14547	10254	3931	542	-
14547	10254	3931	542	-
14547	10254	3931	542	-
14547	10254	3931	542	-
3076	3611	3931	542	-
14547	10254	3931	543	-
23317	5938	3931	543	-
14547	10254	3931	543	-
23317	5938	3931	543	-
14547	10254	3931	543	-
14547	10254	3931	543	-
14547	10254	3931	543	-
14547	10254	3931	543	-
23317	5938	3931	543	-
23317	5938	3931	543	-
23317	5938	3931	543	-
23317	5938	3931	543	-
14547	10254	3931	543	-
23317	5938	3931	543	-
23317	5938	3931	543	-
23317	5938	3931	543	-
14547	10254	3931	543	-
14547	10254	3931	543	-
14547	10254	3931	543	-
14547	10254	3931	543	-
14547	10254	3931	543	-
14547	10254	3931	543	-
20312	4800	3931	546	-
23317	5938	3931	547	-
16409	8967	18561	550	-
16409	8967	18561	550	-
16409	8967	18561	550	-
16409	8967	18561	550	-
16409	8967	18561	550	-
16409	8967	18561	550	-
16409	8967	18561	551	-
20312	4800	18561	552	-
23317	5938	18561	552	-
20312	4800	18561	557	-
23317	5938	18561	557	-
23317	5938	18561	562	-
20312	4800	18561	562	-
20312	4800	18561	567	-
23317	5938	18561	567	-
23317	5938	18561	572	-
20312	4800	18561	572	-
23317	882	18561	573	-
15394	4800	18561	573	-
23317	5938	18561	577	-
20312	4800	18561	577	-
14547	19241	18561	579	-
23317	5938	18561	582	-
20312	4800	18561	582	-
16409	13154	18561	584	-
23317	5938	18561	587	-
20312	4800	18561	587	-
23317	5938	18561	592	-
20312	4800	18561	592	-
20312	4800	18561	597	-
23317	5938	18561	597	-
16409	8967	18561	601	-
16409	8967	18561	601	-
16409	8967	18561	601	-
20312	4800	18561	602	-
23317	5938	18561	602	-
14547	21974	18561	605	-
14547	21974	18561	605	-
14547	21974	18561	605	-
14547	21974	18561	605	-
14547	21974	18561	605	-
14547	21974	18561	605	-
14547	21974	18561	605	-
14547	21974	18561	605	-
14547	21974	18561	605	-
14547	21974	18561	605	-
14547	21974	18561	605	-
14547	21974	18561	605	-
14547	21974	18561	605	-
14547	21974	18561	605	-
14547	21974	18561	605	-
14547	21974	18561	605	-
14547	21974	18561	605	-
14547	21974	18561	605	-
14547	21974	18561	605	-
14547	21974	18561	605	-
20312	4800	18561	607	-
20312	4800	11219	609	-
20312	4800	11219	611	-
20312	4800	11219	616	-
20312	4800	11219	618	-
20312	4800	11219	621	-
20312	4800	11219	626	-
20312	4800	11219	628	-
20312	4800	11219	630	-
16409	18332	11219	632	-
16409	18332	11219	632	-
23317	5938	11219	633	-
23317	5938	11219	633	-
23317	5938	11219	633	-
23317	5938	11219	633	-
23317	5938	11219	633	-
23317	5938	11219	633	-
20312	4800	11219	633	-
23317	5938	11219	633	-
23317	5938	11219	633	-
23317	5938	11219	633	-
23317	5938	11219	635	-
20312	4800	11219	635	-
14547	14911	11219	638	-
14547	14911	11219	638	-
23317	5938	11219	640	-
20312	4800	11219	640	-
23317	5938	11219	645	-
20312	4800	11219	645	-
23317	5938	11219	650	-
20312	4800	11219	650	-
23317	5938	11219	655	-
20312	4800	11219	655	-
20312	4800	11219	660	-
23317	5938	11219	660	-
23317	5938	11219	665	-
20312	4800	11219	665	-
23317	5938	10651	671	-
20312	4800	10651	671	-
23317	5938	10651	676	-
20312	4800	10651	676	-
23317	5938	10651	681	-
20312	4800	10651	681	-
16409	8967	10651	682	-
16409	8967	10651	682	-
16409	8967	10651	682	-
16409	8967	10651	682	-
16409	8967	10651	682	-
16409	8967	10651	682	-
16409	8967	10651	682	-
16409	8967	10651	682	-
16409	8967	10651	682	-
16409	8967	10651	682	-
16409	8967	10651	684	-
16409	8967	10651	684	-
16409	8967	10651	684	-
20312	4800	10651	686	-
23317	5938	10651	686	-
20312	4800	10651	691	-
23317	5938	10651	691	-
10571	3611	10651	694	-
10571	3611	10651	694	-
10571	3611	10651	694	-
20312	4800	10651	696	-
20312	4800	10651	698	-
20312	4800	10651	700	-
20312	4800	10651	705	-
20312	4800	10651	707	-
20312	4800	10651	709	-
20312	4800	10651	714	-
20312	4800	10651	716	-
20312	4800	10651	718	-
16409	8967	10651	722	-
16409	8967	10651	722	-
23317	5938	10651	723	-
23317	5938	10651	723	-
20312	4800	10651	723	-
23317	5938	10651	723	-
23317	5938	10651	723	-
23317	5938	10651	723	-
23317	5938	10651	723	-
23317	5938	10651	723	-
23317	5938	10651	723	-
23317	5938	10651	723	-
23317	5938	10651	723	-
20312	4800	35615	728	-
23317	5938	35615	728	-
20312	4800	35615	733	-
23317	5938	35615	733	-
20312	4800	35615	738	-
23317	5938	35615	739	-
20312	4800	35615	744	-
23317	5938	35615	744	-
20312	4800	35615	749	-
23317	5938	35615	749	-
20312	4800	35615	754	-
23317	5938	35615	754	-
20312	4800	35615	759	-
23317	5938	35615	759	-
20312	4800	35615	764	-
23317	5938	35615	764	-
16409	2805	35615	765	-
16409	2805	35615	765	-
16409	2805	35615	765	-
16409	2805	35615	765	-
16409	2805	35615	765	-
16409	2805	35615	765	-
16409	2805	35615	765	-
16409	2805	35615	765	-
16409	2805	35615	765	-
16409	2805	35615	765	-
16409	2805	35615	765	-
16409	2805	35615	765	-
16409	2805	35615	765	-
16409	2805	35615	765	-
16409	2805	35615	765	-
16409	2805	35615	765	-
16409	2805	35615	765	-
16409	2805	35615	765	-
16409	2805	35615	765	-
16409	2805	35615	765	-
16409	2805	35615	765	-
16409	2805	35615	765	-
16409	2805	35615	765	-
16409	2805	35615	765	-
16409	2805	35615	765	-
16409	2805	35615	765	-
16409	2805	35615	766	-
20312	4800	35615	769	-
23317	5938	35615	769	-
20312	587	35615	771	-
17923	5938	35615	771	-
20312	4800	35615	774	-
23317	5938	35615	774	-
20312	4800	35615	779	-
23317	5938	35615	779	-
20312	4800	35615	784	-
23317	5938	35615	784	-
20312	4800	23063	789	-
20312	4800	23063	791	-
20312	4800	23063	793	-
20312	4800	23063	798	-
20312	4800	23063	800	-
3076	3611	23063	801	-
20312	4800	23063	802	-
20312	4800	23063	807	-
20312	4800	23063	809	-
20312	4800	23063	811	-
3076	3611	23063	812	-
23317	5938	23063	813	-
23317	5938	23063	813	-
23317	5938	23063	813	-
23317	5938	23063	813	-
23317	5938	23063	813	-
23317	5938	23063	813	-
23317	5938	23063	813	-
23317	5938	23063	813	-
23317	5938	23063	813	-
3076	3611	23063	813	-
3076	3611	23063	813	-
3076	3611	23063	813	-
3076	3611	23063	813	-
3076	3611	23063	813	-
20312	4800	23063	816	-
23317	5938	23063	816	-
20312	4800	23063	822	-
23317	5938	23063	822	-
20312	4800	23063	827	-
23317	5938	23063	827	-
15506	19350	23063	830	-
20312	4800	23063	832	-
23317	5938	23063	832	-
16409	20256	23063	833	-
16409	20256	23063	833	-
16409	20256	23063	833	-
16409	20256	23063	833	-
16409	20256	23063	833	-
16409	20256	23063	833	-
16409	20256	23063	833	-
16409	20256	23063	833	-
16409	20256	23063	833	-
16409	20256	23063	833	-
16409	20256	23063	833	-
16409	20256	23063	833	-
16409	20256	23063	833	-
20312	4800	23063	837	-
23317	5938	23063	837	-
20312	4800	23063	842	-
23317	5938	23063	842	-
20312	4800	23063	847	-
23317	5938	23063	847	-
20312	4800	8911	852	-
23317	5938	8911	852	-
20312	4800	8911	857	-
23317	5938	8911	857	-
20312	4800	8911	862	-
23317	5938	8911	862	-
20312	4800	8911	867	-
23317	5938	8911	867	-
20312	4800	8911	872	-
23317	5938	8911	872	-
20312	4800	8911	877	-
20312	4800	8911	879	-
20312	4800	8911	881	-
20312	4800	8911	886	-
20312	4800	8911	888	-
20312	4800	8911	890	-
20312	4800	8911	895	-
20312	4800	8911	898	-
20312	4800	8911	900	-
16409	20256	8911	902	-
16409	20256	8911	902	-
16409	20256	8911	902	-
16409	20256	8911	902	-
16409	20256	8911	902	-
16409	20256	8911	902	-
16409	20256	8911	902	-
16409	20256	8911	902	-
16409	20256	8911	902	-
16409	20256	8911	902	-
16409	20256	8911	902	-
16409	20256	8911	902	-
23317	5938	8911	903	-
23317	5938	8911	903	-
23317	5938	8911	903	-
23317	5938	8911	903	-
23317	5938	8911	903	-
23317	5938	8911	903	-
23317	5938	8911	903	-
23317	5938	8911	903	-
23317	5938	8911	903	-
20312	4800	8911	905	-
23317	5938	8911	905	-
20312	4800	46380	910	-
23317	5938	46380	910	-
16409	5006	46380	912	-
20312	4800	46380	915	-
23317	5938	46380	915	-
20312	4800	46380	920	-
23317	5938	46380	920	-
20312	4800	46380	925	-
23317	5938	46380	925	-
20312	4800	46380	930	-
23317	5938	46380	930	-
20312	4800	46380	935	-
23317	5938	46380	936	-
3957	19834	46380	939	-
20367	19350	46380	939	-
20312	4800	46380	941	-
23317	5938	46380	941	-
3076	3611	46380	944	-
3076	3611	46380	944	-
3076	3611	46380	944	-
3076	3611	46380	944	-
3076	3611	46380	944	-
3076	3611	46380	944	-
3076	3611	46380	944	-
20312	4800	46380	946	-
23317	5938	46380	946	-
20312	4800	46380	951	-
23317	5938	46380	951	-
20312	4800	46380	956	-
23317	5938	46380	956	-
20312	4800	46380	961	-
23317	5938	46380	961	-
20312	4800	46380	966	-
20312	4800	23988	968	-
20312	4800	23988	970	-
20312	4800	23988	975	-
20312	4800	23988	977	-
20312	4800	23988	979	-
3076	3611	23988	980	-
20312	4800	23988	984	-
20312	4800	23988	986	-
20312	4800	23988	988	-
10571	3611	23988	990	-
23317	5938	23988	993	-
20312	4800	23988	993	-
23317	5938	23988	993	-
23317	5938	23988	993	-
23317	5938	23988	993	-
23317	5938	23988	993	-
23317	5938	23988	993	-
23317	5938	23988	993	-
23317	5938	23988	993	-
23317	5938	23988	993	-
23317	5938	23988	993	-
16409	20256	23988	996	-
16409	20256	23988	996	-
16409	20256	23988	996	-
16409	20256	23988	996	-
16409	20256	23988	996	-
16409	20256	23988	996	-
16409	20256	23988	996	-
16409	20256	23988	996	-
16409	20256	23988	996	-
16409	20256	23988	996	-
16409	20256	23988	996	-
16409	20256	23988	996	-
20312	4800	23988	998	-
23317	5938	23988	998	-
20312	4800	23988	1003	-
23317	5938	23988	1004	-
20312	4800	23988	1009	-
23317	5938	23988	1009	-
20312	4800	23988	1014	-
23317	5938	23988	1014	-
20312	4800	23988	1019	-
23317	5938	23988	1019	-
20312	4800	23988	1024	-
23317	5938	23988	1024	-
20312	4800	31333	1029	-
23317	5938	31333	1029	-
20312	4800	31333	1034	-
23317	5938	31333	1034	-
20312	4800	31333	1039	-
23317	5938	31333	1039	-
23317	5938	31333	1044	-
20312	4800	31333	1044	-
23317	5938	31333	1049	-
20312	4800	31333	1049	-
20312	4800	31333	1054	-
23317	5938	31333	1054	-
20312	4800	31333	1059	-
20312	4800	31333	1061	-
20312	4800	31333	1063	-
20312	4800	31333	1068	-
20312	4800	31333	1070	-
20312	4800	31333	1072	-
20312	4800	31333	1077	-
20312	4800	31333	1079	-
3076	3611	31333	1079	-
20312	4800	31333	1081	-
23317	5938	31333	1083	-
23317	5938	31333	1083	-
23317	5938	31333	1083	-
23317	5938	31333	1083	-
23317	5938	31333	1083	-
23317	5938	31333	1083	-
23317	5938	31333	1083	-
23317	5938	31333	1083	-
23317	5938	31333	1083	-
16409	22968	31333	1083	-
20312	4800	31333	1083	-
16409	11561	31333	1086	-
23317	5938	31333	1087	-
20312	4800	31333	1087	-
16409	22527	22794	1089	-
16409	22968	22794	1089	-
16409	22968	22794	1089	-
16409	22968	22794	1089	-
16409	22968	22794	1089	-
16409	22968	22794	1089	-
16409	22968	22794	1089	-
16409	22968	22794	1089	-
20312	4800	22794	1092	-
23317	5938	22794	1092	-
20312	4800	22794	1097	-
23317	5938	22794	1097	-
23317	5938	22794	1102	-
16409	17111	22794	1102	-
20312	4800	22794	1102	-
16409	17111	22794	1103	-
16409	17111	22794	1103	-
16409	17111	22794	1103	-
16409	17111	22794	1103	-
20312	4800	22794	1107	-
23317	5938	22794	1107	-
23317	5938	22794	1112	-
20312	4800	22794	1112	-
16409	17111	22794	1115	-
16409	17111	22794	1115	-
16409	17111	22794	1115	-
16409	17111	22794	1115	-
16409	17111	22794	1115	-
16409	17111	22794	1115	-
16409	17111	22794	1115	-
23317	5938	22794	1117	-
20312	4800	22794	1117	-
20312	4800	22794	1122	-
23317	5938	22794	1122	-
3076	3611	22794	1123	-
3076	3611	22794	1123	-
3076	3611	22794	1123	-
3076	3611	22794	1123	-
3076	3611	22794	1123	-
3076	3611	22794	1123	-
3076	3611	22794	1123	-
20312	4800	22794	1127	-
23317	5938	22794	1127	-
23317	5938	22794	1132	-
20312	4800	22794	1132	-
23317	5938	22794	1137	-
20312	4800	22794	1137	-
23317	5938	22794	1142	-
20312	4800	22794	1142	-
20312	4800	22794	1147	-
20312	4800	8696	1149	-
20312	4800	8696	1151	-
3076	3611	8696	1153	-
3076	3611	8696	1154	-
3076	3611	8696	1154	-
3076	3611	8696	1154	-
3076	3611	8696	1154	-
3076	3611	8696	1154	-
3076	3611	8696	1154	-
20312	4800	8696	1157	-
20312	4800	8696	1159	-
20312	4800	8696	1161	-
20312	4800	8696	1166	-
20312	4800	8696	1168	-
20312	4800	8696	1170	-
23317	5938	8696	1173	-
23317	5938	8696	1173	-
23317	5938	8696	1173	-
23317	5938	8696	1173	-
23317	5938	8696	1173	-
23317	5938	8696	1173	-
23317	5938	8696	1173	-
23317	5938	8696	1173	-
15394	4800	8696	1173	-
23317	882	8696	1173	-
23317	5938	8696	1173	-
23317	5938	8696	1175	-
20312	4800	8696	1175	-
23317	5938	8696	1180	-
20312	4800	8696	1180	-
10571	3611	8696	1181	-
23317	5938	8696	1185	-
20312	4800	8696	1185	-
20312	4800	8696	1190	-
23317	5938	8696	1190	-
23317	5938	8696	1195	-
20312	4800	8696	1195	-
20312	4800	8696	1200	-
23317	5938	8696	1200	-
23317	5938	8696	1205	-
20312	4800	8696	1205	-
23317	5938	19513	1211	-
20312	4800	19513	1211	-
23317	5938	19513	1216	-
3957	15394	19513	1216	-
20312	4800	19513	1216	-
23317	5938	19513	1221	-
20312	4800	19513	1221	-
23317	5938	19513	1226	-
20312	4800	19513	1226	-
16409	17111	19513	1229	-
16409	17111	19513	1229	-
16409	17111	19513	1229	-
16409	17111	19513	1229	-
16409	17111	19513	1229	-
10571	3611	19513	1230	-
23317	5938	19513	1231	-
20312	4800	19513	1231	-
20312	4800	19513	1236	-
20312	4800	19513	1238	-
20312	4800	19513	1240	-
20312	4800	19513	1245	-
20312	4800	19513	1247	-
20312	4800	19513	1249	-
20312	4800	19513	1254	-
20312	4800	19513	1256	-
20312	4800	19513	1258	-
23317	5938	19513	1263	-
23317	5938	19513	1263	-
23317	5938	19513	1263	-
20312	4800	19513	1263	-
23317	5938	19513	1263	-
23317	5938	19513	1263	-
23317	5938	19513	1263	-
23317	5938	19513	1263	-
23317	5938	19513	1263	-
23317	5938	19513	1263	-
23317	5938	19513	1263	-
16409	9820	19513	1265	-
16409	9820	19513	1266	-
16409	9820	19513	1266	-
16409	9820	19513	1266	-
16409	9820	19513	1266	-
16409	9820	19513	1266	-
16409	9820	19513	1266	-
16409	9820	19513	1266	-
16409	9820	19513	1266	-
16409	9820	19513	1266	-
16409	9820	19513	1266	-
16409	9820	19513	1266	-
16409	9820	19513	1266	-
16409	9820	19513	1266	-
16409	9820	19513	1266	-
20312	4800	40978	1268	-
23317	5938	40978	1269	-
3076	3611	40978	1271	-
3076	3611	40978	1271	-
3076	3611	40978	1271	-
3076	3611	40978	1271	-
20312	4800	40978	1274	-
23317	5938	40978	1274	-
23317	5938	40978	1279	-
20312	4800	40978	1279	-
20312	4800	40978	1284	-
23317	5938	40978	1284	-
20312	4800	40978	1289	-
23317	5938	40978	1289	-
20312	4800	40978	1294	-
23317	5938	40978	1294	-
16409	9820	40978	1297	-
16409	9820	40978	1297	-
16409	9820	40978	1297	-
16409	9820	40978	1297	-
16409	9820	40978	1297	-
16409	9820	40978	1297	-
16409	9820	40978	1297	-
16409	9820	40978	1297	-
20312	4800	40978	1299	-
23317	5938	40978	1299	-
20312	4800	40978	1304	-
23317	5938	40978	1304	-
20312	4800	40978	1309	-
23317	5938	40978	1309	-
20312	4800	40978	1314	-
23317	5938	40978	1314	-
20312	4800	40978	1319	-
23317	5938	40978	1319	-
23317	5938	40978	1324	-
20312	4800	40978	1324	-
20312	4800	38076	1329	-
20312	4800	38076	1331	-
20312	4800	38076	1333	-
20312	4800	38076	1338	-
20312	4800	38076	1340	-
20312	4800	38076	1342	-
20312	4800	38076	1348	-
20312	4800	38076	1350	-
20312	4800	38076	1352	-
23317	5938	38076	1353	-
23317	5938	38076	1353	-
23317	5938	38076	1353	-
23317	5938	38076	1353	-
23317	5938	38076	1353	-
23317	5938	38076	1353	-
23317	5938	38076	1353	-
23317	5938	38076	1353	-
23317	5938	38076	1353	-
20312	4800	38076	1357	-
23317	5938	38076	1357	-
23317	5938	38076	1362	-
20312	4800	38076	1362	-
20312	4800	38076	1367	-
23317	5938	38076	1367	-
23317	5938	38076	1372	-
20312	4800	38076	1372	-
23317	5938	38076	1377	-
20312	4800	38076	1377	-
23317	5938	38076	1382	-
20312	4800	38076	1382	-
23317	5938	38076	1387	-
20312	4800	38076	1387	-
20312	4800	35497	1392	-
23317	5938	35497	1392	-
23317	5938	35497	1397	-
20312	4800	35497	1397	-
23317	5938	35497	1402	-
20312	4800	35497	1402	-
16409	14695	35497	1404	-
16409	14695	35497	1404	-
16409	14695	35497	1404	-
16409	14695	35497	1404	-
16409	14695	35497	1404	-
16409	14695	35497	1404	-
16409	14695	35497	1405	-
16409	14695	35497	1405	-
16409	14695	35497	1405	-
16409	14695	35497	1405	-
16409	14695	35497	1405	-
16409	14695	35497	1405	-
16409	14695	35497	1405	-
16409	14695	35497	1405	-
16409	14695	35497	1405	-
16409	14695	35497	1405	-
16409	14695	35497	1405	-
16409	14695	35497	1405	-
16409	14695	35497	1405	-
16409	14695	35497	1405	-
16409	14695	35497	1405	-
23317	5938	35497	1407	-
20312	4800	35497	1407	-
20312	4800	35497	1412	-
23317	5938	35497	1413	-
20312	4800	35497	1418	-
20312	4800	35497	1420	-
20312	4800	35497	1422	-
20312	4800	35497	1427	-
20312	4800	35497	1429	-
20312	4800	35497	1431	-
20312	4800	35497	1436	-
20312	4800	35497	1438	-
20312	4800	35497	1440	-
23317	5938	35497	1443	-
23317	5938	35497	1443	-
23317	5938	35497	1443	-
23317	5938	35497	1443	-
23317	5938	35497	1443	-
23317	5938	35497	1443	-
23317	5938	35497	1443	-
23317	5938	35497	1443	-
23317	5938	35497	1443	-
23317	5938	35497	1445	-
20312	4800	35497	1445	-
23317	5938	32840	1450	-
20312	4800	32840	1450	-
23317	5938	32840	1455	-
20312	4800	32840	1455	-
20312	4800	32840	1460	-
23317	5938	32840	1460	-
23317	5938	32840	1465	-
20312	4800	32840	1465	-
23317	5938	32840	1471	-
20312	4800	32840	1471	-
23317	5938	32840	1476	-
20312	4800	32840	1476	-
23317	5938	32840	1481	-
20312	4800	32840	1481	-
20312	4800	32840	1486	-
23317	5938	32840	1486	-
20312	4800	32840	1491	-
23317	5938	32840	1491	-
20312	4800	32840	1496	-
23317	5938	32840	1496	-
20312	4800	32840	1501	-
23317	5938	32840	1501	-
20312	4800	32840	1506	-
20312	4800	35118	1508	-
20312	4800	35118	1510	-
20312	4800	35118	1515	-
20312	4800	35118	1517	-
20312	4800	35118	1519	-
20312	4800	35118	1524	-
20312	4800	35118	1526	-
20312	4800	35118	1528	-
3076	3611	35118	1528	-
3076	3611	35118	1532	-
3076	3611	35118	1532	-
3076	3611	35118	1532	-
3076	3611	35118	1532	-
3076	3611	35118	1532	-
3076	3611	35118	1532	-
23317	5938	35118	1533	-
23317	5938	35118	1533	-
23317	5938	35118	1533	-
23317	5938	35118	1533	-
23317	5938	35118	1533	-
23317	5938	35118	1533	-
20312	4800	35118	1533	-
23317	5938	35118	1533	-
23317	5938	35118	1533	-
23317	5938	35118	1533	-
20312	4800	35118	1533	-
23317	5938	35118	1533	-
23317	5938	35118	1538	-
20312	4800	35118	1538	-
20312	4800	35118	1543	-
23317	5938	35118	1544	-
23317	5938	35118	1549	-
20312	4800	35118	1549	-
23317	5938	35118	1554	-
20312	4800	35118	1554	-
23317	5938	35118	1559	-
20312	4800	35118	1559	-
20312	4800	35118	1564	-
23317	5938	35118	1564	-
23317	5938	18450	1569	-
20312	4800	18450	1569	-
20312	4800	18450	1574	-
23317	5938	18450	1574	-
20312	4800	18450	1579	-
23317	5938	18450	1579	-
23317	5938	18450	1584	-
20312	4800	18450	1584	-
23317	5938	18450	1589	-
20312	4800	18450	1589	-
23317	5938	18450	1594	-
20312	4800	18450	1594	-
20312	4800	18450	1599	-
20312	4800	18450	1601	-
20312	4800	18450	1603	-
20312	4800	18450	1608	-
20312	4800	18450	1610	-
20312	4800	18450	1612	-
20312	4800	18450	1617	-
20312	4800	18450	1619	-
20312	4800	18450	1621	-
16409	9820	18450	1622	-
23317	5938	18450	1623	-
23317	5938	18450	1623	-
23317	5938	18450	1623	-
23317	5938	18450	1623	-
23317	5938	18450	1623	-
23317	5938	18450	1623	-
23317	5938	18450	1623	-
23317	5938	18450	1623	-
23317	5938	18450	1623	-
16409	9820	18450	1626	-
16409	9820	18450	1626	-
16409	9820	18450	1626	-
16409	9820	18450	1626	-
16409	9820	18450	1626	-
16409	9820	18450	1626	-
16409	9820	18450	1626	-
23317	5938	18450	1627	-
20312	4800	18450	1627	-
23317	5938	10252	1632	-
20312	4800	10252	1632	-
23317	5938	10252	1637	-
20312	4800	10252	1637	-
23317	5938	10252	1642	-
20312	4800	10252	1642	-
23317	5938	10252	1647	-
20312	4800	10252	1647	-
20312	587	10252	1650	-
17923	5938	10252	1650	-
23317	5938	10252	1652	-
20312	4800	10252	1652	-
23317	5938	10252	1657	-
20312	4800	10252	1657	-
23317	5938	10252	1662	-
20312	4800	10252	1662	-
20312	4800	10252	1667	-
23317	5938	10252	1667	-
20312	4800	10252	1672	-
23317	5938	10252	1672	-
23317	5938	10252	1677	-
20312	4800	10252	1677	-
20312	4800	10252	1682	-
23317	5938	10252	1682	-
20312	4800	10252	1687	-
20312	4800	10206	1689	-
20312	4800	10206	1691	-
20312	4800	10206	1697	-
20312	4800	10206	1699	-
20312	4800	10206	1701	-
20312	4800	10206	1706	-
20312	4800	10206	1708	-
20312	4800	10206	1710	-
16409	9820	10206	1712	-
16409	9820	10206	1712	-
11001	17005	10206	1712	-
16409	9820	10206	1712	-
16409	9820	10206	1712	-
16409	9820	10206	1712	-
16409	9820	10206	1712	-
16409	9820	10206	1712	-
23317	5938	10206	1713	-
23317	5938	10206	1713	-
23317	5938	10206	1713	-
16409	9820	10206	1713	-
23317	5938	10206	1713	-
23317	5938	10206	1713	-
23317	5938	10206	1713	-
23317	5938	10206	1713	-
23317	5938	10206	1713	-
23317	5938	10206	1713	-
20312	4800	10206	1715	-
23317	5938	10206	1715	-
11001	16409	10206	1716	-
11001	16409	10206	1717	-
11001	16409	10206	1717	-
11001	16409	10206	1717	-
20312	4800	10206	1720	-
23317	5938	10206	1720	-
23317	5938	10206	1725	-
20312	4800	10206	1725	-
23317	5938	10206	1730	-
20312	4800	10206	1730	-
23317	5938	10206	1735	-
20312	4800	10206	1735	-
20312	4800	10206	1740	-
23317	5938	10206	1740	-
20312	4800	10206	1745	-
23317	5938	10206	1745	-
23317	5938	18973	1751	-
20312	4800	18973	1751	-
16409	9820	18973	1756	-
20312	4800	18973	1756	-
23317	5938	18973	1756	-
16409	9820	18973	1756	-
16409	9820	18973	1756	-
16409	9820	18973	1756	-
16409	9820	18973	1756	-
16409	9820	18973	1756	-
16409	9820	18973	1756	-
16409	9820	18973	1756	-
23317	5938	18973	1761	-
20312	4800	18973	1761	-
20312	4800	18973	1766	-
23317	5938	18973	1766	-
20312	4800	18973	1771	-
23317	5938	18973	1771	-
11001	3374	18973	1772	-
11001	3374	18973	1772	-
11001	3374	18973	1772	-
11001	3374	18973	1772	-
11001	3374	18973	1772	-
11001	3374	18973	1772	-
11001	3374	18973	1772	-
15394	4800	18973	1773	-
23317	882	18973	1773	-
20312	4800	18973	1776	-
20312	4800	18973	1778	-
20312	4800	18973	1780	-
20312	4800	18973	1785	-
20312	4800	18973	1787	-
20312	4800	18973	1789	-
20312	4800	18973	1794	-
20312	4800	18973	1796	-
20312	4800	18973	1798	-
