7215	5660	27	0	-
7215	7411	27	0	-
7215	7411	27	0	-
7215	7411	27	0	-
7215	7411	27	0	-
7215	7411	27	0	-
7215	7411	27	0	-
7215	7411	27	0	-
7215	7411	27	0	-
7215	7411	27	0	-
7215	7411	27	1	-
7215	7411	27	1	-
7215	7411	27	1	-
7215	7411	27	1	-
11001	21708	11599	14	-
7215	7411	11599	64	-
882	7268	11599	65	-
3957	19834	14922	67	-
882	7268	14922	67	-
7215	12448	14922	73	-
7215	12448	14922	74	-
15737	19659	14922	77	-
7215	12448	14922	77	-
15737	19659	14922	77	-
15737	19659	14922	77	-
15737	17499	14922	77	-
15737	19659	14922	77	-
15737	17499	14922	77	-
15737	17499	14922	77	-
15737	19659	14922	77	-
7215	12448	14922	77	-
15737	19659	14922	77	-
7215	12448	14922	77	-
15737	17499	14922	77	-
7215	12448	14922	77	-
15737	19659	14922	77	-
7215	12448	14922	77	-
15737	19659	14922	77	-
7215	12448	14922	77	-
7215	12448	14922	77	-
7215	12448	14922	77	-
7215	12448	14922	77	-
7215	12448	14922	77	-
7215	12448	14922	77	-
7215	12448	14922	77	-
7215	7713	14922	77	-
7215	12448	14922	77	-
7215	12448	14922	77	-
7215	12448	14922	77	-
7215	12448	14922	77	-
7215	12448	14922	77	-
7215	12448	14922	77	-
7215	12448	14922	77	-
7215	12448	14922	77	-
7215	12448	14922	77	-
7215	12448	14922	77	-
7215	12448	14922	77	-
7215	12448	14922	77	-
7215	12448	14922	77	-
7215	12448	14922	80	-
7215	12448	14922	80	-
7215	12448	14922	80	-
7215	13	14922	80	-
7215	12448	14922	80	-
7215	12448	14922	80	-
7215	12448	14922	80	-
7215	12448	14922	80	-
7215	12448	14922	80	-
7215	12448	14922	81	-
7215	12448	14922	81	-
3957	19834	19124	126	-
3957	15394	19124	126	-
3957	15394	19124	135	-
7215	7601	19124	140	-
6114	16772	19124	185	-
6114	16772	19124	185	-
6114	16772	19124	185	-
6114	16772	19124	185	-
6114	16772	19124	185	-
6114	16772	19124	185	-
6114	16772	19124	185	-
6114	16772	19124	185	-
20312	14437	35638	203	-
20312	2843	35638	203	-
20312	4981	35638	205	-
20312	16593	35638	206	-
6775	16593	35638	221	-
6775	16593	35638	224	-
16671	18204	10953	251	-
16671	18204	10953	252	-
16671	18204	10953	252	-
16671	18204	10953	252	-
16671	18204	10953	252	-
16671	18204	10953	252	-
16671	18204	10953	252	-
16671	18204	10953	252	-
16671	18204	10953	252	-
16671	18204	10953	252	-
16671	18204	10953	252	-
16671	18204	10953	252	-
16671	18204	10953	252	-
16671	18204	10953	252	-
16671	18204	10953	252	-
16671	18204	10953	252	-
16671	18204	10953	252	-
16671	18204	10953	252	-
11001	13122	10953	263	-
16671	19471	10953	271	-
16671	19471	10953	271	-
16671	19471	10953	271	-
16671	19471	10953	271	-
16671	19471	10953	271	-
16671	19471	10953	271	-
16671	19471	10953	274	-
16671	20644	10953	274	-
16671	19471	10953	274	-
3957	15894	10953	282	-
7179	9554	10953	282	-
16671	19471	10953	289	-
16671	19471	10953	289	-
16671	19471	10953	289	-
16671	19471	10953	289	-
15737	19659	46495	330	-
15737	17499	46495	330	-
15737	17499	46495	330	-
15737	19659	46495	330	-
15737	17499	46495	330	-
15737	19659	46495	330	-
15737	19659	46495	330	-
15737	19659	46495	331	-
15737	19659	46495	331	-
15737	17499	46495	331	-
15737	19659	46495	331	-
15737	19659	46495	331	-
6114	16772	46495	336	-
10571	3461	46495	339	-
15737	17499	46495	341	-
15737	17499	46495	341	-
15737	17499	46495	341	-
15737	17499	46495	341	-
15737	17499	46495	341	-
15737	17499	46495	341	-
15737	19659	46495	341	-
7215	8448	46495	348	-
7215	8448	46495	348	-
7215	8448	46495	348	-
7215	8448	46495	348	-
7215	8448	46495	348	-
7215	8448	46495	348	-
7215	8448	46495	349	-
7215	8448	46495	349	-
7215	8448	46495	349	-
7215	8448	46495	349	-
7215	8448	46495	349	-
7215	8448	46495	349	-
7215	8448	46495	349	-
7215	8448	46495	349	-
7215	8448	46495	349	-
7215	8448	46495	349	-
7215	8448	46495	349	-
7215	8448	46495	349	-
7215	8448	46495	349	-
7215	8448	46495	349	-
7215	8448	46495	349	-
7215	8448	46495	349	-
7215	8448	46495	349	-
7215	8448	46495	349	-
7215	8448	46495	349	-
7215	8448	46495	349	-
7215	8448	46495	349	-
7215	8448	46495	349	-
7215	8448	46495	349	-
7215	8448	46495	349	-
7215	8448	46495	349	-
7215	8448	46495	349	-
7215	8448	46495	349	-
7215	15737	46495	349	-
7215	8448	46495	349	-
7215	8448	46495	349	-
15737	17499	46495	357	-
15737	17499	46495	357	-
15737	17499	46495	357	-
15737	17499	46495	357	-
15737	17499	46495	357	-
3297	15667	46495	358	-
15737	17499	46495	360	-
15737	17499	46495	360	-
15737	17499	46495	360	-
15737	17499	46495	360	-
15737	17499	46495	360	-
15737	17499	46495	360	-
15737	17499	46495	360	-
15737	17499	46495	360	-
15737	17499	46495	360	-
15737	17499	46495	360	-
15737	9120	46495	360	-
15737	17499	46495	360	-
15737	17499	46495	361	-
15737	17499	46495	361	-
15737	17499	46495	361	-
15737	17499	46495	361	-
15737	17499	46495	361	-
15737	17499	46495	361	-
15737	9120	46495	361	-
15737	17499	46495	361	-
6114	16772	42262	375	-
6114	17392	42262	377	-
6114	17392	42262	378	-
6114	17392	42262	378	-
6114	17392	42262	378	-
6114	17392	42262	378	-
6114	17392	42262	378	-
6114	17392	42262	378	-
6114	17392	42262	378	-
6114	17392	42262	378	-
6114	17392	42262	378	-
6114	17392	42262	378	-
6114	17392	42262	378	-
6114	17392	42262	378	-
6114	17392	42262	378	-
6114	17392	42262	378	-
6114	17392	42262	378	-
6114	17392	42262	378	-
6114	17392	42262	378	-
6114	17392	42262	378	-
6114	17392	42262	378	-
6114	17392	42262	378	-
6114	17392	42262	378	-
6114	17392	42262	378	-
6114	17392	42262	378	-
6114	17392	42262	378	-
6114	17392	42262	378	-
6114	17392	42262	379	-
6114	17392	42262	379	-
6114	2326	42262	380	-
3957	1633	42262	398	-
3957	587	42262	420	-
7215	1442	42262	421	-
7215	1442	42262	421	-
7215	1442	42262	422	-
7215	1442	42262	422	-
7215	1442	42262	422	-
7215	1442	42262	422	-
7215	1442	42262	422	-
7215	1442	42262	422	-
7215	1442	42262	422	-
7215	1442	42262	422	-
7215	1442	42262	422	-
7215	1442	42262	422	-
7215	1442	42262	422	-
16671	1011	42262	423	-
16671	1011	42262	423	-
16671	1011	42262	423	-
7215	5938	42262	423	-
16671	1011	42262	423	-
16671	1011	42262	424	-
16671	1011	42262	424	-
16671	1011	42262	424	-
6114	12927	42262	425	-
3957	15394	1342	431	-
7215	1442	1342	433	-
6114	16772	1342	451	-
6114	16772	1342	451	-
6114	16772	1342	451	-
6114	6157	1342	452	-
6114	18682	1342	452	-
6114	6157	1342	452	-
6114	18718	1342	452	-
6114	6157	1342	452	-
6114	6157	1342	452	-
6114	3858	1342	452	-
6114	6157	1342	452	-
6114	6157	1342	452	-
6114	6157	1342	452	-
6114	6157	1342	452	-
6114	6157	1342	452	-
6114	6157	1342	452	-
6114	16772	1342	452	-
6114	6157	1342	452	-
6114	16772	1342	452	-
6114	16772	1342	452	-
6114	16772	1342	452	-
6114	6157	1342	452	-
6114	16772	1342	452	-
6114	6157	1342	452	-
6114	6157	1342	452	-
6114	6157	1342	452	-
6114	6157	1342	452	-
6114	6157	1342	452	-
6114	6157	1342	452	-
6114	6157	1342	452	-
6114	6157	1342	452	-
6114	6157	1342	452	-
6114	6157	1342	452	-
6114	6157	1342	452	-
6114	6157	1342	452	-
6114	6157	1342	452	-
6114	18682	1342	453	-
6114	6157	1342	453	-
6114	6157	1342	453	-
6114	6157	1342	453	-
6114	6157	1342	453	-
6114	6157	1342	453	-
6114	6157	1342	453	-
6114	6157	1342	453	-
6114	6157	1342	453	-
6114	6157	1342	453	-
6114	6157	1342	453	-
6114	6157	1342	453	-
6114	17392	1342	455	-
6114	17392	1342	456	-
6114	17392	1342	456	-
6114	17392	1342	456	-
6114	17392	1342	456	-
6114	17392	1342	456	-
6114	17392	1342	456	-
6114	17392	1342	456	-
6114	17392	1342	456	-
6114	17392	1342	456	-
6114	17392	1342	456	-
6114	17392	1342	456	-
6114	17392	1342	456	-
6114	17392	1342	456	-
6114	17392	1342	456	-
6114	17392	1342	457	-
6114	17392	1342	457	-
6114	17392	1342	457	-
6114	17392	1342	457	-
6114	17392	1342	457	-
6114	17392	1342	457	-
6114	17392	1342	457	-
6114	17392	1342	457	-
6114	17392	1342	457	-
6114	17392	1342	457	-
6114	17392	1342	457	-
6114	17392	1342	457	-
6114	17392	1342	457	-
12985	19834	1342	458	-
12985	1633	1342	459	-
12985	11900	1342	460	-
15737	13561	1342	467	-
15737	13561	1342	467	-
15737	13561	1342	468	-
15737	13561	1342	468	-
15737	13561	1342	468	-
15737	13561	1342	468	-
15737	7179	1342	468	-
15737	13561	1342	468	-
15737	7179	1342	468	-
15737	13561	1342	468	-
15737	13561	1342	468	-
15737	13561	1342	468	-
15737	13561	1342	468	-
15737	13561	1342	468	-
16671	1011	1342	468	-
15737	13561	1342	468	-
15737	13561	1342	468	-
15737	13561	1342	468	-
15737	13561	1342	468	-
16671	1011	1342	468	-
16671	1011	1342	468	-
16671	1011	1342	468	-
16671	1011	1342	468	-
16671	1011	1342	468	-
6114	11595	41484	489	-
6114	11595	41484	489	-
6114	11595	41484	489	-
6114	11595	41484	489	-
6114	11595	41484	489	-
6114	2079	41484	489	-
6114	11595	41484	489	-
10571	16531	41484	489	-
7179	3611	41484	492	-
19839	15894	41484	493	-
6114	22742	41484	494	-
6114	22742	41484	494	-
6114	22742	41484	494	-
6114	22742	41484	494	-
6114	22742	41484	494	-
8048	16531	41484	500	-
8048	9554	41484	500	-
6114	19325	41484	502	-
6114	19325	41484	502	-
6114	19325	41484	502	-
6114	19325	41484	502	-
6114	19325	41484	503	-
6114	19325	41484	503	-
6114	19325	41484	503	-
6114	19325	41484	503	-
6114	19325	41484	503	-
6114	19325	41484	503	-
6114	19325	41484	503	-
6114	19325	41484	503	-
6114	19325	41484	503	-
6114	19325	41484	503	-
6114	19325	41484	504	-
6114	19325	41484	504	-
6114	19325	41484	504	-
6114	19325	41484	504	-
6114	19325	41484	504	-
6114	19325	41484	504	-
6114	19325	41484	504	-
6114	19325	41484	504	-
6114	19325	41484	514	-
6114	19325	41484	514	-
6114	19325	41484	514	-
6114	19325	41484	514	-
6114	19325	41484	514	-
6114	19325	41484	514	-
6114	19325	41484	514	-
6114	19325	41484	514	-
6114	19325	41484	514	-
6114	19325	41484	514	-
6114	19325	41484	514	-
6114	19325	41484	514	-
6114	19325	41484	514	-
6114	19325	41484	515	-
7215	1442	41484	515	-
7215	1442	41484	515	-
7215	1442	41484	515	-
6114	17392	41484	532	-
6114	17392	41484	532	-
6114	17392	41484	532	-
6114	17392	41484	532	-
6114	17392	41484	532	-
6114	17392	41484	532	-
6114	17392	41484	532	-
6114	17392	41484	532	-
6114	17392	41484	532	-
6114	17392	41484	532	-
6114	17392	41484	532	-
6114	17392	41484	532	-
6114	17392	41484	532	-
6114	17392	41484	532	-
6114	17392	41484	532	-
6114	17392	41484	532	-
6114	19325	41083	549	-
6114	19325	41083	549	-
6114	17392	41083	549	-
6114	19325	41083	549	-
6114	19325	41083	549	-
6114	17392	41083	549	-
6114	19325	41083	549	-
6114	17392	41083	549	-
6114	19325	41083	549	-
6114	17392	41083	549	-
6114	19325	41083	549	-
6114	19325	41083	549	-
6114	17392	41083	549	-
6114	17392	41083	549	-
6114	19325	41083	549	-
6114	17392	41083	549	-
6114	19325	41083	549	-
6114	17392	41083	549	-
6114	19325	41083	549	-
6114	17392	41083	549	-
6114	19325	41083	549	-
6114	17392	41083	549	-
6114	17392	41083	549	-
6114	17392	41083	549	-
6114	17392	41083	549	-
6114	17392	41083	549	-
6114	17392	41083	549	-
6114	17392	41083	549	-
6114	17392	41083	549	-
6114	19325	41083	549	-
15737	13561	41083	564	-
15737	13561	41083	564	-
15737	13561	41083	564	-
6114	11909	41083	565	-
6114	11909	41083	566	-
6114	11909	41083	566	-
6114	11909	41083	566	-
6114	11909	41083	566	-
6114	11909	41083	566	-
6114	11909	41083	566	-
6114	11909	41083	566	-
6114	11909	41083	566	-
6114	11909	41083	566	-
6114	11909	41083	566	-
6114	11909	41083	566	-
6114	11909	41083	566	-
6114	11909	41083	566	-
6114	11909	41083	566	-
6114	11909	41083	566	-
6114	11909	41083	566	-
6114	11909	41083	566	-
6114	11909	41083	566	-
6114	11909	41083	566	-
6114	11909	41083	566	-
6114	11909	41083	566	-
6114	11909	41083	566	-
6114	11909	41083	566	-
6114	11909	41083	566	-
6114	11909	41083	566	-
6114	11909	41083	566	-
6114	11909	41083	566	-
6114	11909	41083	566	-
6114	11909	41083	566	-
6114	11909	41083	566	-
6114	11909	41083	566	-
6114	11909	41083	566	-
23317	882	41083	583	-
6114	19325	41083	592	-
6114	19325	41083	592	-
6114	19325	41083	592	-
6114	19325	41083	592	-
6114	19325	41083	592	-
6114	19325	41083	592	-
6114	19325	41083	592	-
6114	19325	41083	592	-
16671	15999	41083	594	-
16671	15999	41083	594	-
7782	1633	41083	599	-
6114	20367	41083	603	-
6114	23317	41083	603	-
13993	1633	41083	605	-
6114	19325	40484	610	-
6114	19325	40484	611	-
6114	19325	40484	611	-
6114	19325	40484	611	-
6114	19325	40484	611	-
6114	19325	40484	611	-
6114	19325	40484	611	-
6114	19325	40484	611	-
6114	19325	40484	611	-
6114	19325	40484	611	-
6114	19325	40484	611	-
6114	19325	40484	611	-
6114	19325	40484	611	-
16671	15999	40484	613	-
16671	15999	40484	614	-
10571	8452	40484	631	-
3957	11900	40484	631	-
7215	4061	40484	653	-
7215	4061	40484	653	-
7215	4061	40484	653	-
15737	7179	40484	654	-
7215	4061	40484	656	-
7215	4061	40484	656	-
7215	4061	40484	656	-
7215	4061	40484	656	-
7215	4061	40484	656	-
7215	4061	40484	656	-
7215	15581	40484	656	-
7215	4061	40484	656	-
7215	4061	40484	656	-
7215	4061	40484	656	-
7215	4061	40484	656	-
7215	4061	40484	656	-
7215	4061	40484	656	-
7215	4061	40484	656	-
7215	4061	40484	656	-
7215	4061	40484	656	-
7215	4061	40484	656	-
7215	4061	40484	656	-
7215	4061	40484	656	-
7215	4061	40484	656	-
7215	4061	40484	656	-
15737	13561	40484	657	-
15737	7606	40484	657	-
6114	20367	992	667	-
6114	20367	992	667	-
6114	20367	992	667	-
6114	20367	992	667	-
6114	20367	992	667	-
6114	20367	992	667	-
6114	20367	992	667	-
6114	20367	992	667	-
6114	20367	992	667	-
6114	20367	992	667	-
6114	20367	992	667	-
6114	23317	992	667	-
6114	20367	992	667	-
6114	20367	992	667	-
7215	405	992	674	-
7215	405	992	674	-
7215	405	992	674	-
7215	405	992	674	-
7215	405	992	674	-
7215	405	992	674	-
7215	405	992	674	-
7215	405	992	674	-
7215	405	992	674	-
7215	405	992	674	-
7215	405	992	674	-
7215	405	992	674	-
7215	405	992	674	-
7215	405	992	674	-
7215	405	992	674	-
7215	405	992	674	-
7215	405	992	674	-
7215	405	992	674	-
7215	405	992	674	-
7215	405	992	674	-
6114	8087	992	677	-
16671	8237	992	695	-
16671	8237	992	695	-
16671	8237	992	695	-
16671	8237	992	696	-
16671	8237	992	696	-
7215	405	992	708	-
16671	2911	992	719	-
16671	2911	992	719	-
16671	2911	992	719	-
16671	2911	992	719	-
16671	2911	992	719	-
16671	2911	992	719	-
16671	2911	992	719	-
16671	2911	992	719	-
16671	2911	992	719	-
16671	2911	992	719	-
16671	2911	992	719	-
16671	2911	992	722	-
16671	2911	992	722	-
16671	15960	992	722	-
16671	2911	992	722	-
16671	2911	992	722	-
16671	2911	992	722	-
16671	15960	992	722	-
16671	2911	992	724	-
16671	2911	992	724	-
16671	2911	992	724	-
16671	2911	992	724	-
16671	2911	992	724	-
16671	2911	992	724	-
10571	4981	38275	734	-
10571	3461	38275	735	-
10571	16593	38275	737	-
10571	9554	38275	739	-
11001	5938	38275	742	-
15737	13561	38275	777	-
3611	5938	38275	777	-
15737	13561	38275	777	-
15737	13561	38275	777	-
15737	13561	38275	777	-
15737	13561	38275	777	-
15737	7179	38275	777	-
15737	13561	38275	777	-
15737	7179	38275	777	-
15737	13561	38275	777	-
15737	13561	38275	777	-
15737	13561	38275	777	-
15737	13561	38275	777	-
15737	13561	38275	777	-
15737	13561	38275	777	-
15737	13561	38275	778	-
15737	13561	38275	778	-
15737	13561	38275	778	-
15737	13561	38275	778	-
6114	23317	38275	779	-
6114	20367	38275	779	-
6114	20367	7311	813	-
6114	20367	7311	813	-
6114	20367	7311	813	-
6114	20367	7311	814	-
6114	23317	7311	814	-
6114	20367	7311	814	-
6114	20367	7311	814	-
6114	20367	7311	814	-
7215	4181	7311	817	-
7215	4181	7311	817	-
7215	4181	7311	817	-
7215	4181	7311	817	-
7215	4181	7311	817	-
7215	4181	7311	817	-
7782	15667	7311	818	-
7215	4181	7311	820	-
7215	20026	7311	820	-
7215	10348	7311	823	-
7215	4181	7311	823	-
7215	4181	7311	823	-
6114	3076	7311	826	-
6114	3076	7311	826	-
6114	3076	7311	826	-
6114	3076	7311	826	-
6114	3076	7311	826	-
6114	3076	7311	826	-
6114	3076	7311	826	-
7215	2611	7311	826	-
6114	3076	7311	826	-
7215	4181	7311	826	-
6114	3076	7311	826	-
7215	4181	7311	826	-
6114	3076	7311	826	-
7215	4181	7311	826	-
6114	3076	7311	826	-
6114	3076	7311	826	-
7215	4181	7311	826	-
6114	3076	7311	826	-
7215	4181	7311	826	-
6114	3076	7311	826	-
7215	4181	7311	826	-
6114	3076	7311	826	-
7215	10190	7311	826	-
6114	3076	7311	826	-
6114	3076	7311	827	-
6114	3076	7311	827	-
6114	3076	7311	827	-
6114	3076	7311	827	-
6114	3076	7311	827	-
6114	3076	7311	827	-
6114	3076	7311	827	-
6114	3076	7311	827	-
6114	3076	7311	827	-
6114	3076	7311	827	-
6114	3076	7311	827	-
6114	3076	7311	827	-
16671	15960	18066	892	-
16671	2911	18066	892	-
16671	2911	18066	892	-
16671	15960	18066	892	-
16671	2911	18066	892	-
16671	2911	18066	892	-
16671	2911	18066	892	-
16671	2911	18066	892	-
15737	13561	18066	895	-
15737	13561	18066	895	-
15737	13561	18066	895	-
15737	13561	18066	895	-
15737	13561	18066	895	-
15737	13561	18066	895	-
15737	13561	18066	895	-
15737	13561	18066	895	-
6114	1527	2289	907	-
6114	1527	2289	907	-
6114	21123	2289	907	-
6114	1527	2289	907	-
6114	1527	2289	907	-
6114	6554	2289	907	-
6114	1527	2289	907	-
6114	6554	2289	907	-
3297	10553	2289	908	-
3297	9787	2289	908	-
3297	9787	2289	908	-
3297	9787	2289	908	-
19531	5938	2289	910	-
3297	10553	2289	911	-
3297	9787	2289	911	-
3297	9787	2289	911	-
15737	22702	2289	911	-
15737	22702	2289	911	-
15737	22702	2289	911	-
3297	9787	2289	911	-
15737	22702	2289	911	-
15737	22702	2289	911	-
15737	22702	2289	911	-
3297	21647	2289	916	-
3297	21647	2289	916	-
3297	13268	2289	919	-
3297	13268	2289	919	-
8048	3461	2289	938	-
8048	16593	2289	938	-
8048	8452	2289	940	-
19531	5938	2289	943	-
7215	4181	2289	945	-
7215	4181	2289	945	-
7215	10348	2289	945	-
7215	14193	2289	948	-
7215	4181	2289	948	-
7215	10190	2289	948	-
7215	4181	2289	948	-
7215	20026	2289	952	-
7215	4181	2289	952	-
7215	10348	2289	952	-
7215	4181	2289	952	-
7215	4181	2289	952	-
7215	4181	2289	952	-
7215	4181	2289	952	-
7215	10190	2289	953	-
15737	22702	2289	953	-
15737	22702	2289	953	-
7215	4001	2289	953	-
15737	22702	2289	953	-
15737	22702	2289	953	-
15737	22702	2289	959	-
15737	22702	2289	959	-
15737	22702	2289	959	-
20312	14437	2289	960	-
3957	5938	2289	962	-
20312	14437	2289	962	-
15737	23243	34914	981	-
15737	23243	34914	981	-
15737	23243	34914	981	-
15737	23243	34914	981	-
15737	23243	34914	981	-
15737	23243	34914	981	-
15737	23243	34914	982	-
15737	23243	34914	982	-
15737	23243	34914	982	-
15737	23243	34914	982	-
15737	23243	34914	982	-
15737	23243	34914	982	-
15737	23243	34914	982	-
16671	2911	34914	985	-
16671	2911	34914	985	-
16671	2911	34914	985	-
16671	2911	34914	985	-
16671	2911	34914	985	-
16671	2911	34914	985	-
6114	20367	34914	993	-
6114	20367	34914	994	-
6114	23317	34914	994	-
6114	20367	34914	994	-
6114	20367	34914	994	-
6114	20367	34914	994	-
6114	20367	34914	994	-
6114	16241	34914	996	-
6114	16241	34914	996	-
6114	16241	34914	996	-
6114	16241	34914	996	-
6114	16241	34914	997	-
3297	445	34914	998	-
3297	445	34914	998	-
3297	445	34914	998	-
3297	445	34914	998	-
3297	445	34914	998	-
3297	445	34914	998	-
3297	445	34914	998	-
3297	445	34914	998	-
3297	445	34914	998	-
3297	445	34914	998	-
3297	445	34914	998	-
3297	445	34914	998	-
3297	445	34914	998	-
3297	445	34914	998	-
6114	16995	34914	1000	-
6114	16241	34914	1000	-
6114	16241	34914	1000	-
3297	445	34914	1024	-
3297	445	34914	1024	-
3297	445	34914	1024	-
3297	445	34914	1024	-
3297	445	34914	1024	-
3297	445	34914	1024	-
3297	445	34914	1024	-
3297	445	34914	1024	-
3297	445	34914	1024	-
3297	445	34914	1024	-
3297	445	34914	1024	-
3297	445	34914	1024	-
16671	6157	23339	1031	-
16671	6157	23339	1032	-
16671	6157	23339	1032	-
16671	6157	23339	1032	-
16671	3858	23339	1032	-
16671	6157	23339	1032	-
16671	6157	23339	1032	-
16671	6157	23339	1032	-
16671	6157	23339	1033	-
16671	18682	23339	1033	-
16671	6157	23339	1033	-
16671	6157	23339	1033	-
16671	6157	23339	1033	-
16671	6157	23339	1033	-
16671	6157	23339	1033	-
16671	6157	23339	1033	-
16671	6157	23339	1033	-
16671	6157	23339	1033	-
16671	6157	23339	1033	-
16671	6157	23339	1033	-
16671	6157	23339	1033	-
16671	6157	23339	1033	-
16671	6157	23339	1033	-
16671	6157	23339	1033	-
16671	6157	23339	1033	-
16671	6157	23339	1033	-
16671	18682	23339	1034	-
16671	6157	23339	1034	-
16671	18718	23339	1034	-
16671	6157	23339	1034	-
16671	6157	23339	1034	-
16671	6157	23339	1034	-
16671	6157	23339	1034	-
16671	6157	23339	1034	-
16671	6157	23339	1034	-
16671	6157	23339	1034	-
16671	6157	23339	1034	-
16671	6157	23339	1034	-
16671	6157	23339	1034	-
16671	6157	23339	1034	-
3957	15394	23339	1036	-
6114	12331	23339	1036	-
6114	12331	23339	1036	-
6114	12331	23339	1036	-
6114	12331	23339	1036	-
6114	12331	23339	1036	-
6114	12331	23339	1036	-
6114	12331	23339	1036	-
6114	23317	23339	1036	-
6114	12331	23339	1036	-
16671	2911	23339	1037	-
16671	2911	23339	1037	-
6114	16241	23339	1037	-
6114	16241	23339	1037	-
16671	2911	23339	1037	-
6114	16241	23339	1037	-
16671	2911	23339	1037	-
6114	16241	23339	1037	-
6114	16241	23339	1037	-
6114	16241	23339	1037	-
16671	2911	23339	1037	-
6114	16241	23339	1037	-
3297	445	23339	1050	-
3297	445	23339	1050	-
3297	445	23339	1050	-
3297	445	23339	1050	-
3297	445	23339	1050	-
3297	445	23339	1050	-
3297	445	23339	1050	-
3297	445	23339	1050	-
3297	445	23339	1050	-
3297	445	23339	1050	-
3297	445	23339	1050	-
3297	445	23339	1050	-
3297	445	23339	1050	-
3297	445	23339	1050	-
12985	1633	23339	1065	-
7215	4181	23339	1069	-
7215	4181	23339	1069	-
7215	4181	23339	1069	-
7215	20026	23339	1069	-
7215	4181	23339	1069	-
7215	4181	23339	1069	-
7215	4181	23339	1069	-
7215	4181	23339	1069	-
16671	2911	23339	1070	-
16671	2911	23339	1070	-
16671	2911	23339	1070	-
16671	2911	23339	1070	-
16671	2911	23339	1070	-
16671	2911	23339	1070	-
15737	17564	23339	1071	-
15737	17564	23339	1071	-
15737	17564	23339	1071	-
15737	17564	23339	1071	-
15737	17564	23339	1071	-
15737	17564	23339	1071	-
15737	17564	23339	1071	-
15737	17564	23339	1071	-
15737	17564	23339	1071	-
15737	17564	23339	1071	-
15737	17564	23339	1071	-
15737	17564	23339	1071	-
15737	17564	23339	1071	-
15737	17564	23339	1071	-
15737	17564	23339	1071	-
6114	20367	23339	1072	-
6114	20367	23339	1072	-
6114	20367	23339	1072	-
6114	20367	23339	1072	-
6114	20367	23339	1072	-
6114	20367	23339	1072	-
6114	20367	23339	1072	-
6114	20367	23339	1072	-
6114	20367	23339	1072	-
6114	20367	23339	1072	-
6114	20367	23339	1072	-
6114	20367	23339	1072	-
6114	20367	23339	1072	-
6114	23317	23339	1072	-
16671	2911	23339	1085	-
16671	2911	23339	1085	-
16671	2911	23339	1085	-
16671	2911	23339	1085	-
16671	2911	23339	1085	-
16671	6157	34125	1087	-
16671	6157	34125	1087	-
16671	10812	34125	1087	-
16671	8092	34125	1088	-
16671	8092	34125	1088	-
16671	8092	34125	1088	-
16671	8092	34125	1088	-
16671	8092	34125	1088	-
16671	8092	34125	1088	-
16671	8092	34125	1088	-
16671	8092	34125	1088	-
16671	8092	34125	1088	-
16671	8092	34125	1088	-
16671	8092	34125	1088	-
16671	8092	34125	1088	-
16671	8092	34125	1088	-
16671	8092	34125	1088	-
16671	8092	34125	1088	-
16671	8092	34125	1088	-
16671	8092	34125	1088	-
16671	8092	34125	1088	-
16671	8092	34125	1088	-
16671	8092	34125	1088	-
16671	8092	34125	1088	-
16671	8092	34125	1088	-
16671	8092	34125	1088	-
16671	8092	34125	1088	-
16671	8092	34125	1088	-
16671	8092	34125	1088	-
16671	8092	34125	1088	-
16671	8092	34125	1088	-
16671	18682	34125	1088	-
16671	8092	34125	1088	-
16671	8092	34125	1088	-
16671	8092	34125	1088	-
16671	8092	34125	1088	-
16671	8092	34125	1088	-
16671	8092	34125	1088	-
16671	8092	34125	1088	-
16671	8092	34125	1088	-
6114	7743	34125	1104	-
6114	7743	34125	1104	-
6114	7743	34125	1104	-
6114	7743	34125	1104	-
6114	7743	34125	1104	-
3297	445	34125	1117	-
3297	445	34125	1117	-
3297	445	34125	1117	-
3297	445	34125	1117	-
3297	445	34125	1117	-
3297	445	34125	1117	-
3297	445	34125	1117	-
3297	445	34125	1117	-
3297	445	34125	1117	-
3297	445	34125	1117	-
3297	445	34125	1117	-
15737	17564	34125	1138	-
15737	17564	34125	1138	-
15737	17564	34125	1138	-
15737	17564	34125	1138	-
15737	17564	34125	1138	-
15737	17564	34125	1138	-
15737	17564	34125	1138	-
15737	17564	34125	1138	-
15737	17564	34125	1138	-
15737	17564	34125	1138	-
15737	17564	34125	1138	-
15737	17564	34125	1138	-
15737	17564	34125	1138	-
15737	17564	34125	1138	-
15737	17564	34125	1138	-
15737	17564	34125	1138	-
15737	17564	34125	1138	-
6114	11546	34125	1144	-
6114	23317	34125	1145	-
6114	17748	3620	1148	-
23203	5938	3620	1151	-
6114	109	3620	1151	-
3957	15667	3620	1172	-
19839	15667	3620	1172	-
17624	3611	3620	1172	-
17624	7268	3620	1173	-
7179	16531	3620	1176	-
3297	18345	3620	1177	-
3297	18345	3620	1177	-
3297	18345	3620	1177	-
3297	18345	3620	1177	-
3297	18345	3620	1177	-
3297	18345	3620	1177	-
3297	18345	3620	1177	-
3297	18345	3620	1177	-
3297	18345	3620	1177	-
3297	18345	3620	1177	-
3297	18345	3620	1177	-
3297	18345	3620	1177	-
3297	18345	3620	1177	-
3297	18345	3620	1177	-
3297	18345	3620	1177	-
3297	18345	3620	1177	-
3297	18345	3620	1177	-
23317	882	3620	1183	-
3957	15894	3620	1190	-
3297	17923	45669	1206	-
3297	17923	45669	1207	-
3297	17923	45669	1207	-
3297	17923	45669	1207	-
3297	17923	45669	1207	-
3297	17923	45669	1207	-
3297	17923	45669	1207	-
3297	17923	45669	1207	-
7215	4181	45669	1209	-
7215	4181	45669	1209	-
7215	4181	45669	1209	-
7215	4181	45669	1209	-
7215	15737	45669	1209	-
7215	4181	45669	1209	-
7215	4181	45669	1209	-
7215	4181	45669	1209	-
7215	4181	45669	1209	-
7215	4181	45669	1209	-
7215	10190	45669	1209	-
7215	4181	45669	1209	-
3957	19834	45669	1213	-
19839	19834	45669	1213	-
882	3611	45669	1213	-
882	7268	45669	1214	-
7215	4181	45669	1227	-
7215	4181	45669	1227	-
7215	4181	45669	1227	-
7215	14193	45669	1227	-
7215	20026	45669	1228	-
7215	10190	45669	1228	-
7215	4181	45669	1228	-
7215	4181	45669	1228	-
6114	20367	45669	1238	-
3957	15394	45669	1239	-
3957	15667	45669	1239	-
6114	22528	45669	1241	-
6114	22528	45669	1241	-
6114	22528	45669	1241	-
6114	22528	45669	1241	-
6114	22528	45669	1241	-
6114	22528	45669	1241	-
6114	22528	45669	1241	-
6114	22528	45669	1241	-
6114	22528	45669	1241	-
6114	22528	45669	1241	-
6114	22528	45669	1241	-
6114	22528	45669	1241	-
6114	22528	45669	1241	-
6114	22528	45669	1241	-
6114	22528	45669	1241	-
6114	22528	45669	1242	-
6114	22528	45669	1242	-
16671	18682	45669	1245	-
16671	18718	45669	1245	-
16671	6157	45669	1245	-
16671	6157	45669	1245	-
16671	15095	45669	1245	-
16671	18682	45669	1245	-
16671	6157	45669	1245	-
16671	6157	45669	1245	-
16671	6157	45669	1245	-
16671	3858	45669	1245	-
16671	18682	45669	1245	-
16671	6157	45669	1245	-
16671	15095	45669	1245	-
16671	6157	45669	1246	-
16671	15095	45669	1246	-
16671	6157	45669	1246	-
16671	6157	45669	1246	-
16671	6157	45669	1246	-
16671	15095	45669	1246	-
16671	18682	45669	1246	-
16671	15095	45669	1246	-
16671	18718	45669	1246	-
16671	15095	45669	1246	-
14547	11900	45669	1246	-
16671	6157	45669	1246	-
16671	6157	45669	1246	-
16671	6157	45669	1246	-
16671	6157	45669	1246	-
16671	6157	45669	1246	-
16671	18682	45669	1246	-
16671	6157	45669	1246	-
16671	15095	45669	1246	-
16671	18682	45669	1246	-
16671	18682	45669	1246	-
16671	6157	45669	1246	-
16671	18682	45669	1246	-
16671	15095	45669	1246	-
16671	6157	45669	1246	-
16671	6157	45669	1246	-
16671	15095	45669	1246	-
16671	15095	45669	1246	-
16671	15095	45669	1246	-
16671	15095	45669	1246	-
16671	6157	45669	1246	-
16671	6157	45669	1246	-
16671	6157	45669	1246	-
16671	6157	45669	1246	-
16671	15095	45669	1246	-
16671	6157	45669	1246	-
16671	6157	45669	1246	-
16671	15095	45669	1246	-
16671	18682	45669	1246	-
16671	6157	45669	1246	-
16671	15095	45669	1246	-
16671	15095	45669	1246	-
16671	15095	45669	1246	-
16671	15095	45669	1246	-
16671	6157	45669	1246	-
14547	1633	45669	1246	-
15737	17564	45669	1253	-
15737	17564	45669	1253	-
15737	17564	45669	1253	-
15737	17564	45669	1253	-
15737	17564	45669	1253	-
15737	17564	45669	1254	-
15737	17564	45669	1254	-
15737	17564	45669	1254	-
15737	17564	45669	1254	-
15737	17564	45669	1254	-
16671	2911	45669	1254	-
15737	17564	45669	1254	-
15737	17564	45669	1254	-
16671	2911	45669	1254	-
15737	17564	45669	1254	-
16671	2911	45669	1254	-
15737	17564	45669	1254	-
15737	17564	45669	1254	-
16671	15960	45669	1254	-
15737	17564	45669	1254	-
16671	2911	45669	1254	-
16671	2911	45669	1254	-
16671	2911	45669	1254	-
15737	17564	45669	1254	-
16671	15960	45669	1254	-
7215	10190	45669	1255	-
7215	4001	45669	1255	-
7215	4181	45669	1255	-
7215	20026	45669	1255	-
7215	4181	45669	1255	-
7215	4181	45669	1255	-
7215	4181	45669	1255	-
7215	4181	45669	1255	-
16671	16671	45669	1259	-
16671	16671	45669	1259	-
16671	16671	45669	1259	-
16671	16671	45669	1259	-
16671	16671	45669	1259	-
16671	16671	45669	1259	-
16671	16671	45669	1259	-
16671	16671	45669	1259	-
16671	16671	45669	1259	-
16671	3957	45669	1259	-
16671	16671	45669	1259	-
16671	3957	45669	1259	-
16671	3957	45669	1259	-
16671	3957	45669	1259	-
16671	16671	45669	1259	-
15737	17564	45669	1261	-
15737	17564	45669	1261	-
15737	17564	45669	1261	-
15737	17564	45669	1261	-
15737	17564	45669	1261	-
15737	17564	45669	1262	-
15737	17564	45669	1262	-
15737	17564	45669	1262	-
15737	17564	45669	1262	-
15737	17564	45669	1262	-
15737	17564	45669	1262	-
15737	17564	45669	1262	-
15737	17564	45669	1262	-
15737	17564	45669	1262	-
15737	17564	45669	1262	-
15737	17564	45669	1262	-
15737	17564	45669	1262	-
13993	15667	45669	1263	-
7538	15667	27338	1271	-
6114	7743	27338	1280	-
6114	7743	27338	1280	-
6114	7743	27338	1280	-
6114	7743	27338	1280	-
6114	7743	27338	1280	-
6114	7743	27338	1280	-
7215	15667	27338	1297	-
6114	19517	27338	1315	-
16671	2911	27338	1317	-
16671	2911	27338	1317	-
16671	2911	27338	1317	-
16671	2911	27338	1317	-
16671	2911	27338	1317	-
3957	21708	27338	1323	-
7215	4001	727	1341	-
7215	10190	727	1341	-
7215	4181	727	1341	-
7215	4181	727	1341	-
7215	10348	727	1341	-
7215	4181	727	1341	-
7215	4181	727	1341	-
7215	20026	727	1341	-
7215	4181	727	1341	-
15737	17564	727	1369	-
15737	17564	727	1369	-
15737	17564	727	1369	-
15737	17564	727	1369	-
15737	17564	727	1369	-
15737	17564	727	1369	-
15737	17564	727	1369	-
15737	17564	727	1369	-
15737	17564	727	1369	-
15737	17564	727	1369	-
15737	17564	727	1369	-
15737	17564	727	1370	-
15737	17564	727	1370	-
15737	17564	727	1370	-
3957	587	727	1379	-
3957	19531	35215	1388	-
3297	445	35215	1391	-
3297	445	35215	1391	-
3297	445	35215	1391	-
3297	445	35215	1391	-
3297	445	35215	1391	-
3297	445	35215	1391	-
3297	445	35215	1391	-
3957	15394	35215	1391	-
3297	445	35215	1392	-
3297	445	35215	1392	-
3297	445	35215	1392	-
3297	445	35215	1392	-
3297	445	35215	1392	-
3297	445	35215	1392	-
3297	445	35215	1392	-
12332	23167	35215	1398	-
7215	3145	35215	1400	-
7215	3145	35215	1400	-
7215	15737	35215	1400	-
7215	3145	35215	1400	-
7215	3145	35215	1400	-
7215	20026	35215	1400	-
7215	3145	35215	1400	-
7215	3145	35215	1400	-
7215	20026	35215	1400	-
7215	3145	35215	1401	-
7215	3145	35215	1401	-
7215	3145	35215	1401	-
7215	10190	35215	1401	-
7215	4611	35215	1413	-
7215	4611	35215	1413	-
7215	4611	35215	1413	-
7215	4611	35215	1413	-
7215	4611	35215	1413	-
7215	4611	35215	1413	-
7215	4611	35215	1413	-
6114	19517	35215	1413	-
7215	4611	35215	1413	-
7215	4611	35215	1413	-
7215	4611	35215	1413	-
7215	4611	35215	1413	-
7215	4611	35215	1413	-
7215	4611	35215	1413	-
7215	4611	35215	1413	-
7215	4611	35215	1413	-
7215	4611	35215	1413	-
7215	4611	35215	1413	-
7215	4611	35215	1414	-
7215	4611	35215	1414	-
7215	4611	35215	1414	-
7215	4611	35215	1414	-
7215	4611	35215	1414	-
7215	4611	35215	1414	-
7215	4611	35215	1414	-
7215	4611	35215	1414	-
7215	4611	35215	1414	-
7215	4611	35215	1414	-
7215	4611	35215	1414	-
7215	4611	35215	1414	-
10429	22986	35215	1415	-
882	3297	35215	1428	-
882	3461	35215	1428	-
882	16531	35215	1430	-
6114	7743	35215	1431	-
6114	7743	35215	1431	-
6114	7743	35215	1431	-
6114	7743	35215	1431	-
6114	7743	35215	1431	-
6114	7743	35215	1431	-
882	16593	35215	1431	-
882	9554	35215	1434	-
16671	491	35215	1436	-
16671	491	35215	1436	-
16671	491	35215	1436	-
16671	491	35215	1436	-
16671	491	35215	1436	-
16671	491	35215	1436	-
16671	491	35215	1437	-
16671	491	35215	1437	-
16671	491	35215	1437	-
16671	491	35215	1437	-
16671	491	35215	1437	-
16671	491	35215	1437	-
3297	445	35215	1445	-
3297	445	35215	1445	-
3297	445	35215	1445	-
3297	445	35215	1445	-
3297	445	35215	1445	-
3297	445	35215	1445	-
3297	445	35215	1445	-
3297	445	35215	1445	-
3297	445	35215	1445	-
3297	445	35215	1445	-
3297	445	35215	1445	-
3297	445	35215	1445	-
6114	19517	31684	1461	-
7215	10190	31684	1462	-
7215	3145	31684	1462	-
7215	3145	31684	1462	-
7215	3145	31684	1462	-
7215	3145	31684	1462	-
7215	3145	31684	1462	-
7215	3145	31684	1462	-
7215	20026	31684	1462	-
7215	20026	31684	1462	-
7215	15737	31684	1462	-
7215	3145	31684	1462	-
7215	3145	31684	1462	-
7215	3145	31684	1462	-
15737	8074	31684	1467	-
15737	8074	31684	1468	-
15737	8074	31684	1468	-
13993	21708	31684	1470	-
6114	19517	31684	1470	-
15737	16751	31684	1471	-
6114	7743	31684	1471	-
16671	18069	31684	1471	-
15737	8074	31684	1471	-
6114	7743	31684	1471	-
16671	18069	31684	1471	-
6114	7743	31684	1471	-
16671	18069	31684	1471	-
6114	7743	31684	1471	-
15737	8074	31684	1471	-
16671	18069	31684	1471	-
16671	18069	31684	1471	-
6114	7743	31684	1471	-
6114	7743	31684	1471	-
15737	8074	31684	1471	-
6114	7743	31684	1471	-
16671	18069	31684	1471	-
13993	21708	31684	1473	-
7215	3145	31684	1476	-
7215	20026	31684	1476	-
7215	3145	31684	1477	-
7215	20026	31684	1477	-
16671	18284	31684	1478	-
16671	18284	31684	1478	-
16671	18284	31684	1478	-
16671	18284	31684	1478	-
16671	18284	31684	1478	-
16671	18284	31684	1478	-
16671	18284	31684	1478	-
16671	18284	31684	1478	-
16671	18284	31684	1479	-
7215	10304	31684	1481	-
19603	23167	31684	1481	-
19603	8452	31684	1481	-
19603	16332	31684	1481	-
7215	10304	31684	1482	-
7215	10304	31684	1482	-
7215	10304	31684	1482	-
16671	4433	31684	1483	-
16671	4433	31684	1483	-
16671	4433	31684	1485	-
16671	4433	31684	1485	-
7782	5938	31684	1503	-
7782	13122	31684	1503	-
7782	15894	31684	1504	-
7782	15667	31684	1505	-
7782	19531	40409	1506	-
16671	4433	40409	1508	-
16671	4433	40409	1508	-
3957	1633	40409	1515	-
3297	18527	40409	1520	-
3297	18527	40409	1520	-
3297	18527	40409	1520	-
3297	18527	40409	1520	-
3297	18527	40409	1520	-
3297	18527	40409	1520	-
3297	18527	40409	1520	-
3297	18527	40409	1539	-
3297	18527	40409	1539	-
3297	18527	40409	1539	-
3297	18527	40409	1539	-
3297	18527	40409	1539	-
3297	18527	40409	1539	-
3297	18527	40409	1539	-
3297	18527	40409	1539	-
3297	18527	40409	1539	-
3297	18527	40409	1539	-
3297	18527	40409	1539	-
3297	18527	40409	1540	-
3297	18527	40409	1540	-
3297	18527	40409	1540	-
3297	18527	40409	1540	-
3297	18527	40409	1540	-
3297	18527	40409	1540	-
3297	18527	40409	1540	-
3297	18527	40409	1540	-
3297	18527	40409	1540	-
3297	18527	40409	1540	-
3297	18527	40409	1540	-
3297	18527	40409	1540	-
3297	18527	40409	1540	-
3297	18527	40409	1540	-
3297	18527	40409	1540	-
3297	18527	40409	1540	-
3297	18527	40409	1540	-
3297	18527	40409	1540	-
3297	18527	40409	1540	-
3297	18527	40409	1540	-
3297	18527	40409	1540	-
3297	18527	40409	1540	-
3297	18527	40409	1540	-
3297	18527	40409	1540	-
3297	18527	40409	1540	-
3297	17923	40409	1549	-
3297	17923	40409	1549	-
3297	17923	40409	1549	-
3297	17923	40409	1549	-
3297	17923	40409	1549	-
3297	17923	40409	1549	-
3297	17923	40409	1549	-
3297	17923	40409	1550	-
10429	21708	40409	1554	-
3297	22986	40409	1558	-
3297	19531	40409	1559	-
6114	10571	40409	1564	-
6114	10571	40409	1564	-
6114	10571	40409	1565	-
6114	10571	40409	1565	-
6114	10571	40409	1565	-
6114	10571	40409	1565	-
6114	10571	40409	1565	-
6114	10571	40409	1565	-
6114	10571	40409	1565	-
6114	10571	40409	1565	-
6114	10571	40409	1565	-
6114	10571	40409	1565	-
6114	10571	40409	1565	-
6114	10571	40409	1565	-
6114	10571	40409	1565	-
6114	10571	40409	1565	-
6114	10571	40409	1565	-
6114	10571	40409	1565	-
16671	4433	19471	1568	-
16671	4433	19471	1568	-
15737	8074	19471	1569	-
15737	8074	19471	1569	-
15737	8074	19471	1569	-
15737	8074	19471	1569	-
16671	4433	19471	1571	-
16671	4433	19471	1572	-
16671	4433	19471	1572	-
6114	7743	19471	1573	-
6114	10571	19471	1573	-
6114	10571	19471	1574	-
6114	7743	19471	1582	-
6114	7743	19471	1582	-
6114	7743	19471	1582	-
6114	7743	19471	1582	-
6114	7743	19471	1582	-
6114	7743	19471	1582	-
16671	4433	19471	1583	-
16671	4433	19471	1583	-
6114	7743	19471	1583	-
16671	2297	19471	1592	-
16671	2297	19471	1592	-
16671	2297	19471	1592	-
16671	2297	19471	1592	-
16671	2297	19471	1592	-
16671	2297	19471	1592	-
16671	2297	19471	1592	-
16671	2297	19471	1592	-
16671	2297	19471	1592	-
13993	15667	19471	1595	-
13993	1633	19471	1595	-
14267	18998	19471	1602	-
8048	16531	19471	1604	-
7215	22317	19471	1606	-
7215	22317	19471	1606	-
7215	22317	19471	1606	-
7215	22317	19471	1606	-
7215	22317	19471	1606	-
7215	22317	19471	1606	-
7215	22317	19471	1606	-
7215	22317	19471	1606	-
7215	22317	19471	1606	-
7215	22317	19471	1606	-
7215	22317	19471	1606	-
7215	22317	19471	1609	-
7215	22317	19471	1609	-
7215	22317	19471	1609	-
7215	22317	19471	1609	-
7215	22317	19471	1609	-
7215	14270	19471	1609	-
7215	22317	19471	1609	-
7215	22317	19471	1610	-
7215	22317	19471	1610	-
7215	22317	19471	1610	-
7215	22317	19471	1610	-
7215	22317	19471	1610	-
16671	16671	19471	1613	-
16671	16671	19471	1613	-
16671	16671	19471	1613	-
16671	16671	19471	1613	-
16671	16671	19471	1613	-
16671	16671	19471	1614	-
16671	16671	19471	1614	-
16671	16671	19471	1614	-
16671	16671	19471	1614	-
16671	16671	19471	1614	-
16671	3957	19471	1614	-
16671	16671	19471	1614	-
16671	16671	19471	1614	-
12332	16332	19471	1618	-
7215	766	20467	1628	-
7215	766	20467	1628	-
7215	766	20467	1628	-
7215	766	20467	1628	-
7215	766	20467	1628	-
7215	766	20467	1628	-
7215	766	20467	1628	-
7215	766	20467	1628	-
7215	766	20467	1628	-
7215	766	20467	1628	-
7215	766	20467	1628	-
7215	766	20467	1629	-
7215	766	20467	1629	-
7215	766	20467	1629	-
7215	766	20467	1629	-
7215	766	20467	1629	-
7215	766	20467	1629	-
7215	766	20467	1629	-
7215	766	20467	1629	-
7215	766	20467	1629	-
3297	19531	20467	1631	-
6114	7743	20467	1636	-
14267	11909	20467	1639	-
14267	11909	20467	1639	-
14267	11909	20467	1639	-
14267	11909	20467	1639	-
7782	21708	20467	1639	-
14267	11909	20467	1639	-
14267	11909	20467	1639	-
14267	11909	20467	1639	-
14267	11909	20467	1639	-
14267	11909	20467	1639	-
14267	11909	20467	1639	-
14267	11909	20467	1639	-
14267	11909	20467	1640	-
14267	11909	20467	1640	-
14267	11909	20467	1640	-
12985	19531	20467	1640	-
14267	11909	20467	1640	-
14267	11909	20467	1640	-
14267	11909	20467	1640	-
14267	11909	20467	1640	-
14267	11909	20467	1640	-
14267	11909	20467	1640	-
3957	11900	20467	1642	-
10429	19531	20467	1644	-
14267	17923	20467	1660	-
14267	17923	20467	1660	-
14267	17923	20467	1660	-
14267	17923	20467	1660	-
14267	17923	20467	1660	-
14267	17923	20467	1660	-
14267	17923	20467	1660	-
14267	17923	20467	1660	-
3957	22986	20467	1674	-
3076	23167	20467	1674	-
7215	22317	20467	1676	-
7215	22317	20467	1676	-
7215	22317	20467	1676	-
7215	22317	20467	1676	-
7215	22317	20467	1676	-
7215	22317	20467	1676	-
7215	22317	20467	1676	-
7215	22317	20467	1676	-
7215	22317	20467	1676	-
7215	22317	20467	1676	-
7215	22317	20467	1676	-
7215	22317	20467	1676	-
7215	22317	20467	1676	-
7215	22317	20467	1676	-
7215	22317	20467	1676	-
7215	14270	20467	1676	-
7215	22317	20467	1676	-
7215	22317	20467	1676	-
7215	22317	20467	1676	-
7215	22317	20467	1676	-
7215	22317	20467	1676	-
7215	22317	20467	1676	-
7215	22317	20467	1676	-
6114	5946	20467	1680	-
16671	2297	20467	1680	-
7215	22317	20467	1680	-
7215	22317	20467	1680	-
6114	5946	20467	1681	-
6114	5946	20467	1681	-
6114	5946	20467	1681	-
6114	5946	20467	1681	-
6114	5946	20467	1681	-
6114	5946	20467	1681	-
6114	5946	20467	1681	-
6114	5946	20467	1681	-
3076	16332	24825	1689	-
16671	23317	24825	1700	-
16671	20367	24825	1700	-
15737	8074	24825	1708	-
15737	8074	24825	1708	-
15737	8074	24825	1708	-
15737	8074	24825	1708	-
3297	7856	45884	1757	-
3297	7856	45884	1757	-
3297	7856	45884	1757	-
3297	7856	45884	1757	-
3297	7856	45884	1757	-
3297	7856	45884	1757	-
3297	7856	45884	1757	-
3297	7856	45884	1757	-
3297	7856	45884	1757	-
3297	7856	45884	1757	-
3297	7856	45884	1757	-
3297	7856	45884	1757	-
3297	7856	45884	1757	-
3297	7856	45884	1757	-
3297	7856	45884	1757	-
3297	7856	45884	1757	-
3297	7856	45884	1757	-
3297	7856	45884	1757	-
3297	7856	45884	1757	-
3297	7856	45884	1757	-
3297	7856	45884	1757	-
3297	7856	45884	1757	-
16671	12876	45884	1757	-
3297	7856	45884	1757	-
16671	12876	45884	1757	-
3297	7856	45884	1757	-
3297	7856	45884	1757	-
3297	7856	45884	1757	-
16671	3076	45884	1758	-
16671	3076	45884	1758	-
16671	3076	45884	1758	-
16671	3076	45884	1758	-
3297	7856	45884	1758	-
3297	7856	45884	1758	-
3297	7856	45884	1758	-
3297	7856	45884	1758	-
16671	3076	45884	1758	-
16671	3076	45884	1758	-
16671	3076	45884	1758	-
16671	3076	45884	1758	-
16671	3076	45884	1758	-
16671	3076	45884	1758	-
16671	3076	45884	1758	-
16671	3076	45884	1758	-
16671	3076	45884	1758	-
16671	3076	45884	1758	-
16671	3076	45884	1758	-
16671	3076	45884	1758	-
16671	3076	45884	1759	-
16671	3076	45884	1759	-
16671	3076	45884	1759	-
16671	3076	45884	1759	-
16671	3076	45884	1759	-
16671	3076	45884	1759	-
16671	3076	45884	1759	-
16671	3076	45884	1759	-
16671	3076	45884	1759	-
16671	3076	45884	1759	-
16671	3076	45884	1759	-
16671	3076	45884	1759	-
16671	2297	45884	1763	-
15737	8074	45884	1769	-
15737	8074	45884	1769	-
15737	8074	45884	1769	-
15737	16751	45884	1769	-
15737	8074	45884	1769	-
15737	8074	45884	1769	-
15737	8074	45884	1769	-
16671	21452	45884	1774	-
16671	21452	45884	1775	-
16671	21452	45884	1775	-
16671	21452	45884	1775	-
16671	21452	45884	1775	-
16671	21452	45884	1775	-
16671	21452	45884	1775	-
16671	21452	45884	1775	-
16671	21452	45884	1775	-
16671	21452	45884	1775	-
16671	21452	45884	1775	-
16671	21452	45884	1775	-
16671	21452	45884	1775	-
16671	21452	45884	1775	-
16671	21452	45884	1775	-
16671	21452	45884	1775	-
16671	21452	45884	1775	-
14267	15737	45884	1778	-
14267	10197	45884	1778	-
14267	15737	45884	1778	-
14267	10197	45884	1778	-
14267	10197	45884	1778	-
14267	10197	45884	1778	-
14267	15737	45884	1778	-
14267	15737	45884	1778	-
15737	8074	45884	1778	-
15737	8074	45884	1778	-
15737	8074	45884	1778	-
15737	8074	45884	1778	-
16671	9254	45884	1780	-
23317	882	45884	1784	-
3297	5171	45884	1796	-
3297	5171	45884	1796	-
3297	5171	45884	1796	-
3297	5171	45884	1796	-
3297	5171	45884	1796	-
3297	5171	45884	1796	-
3297	5171	45884	1796	-
3297	5171	45884	1796	-
3297	5171	45884	1796	-
3297	5171	45884	1796	-
3297	5171	45884	1796	-
3297	5171	45884	1796	-
3297	5171	45884	1796	-
3297	5171	45884	1796	-
3297	5171	45884	1796	-
3297	5171	45884	1796	-
3297	5171	45884	1796	-
