19531	3374	34451	0	-
16671	1633	34451	3	-
16671	19834	13263	8	-
8048	14437	13263	8	-
16671	1633	13263	8	-
8048	3461	13263	9	-
16671	20634	13263	11	-
5954	8452	13263	13	nmap
8048	8452	13263	17	-
8048	16593	13263	17	-
17624	3461	13263	24	-
19531	458	13263	36	-
14267	3076	13263	48	-
6775	3461	13263	57	-
6775	16531	13263	58	-
19531	1633	4202	68	-
19531	458	4202	69	-
19531	16918	4202	74	-
5954	8452	4202	74	nmap
20312	3461	4202	75	-
7215	10738	4202	78	-
20312	3611	4202	82	-
20312	3611	4202	82	-
12985	1633	4202	85	-
7215	3548	4202	87	-
3957	1633	4202	88	-
20367	19350	4202	88	-
14267	8549	4202	88	-
14267	3076	4202	91	-
5954	1390	4202	106	nmap
5954	1390	4202	106	nmap
19531	3374	4202	115	-
14267	3076	4202	115	-
3957	22986	4202	117	-
16409	3374	41426	134	-
3297	15894	41426	134	-
5954	8452	41426	135	nmap
3297	15894	41426	139	-
3297	21708	41426	140	-
882	16531	41426	142	-
882	9554	41426	142	-
16409	3374	41426	143	-
12985	1633	41426	145	-
12985	22986	41426	148	-
19531	2973	41426	149	-
19531	3374	41426	150	-
14267	3076	41426	152	-
19531	18332	41426	154	-
20312	3611	41426	164	-
14547	15667	41426	166	-
17624	3297	41426	168	-
17624	3297	41426	171	-
17624	3297	41426	173	-
17624	3297	41426	175	-
17624	3297	41426	179	-
17624	3297	41426	179	-
16409	3374	41426	179	-
19531	3374	41426	181	-
14267	3076	41426	183	-
10429	11900	41426	184	-
10429	19531	41426	184	-
16671	20634	38325	188	-
5954	8452	38325	196	nmap
13993	13122	38325	201	-
13993	15894	38325	201	-
19531	21708	38325	209	-
19531	15894	38325	218	-
19531	21708	38325	218	-
14267	15839	38325	219	-
13993	22986	38325	222	-
17624	16531	38325	222	-
13993	15667	38325	227	-
13993	15894	38325	228	-
13993	15667	38325	229	-
13993	15667	38325	232	-
13993	15667	38325	234	-
13993	15667	38325	237	-
13993	15667	38325	237	-
13993	19834	38325	242	-
19531	16918	15447	247	-
14267	3939	15447	254	-
15394	4800	15447	255	-
23317	882	15447	255	-
5954	8452	15447	257	nmap
12332	23167	15447	257	-
16671	20634	15447	259	-
10571	16332	15447	272	-
14267	3939	15447	273	-
7215	21708	15447	277	-
19531	16918	15447	280	-
882	4981	15447	289	-
882	3461	15447	290	-
882	9554	15447	293	-
14267	3076	15447	298	-
14547	13122	15447	299	-
7215	3548	15447	302	-
8048	7268	15447	302	-
14267	19956	15447	303	-
14547	19834	15447	305	-
19531	3374	9565	308	-
10429	22986	9565	311	-
14267	3076	9565	312	-
5954	8452	9565	318	nmap
10429	15667	9565	319	-
10429	21708	9565	322	-
16409	3374	9565	323	-
10429	19834	9565	329	-
7215	15839	9565	331	-
19531	3374	9565	335	-
3076	16531	9565	341	-
882	3297	9565	342	-
19531	4273	9565	343	-
3076	4981	9565	348	-
882	16593	9565	353	-
7215	5938	9565	353	-
12332	3611	9565	353	-
882	16332	9565	353	-
12332	3611	9565	354	-
12332	3611	9565	354	-
7215	22986	9565	354	-
12332	3611	9565	354	-
3076	16593	9565	355	-
3076	16531	9565	358	-
3297	15894	9565	359	-
14267	19956	9565	361	-
19531	2973	9565	362	-
19531	18332	9565	363	-
7215	13122	9565	363	-
19531	16918	38153	367	-
3076	9554	38153	369	-
19531	12377	38153	372	-
16671	20634	38153	375	-
8048	14437	38153	378	-
3076	16332	38153	378	-
5954	8452	38153	379	nmap
19531	1633	38153	379	-
8048	3297	38153	379	-
19603	16332	38153	381	-
7215	11900	38153	381	-
3297	15667	38153	381	-
8048	3461	38153	387	-
16409	3374	38153	394	-
7215	15667	38153	396	-
3297	1633	38153	399	-
11001	1633	38153	402	-
16409	3374	38153	403	-
8048	4981	38153	405	-
8048	16593	38153	414	-
8048	9554	38153	415	-
14547	1633	38153	420	-
12332	3611	38153	421	-
14267	9118	38153	423	-
8048	16332	38153	425	-
12332	3611	1295	426	-
12332	3611	1295	426	-
12332	3611	1295	426	-
12332	3611	1295	426	-
12332	3611	1295	426	-
12332	3611	1295	427	-
7215	1458	1295	427	-
11001	5938	1295	432	-
7215	1633	1295	435	-
12332	3611	1295	436	-
12332	3611	1295	436	-
16409	3374	1295	439	-
5954	8452	1295	440	nmap
12332	3611	1295	441	-
12332	3611	1295	446	-
11001	1633	1295	448	-
12332	3611	1295	451	-
10429	1633	1295	453	-
20312	3611	1295	456	-
20312	3611	1295	456	-
20312	3611	1295	456	-
20312	3611	1295	456	-
20312	3611	1295	456	-
20312	3611	1295	456	-
20312	3611	1295	456	-
14267	3939	1295	471	-
19531	13290	1295	474	-
3611	19531	1295	474	-
19603	2843	1295	478	-
17624	16332	1295	478	-
3076	14437	1295	478	-
10571	9554	1295	480	-
19531	7636	635	486	-
19531	3374	635	489	-
3076	23167	635	489	-
10429	19531	635	489	-
19531	4273	635	491	-
14267	3157	635	492	-
5954	8452	635	501	nmap
10571	9554	635	502	-
21708	14547	635	510	-
19531	3374	635	512	-
19531	7636	635	520	-
13993	15894	635	520	-
7179	8452	635	526	-
16671	20634	635	528	-
7215	15839	635	530	-
14267	3157	635	544	-
19531	7636	17227	553	-
8048	16531	17227	553	-
19531	7636	17227	556	-
5954	8452	17227	562	nmap
7215	6687	17227	563	-
16671	20634	17227	563	-
21708	14547	17227	565	-
20312	3611	17227	566	-
20312	23167	17227	570	-
16671	15894	17227	570	-
12332	3611	17227	571	-
16671	19834	17227	571	-
21708	14547	17227	574	-
7215	15839	17227	575	-
21708	14547	17227	575	-
16671	1633	17227	575	-
19531	7636	17227	578	-
20312	23167	17227	579	-
16409	3374	17227	583	-
11001	15667	17227	587	-
17624	16593	17227	589	-
19531	22986	17227	590	-
17624	16593	17227	592	-
17624	16593	17227	595	-
19531	7636	17227	595	-
17624	16593	17227	599	-
6775	4981	17227	604	-
7215	18325	12642	606	-
16671	20634	12642	609	-
16409	9096	12642	619	-
5954	8452	12642	623	nmap
16409	9096	12642	628	-
882	8452	12642	629	-
14267	16772	12642	630	-
14547	15894	12642	631	-
14547	19531	12642	632	-
3297	15894	12642	636	-
16671	20634	12642	638	-
14267	16772	12642	641	-
7215	19908	12642	641	-
14267	14966	12642	643	-
3297	15894	12642	645	-
20312	16593	12642	645	-
3297	19834	12642	646	-
12332	3611	12642	650	-
12332	3611	12642	650	-
12332	3611	12642	650	-
12332	3611	12642	650	-
12332	3611	12642	650	-
12332	3611	12642	650	-
12332	3611	12642	650	-
3297	21708	12642	650	-
7179	2843	12642	651	-
16671	10384	12642	652	-
14547	5938	12642	655	-
16671	13263	12642	656	-
14547	1633	12642	660	-
16671	15894	12642	663	-
16409	9096	12642	664	-
7215	19908	39998	679	-
6775	3297	39998	679	-
5954	8452	39998	684	nmap
19531	7636	39998	702	-
17624	4981	39998	717	-
19531	7636	23906	727	-
7179	23167	23906	729	-
7179	23167	23906	735	-
7179	9554	23906	736	-
5954	8452	23906	745	nmap
7782	15894	23906	751	-
14267	16772	23906	761	-
10429	1633	23906	762	-
7215	19908	23906	776	-
19531	22885	23906	783	-
7215	19908	134	790	-
20312	3611	134	802	-
20312	3611	134	802	-
20312	3611	134	802	-
20312	3611	134	802	-
20312	3611	134	802	-
20312	3611	134	802	-
20312	3611	134	802	-
17624	16332	134	804	-
5954	8452	134	806	nmap
16409	9096	134	808	-
16409	16409	134	813	-
19531	22885	134	817	-
7782	5938	134	819	-
7782	19834	134	820	-
3957	15394	134	821	-
16409	16409	134	822	-
7782	15667	134	824	-
7215	19908	134	825	-
5954	1390	134	827	nmap
5954	1390	134	827	nmap
19531	10427	134	828	-
3957	587	134	831	-
14267	16754	134	834	-
6114	7215	134	840	-
7215	19908	134	841	-
6114	7215	134	844	-
6114	7215	46344	848	-
19531	10427	46344	848	-
7215	19908	46344	850	-
19531	10427	46344	851	-
14267	14966	46344	851	-
19531	3374	46344	855	-
23317	882	46344	855	-
15394	4800	46344	855	-
16409	16409	46344	858	-
6114	7215	46344	859	-
14267	14966	46344	861	-
7215	19908	46344	862	-
5954	8452	46344	867	nmap
12332	3461	46344	868	-
12332	16593	46344	870	-
12332	8452	46344	875	-
21708	15839	46344	875	-
12332	14437	46344	875	-
8048	16332	46344	876	-
3297	1001	46344	883	-
14267	9096	46344	885	-
19531	10427	46344	887	-
12332	3611	46344	889	-
19839	21708	46344	893	-
19531	4245	46344	893	-
12332	3611	46344	893	-
12332	23167	46344	894	-
19531	5211	33793	911	-
12332	3611	33793	918	-
12332	3611	33793	918	-
12332	3611	33793	919	-
12332	3611	33793	919	-
12332	3611	33793	919	-
12332	3611	33793	919	-
12332	3611	33793	919	-
7782	21708	33793	924	-
12332	3297	33793	927	-
21708	445	33793	928	-
5954	8452	33793	928	nmap
6114	7215	33793	929	-
14267	14966	33793	930	-
14267	14966	33793	932	-
14267	17199	33793	936	-
19531	5211	33793	939	-
21708	445	33793	941	-
19531	4245	33793	947	-
12332	2843	33793	956	-
19531	5211	33793	959	-
21708	445	33793	963	-
7215	19908	7636	970	-
12332	4981	7636	973	-
6114	2114	7636	974	-
13993	21708	7636	976	-
16671	22635	7636	978	-
13993	21708	7636	983	-
882	9554	7636	988	-
5954	8452	7636	989	nmap
12332	16531	7636	990	-
21708	445	7636	996	-
16409	16409	7636	1002	-
7215	5938	7636	1014	-
7215	1633	7636	1014	-
12332	7268	7636	1018	-
7215	19531	7636	1018	-
12332	9554	7636	1019	-
14267	17199	7636	1024	-
19531	21625	41183	1032	-
20312	3611	41183	1034	-
20312	3611	41183	1035	-
19531	5211	41183	1035	-
20312	3611	41183	1040	-
20312	3611	41183	1040	-
20312	3611	41183	1040	-
20312	3611	41183	1041	-
20312	3611	41183	1041	-
12332	16332	41183	1047	-
5954	8452	41183	1050	nmap
20367	587	41183	1051	-
7215	5938	41183	1053	-
17624	3297	41183	1054	-
7782	15667	41183	1054	-
7538	15667	41183	1054	-
19531	4245	41183	1059	-
17624	9554	41183	1061	-
17624	7268	41183	1061	-
19531	3374	41183	1062	-
12332	3611	41183	1062	-
12332	3611	41183	1063	-
12332	3611	41183	1063	-
12332	3611	41183	1063	-
12332	3611	41183	1063	-
12332	3611	41183	1063	-
12332	3611	41183	1063	-
14267	20159	41183	1064	-
17624	9554	41183	1064	-
17624	7268	41183	1064	-
17624	9554	41183	1066	-
17624	7268	41183	1066	-
17624	7268	41183	1068	-
17624	9554	41183	1069	-
16671	3076	41183	1071	-
17624	7268	41183	1071	-
17624	9554	41183	1073	-
19531	4245	41183	1073	-
17624	7268	41183	1074	-
19531	6594	41183	1076	-
19531	5211	41183	1078	-
17624	7268	41183	1078	-
17624	7268	41183	1078	-
17624	7268	41183	1078	-
17624	7268	41183	1078	-
17624	7268	41183	1079	-
17624	7268	41183	1079	-
17624	7268	41183	1079	-
16671	3076	41183	1079	-
17624	7268	41183	1079	-
17624	7268	41183	1079	-
17624	7268	41183	1080	-
17624	7268	41183	1080	-
17624	7268	41183	1080	-
17624	7268	41183	1080	-
17624	7268	41183	1080	-
17624	7268	41183	1081	-
17624	7268	41183	1081	-
17624	7268	41183	1081	-
17624	7268	41183	1081	-
20312	3611	41183	1082	-
20312	3611	41183	1082	-
20312	3611	41183	1082	-
20312	3611	41183	1082	-
20312	3611	41183	1082	-
20312	3611	41183	1082	-
20312	3611	41183	1082	-
19531	6594	10812	1088	-
16409	16409	10812	1089	-
14267	17199	10812	1097	-
16409	16409	10812	1098	-
16671	6157	10812	1101	-
5954	8452	10812	1111	nmap
19531	3374	10812	1112	-
15737	3076	10812	1113	-
7215	22207	10812	1118	-
14267	18453	10812	1121	-
16671	6157	10812	1123	-
3611	3374	10812	1123	-
19350	10738	10812	1124	-
16409	16409	10812	1134	-
6114	2114	10812	1135	-
21708	17146	10812	1141	-
16671	22635	25555	1146	-
14267	14966	25555	1148	-
21708	10177	25555	1152	-
16671	12477	25555	1153	-
19531	6594	25555	1156	-
3611	3374	25555	1164	-
19350	3548	25555	1166	-
5954	8452	25555	1172	nmap
15737	11374	25555	1188	-
3611	3374	25555	1192	-
11001	15667	25555	1192	-
14267	14966	25555	1193	-
17624	16593	25555	1195	-
17624	16593	25555	1197	-
17624	16593	25555	1199	-
19531	21625	25555	1200	-
17624	16593	25555	1203	-
16671	8287	17662	1207	-
7782	15667	17662	1215	-
19531	5211	17662	1216	-
14267	10104	17662	1217	-
17624	9554	17662	1217	-
17624	9554	17662	1219	-
6114	9096	17662	1220	-
19531	4245	17662	1220	-
3611	3374	17662	1221	-
17624	9554	17662	1222	-
17624	9554	17662	1224	-
15737	14267	17662	1227	-
17624	9554	17662	1227	-
17624	9554	17662	1229	-
17624	9554	17662	1232	-
17624	9554	17662	1232	-
17624	9554	17662	1232	-
17624	9554	17662	1232	-
17624	9554	17662	1233	-
17624	9554	17662	1233	-
17624	9554	17662	1233	-
17624	9554	17662	1233	-
17624	9554	17662	1233	-
17624	9554	17662	1233	-
17624	9554	17662	1233	-
17624	9554	17662	1233	-
5954	8452	17662	1234	nmap
16671	3548	17662	1234	-
19531	21643	17662	1235	-
16671	3548	17662	1238	-
19531	3374	17662	1243	-
19531	6594	17662	1247	-
17624	16531	17662	1251	-
7215	19908	17662	1254	-
13993	15667	17662	1256	-
13993	15667	17662	1258	-
6114	9096	17662	1260	-
13993	15667	17662	1261	-
19350	3548	17662	1264	-
13993	15667	17662	1265	-
6114	10104	41978	1266	-
19531	6594	41978	1267	-
20312	3461	41978	1267	-
16671	16409	41978	1268	-
20312	16593	41978	1269	-
20312	8452	41978	1274	-
16671	12826	41978	1274	-
10571	23167	41978	1274	-
20312	14437	41978	1274	-
19531	5274	41978	1276	-
16409	16409	41978	1278	-
12332	3611	41978	1290	-
12332	3611	41978	1290	-
12332	3611	41978	1290	-
12332	3611	41978	1290	-
12332	3611	41978	1290	-
12332	3611	41978	1290	-
6114	10104	41978	1291	-
19531	16524	41978	1291	-
5954	8452	41978	1295	nmap
19350	626	41978	1300	-
19839	5938	41978	1300	-
20312	3611	41978	1300	-
20312	23167	41978	1301	-
19350	16064	41978	1305	-
7215	19908	41978	1307	-
19350	16064	41978	1307	-
19531	15527	41978	1308	-
19531	6594	41978	1318	-
19531	21643	41978	1319	-
20312	3297	19376	1327	-
19531	22401	19376	1342	-
10429	19834	19376	1345	-
10429	21708	19376	1346	-
16409	16409	19376	1349	-
20312	2843	19376	1349	-
6114	15894	19376	1350	-
21708	17146	19376	1356	-
5954	8452	19376	1356	nmap
16409	16409	19376	1358	-
20312	4981	19376	1370	-
3076	16531	19376	1370	-
19350	16064	19376	1374	-
21708	10177	19376	1378	-
20312	3611	19376	1381	-
20312	3611	19376	1381	-
20312	3611	19376	1381	-
20312	3611	19376	1381	-
20312	3611	19376	1381	-
20312	3611	19376	1381	-
20312	3611	19376	1381	-
19350	16064	19376	1384	-
3611	3374	11658	1389	-
19531	15126	11658	1390	-
21708	10177	11658	1390	-
20312	16531	11658	1391	-
16409	16409	11658	1394	-
19350	16064	11658	1395	-
21708	12465	11658	1396	-
21708	15839	11658	1397	-
20312	3611	11658	1399	-
3611	9591	11658	1406	-
20312	7268	11658	1406	-
20312	9554	11658	1407	-
6114	9096	11658	1408	-
3297	19834	11658	1408	-
3297	21708	11658	1409	-
19531	15126	11658	1412	-
14267	10438	11658	1413	-
12332	2843	11658	1414	-
5954	8452	11658	1417	nmap
19531	3374	11658	1422	-
20312	16332	11658	1422	-
3957	5938	11658	1423	-
20367	19350	11658	1423	-
6114	3374	11658	1425	-
7782	3076	11658	1432	-
7782	3076	11658	1435	-
12332	3611	11658	1439	-
19531	18770	11658	1440	-
12332	3611	11658	1441	-
12332	3611	11658	1441	-
12332	3611	11658	1441	-
12332	3611	11658	1441	-
12332	3611	11658	1441	-
12332	3611	11658	1441	-
882	9554	35182	1446	-
12332	3611	35182	1450	-
19603	2843	35182	1450	-
12985	5938	35182	1453	-
23317	882	35182	1455	-
15394	4800	35182	1455	-
14267	634	35182	1462	-
19531	3374	35182	1463	-
19531	9591	35182	1467	-
16671	16761	35182	1467	-
882	23167	35182	1467	-
15737	14267	35182	1468	-
882	2843	35182	1468	-
3297	22986	35182	1469	-
5954	8452	35182	1478	nmap
7215	19834	35182	1478	-
7782	15667	35182	1481	-
20312	3611	35182	1482	-
20312	3611	35182	1482	-
20312	3611	35182	1482	-
20312	3611	35182	1482	-
20312	3611	35182	1482	-
20312	3611	35182	1482	-
20312	3611	35182	1482	-
14267	10104	35182	1483	-
17624	9554	35182	1484	-
7215	21708	35182	1484	-
17624	9554	35182	1486	-
19531	16524	35182	1486	-
3297	22986	35182	1486	-
3611	9591	35182	1487	-
17624	9554	35182	1488	-
21708	6687	35182	1488	-
17624	9554	35182	1491	-
3611	15894	35182	1491	-
7215	19834	35182	1491	-
3297	5938	35182	1491	-
19531	9591	35182	1493	-
17624	9554	35182	1493	-
17624	9554	35182	1495	-
16671	16761	35182	1496	-
16671	5938	35182	1497	-
17624	9554	35182	1499	-
17624	9554	35182	1499	-
17624	9554	35182	1499	-
17624	9554	35182	1499	-
11001	22986	35182	1499	-
3611	15667	35182	1499	-
17624	9554	35182	1500	-
17624	9554	35182	1500	-
17624	9554	35182	1500	-
17624	9554	35182	1500	-
16671	17712	35182	1503	-
19350	16064	35182	1503	-
7215	11900	35182	1503	-
7215	19908	30757	1511	-
16671	10370	30757	1513	-
19531	9591	30757	1516	-
16671	16409	30757	1520	-
11001	19531	30757	1521	-
14547	5938	30757	1524	-
21708	15839	30757	1528	-
6114	3374	30757	1536	-
16409	16409	30757	1538	-
19531	15527	30757	1539	-
15737	3374	30757	1539	-
16671	17540	30757	1539	-
5954	8452	30757	1539	nmap
7215	18099	30757	1542	-
16409	16409	30757	1543	-
5954	1390	30757	1548	nmap
5954	1390	30757	1548	nmap
21708	22030	30757	1549	-
6775	16531	30757	1549	-
7179	2843	30757	1551	-
20312	3461	30757	1551	-
19603	16593	30757	1551	-
16409	16409	30757	1552	-
7215	19531	30757	1552	-
11001	21708	30757	1552	-
6114	7215	30757	1553	-
16671	9869	30757	1553	-
13993	13122	30757	1555	-
6114	7215	30757	1557	-
13993	13122	30757	1557	-
14267	634	30757	1558	-
10571	4981	30757	1559	-
13993	13122	30757	1560	-
13993	13122	30757	1562	-
19603	14437	30757	1564	-
16671	16761	30757	1565	-
13993	13122	30757	1565	-
13993	13122	12854	1568	-
19350	16064	12854	1569	-
13993	13122	12854	1571	-
13993	13122	12854	1571	-
13993	13122	12854	1571	-
3611	9591	12854	1571	-
13993	13122	12854	1571	-
13993	13122	12854	1571	-
13993	13122	12854	1571	-
13993	13122	12854	1571	-
13993	13122	12854	1571	-
13993	13122	12854	1571	-
13993	13122	12854	1571	-
13993	13122	12854	1571	-
13993	13122	12854	1571	-
13993	13122	12854	1572	-
13993	13122	12854	1572	-
13993	13122	12854	1572	-
13993	13122	12854	1572	-
13993	13122	12854	1572	-
13993	13122	12854	1572	-
13993	13122	12854	1572	-
13993	13122	12854	1572	-
13993	13122	12854	1572	-
13993	13122	12854	1572	-
13993	13122	12854	1572	-
13993	13122	12854	1572	-
19603	23167	12854	1575	-
11001	21708	12854	1579	-
6114	3374	12854	1580	-
15737	3374	12854	1584	-
19531	22401	12854	1585	-
14267	10104	12854	1585	-
16409	16409	12854	1588	-
19603	16593	12854	1590	-
21708	15839	12854	1591	-
15737	3374	12854	1595	-
5954	8452	12854	1600	nmap
20312	16593	12854	1604	-
20312	9554	12854	1605	-
12332	3611	12854	1607	-
12332	3611	12854	1608	-
12332	3611	12854	1608	-
14267	634	12854	1609	-
12332	4981	12854	1610	-
14267	10104	12854	1610	-
14267	10104	12854	1611	-
12332	3611	12854	1614	-
12332	3611	12854	1614	-
12332	3461	12854	1622	-
12332	4981	12854	1622	-
8048	3297	12854	1623	-
13993	15667	17448	1626	-
12332	3611	17448	1629	-
14267	15650	17448	1630	-
19531	15126	17448	1632	-
12332	3611	17448	1634	-
18246	445	17448	1641	-
14267	9096	17448	1642	-
3611	9118	17448	1646	-
14267	13479	17448	1649	-
19603	2843	17448	1649	-
16671	16761	17448	1652	-
19531	22986	17448	1654	-
19531	5938	17448	1655	-
7215	19908	17448	1658	-
19531	13122	17448	1660	-
5954	8452	17448	1661	nmap
19350	16064	17448	1664	-
15737	3374	17448	1671	-
14547	15894	17448	1672	-
19531	19946	17448	1675	-
14547	21708	17448	1678	-
19531	11900	17448	1678	-
3611	9118	17448	1682	-
3611	9118	43241	1686	-
15737	6157	43241	1691	-
19531	15667	43241	1694	-
19531	9118	43241	1697	-
19531	18770	43241	1700	-
14267	15650	43241	1704	-
16671	9869	43241	1707	-
19531	9118	43241	1708	-
12332	23167	43241	1714	-
21708	19233	43241	1718	-
7782	3076	43241	1721	-
3076	23167	43241	1721	-
5954	8452	43241	1722	nmap
19603	3461	43241	1726	-
6114	7151	43241	1729	-
16409	16409	43241	1732	-
19531	1633	43241	1734	-
19531	9118	43241	1736	-
19603	16593	43241	1737	-
19603	8452	43241	1737	-
3076	3297	43241	1737	-
19603	23167	43241	1737	-
3611	9118	43241	1739	-
19531	19531	43241	1741	-
19603	3297	43241	1743	-
16671	16761	43241	1744	-
3611	9118	10573	1746	-
19603	2843	10573	1748	-
21708	15839	10573	1750	-
3957	587	10573	1751	-
19603	4981	10573	1752	-
19531	262	10573	1754	-
15737	6157	10573	1755	-
14267	9096	10573	1757	-
19350	16064	10573	1757	-
13993	15667	10573	1759	-
20312	3611	10573	1761	-
19603	16531	10573	1763	-
19603	16332	10573	1763	-
20312	4981	10573	1764	-
16409	16409	10573	1765	-
12332	3611	10573	1766	-
20312	3611	10573	1766	-
17624	16531	10573	1767	-
15737	6157	10573	1769	-
17624	16531	10573	1770	-
12332	3611	10573	1771	-
20312	3611	10573	1772	-
20312	3611	10573	1772	-
20312	3611	10573	1772	-
20312	3611	10573	1772	-
20312	3611	10573	1772	-
20312	16531	10573	1772	-
17624	16531	10573	1773	-
16409	16409	10573	1774	-
19531	262	10573	1775	-
17624	16531	10573	1775	-
12332	3611	10573	1776	-
20312	3611	10573	1776	-
12332	3611	10573	1776	-
12332	3611	10573	1776	-
12332	3611	10573	1776	-
12332	3611	10573	1776	-
20312	3611	10573	1777	-
17624	16531	10573	1779	-
17624	16531	10573	1779	-
17624	14437	10573	1781	-
17624	16531	10573	1782	-
5954	8452	10573	1783	nmap
7215	1442	10573	1791	-
13993	13122	10573	1797	-
