19350	7215	24449	0	-
19350	18332	24449	0	-
19350	16330	24449	3	-
19350	16330	24449	3	-
19350	20110	24449	3	-
19350	20110	24449	3	-
19350	20110	24449	3	-
19350	20110	24449	3	-
19350	16330	24449	3	-
7782	4273	10693	8	-
7782	4273	10693	9	-
7782	4273	10693	9	-
7782	4273	10693	9	-
7782	4273	10693	9	-
7782	4273	10693	9	-
7782	4273	10693	9	-
7782	4273	10693	9	-
7782	4273	10693	9	-
7782	4273	10693	9	-
7782	4273	10693	9	-
7782	4273	10693	9	-
7782	4273	10693	9	-
7782	4273	10693	9	-
7782	4273	10693	9	-
7782	4273	10693	9	-
7782	4273	10693	9	-
7782	4273	10693	9	-
7782	4273	10693	9	-
7782	4273	10693	9	-
7782	4273	10693	9	-
7782	4273	10693	9	-
7782	4273	10693	9	-
7782	4273	10693	9	-
7782	4273	10693	9	-
7782	4273	10693	9	-
7782	4273	10693	9	-
7782	4273	10693	9	-
7782	4273	10693	9	-
7782	4273	10693	9	-
7782	4273	10693	9	-
7782	4273	10693	9	-
7782	4273	10693	10	-
7782	4273	10693	10	-
7782	4273	10693	10	-
7782	4273	10693	10	-
7782	4273	10693	10	-
7782	4273	10693	10	-
7782	4273	10693	10	-
7782	4273	10693	10	-
7782	4273	10693	10	-
7782	4273	10693	10	-
7782	4273	10693	10	-
7782	4273	10693	10	-
7782	4273	10693	10	-
7782	4273	10693	10	-
7782	4273	10693	10	-
7782	4273	10693	10	-
7782	4273	10693	10	-
7782	4273	10693	10	-
7782	4273	10693	10	-
7782	4273	10693	10	-
7782	4273	10693	10	-
7782	4273	10693	10	-
7782	4273	10693	10	-
7782	4273	10693	10	-
7782	4273	10693	10	-
7782	4273	10693	10	-
6114	10090	10693	20	-
6114	7652	10693	23	-
6114	7652	10693	23	-
6114	7652	10693	23	-
6114	7652	10693	23	-
6114	7652	10693	23	-
6114	7652	10693	23	-
6114	7652	10693	23	-
6114	7652	10693	23	-
6114	7652	10693	23	-
6114	7652	10693	23	-
6114	7652	10693	23	-
6114	7652	10693	23	-
6114	7652	10693	23	-
6114	7652	10693	23	-
6114	7652	10693	23	-
6114	7652	10693	23	-
6114	7652	10693	23	-
6114	7652	10693	23	-
6114	7652	10693	23	-
6114	7652	10693	23	-
6114	7652	10693	23	-
6114	7652	10693	23	-
6114	7652	10693	23	-
6114	7652	10693	23	-
6114	7652	10693	23	-
6114	7652	10693	23	-
6114	7652	10693	23	-
6114	7652	10693	23	-
6114	7652	10693	24	-
6114	7652	10693	24	-
6114	7652	10693	24	-
6114	7652	10693	24	-
6114	7652	10693	24	-
6114	7652	10693	24	-
6114	7652	10693	24	-
6114	7652	10693	24	-
6114	7652	10693	24	-
6114	7652	10693	24	-
6114	7652	10693	24	-
7782	4273	10693	29	-
10571	9554	10693	29	-
13993	11328	10693	31	-
13993	11328	10693	31	-
13993	22527	10693	31	-
13993	11328	10693	31	-
13993	11328	10693	31	-
13993	11328	10693	31	-
13993	11328	10693	31	-
13993	11328	10693	31	-
13993	11328	10693	31	-
13993	11328	10693	31	-
13993	11328	10693	31	-
13993	11328	10693	31	-
13993	11328	10693	31	-
13993	11328	10693	31	-
13993	11328	10693	31	-
13993	11328	10693	31	-
13993	7713	10693	31	-
13993	11328	10693	31	-
13993	11328	10693	31	-
13993	11328	10693	31	-
13993	11328	10693	31	-
13993	11328	10693	31	-
13993	11328	10693	31	-
13993	11328	10693	31	-
13993	11328	10693	32	-
13993	11328	10693	32	-
13993	11328	10693	32	-
13993	11328	10693	32	-
13993	11328	10693	32	-
13993	11328	10693	32	-
13993	11328	10693	32	-
13993	11328	10693	32	-
13993	11328	10693	32	-
13993	11328	10693	32	-
13993	11328	10693	32	-
13993	11328	10693	32	-
13993	11328	10693	32	-
13993	11328	10693	32	-
13993	11328	10693	32	-
13993	11328	10693	32	-
13993	11328	10693	32	-
13993	11328	10693	32	-
13993	11328	10693	32	-
13993	11328	10693	32	-
13993	11328	10693	32	-
13993	11328	10693	32	-
13993	11328	10693	32	-
13993	11328	10693	32	-
13993	11328	10693	32	-
19350	7215	10693	47	-
7179	9554	10693	49	-
7179	9554	10693	51	-
20312	16332	10693	52	-
19350	7215	10693	60	-
19350	7215	10693	60	-
19350	7215	10693	60	-
19350	7215	10693	60	-
19350	7215	10693	60	-
19350	7215	10693	60	-
19350	7215	10693	60	-
19350	7215	10693	60	-
19350	7215	10693	60	-
19350	7215	10693	60	-
19350	7215	10693	60	-
19350	3260	18167	73	-
19350	3260	18167	73	-
19350	3260	18167	73	-
19350	3260	18167	73	-
19350	3260	18167	73	-
19350	3901	18167	73	-
19350	3260	18167	73	-
19350	3260	18167	74	-
19350	3260	18167	74	-
19350	3260	18167	74	-
19350	3260	18167	74	-
19350	3260	18167	74	-
19350	3260	18167	74	-
19350	3260	18167	74	-
19350	3260	18167	74	-
19350	3260	18167	74	-
19350	3260	18167	74	-
12985	15667	18167	74	-
19350	3260	18167	74	-
19350	3260	18167	74	-
19350	3260	18167	74	-
19350	3260	18167	74	-
19350	3260	18167	74	-
19350	3260	18167	74	-
19350	20110	18167	74	-
19350	3260	18167	74	-
19350	3260	18167	74	-
19350	3260	18167	74	-
19350	3260	18167	74	-
19350	3260	18167	74	-
19350	3260	18167	74	-
19350	3260	18167	74	-
19350	3260	18167	74	-
19350	3260	18167	74	-
19350	3260	18167	74	-
19350	3260	18167	74	-
19350	3260	18167	74	-
19350	3260	18167	74	-
19350	3260	18167	74	-
19350	3260	18167	74	-
19350	3260	18167	74	-
19350	3260	18167	74	-
19531	22986	18167	76	-
3957	19834	18167	77	-
7782	4273	18167	82	-
7782	4273	18167	82	-
19350	7215	18167	86	-
19350	7215	18167	86	-
19350	7215	18167	86	-
6114	19222	18167	92	-
7782	4273	18167	93	-
7782	4273	18167	93	-
7782	4273	18167	93	-
7782	4273	18167	93	-
7782	4273	18167	93	-
7782	4273	18167	93	-
8048	14437	18167	95	-
8048	4981	18167	95	-
6114	19222	18167	96	-
19350	16330	18167	97	-
19350	20110	18167	97	-
19350	20110	18167	97	-
19350	20110	18167	97	-
19350	20110	18167	97	-
19350	16330	18167	97	-
19350	16330	18167	97	-
19350	7215	18167	99	-
19350	7215	18167	100	-
19350	7215	18167	100	-
19350	7215	18167	100	-
19350	7215	18167	100	-
19350	7215	18167	100	-
19350	7215	18167	100	-
12332	16332	18167	100	-
19350	7215	18167	100	-
19350	7215	18167	100	-
19350	7215	18167	100	-
19350	7215	18167	100	-
19350	7215	18167	100	-
19603	4981	18167	106	-
12985	15667	18167	107	-
12985	19834	18167	107	-
19350	3901	18167	113	-
19350	15581	18167	116	-
19350	15581	18167	116	-
19350	15581	18167	116	-
19350	15581	18167	116	-
19350	15581	18167	116	-
19350	15581	18167	116	-
19350	15581	18167	117	-
19350	15581	18167	117	-
19350	15581	18167	117	-
19350	15581	18167	117	-
19350	15581	18167	117	-
19350	15581	18167	117	-
19350	15581	18167	117	-
19350	15581	18167	117	-
19350	15581	18167	117	-
19350	15581	18167	117	-
19350	15581	18167	117	-
19350	15581	18167	117	-
19350	15581	18167	117	-
19350	15581	18167	117	-
19350	15581	18167	117	-
19350	7215	18167	125	-
19350	7215	18167	125	-
19350	7215	18167	125	-
19350	7215	18167	125	-
19350	7215	18167	125	-
19350	7215	18167	125	-
19350	7215	18167	125	-
19350	7215	18167	125	-
19350	7215	18167	125	-
19350	7215	18167	125	-
19350	7215	18167	125	-
11001	5938	28141	127	-
11001	1633	28141	127	-
11001	15894	28141	128	-
11001	15894	28141	132	-
17923	3297	28141	139	-
14547	587	28141	139	-
19350	15581	28141	146	-
19350	15581	28141	146	-
19350	15581	28141	146	-
19350	15581	28141	146	-
19350	15581	28141	146	-
19350	15581	28141	146	-
19350	15581	28141	146	-
19350	15581	28141	146	-
19350	15581	28141	146	-
19350	15581	28141	146	-
19350	15581	28141	146	-
19350	15581	28141	146	-
19350	15581	28141	146	-
19350	15581	28141	146	-
19350	15581	28141	146	-
19350	15581	28141	146	-
19350	15581	28141	146	-
19350	15581	28141	146	-
19350	15581	28141	146	-
19350	15581	28141	147	-
19350	15581	28141	147	-
19350	15581	28141	147	-
14267	3682	28141	152	-
14267	3682	28141	152	-
14267	3682	28141	152	-
14267	3682	28141	152	-
14267	3682	28141	152	-
14267	3682	28141	152	-
14267	3682	28141	152	-
14267	3682	28141	152	-
14267	3682	28141	152	-
14267	3682	28141	152	-
14267	3682	28141	152	-
14267	3682	28141	152	-
14267	3682	28141	152	-
14267	3682	28141	152	-
14267	3682	28141	153	-
14267	3682	28141	153	-
19839	21708	28141	156	-
6114	9892	28141	159	-
3611	22986	28141	160	-
3611	11900	28141	160	-
3611	15667	28141	161	-
19350	15581	28141	165	-
19350	15581	28141	165	-
19350	15581	28141	165	-
19350	15581	28141	165	-
19350	15581	28141	165	-
19350	15581	28141	165	-
19350	15581	28141	165	-
19350	15581	28141	165	-
19350	15581	28141	165	-
19350	15581	28141	165	-
19350	15581	28141	165	-
19350	15581	28141	165	-
19350	15581	28141	165	-
19350	15581	28141	165	-
19350	15581	28141	165	-
19350	15581	28141	165	-
19350	15581	28141	165	-
19350	15581	28141	165	-
19350	15581	28141	165	-
19350	15581	28141	166	-
19350	15581	28141	166	-
14267	8723	28141	167	-
14267	8723	28141	167	-
14267	8723	28141	167	-
14267	8723	28141	167	-
14267	8723	28141	168	-
14267	8723	28141	168	-
14267	8723	28141	168	-
14267	8723	28141	168	-
7782	4273	28141	171	-
7782	4273	28141	171	-
7782	4273	28141	171	-
7782	4273	28141	171	-
7782	4273	28141	171	-
7782	4273	28141	171	-
14267	19186	28141	179	-
14267	19186	28141	179	-
14267	19186	28141	179	-
14267	19186	28141	179	-
14267	19186	28141	179	-
14267	19186	28141	179	-
14267	19186	28141	179	-
14267	19186	28141	179	-
14267	19186	28141	180	-
14267	19186	28141	180	-
14267	19186	28141	180	-
14267	19186	28141	180	-
14267	19186	28141	180	-
14267	19186	28141	180	-
14267	19186	28141	180	-
14267	19186	28141	180	-
14267	19186	28141	180	-
14267	19186	28141	180	-
14267	19186	28141	180	-
14267	19186	28141	180	-
14267	19186	28141	180	-
14267	19186	28141	180	-
14267	19186	28141	180	-
14267	19186	28141	180	-
14267	19186	28141	180	-
19350	7215	28141	185	-
19350	7215	28141	185	-
19350	486	29980	191	-
6114	19222	29980	191	-
19350	486	29980	191	-
19350	486	29980	192	-
19350	486	29980	192	-
19350	486	29980	192	-
19350	19186	29980	192	-
19350	486	29980	192	-
19350	486	29980	192	-
19350	486	29980	192	-
19350	486	29980	192	-
19350	486	29980	192	-
19350	486	29980	192	-
19350	486	29980	192	-
19350	486	29980	192	-
19350	486	29980	192	-
19350	486	29980	192	-
19350	486	29980	192	-
19350	486	29980	192	-
19350	19186	29980	192	-
19350	19186	29980	192	-
19350	19186	29980	192	-
19350	19186	29980	192	-
19350	19186	29980	192	-
19350	19186	29980	193	-
19350	19186	29980	193	-
19350	19186	29980	193	-
19350	19186	29980	193	-
19350	19186	29980	193	-
19350	19186	29980	193	-
19350	19186	29980	193	-
19350	19186	29980	193	-
19350	19186	29980	193	-
19350	19186	29980	193	-
19350	19186	29980	193	-
19350	19186	29980	193	-
19350	19186	29980	193	-
19350	19186	29980	193	-
19350	19186	29980	193	-
19350	19186	29980	193	-
19350	19186	29980	193	-
19350	19186	29980	193	-
19350	19186	29980	193	-
6775	16332	29980	196	-
13993	3011	29980	204	-
17624	2843	29980	206	-
19603	2843	29980	207	-
17624	2843	29980	209	-
17624	16593	29980	209	-
19350	18964	29980	212	-
19350	18964	29980	212	-
19603	23167	29980	213	-
19603	3297	29980	213	-
19603	3461	29980	214	-
19350	8702	29980	215	-
19350	18964	29980	215	-
13993	16330	29980	231	-
13993	20110	29980	231	-
13993	16330	29980	231	-
13993	20110	29980	231	-
16671	10286	29980	232	-
16671	10286	29980	232	-
16671	10286	29980	232	-
13993	20110	29980	232	-
13993	20110	29980	232	-
13993	16330	29980	232	-
15394	4800	29980	237	-
23317	882	29980	237	-
7179	16531	29980	239	-
3297	19531	29980	242	-
882	3461	29980	244	-
882	16593	29980	244	-
882	8452	29980	245	-
6114	19222	29980	245	-
882	14437	29980	245	-
19839	19834	30325	246	-
882	3611	30325	246	-
882	3297	30325	247	-
882	2843	30325	247	-
882	4981	30325	248	-
20312	3297	30325	249	-
882	9554	30325	250	-
882	7268	30325	250	-
882	16332	30325	250	-
6775	23167	30325	252	-
6775	3297	30325	253	-
6775	3461	30325	254	-
20312	3297	30325	254	-
20312	16531	30325	256	-
19603	2843	30325	257	-
20312	9554	30325	257	-
19603	4981	30325	257	-
20312	16332	30325	258	-
14267	3682	30325	263	-
14267	3682	30325	263	-
14267	3682	30325	263	-
14267	3682	30325	264	-
14267	3682	30325	264	-
14267	3682	30325	264	-
14267	3682	30325	264	-
14267	3682	30325	264	-
14267	3682	30325	264	-
14267	3682	30325	264	-
14267	3682	30325	264	-
14267	3682	30325	264	-
14267	3682	30325	264	-
14267	3682	30325	264	-
14267	3682	30325	264	-
14267	3682	30325	264	-
6114	5020	30325	265	-
6114	5020	30325	265	-
6114	5020	30325	265	-
6114	5020	30325	265	-
6114	5020	30325	265	-
6114	5020	30325	265	-
6114	5020	30325	265	-
6114	5020	30325	265	-
6114	5020	30325	265	-
6114	5020	30325	265	-
6114	5020	30325	265	-
6114	5020	30325	265	-
16671	5508	30325	265	-
6114	5020	30325	265	-
6114	5020	30325	265	-
6114	5020	30325	266	-
14267	21615	30325	266	-
6114	5020	30325	266	-
16671	5508	30325	266	-
6114	5020	30325	266	-
14267	21615	30325	266	-
6114	5020	30325	266	-
14267	21615	30325	266	-
16671	10522	30325	269	-
16671	5508	30325	269	-
16671	5508	30325	269	-
16671	5508	30325	269	-
16671	5508	30325	269	-
16671	5508	30325	269	-
16671	5508	30325	269	-
16671	5508	30325	269	-
16671	5508	30325	269	-
16671	5508	30325	269	-
16671	5508	30325	269	-
16671	5508	30325	269	-
16671	5508	30325	269	-
16671	5508	30325	269	-
16671	5508	30325	269	-
16671	5508	30325	269	-
16671	5508	30325	269	-
16671	5508	30325	269	-
16671	5508	30325	269	-
16671	5508	30325	269	-
16671	5508	30325	269	-
16671	5508	30325	269	-
16671	5508	30325	269	-
16671	5508	30325	269	-
16671	5508	30325	269	-
16671	5508	30325	269	-
16671	5508	30325	269	-
16671	5508	30325	269	-
16671	5508	30325	269	-
16671	5508	30325	269	-
20312	16593	30325	269	-
16671	15811	30325	280	-
16671	2184	30325	283	-
16671	2184	30325	283	-
16671	2184	30325	283	-
16671	2184	30325	283	-
16671	2184	30325	283	-
19603	14437	30325	286	-
19603	4981	30325	286	-
16671	5508	30325	297	-
16671	10522	30325	297	-
16671	5508	30325	297	-
16671	5508	30325	297	-
16671	5508	30325	297	-
16671	5508	30325	297	-
16671	5508	30325	297	-
16671	5508	30325	297	-
16671	5508	30325	297	-
16671	5508	30325	297	-
16671	5508	30325	297	-
16671	5508	30325	297	-
16671	5508	30325	297	-
16671	5508	30325	297	-
16671	5508	30325	297	-
16671	5508	30325	297	-
16671	5508	30325	297	-
16671	5508	30325	297	-
16671	5508	30325	297	-
16671	5508	30325	297	-
16671	5508	30325	297	-
16671	5508	30325	297	-
16671	5508	30325	297	-
16671	5508	30325	297	-
16671	5508	30325	297	-
16671	5508	30325	297	-
16671	5508	30325	297	-
16671	5508	30325	297	-
16671	5508	30325	297	-
16671	5508	30325	297	-
16671	5508	30325	297	-
16671	5508	30325	297	-
7782	4273	30325	298	-
7782	4273	30325	298	-
7782	4273	30325	298	-
7782	4273	30325	299	-
19350	18332	30325	300	-
19350	22025	30325	300	-
19350	22025	30325	300	-
19350	22025	30325	300	-
19350	22025	30325	300	-
19350	22025	30325	300	-
19350	19186	30325	300	-
19350	22025	30325	300	-
19350	22025	30325	300	-
19350	19186	30325	300	-
19350	22025	30325	300	-
19350	22025	30325	300	-
19350	22025	30325	300	-
19350	22025	30325	300	-
19350	19186	30325	300	-
19350	22025	30325	300	-
19350	22025	30325	300	-
19350	22025	30325	300	-
19350	22025	30325	300	-
3076	4981	30325	304	-
13993	16330	12133	321	-
13993	16330	12133	321	-
13993	16330	12133	321	-
13993	20110	12133	321	-
13993	16330	12133	321	-
13993	16330	12133	321	-
13993	16330	12133	321	-
13993	16330	12133	321	-
13993	20110	12133	321	-
13993	16330	12133	321	-
13993	16330	12133	321	-
12332	14437	12133	324	-
12332	16593	12133	324	-
6775	8452	12133	329	-
14547	19531	12133	333	-
10571	23167	12133	335	-
8048	2843	12133	338	-
8048	9554	12133	338	-
10571	16593	12133	339	-
6775	4981	12133	345	-
6114	19222	12133	350	-
14267	2041	12133	354	-
14267	2041	12133	354	-
14267	2041	12133	354	-
14267	2041	12133	354	-
14267	2041	12133	354	-
14267	2041	12133	354	-
14267	2041	12133	354	-
14267	2041	12133	354	-
14267	2041	12133	354	-
14267	2041	12133	354	-
14267	2041	12133	354	-
14267	2041	12133	354	-
14267	2041	12133	354	-
14267	2041	12133	360	-
14267	2041	12133	360	-
14267	2041	12133	360	-
7215	5938	12133	360	-
14267	2041	12133	360	-
14267	2041	12133	360	-
7215	15894	12133	360	-
6114	1925	12133	361	-
7215	15667	12133	361	-
6114	4668	12133	364	-
6114	4668	12133	364	-
6114	4668	12133	364	-
6114	4668	12133	364	-
6114	4668	12133	364	-
6114	4668	12133	364	-
6114	4668	12133	364	-
6114	4668	12133	364	-
6114	4668	12133	364	-
6114	4668	12133	364	-
6114	4668	12133	364	-
13993	16330	12133	364	-
6114	4668	12133	364	-
13993	16330	12133	364	-
6114	4668	12133	364	-
13993	16330	12133	364	-
6114	4668	12133	364	-
13993	16330	12133	364	-
6114	4668	12133	364	-
14267	2041	45118	368	-
14267	2041	45118	369	-
14267	2041	45118	369	-
14267	2041	45118	369	-
19350	19186	45118	371	-
19350	19186	45118	371	-
19350	19186	45118	371	-
19350	19186	45118	371	-
19350	19186	45118	371	-
19350	19186	45118	371	-
19350	19186	45118	371	-
19350	19186	45118	371	-
19350	19186	45118	371	-
19350	22025	45118	371	-
19350	19186	45118	371	-
19350	19186	45118	371	-
19350	9332	45118	375	-
19350	9332	45118	375	-
19350	9332	45118	375	-
19350	9332	45118	375	-
19350	9332	45118	376	-
19350	9332	45118	376	-
19350	3957	45118	376	-
19350	3957	45118	376	-
19350	3957	45118	376	-
19350	9332	45118	376	-
19350	9332	45118	376	-
19350	9332	45118	376	-
19350	9332	45118	376	-
19350	9332	45118	376	-
19350	9332	45118	376	-
19350	9332	45118	376	-
19350	3957	45118	376	-
19350	9332	45118	376	-
19350	9332	45118	376	-
19531	19834	45118	376	-
14267	2041	45118	378	-
14267	2041	45118	378	-
14267	2041	45118	378	-
14267	2041	45118	378	-
6114	4668	45118	381	-
6114	4668	45118	381	-
6114	4668	45118	381	-
6114	4668	45118	381	-
6114	4668	45118	381	-
6114	4668	45118	381	-
6114	4668	45118	381	-
6114	4668	45118	381	-
6114	4668	45118	381	-
6114	4668	45118	381	-
6114	4668	45118	381	-
6114	4668	45118	381	-
6114	4668	45118	381	-
6114	4668	45118	381	-
6114	4668	45118	381	-
6114	4668	45118	381	-
6114	4668	45118	381	-
6114	4668	45118	381	-
6114	4668	45118	381	-
6114	4668	45118	381	-
6114	4668	45118	381	-
6114	4668	45118	381	-
6114	4668	45118	381	-
6114	4668	45118	381	-
6114	4668	45118	381	-
6114	4668	45118	381	-
6114	4668	45118	381	-
6114	4668	45118	381	-
6114	4668	45118	382	-
6114	4668	45118	382	-
6114	4668	45118	382	-
6114	4668	45118	382	-
6114	4668	45118	382	-
6114	4668	45118	382	-
18246	21708	45118	387	-
12985	1001	45118	404	warez
12985	1001	45118	404	warez
3674	8452	45118	404	warez
21123	695	45118	418	pod
21123	20768	45118	420	pod
21123	19598	45118	421	pod
21123	11001	45118	423	pod
21123	20072	45118	425	pod
14547	15894	45118	425	-
21123	19352	18035	426	pod
13993	11850	18035	427	-
14547	15894	18035	427	-
14547	1633	18035	427	-
21123	11444	18035	428	pod
21123	8048	18035	429	pod
21123	2976	18035	431	pod
21123	1976	18035	433	pod
21123	20989	18035	434	pod
21123	20989	18035	434	pod
21123	20989	18035	434	pod
21123	20989	18035	434	pod
21123	20989	18035	434	pod
21123	20989	18035	434	pod
21123	20989	18035	434	pod
21123	20989	18035	434	pod
21123	20989	18035	434	pod
21123	20989	18035	434	pod
21123	20989	18035	434	pod
21123	20989	18035	434	pod
21123	20989	18035	434	pod
21123	20989	18035	434	pod
21123	20989	18035	434	pod
21123	20989	18035	434	pod
21123	20989	18035	434	pod
21123	20989	18035	434	pod
21123	20989	18035	434	pod
21123	20989	18035	434	pod
21123	20989	18035	434	pod
21123	20989	18035	434	pod
21123	20989	18035	434	pod
21123	20989	18035	434	pod
21123	20989	18035	434	pod
21123	20989	18035	434	pod
21123	20989	18035	434	pod
21123	20989	18035	434	pod
21123	20989	18035	435	pod
21123	20989	18035	435	pod
21123	20989	18035	435	pod
21123	20989	18035	435	pod
21123	20989	18035	435	pod
21123	20989	18035	435	pod
21123	20989	18035	435	pod
21123	20989	18035	435	pod
21123	20989	18035	435	pod
21123	20989	18035	435	pod
21123	20989	18035	435	pod
21123	20989	18035	435	pod
21123	20989	18035	435	pod
21123	20989	18035	435	pod
21123	20989	18035	435	pod
21123	20989	18035	435	pod
21123	20989	18035	435	pod
21123	11780	18035	436	pod
8048	2843	18035	436	-
8048	16531	18035	436	-
21123	23216	18035	438	pod
3611	19834	18035	438	-
21123	13636	18035	439	pod
21123	3920	18035	441	pod
21123	22217	18035	443	pod
21123	8682	18035	445	pod
21123	8682	18035	445	pod
21123	8885	18035	446	pod
6114	15566	18035	448	pod
21123	568	18035	448	pod
18246	15566	18035	450	pod
21123	11690	18035	450	pod
19350	19186	18035	450	-
19350	19186	18035	450	-
19350	19186	18035	450	-
19350	19186	18035	451	-
19350	19186	18035	451	-
19350	19186	18035	451	-
19350	19186	18035	451	-
19350	19186	18035	451	-
19350	19186	18035	451	-
19350	19186	18035	451	-
19350	19186	18035	451	-
3076	23167	18035	462	-
2576	15566	18035	465	pod
19350	8702	18035	482	-
19350	5529	18035	485	-
19350	5529	18035	485	-
19350	5529	18035	485	-
19350	5529	18035	485	-
19350	5529	18035	485	-
19350	5529	18035	485	-
19350	5529	18035	485	-
19350	5529	18035	485	-
19350	5529	18035	485	-
3297	15894	41348	486	-
7179	3461	41348	491	-
7179	16593	41348	491	-
19350	5529	41348	493	-
19350	5529	41348	493	-
19350	5529	41348	493	-
19350	5529	41348	493	-
19350	5529	41348	493	-
19350	5529	41348	493	-
7179	8452	41348	494	-
7179	14437	41348	495	-
3957	15394	41348	496	-
19839	15894	41348	497	-
7179	3611	41348	497	-
7179	23167	41348	498	-
7179	3297	41348	500	-
6114	4668	41348	501	-
6114	4668	41348	501	-
6114	4668	41348	501	-
6114	4668	41348	501	-
6114	4668	41348	501	-
6114	4668	41348	501	-
6114	4668	41348	501	-
6114	4668	41348	501	-
6114	4668	41348	501	-
6114	4668	41348	501	-
6114	4668	41348	501	-
6114	4668	41348	501	-
13993	21708	41348	501	-
6114	4668	41348	501	-
6114	4668	41348	501	-
6114	4668	41348	501	-
6114	4668	41348	502	-
6114	4668	41348	502	-
6114	4668	41348	502	-
6114	4668	41348	502	-
6114	4668	41348	502	-
6114	4668	41348	502	-
6114	4668	41348	502	-
6114	4668	41348	502	-
6114	4668	41348	502	-
7179	2843	41348	503	-
7179	4981	41348	507	-
19350	19406	41348	510	-
19350	19406	41348	510	-
19350	19406	41348	510	-
7179	16531	41348	510	-
19350	19406	41348	510	-
7179	7268	41348	514	-
7179	9554	41348	514	-
7179	16332	41348	517	-
16671	15811	41348	525	-
16671	2184	41348	525	-
16671	2184	41348	525	-
16671	2184	41348	525	-
16671	2184	41348	525	-
16671	2184	41348	525	-
14267	2041	41348	532	-
14267	2041	41348	532	-
14267	2041	41348	532	-
14267	2041	41348	532	-
14267	6949	41348	532	-
19350	19406	41348	536	-
19350	19406	41348	536	-
19350	19406	41348	536	-
19350	19406	41348	536	-
19350	19406	41348	536	-
19350	19406	41348	536	-
19350	19406	41348	536	-
19350	19406	41348	536	-
19350	19406	41348	536	-
19350	19406	41348	536	-
19350	19406	41348	536	-
19350	19406	41348	536	-
19350	19406	41348	536	-
19350	19406	41348	536	-
19350	19406	41348	536	-
19350	19406	41348	536	-
19350	19406	41348	536	-
19350	19406	41348	536	-
19350	19406	41348	536	-
19350	19406	41348	536	-
19350	19406	41348	536	-
19350	19406	41348	536	-
19350	19406	41348	536	-
19350	19406	41348	536	-
19350	19406	41348	536	-
19350	19406	41348	536	-
19350	19406	41348	536	-
19350	19406	41348	536	-
7215	1633	25831	555	-
7215	15667	25831	555	-
7215	19531	25831	556	-
16671	19834	25831	561	-
7782	5938	25831	564	-
7782	12332	25831	569	-
7782	12332	25831	570	-
7782	12332	25831	570	-
7782	12332	25831	570	-
7782	12332	25831	570	-
7782	12332	25831	570	-
7782	12332	25831	570	-
7782	12332	25831	570	-
7782	12332	25831	570	-
7782	12332	25831	570	-
7782	12332	25831	570	-
7782	12332	25831	570	-
7782	12332	25831	570	-
7782	12332	25831	570	-
7782	12332	25831	570	-
7782	12332	25831	570	-
7782	12332	25831	570	-
7782	12332	25831	570	-
7782	12332	25831	570	-
7782	12332	25831	570	-
7782	12332	25831	570	-
7782	12332	25831	570	-
7782	12332	25831	570	-
7782	12332	25831	570	-
7782	12332	25831	571	-
7782	12332	25831	571	-
7782	12332	25831	571	-
19531	15894	25831	581	-
7782	15894	25831	587	-
16671	15811	25831	589	-
16671	2184	25831	589	-
16671	2184	25831	589	-
16671	2184	25831	589	-
16671	2184	25831	589	-
16671	2184	25831	590	-
7782	12332	25831	590	-
16671	2184	25831	590	-
16671	2184	25831	590	-
16671	15811	25831	590	-
19350	5529	25831	598	-
19350	5529	25831	598	-
19350	5529	25831	598	-
19350	5529	25831	598	-
19350	5529	25831	598	-
19350	5529	25831	598	-
19350	5529	25831	598	-
19350	5529	25831	598	-
19350	5529	25831	598	-
19350	5529	25831	598	-
19350	5529	25831	598	-
19350	5529	25831	598	-
7782	18332	25831	599	-
19350	5529	25831	599	-
7782	12332	25831	599	-
19350	5529	25831	599	-
19350	5529	25831	599	-
19350	12181	25831	603	-
19350	12181	25831	603	-
19350	12181	25831	603	-
19350	12181	25831	603	-
19350	12181	25831	603	-
19350	12181	25831	603	-
19350	12181	25831	603	-
7179	9554	25831	603	-
19350	5529	23659	620	-
19350	5529	23659	620	-
7215	19531	23659	623	-
13993	21708	23659	630	-
15737	17005	23659	634	-
6114	15894	23659	638	-
13993	3145	23659	639	-
7782	12332	23659	639	-
7782	12332	23659	640	-
13993	3145	23659	640	-
7782	12332	23659	640	-
7782	12332	23659	640	-
7782	12332	23659	640	-
7782	12332	23659	640	-
7782	12332	23659	640	-
7782	12332	23659	640	-
7782	12332	23659	640	-
7782	12332	23659	640	-
7782	12332	23659	640	-
7215	19523	23659	640	-
7215	20367	23659	640	-
7782	12332	23659	640	-
7782	12332	23659	640	-
7782	12332	23659	640	-
6114	4668	23659	641	-
6114	4668	23659	641	-
6114	4668	23659	641	-
6114	4668	23659	641	-
6114	4668	23659	641	-
6114	4668	23659	641	-
6114	4668	23659	641	-
6114	4668	23659	641	-
6114	4668	23659	641	-
6114	4668	23659	641	-
6114	4668	23659	641	-
6114	4668	23659	641	-
6114	4668	23659	641	-
6114	4668	23659	641	-
13993	10348	23659	643	-
13993	3145	23659	643	-
13993	2611	23659	646	-
13993	3145	23659	646	-
13993	3145	23659	646	-
13993	3145	23659	646	-
17923	15394	23659	648	-
17923	11900	23659	648	-
10571	587	23659	648	-
13993	20026	23659	649	-
13993	3145	23659	649	-
13993	3145	23659	649	-
3957	587	23659	651	-
16671	5938	23659	652	-
16671	13122	23659	653	-
7782	4575	23659	654	-
7215	20367	23659	654	-
7215	20367	23659	654	-
7215	20367	23659	654	-
7215	19523	23659	654	-
7215	20367	23659	654	-
7215	20367	23659	654	-
16671	19834	23659	654	-
10429	21708	23659	656	-
6114	4668	23659	657	-
7782	2463	23659	657	-
7782	4575	23659	657	-
6114	4668	23659	657	-
6114	4668	23659	660	-
6114	3692	23659	660	-
6114	4668	23659	660	-
6114	4668	23659	660	-
6114	4668	23659	660	-
6114	4668	23659	660	-
6114	4668	23659	660	-
6114	4668	23659	660	-
6114	4668	23659	660	-
6114	4668	23659	660	-
6114	4668	23659	660	-
6114	3692	23659	660	-
6114	4668	23659	660	-
6114	4668	23659	660	-
6114	3692	23659	660	-
6114	3692	23659	660	-
6114	4668	23659	660	-
6114	4668	23659	660	-
6114	4668	23659	660	-
7782	15050	23659	660	-
6114	3692	23659	660	-
7782	4575	23659	660	-
6114	4668	23659	660	-
6114	4668	23659	665	-
20312	16332	18328	676	-
3297	22986	18328	677	-
3297	15894	18328	677	-
16671	6129	18328	678	-
16671	6129	18328	678	-
16671	6129	18328	678	-
16671	6129	18328	678	-
3297	11900	18328	678	-
6114	14776	18328	681	-
6114	14776	18328	681	-
6114	14776	18328	682	-
13993	10756	18328	688	-
13993	10756	18328	688	-
7179	14437	18328	692	-
7179	2843	18328	692	-
7179	16332	18328	693	-
10429	15894	18328	694	-
10429	15667	18328	694	-
13993	10756	18328	695	-
13993	10756	18328	695	-
13993	10756	18328	696	-
13993	10756	18328	696	-
16671	21708	18328	696	-
16671	21708	18328	698	-
16671	6129	18328	704	-
16671	6129	18328	704	-
16671	6129	18328	704	-
16671	6129	18328	704	-
16671	6129	18328	704	-
12332	16531	18328	706	-
16671	6129	18328	707	-
16671	2514	18328	707	-
16671	6129	18328	707	-
16671	6129	18328	707	-
16671	6129	18328	707	-
16671	6129	18328	707	-
16671	6129	18328	707	-
16671	6129	18328	707	-
882	2843	18328	712	-
882	16531	18328	712	-
882	9554	18328	713	-
14267	2041	18328	718	-
14267	2041	8927	737	-
16671	6129	8927	738	-
16671	6129	8927	738	-
16671	6129	8927	738	-
7782	3076	8927	738	-
3297	5938	8927	738	-
7782	3832	8927	739	-
7782	3076	8927	739	-
7782	3076	8927	739	-
7782	3076	8927	739	-
7782	6114	8927	739	-
7782	3076	8927	739	-
7782	3076	8927	739	-
7782	3076	8927	739	-
7782	3076	8927	739	-
7782	3076	8927	739	-
7782	3076	8927	739	-
7782	3076	8927	739	-
7782	3076	8927	739	-
7782	3076	8927	739	-
7782	1610	8927	739	-
7782	3076	8927	739	-
7782	3076	8927	739	-
7782	3076	8927	739	-
7782	3076	8927	739	-
7782	3076	8927	739	-
7782	3076	8927	739	-
7782	3076	8927	739	-
7782	3076	8927	739	-
7782	3076	8927	739	-
20312	23167	8927	739	-
19839	5938	8927	740	-
20312	3611	8927	740	-
20312	16531	8927	740	-
20312	9554	8927	741	-
13993	10756	8927	744	-
13993	10756	8927	744	-
13993	10756	8927	744	-
6114	14776	8927	768	-
6114	14776	8927	768	-
6114	14776	8927	768	-
6114	14776	8927	768	-
6114	14776	8927	768	-
6114	14776	8927	768	-
6114	14776	8927	768	-
6114	14776	8927	768	-
7782	3076	8927	769	-
7782	1610	8927	769	-
7782	3076	8927	770	-
7782	3076	8927	770	-
7782	3076	8927	770	-
7782	3832	8927	770	-
7782	3076	8927	770	-
7782	3076	8927	770	-
7782	3076	8927	770	-
7782	3076	8927	770	-
7782	3076	8927	770	-
7782	3076	8927	770	-
7782	3076	8927	770	-
7782	3076	8927	770	-
7782	3076	8927	770	-
7782	3076	8927	770	-
7782	3076	8927	770	-
7782	6114	8927	770	-
7782	3076	8927	770	-
7782	3076	8927	770	-
7782	3076	8927	770	-
7782	3076	8927	770	-
7782	3076	8927	770	-
7782	3076	8927	770	-
7782	3076	8927	770	-
14267	2041	8927	772	-
12985	21708	8927	774	-
10429	19834	8927	775	-
20367	19350	8927	775	-
10429	15667	8927	775	-
14547	21708	7009	787	-
16671	6129	7009	794	-
16671	6129	7009	794	-
16671	6129	7009	794	-
16671	6129	7009	794	-
16671	6129	7009	794	-
16671	6129	7009	794	-
16671	6129	7009	794	-
16671	6129	7009	794	-
16671	6129	7009	794	-
16671	6129	7009	794	-
16671	6129	7009	794	-
16671	6129	7009	794	-
16671	6129	7009	794	-
16671	6129	7009	794	-
16671	6129	7009	794	-
6114	12441	7009	800	-
6114	12441	7009	800	-
6114	12441	7009	800	-
6114	12441	7009	800	-
6114	12441	7009	800	-
12985	21708	7009	804	-
12985	19834	7009	804	-
12985	19531	7009	805	-
14267	2041	7009	807	-
587	11900	7009	809	-
19603	3461	7009	810	-
19603	16593	7009	810	-
19603	8452	7009	811	-
19350	12181	7009	817	-
19350	12181	7009	818	-
19350	12181	7009	818	-
19350	12181	7009	818	-
19350	12181	7009	818	-
19350	12181	7009	818	-
19350	12181	7009	818	-
16671	5505	7009	818	-
15737	8530	7009	829	-
15737	8530	7009	829	-
15737	8530	7009	829	-
15737	8530	7009	830	-
15737	8530	7009	830	-
15737	3882	7009	830	-
15737	8530	7009	830	-
15737	8530	7009	830	-
15737	8530	7009	830	-
15737	8530	7009	830	-
15737	8530	7009	830	-
15737	8530	7009	830	-
15737	8530	7009	830	-
15737	8530	7009	830	-
15737	8530	7009	830	-
15737	8530	7009	830	-
15737	8530	7009	830	-
15737	8530	7009	830	-
15737	8530	7009	830	-
15737	8530	7009	830	-
15737	8530	7009	830	-
15737	8530	7009	830	-
15737	8530	7009	830	-
15737	8530	7009	830	-
15737	8530	7009	830	-
15737	8530	7009	830	-
15737	8530	7009	830	-
15737	8530	7009	830	-
15737	8530	7009	830	-
15737	8530	7009	830	-
15737	8530	7009	830	-
15737	8530	7009	830	-
15737	8530	7009	830	-
15737	8530	7009	830	-
15737	8530	7009	830	-
15737	8530	7009	830	-
15737	8530	7009	830	-
15737	8530	7009	830	-
15737	8530	7009	830	-
15737	8530	7009	831	-
15737	8530	7009	831	-
15737	8530	7009	831	-
7215	20367	7009	836	-
7215	20367	7009	836	-
7215	19523	7009	836	-
7215	20367	7009	836	-
7215	20367	7009	836	-
7215	20367	7009	836	-
15394	4800	7009	837	-
23317	882	7009	837	-
19350	10705	7009	841	-
3297	1001	7009	844	-
19350	9173	7009	844	-
19350	12738	43532	847	-
11001	5938	43532	851	-
11001	19834	43532	852	-
7782	15692	43532	854	-
7782	17516	43532	854	-
7782	17516	43532	854	-
19350	12997	43532	857	-
19350	12738	43532	857	-
882	8452	43532	857	-
20312	14437	43532	862	-
20312	4981	43532	862	-
15737	8530	43532	863	-
15737	8530	43532	863	-
15737	8530	43532	863	-
15737	8530	43532	863	-
15737	8530	43532	863	-
20312	16593	43532	863	-
15737	8530	43532	863	-
15737	8530	43532	864	-
15737	8530	43532	864	-
20312	9554	43532	864	-
6114	2899	43532	867	-
6114	2899	43532	867	-
6114	2899	43532	867	-
6114	2899	43532	867	-
6114	2899	43532	867	-
6114	2899	43532	867	-
7215	7215	43532	876	-
7215	7215	43532	876	-
7215	7215	43532	876	-
7215	7215	43532	876	-
7215	7215	43532	876	-
7215	7215	43532	876	-
7215	7215	43532	877	-
7215	7215	43532	877	-
7215	7215	43532	877	-
7215	7215	43532	877	-
7215	7215	43532	877	-
6775	2843	43532	878	-
6775	2843	43532	881	-
6114	2899	43532	887	-
6114	2899	43532	887	-
6114	2899	43532	887	-
6114	2899	43532	887	-
6114	2899	43532	887	-
7179	16531	43532	887	-
19350	12181	43532	888	-
19350	12181	43532	888	-
19350	12181	43532	888	-
19350	12181	43532	888	-
19350	12181	43532	888	-
19350	12181	43532	888	-
19350	12181	43532	888	-
7215	7215	43532	890	-
7215	7215	43532	890	-
7215	7215	43532	890	-
13993	15894	43532	892	-
13993	15894	43532	894	-
13993	15894	43532	896	-
13993	15894	43532	898	-
13993	15894	43532	900	-
882	16531	43532	900	-
882	16332	43532	901	-
13993	15894	43532	903	-
17624	4981	43532	904	-
17624	9554	43532	904	-
13993	15894	2651	906	-
13993	15894	2651	906	-
13993	15894	2651	906	-
13993	15894	2651	906	-
13993	15894	2651	906	-
13993	15894	2651	906	-
13993	15894	2651	906	-
13993	15894	2651	906	-
13993	15894	2651	906	-
13993	15894	2651	906	-
13993	15894	2651	906	-
13993	15894	2651	906	-
13993	15894	2651	906	-
13993	15894	2651	906	-
13993	15894	2651	906	-
13993	15894	2651	907	-
13993	15894	2651	907	-
13993	15894	2651	907	-
13993	15894	2651	907	-
13993	15894	2651	907	-
13993	15894	2651	907	-
13993	15894	2651	907	-
13993	15894	2651	907	-
13993	15894	2651	907	-
15737	8530	2651	911	-
15737	8530	2651	915	-
15737	8530	2651	915	-
15737	8530	2651	915	-
15737	8530	2651	915	-
15737	8530	2651	915	-
15737	8530	2651	915	-
15737	8530	2651	915	-
15737	8530	2651	915	-
15737	8530	2651	915	-
15737	8530	2651	915	-
15737	8530	2651	915	-
15737	8530	2651	915	-
15737	8530	2651	915	-
15737	8530	2651	915	-
15737	8530	2651	915	-
15737	8530	2651	916	-
15737	8530	2651	916	-
15737	8530	2651	916	-
15737	8530	2651	916	-
15737	8530	2651	916	-
15737	8530	2651	916	-
15737	8530	2651	916	-
15737	8530	2651	916	-
15737	8530	2651	916	-
15737	8530	2651	916	-
15737	8530	2651	916	-
15737	8530	2651	916	-
15737	8530	2651	916	-
15737	8530	2651	916	-
15737	8530	2651	916	-
15737	8530	2651	916	-
15737	8530	2651	916	-
15737	8530	2651	916	-
15737	8530	2651	916	-
15737	8530	2651	916	-
7215	3374	2651	918	-
14267	2041	2651	918	-
14267	6949	2651	918	-
14267	2041	2651	918	-
7215	3374	2651	918	-
7215	3374	2651	918	-
14267	2041	2651	918	-
14267	2041	2651	918	-
7215	3374	2651	918	-
7782	17516	2651	919	-
7782	17516	2651	919	-
7215	3374	2651	919	-
7215	3374	2651	919	-
7215	3374	2651	919	-
7782	17516	2651	919	-
7782	17516	2651	919	-
7782	17516	2651	919	-
7782	15692	2651	919	-
7215	3374	2651	919	-
19350	21510	2651	920	-
19350	21510	2651	920	-
19350	21510	2651	920	-
19350	21510	2651	920	-
19350	21510	2651	920	-
19350	21510	2651	920	-
19350	21510	2651	920	-
19531	15894	2651	922	-
12985	19531	2651	923	-
16671	8595	2651	924	-
13993	10756	2651	924	-
16671	8595	2651	924	-
16671	8595	2651	924	-
16671	8595	2651	924	-
16671	8595	2651	924	-
16671	8595	2651	924	-
16671	8595	2651	924	-
16671	8595	2651	924	-
16671	8595	2651	924	-
16671	8595	2651	924	-
16671	8595	2651	924	-
16671	8595	2651	924	-
16671	8595	2651	924	-
13993	10756	2651	924	-
16671	8595	2651	924	-
13993	10756	2651	924	-
16671	8595	2651	926	-
16671	8595	2651	926	-
19839	13122	2651	926	-
16671	8595	2651	926	-
6775	4981	2651	926	-
6775	3611	2651	926	-
6775	3461	2651	926	-
12985	19531	2651	926	-
16671	8595	2651	927	-
16671	8595	2651	927	-
16671	8595	2651	927	-
6775	8452	2651	927	-
6775	9554	2651	928	-
6775	16332	2651	929	-
14267	14465	2651	930	-
14267	14465	2651	930	-
14267	14465	2651	930	-
14267	14465	2651	930	-
14267	14465	2651	930	-
14267	14465	2651	930	-
10429	13122	2651	932	-
10429	19834	2651	932	-
16671	21708	2651	933	-
13993	15667	2651	937	-
17624	16531	2651	939	-
19350	13122	2651	940	-
17624	16531	2651	941	-
17624	16531	2651	944	-
17624	16531	2651	947	-
11001	5938	2651	950	-
11001	13122	2651	950	-
15737	8530	2651	963	-
15737	8530	2651	963	-
15737	8530	2651	963	-
15737	8530	2651	963	-
15737	8530	2651	963	-
15737	8530	2651	963	-
15737	8530	2651	963	-
15737	8530	2651	963	-
15737	8530	2651	963	-
15737	8530	2651	963	-
15737	8530	2651	963	-
15737	8530	2651	963	-
15737	8530	2651	963	-
15737	8530	2651	963	-
15737	8530	2651	963	-
15737	8530	2651	963	-
15737	8530	2651	963	-
10429	19834	28153	967	-
7782	15692	28153	970	-
7782	17516	28153	970	-
7782	17516	28153	970	-
19350	21510	28153	972	-
19839	5938	28153	979	-
13993	10756	28153	980	-
13993	10756	28153	980	-
13993	10756	28153	980	-
13993	22986	28153	980	-
3957	1633	28153	981	-
13993	15667	28153	981	-
13993	19531	28153	982	-
17624	16531	28153	983	-
14267	14465	28153	984	-
13993	15667	28153	988	-
13993	15667	28153	990	-
7782	11770	28153	991	-
7782	13268	28153	991	-
7782	13268	28153	991	-
13993	15667	28153	992	-
13993	15667	28153	994	-
13993	10756	28153	996	-
13993	10756	28153	996	-
13993	10756	28153	996	-
13993	10756	28153	996	-
13993	10756	28153	996	-
13993	10756	28153	996	-
13993	10756	28153	996	-
13993	10756	28153	996	-
13993	10756	28153	996	-
13993	10756	28153	996	-
13993	10756	28153	996	-
13993	10756	28153	996	-
13993	10756	28153	996	-
13993	10756	28153	996	-
13993	15667	28153	998	-
7782	15692	28153	1004	-
7782	17516	28153	1004	-
7782	17516	28153	1004	-
6775	23167	28153	1008	-
7782	15692	28153	1009	-
19350	150	28153	1009	-
19350	150	28153	1009	-
19350	150	28153	1009	-
19350	150	28153	1009	-
7782	17516	28153	1009	-
7782	17516	28153	1009	-
19350	150	28153	1009	-
19350	150	28153	1009	-
19350	150	28153	1009	-
19350	150	28153	1009	-
19350	150	28153	1009	-
19350	150	28153	1009	-
19350	21510	28153	1015	-
7215	3374	28153	1017	-
7215	3374	28153	1017	-
7215	3374	28153	1017	-
14267	14465	40031	1034	-
14267	14465	40031	1034	-
14267	14465	40031	1034	-
14267	14465	40031	1034	-
14267	14465	40031	1034	-
14267	14465	40031	1034	-
3297	15894	40031	1036	-
3297	1633	40031	1036	-
3297	21708	40031	1037	-
7782	13122	40031	1043	-
13993	10756	40031	1044	-
3957	5938	40031	1044	-
13993	10756	40031	1044	-
13993	10756	40031	1044	-
13993	10756	40031	1044	-
13993	10756	40031	1044	-
13993	10756	40031	1044	-
13993	10756	40031	1044	-
13993	10756	40031	1044	-
13993	10756	40031	1044	-
13993	10756	40031	1044	-
13993	10756	40031	1044	-
13993	10756	40031	1044	-
13993	10756	40031	1049	-
13993	10756	40031	1049	-
13993	10756	40031	1049	-
13993	10756	40031	1049	-
13993	10756	40031	1049	-
13993	10756	40031	1049	-
13993	10756	40031	1049	-
13993	10756	40031	1049	-
13993	10756	40031	1049	-
13993	10756	40031	1049	-
13993	10756	40031	1049	-
13993	10756	40031	1049	-
13993	10756	40031	1049	-
13993	10756	40031	1049	-
13993	10756	40031	1049	-
13993	10756	40031	1049	-
13993	10756	40031	1049	-
15737	8530	40031	1051	-
15737	8530	40031	1052	-
19350	21510	40031	1052	-
19350	21510	40031	1052	-
15737	8530	40031	1052	-
19350	21510	40031	1052	-
15737	8530	40031	1052	-
19350	21510	40031	1052	-
16671	8595	40031	1052	-
19350	21510	40031	1052	-
15737	8530	40031	1052	-
19350	21510	40031	1052	-
15737	8530	40031	1052	-
15737	8530	40031	1052	-
15737	8530	40031	1052	-
16671	8595	40031	1052	-
16671	8595	40031	1052	-
12985	15894	40031	1052	-
16671	8595	40031	1052	-
16671	8595	40031	1052	-
16671	8595	40031	1052	-
19350	21510	40031	1052	-
15737	8530	40031	1052	-
15737	20110	40031	1056	-
15737	16330	40031	1056	-
15737	20110	40031	1056	-
15737	20110	40031	1056	-
15737	16330	40031	1056	-
15737	20110	40031	1056	-
15737	16330	40031	1056	-
7782	11770	40031	1059	-
7782	13268	40031	1059	-
7782	13268	40031	1059	-
16671	15975	40031	1061	-
16671	15975	40031	1061	-
16671	15975	40031	1061	-
16671	15975	40031	1061	-
12985	15667	40031	1061	warez
16671	15975	40031	1061	-
16671	15975	40031	1061	-
16671	15975	40031	1061	-
16671	15975	40031	1061	-
16671	15975	40031	1061	-
16671	15975	40031	1061	-
16671	15975	40031	1061	-
16671	15975	40031	1061	-
16671	15975	40031	1061	-
16671	15975	40031	1061	-
6114	7683	40031	1061	-
6114	7683	40031	1061	-
6114	7683	40031	1061	-
6114	7683	40031	1061	-
6114	7683	40031	1061	-
6114	7683	40031	1061	-
6114	7683	40031	1061	-
16671	15975	40031	1061	-
12985	15667	40031	1061	warez
17624	8452	40031	1061	warez
16671	13	40031	1062	-
16671	15975	40031	1062	-
16671	15975	40031	1062	-
13993	10756	40031	1064	-
13993	10756	40031	1064	-
13993	10756	40031	1064	-
13993	10756	40031	1064	-
13993	10756	40031	1064	-
13993	10756	40031	1064	-
13993	10756	40031	1064	-
13993	10756	40031	1064	-
13993	10756	40031	1064	-
13993	10756	40031	1064	-
13993	10756	40031	1064	-
13993	10756	40031	1064	-
7782	19531	40031	1071	-
7215	15692	40031	1078	-
12332	8452	40031	1078	-
7215	17516	40031	1078	-
7215	17516	40031	1078	-
6114	7683	17601	1088	-
13993	17762	17601	1097	-
13993	17762	17601	1097	-
13993	17762	17601	1097	-
13993	17762	17601	1097	-
13993	17762	17601	1097	-
13993	17762	17601	1097	-
13993	17762	17601	1097	-
13993	17762	17601	1097	-
13993	17762	17601	1097	-
13993	17762	17601	1097	-
13993	17762	17601	1097	-
13993	17762	17601	1097	-
3076	4981	17601	1099	-
3076	16593	17601	1100	-
3076	9554	17601	1101	-
19350	20918	17601	1107	-
12332	3461	17601	1124	-
14267	14465	17601	1124	-
12332	16593	17601	1124	-
12332	8452	17601	1125	-
12332	14437	17601	1125	-
19839	21708	17601	1126	-
12332	3611	17601	1126	-
12332	23167	17601	1127	-
12332	3297	17601	1127	-
14267	11287	17601	1128	-
14267	11287	17601	1128	-
12332	2843	17601	1128	-
12332	7268	17601	1129	-
12332	16332	17601	1130	-
7782	11660	17601	1136	-
19350	3507	17601	1145	-
19350	3507	17601	1145	-
19350	3507	17601	1145	-
19350	3507	17601	1145	-
19350	3507	17601	1145	-
19350	3507	17601	1145	-
19350	3507	17601	1145	-
19350	3507	17601	1145	-
19350	3507	17601	1145	-
19350	3507	17601	1145	-
19350	3507	17601	1145	-
19350	3507	17601	1145	-
19350	3507	17601	1145	-
19350	3507	17601	1145	-
19350	3507	17601	1145	-
19350	3507	17601	1145	-
19350	3507	17601	1145	-
19350	3507	17601	1145	-
19350	3507	17601	1145	-
19350	3507	30908	1146	-
19350	3507	30908	1146	-
7782	13154	30908	1147	-
8048	14437	30908	1151	-
8048	2843	30908	1151	-
8048	3461	30908	1152	-
8048	9554	30908	1153	-
19839	21708	30908	1154	-
14267	3960	30908	1155	-
14267	3960	30908	1155	-
14267	3960	30908	1155	-
14267	3960	30908	1155	-
14267	3960	30908	1155	-
14267	3960	30908	1155	-
14267	3960	30908	1155	-
14267	3960	30908	1155	-
14267	3960	30908	1155	-
14267	3960	30908	1155	-
14267	3960	30908	1155	-
14267	3960	30908	1155	-
14267	3960	30908	1155	-
14267	3960	30908	1155	-
7782	1972	30908	1163	-
7782	1972	30908	1163	-
7782	1972	30908	1163	-
7782	1972	30908	1163	-
7782	1972	30908	1163	-
7782	1972	30908	1163	-
7782	1972	30908	1163	-
7782	1972	30908	1163	-
7782	1972	30908	1163	-
7782	1972	30908	1163	-
7782	1972	30908	1164	-
7782	1972	30908	1164	-
7782	1972	30908	1164	-
7782	1972	30908	1164	-
7782	1972	30908	1164	-
7782	1972	30908	1164	-
7782	1972	30908	1164	-
7782	1972	30908	1164	-
7782	1972	30908	1164	-
7782	1972	30908	1164	-
7782	1972	30908	1164	-
7782	1972	30908	1164	-
13993	19531	30908	1171	-
14267	3960	30908	1171	-
14267	3960	30908	1171	-
14267	3960	30908	1171	-
14267	3960	30908	1171	-
14267	3960	30908	1171	-
8048	2843	30908	1177	-
19350	3507	30908	1178	-
19350	3507	30908	1178	-
7782	10577	30908	1180	-
7782	10577	30908	1180	-
7782	10577	30908	1180	-
7782	10577	30908	1180	-
7782	10577	30908	1180	-
7782	10577	30908	1180	-
7782	10577	30908	1180	-
7782	10577	30908	1180	-
7782	10577	30908	1180	-
7782	10577	30908	1180	-
7782	10577	30908	1180	-
7782	10577	30908	1180	-
7782	1972	30908	1181	-
7782	1972	30908	1181	-
7782	1972	30908	1181	-
7782	1972	30908	1181	-
7782	1972	30908	1181	-
7782	1972	30908	1181	-
7782	1972	30908	1181	-
7782	1972	30908	1181	-
7782	1972	30908	1181	-
7782	1972	30908	1181	-
7782	1972	30908	1181	-
7782	1972	30908	1181	-
7782	1972	30908	1181	-
7782	1972	30908	1181	-
7782	1972	30908	1181	-
7782	1972	30908	1181	-
7782	1972	30908	1181	-
7782	1972	30908	1181	-
7782	1972	30908	1181	-
7782	1972	30908	1182	-
7782	1972	30908	1182	-
7782	1972	30908	1182	-
20312	14437	30908	1183	-
6114	7683	30908	1188	-
19350	19603	23597	1206	-
10429	21708	23597	1208	-
3297	21708	23597	1221	-
6114	7683	23597	1227	-
7782	1972	23597	1242	-
7782	1972	23597	1242	-
7782	1972	23597	1242	-
7782	1972	23597	1242	-
7782	1972	23597	1242	-
7782	1972	23597	1242	-
7782	1972	23597	1242	-
7782	1972	23597	1242	-
7782	1972	23597	1242	-
7782	1972	23597	1242	-
14267	12102	23597	1244	-
14267	12102	23597	1244	-
14267	12102	23597	1244	-
14267	12102	23597	1244	-
14267	12102	23597	1244	-
14267	12102	23597	1244	-
19603	16593	23597	1247	-
14267	20752	23597	1252	-
14267	20752	23597	1252	-
14267	20752	23597	1252	-
14267	20110	23597	1252	-
14267	20752	23597	1252	-
14267	20752	23597	1252	-
14267	20110	23597	1252	-
7782	15894	23597	1255	-
7782	22986	23597	1259	-
7782	1972	23597	1262	-
7215	15894	23597	1262	-
7215	19834	23597	1262	-
7782	18783	23597	1265	-
7782	18783	23597	1265	-
7782	18783	23597	1265	-
19531	1633	46369	1268	-
12332	14437	46369	1269	-
12332	16332	46369	1269	-
7179	3297	46369	1271	-
10429	15894	46369	1284	-
14267	20752	46369	1286	-
14267	20110	46369	1286	-
14267	20110	46369	1286	-
10429	13122	46369	1287	-
10429	15894	46369	1287	-
10429	18332	46369	1290	-
19350	13730	46369	1301	-
19350	13730	46369	1301	-
19350	13730	46369	1301	-
19350	13730	46369	1301	-
11001	19523	46369	1307	-
11001	20367	46369	1307	-
19531	5938	46369	1308	-
20312	14437	46369	1316	-
7179	23167	31284	1339	-
7179	3297	31284	1339	-
7179	16593	31284	1340	-
7215	5938	31284	1346	-
7215	11900	31284	1346	-
11001	19523	31284	1349	-
11001	20367	31284	1349	-
11001	20367	31284	1349	-
11001	20367	31284	1349	-
11001	20367	31284	1349	-
11001	20367	31284	1349	-
11001	20367	31284	1349	-
11001	20367	31284	1349	-
11001	20367	31284	1349	-
7782	19531	31284	1350	-
6114	7683	31284	1352	-
14547	15894	31284	1352	-
6114	2899	31284	1356	-
6114	2899	31284	1356	-
6114	2899	31284	1356	-
7782	1633	31284	1356	-
6114	2899	31284	1357	-
6114	2899	31284	1357	-
14267	11996	31284	1360	-
14267	11996	31284	1360	-
14267	11996	31284	1360	-
14267	11996	31284	1360	-
14267	13	31284	1360	-
14267	11996	31284	1360	-
14267	11996	31284	1360	-
14267	11996	31284	1360	-
14267	11996	31284	1360	-
13993	15894	31284	1364	-
3611	15667	31284	1367	-
3611	1633	31284	1367	-
17923	19531	31284	1379	-
19603	587	31284	1379	-
11001	14226	28058	1388	-
11001	14226	28058	1388	-
11001	14226	28058	1388	-
11001	14226	28058	1388	-
11001	14226	28058	1388	-
11001	19523	28058	1388	-
10429	22986	28058	1391	-
10429	21708	28058	1391	-
882	16531	28058	1397	-
882	9554	28058	1397	-
587	8530	28058	1403	-
587	8530	28058	1403	-
587	3882	28058	1403	-
587	8530	28058	1403	-
587	8530	28058	1403	-
587	8530	28058	1403	-
587	8530	28058	1403	-
587	8530	28058	1403	-
587	8530	28058	1403	-
587	8530	28058	1403	-
14267	11996	28058	1404	-
587	8530	28058	1404	-
587	8530	28058	1404	-
587	8530	28058	1404	-
587	8530	28058	1404	-
14267	11996	28058	1404	-
587	8530	28058	1404	-
587	8530	28058	1404	-
587	8530	28058	1404	-
587	8530	28058	1404	-
587	8530	28058	1404	-
587	8530	28058	1404	-
587	8530	28058	1404	-
587	8530	28058	1404	-
587	8530	28058	1404	-
587	8530	28058	1404	-
587	8530	28058	1404	-
587	8530	28058	1404	-
587	8530	28058	1404	-
587	8530	28058	1404	-
587	8530	28058	1404	-
587	8530	28058	1404	-
587	8530	28058	1404	-
587	8530	28058	1404	-
587	8530	28058	1404	-
587	8530	28058	1404	-
587	8530	28058	1404	-
14267	13	28058	1404	-
587	8530	28058	1404	-
14267	11996	28058	1404	-
14267	11996	28058	1404	-
587	8530	28058	1404	-
587	8530	28058	1404	-
587	8530	28058	1404	-
14267	11996	28058	1404	-
587	8530	28058	1404	-
14267	11996	28058	1404	-
7782	1868	28058	1405	-
587	8530	28058	1405	-
14267	11996	28058	1405	-
587	8530	28058	1405	-
14267	11996	28058	1405	-
7782	1868	28058	1405	-
7782	1868	28058	1406	-
7782	1868	28058	1406	-
7782	1868	28058	1406	-
7782	1868	28058	1406	-
7782	1868	28058	1406	-
7782	1868	28058	1406	-
7782	1868	28058	1406	-
7782	1868	28058	1406	-
7782	1868	28058	1406	-
7782	1868	28058	1406	-
7782	1868	28058	1406	-
7782	1868	28058	1406	-
7782	1868	28058	1406	-
7782	1868	28058	1406	-
7782	1868	28058	1406	-
14267	11996	28058	1407	-
14267	11996	28058	1407	-
14267	11996	28058	1407	-
14267	11996	28058	1407	-
14267	11996	28058	1407	-
14267	532	28058	1407	-
14267	11996	28058	1407	-
14267	11996	28058	1407	-
14267	11996	28058	1407	-
4800	17005	28058	1424	-
10429	3901	28058	1424	-
20367	3611	28058	1426	-
7782	5853	28058	1427	-
10429	9502	28058	1427	-
17624	23167	28058	1428	-
10429	11936	28058	1431	-
10429	9502	28058	1431	-
10429	9502	28058	1431	-
10429	9502	28058	1431	-
4800	12332	28058	1435	-
4800	12332	28058	1436	-
4800	12332	28058	1436	-
4800	12332	28058	1436	-
4800	12332	28058	1436	-
4800	12332	28058	1436	-
4800	12332	28058	1436	-
4800	12332	28058	1436	-
4800	12332	28058	1436	-
4800	12332	28058	1436	-
4800	12332	28058	1436	-
4800	12332	28058	1436	-
4800	12332	28058	1436	-
4800	12332	28058	1436	-
4800	12332	28058	1436	-
4800	12332	28058	1436	-
4800	12332	28058	1436	-
4800	12332	28058	1436	-
4800	12332	28058	1436	-
23317	882	28058	1437	-
4800	12332	28058	1437	-
4800	12332	28058	1437	-
4800	12332	28058	1437	-
4800	12332	28058	1437	-
4800	12332	28058	1437	-
4800	12332	28058	1437	-
4800	12332	28058	1437	-
4800	12332	28058	1437	-
15394	4800	28058	1437	-
4800	12332	28058	1445	-
4800	12332	28058	1445	-
4800	12332	28058	1445	-
4800	12332	28058	1445	-
4800	12332	28058	1445	-
4800	12332	28058	1445	-
4800	12332	28058	1445	-
4800	12332	28058	1445	-
4800	12332	28058	1445	-
4800	12332	28058	1445	-
3297	15894	28058	1445	-
4800	12332	28058	1445	-
4800	12332	7867	1446	-
4800	12332	7867	1446	-
4800	12332	7867	1446	-
7215	21708	7867	1447	-
19531	15667	7867	1449	-
17624	14437	7867	1451	-
17624	14437	7867	1453	-
17624	14437	7867	1455	-
13993	5938	7867	1456	-
13993	22986	7867	1456	-
7782	18783	7867	1457	-
17624	14437	7867	1457	-
13993	13122	7867	1457	-
587	7215	7867	1458	-
587	7215	7867	1459	-
587	7215	7867	1459	-
587	7215	7867	1459	-
587	7215	7867	1459	-
587	7215	7867	1459	-
587	7215	7867	1459	-
587	7215	7867	1459	-
587	7215	7867	1459	-
587	7215	7867	1459	-
587	7215	7867	1459	-
13993	15667	7867	1459	-
17624	14437	7867	1460	-
17624	14437	7867	1460	-
13993	21929	7867	1461	-
13993	21929	7867	1462	-
882	14437	7867	1466	-
882	2843	7867	1466	-
7782	15667	7867	1472	-
882	3297	7867	1474	-
882	4981	7867	1475	-
882	3461	7867	1476	-
6114	14397	7867	1477	-
6114	14397	7867	1477	-
882	8452	7867	1477	-
19839	15667	7867	1478	-
6114	14397	7867	1478	-
6114	14397	7867	1478	-
6114	14397	7867	1478	-
17624	3611	7867	1478	-
11001	15894	7867	1479	-
17624	23167	7867	1480	-
17624	2843	7867	1480	-
17624	4981	7867	1481	-
3297	19531	7867	1482	-
3297	21708	7867	1482	-
17624	3461	7867	1482	-
6775	3461	7867	1482	-
587	7215	7867	1483	-
587	7215	7867	1483	-
3957	15394	7867	1483	-
587	7215	7867	1483	-
587	7215	7867	1483	-
587	7215	7867	1483	-
587	7215	7867	1483	-
587	7215	7867	1483	-
587	7215	7867	1483	-
587	7215	7867	1483	-
587	7215	7867	1483	-
587	7215	7867	1483	-
587	7215	7867	1483	-
587	7215	7867	1483	-
587	7215	7867	1483	-
17624	16531	7867	1483	-
6775	16593	7867	1484	-
17624	9554	7867	1485	-
7782	1633	7867	1486	-
3297	22986	7867	1486	-
7782	15667	7867	1486	-
6775	8452	7867	1486	-
3297	5938	7867	1487	-
6775	14437	7867	1487	-
3297	15894	7867	1488	-
19839	13122	7867	1488	-
6775	3611	7867	1488	-
3297	19531	7867	1489	-
3297	21708	7867	1489	-
4800	12332	7867	1490	-
4800	18332	7867	1490	-
6775	23167	7867	1490	-
6775	3297	7867	1490	-
7782	18783	7867	1491	-
7782	18783	7867	1491	-
7782	18783	7867	1491	-
6775	2843	7867	1491	-
6775	16332	7867	1492	-
6775	7268	7867	1492	-
12332	2843	7867	1494	-
12332	3461	7867	1494	-
11001	15667	7867	1495	-
4800	12332	7867	1497	-
4800	12332	7867	1498	-
4800	12332	7867	1498	-
4800	12332	7867	1498	-
4800	12332	7867	1498	-
4800	12332	7867	1498	-
4800	12332	7867	1498	-
4800	12332	7867	1498	-
4800	12332	7867	1498	-
4800	12332	7867	1498	-
4800	12332	7867	1498	-
4800	12332	7867	1498	-
4800	12332	7867	1498	-
4800	12332	7867	1498	-
4800	12332	7867	1498	-
4800	12332	7867	1498	-
4800	12332	7867	1498	-
11001	19531	7867	1499	-
3076	16531	7867	1505	-
6114	14397	21882	1506	-
6114	14397	21882	1506	-
6114	14397	21882	1506	-
6114	14397	21882	1506	-
6114	14397	21882	1506	-
3076	16531	21882	1508	-
14267	19885	21882	1513	-
14267	19885	21882	1513	-
14267	19885	21882	1513	-
14267	19885	21882	1513	-
14267	19885	21882	1513	-
14267	19885	21882	1513	-
14267	19885	21882	1513	-
14267	19885	21882	1513	-
14267	19885	21882	1513	-
14267	19885	21882	1513	-
19603	14437	21882	1515	-
10429	12332	21882	1516	-
10429	12332	21882	1517	-
10429	12332	21882	1517	-
10429	12332	21882	1517	-
10429	12332	21882	1517	-
10429	12332	21882	1517	-
10429	12332	21882	1517	-
10429	12332	21882	1517	-
10429	12332	21882	1517	-
10429	12332	21882	1517	-
10429	12332	21882	1517	-
10429	12332	21882	1517	-
10429	12332	21882	1517	-
10429	12332	21882	1517	-
10429	12332	21882	1517	-
10429	12332	21882	1517	-
10429	12332	21882	1517	-
10429	12332	21882	1517	-
10429	12332	21882	1517	-
10429	12332	21882	1517	-
10429	12332	21882	1517	-
10429	12332	21882	1517	-
10429	12332	21882	1517	-
10429	12332	21882	1517	-
10429	12332	21882	1517	-
10429	12332	21882	1517	-
10429	12332	21882	1517	-
11001	19047	21882	1521	-
11001	19047	21882	1521	-
3297	13122	21882	1521	-
11001	19047	21882	1521	-
3611	15667	21882	1536	-
3611	21708	21882	1536	-
7782	13122	21882	1536	-
7782	15894	21882	1538	-
19603	23167	21882	1539	-
3297	11900	21882	1541	-
6775	8452	21882	1546	-
6775	9554	21882	1547	-
19839	13122	21882	1553	-
6114	2899	21882	1557	-
6114	2899	21882	1557	-
6114	2899	21882	1557	-
6114	2899	21882	1557	-
6114	2899	21882	1557	-
6114	2899	21882	1557	-
6114	2899	21882	1557	-
6114	2899	21882	1557	-
12985	13122	21882	1558	-
10429	9502	21882	1565	-
10429	9502	21882	1565	-
10429	11936	21882	1565	-
10429	9502	21882	1565	-
10429	9502	21882	1565	-
6114	2899	45122	1566	-
6114	2899	45122	1567	-
6114	2899	45122	1567	-
6114	2899	45122	1567	-
6114	2899	45122	1567	-
6114	2899	45122	1567	-
587	17005	45122	1568	-
10429	16330	45122	1575	-
587	17005	45122	1576	-
6775	23167	45122	1577	-
6775	4981	45122	1577	-
6114	2899	45122	1578	-
6114	2899	45122	1578	-
6114	2899	45122	1578	-
6114	2899	45122	1578	-
6114	2899	45122	1578	-
6114	2899	45122	1578	-
17624	16593	45122	1578	-
3957	587	45122	1579	-
10429	16330	45122	1579	-
10429	16330	45122	1579	-
10429	16330	45122	1579	-
10429	16330	45122	1579	-
10429	16330	45122	1580	-
10429	16330	45122	1580	-
10429	16330	45122	1580	-
10429	16330	45122	1580	-
10429	16330	45122	1580	-
10429	16330	45122	1580	-
10429	16330	45122	1580	-
10429	16330	45122	1580	-
10429	16330	45122	1580	-
10429	16330	45122	1580	-
4800	12332	45122	1582	-
10429	2677	45122	1594	-
10429	3901	45122	1594	-
10429	2677	45122	1594	-
20312	23167	45122	1597	-
3611	19834	45122	1602	-
11001	14226	45122	1604	-
11001	14226	45122	1604	-
11001	14226	45122	1604	-
11001	14226	45122	1604	-
11001	14226	45122	1604	-
11001	19523	45122	1604	-
11001	14226	45122	1604	-
8489	8452	45122	1605	warez
12985	1835	45122	1606	warez
12985	1835	45122	1606	warez
4800	3076	45122	1607	-
4800	1610	45122	1608	-
4800	3076	45122	1608	-
4800	3076	45122	1608	-
4800	3076	45122	1608	-
4800	3076	45122	1608	-
4800	3076	45122	1608	-
4800	3076	45122	1608	-
4800	3076	45122	1608	-
4800	3076	45122	1608	-
4800	3076	45122	1608	-
4800	3076	45122	1608	-
4800	3076	45122	1608	-
4800	3076	45122	1608	-
4800	3076	45122	1608	-
4800	3076	45122	1608	-
4800	3076	45122	1608	-
4800	3076	45122	1608	-
4800	3076	45122	1608	-
4800	6114	45122	1608	-
4800	3076	45122	1608	-
4800	3076	45122	1608	-
4800	3076	45122	1608	-
4800	3076	45122	1609	-
4800	3832	45122	1609	-
19839	22986	45122	1613	-
19839	15667	45122	1613	-
3297	19834	45122	1619	-
3297	15667	45122	1619	-
4800	6114	45122	1623	-
14547	13122	45122	1624	-
14547	15894	45122	1624	-
12332	23167	207	1632	-
10429	9502	207	1636	-
10429	9502	207	1636	-
10429	11936	207	1636	-
10429	9502	207	1636	-
10429	9502	207	1636	-
3611	21708	207	1645	-
14267	19885	207	1646	-
14267	19885	207	1646	-
14267	19885	207	1646	-
14267	19885	207	1646	-
14267	19885	207	1646	-
14267	19885	207	1646	-
14267	19885	207	1646	-
14267	19885	207	1646	-
14267	19885	207	1646	-
14267	19885	207	1646	-
19350	10364	207	1648	-
19350	10364	207	1648	-
20312	23167	207	1655	-
19350	10364	207	1656	-
19350	10364	207	1656	-
19350	10364	207	1656	-
19350	10364	207	1656	-
19350	10364	207	1656	-
19350	10364	207	1656	-
19350	10364	207	1656	-
19350	10364	207	1656	-
19350	10364	207	1656	-
16671	15894	207	1675	-
19181	3611	207	1679	-
13993	12753	207	1684	-
13993	12753	207	1684	-
13993	12753	207	1684	-
11001	14226	207	1684	-
11001	14226	207	1684	-
11001	14226	207	1684	-
7782	18783	207	1684	-
13993	12753	207	1684	-
11001	14226	207	1684	-
13993	12753	207	1684	-
13993	12753	207	1684	-
11001	19523	207	1684	-
11001	14226	207	1684	-
7782	17636	31473	1688	-
14267	19885	31473	1703	-
14267	19885	31473	1703	-
14267	19885	31473	1703	-
14267	19885	31473	1703	-
14267	19885	31473	1703	-
14267	19885	31473	1703	-
14267	19885	31473	1703	-
14267	19885	31473	1703	-
4800	8530	31473	1713	-
4800	8530	31473	1713	-
4800	8530	31473	1713	-
4800	8530	31473	1713	-
4800	8530	31473	1713	-
4800	8530	31473	1713	-
4800	8530	31473	1713	-
4800	8530	31473	1713	-
4800	8530	31473	1713	-
4800	3882	31473	1713	-
4800	8530	31473	1713	-
4800	8530	31473	1713	-
4800	8530	31473	1713	-
4800	8530	31473	1713	-
4800	8530	31473	1714	-
4800	8530	31473	1714	-
4800	8530	31473	1714	-
4800	8530	31473	1714	-
4800	8530	31473	1714	-
4800	8530	31473	1714	-
4800	8530	31473	1714	-
4800	8530	31473	1714	-
4800	8530	31473	1714	-
4800	8530	31473	1714	-
4800	8530	31473	1714	-
4800	8530	31473	1714	-
4800	8530	31473	1714	-
4800	8530	31473	1714	-
4800	8530	31473	1714	-
4800	8530	31473	1714	-
4800	8530	31473	1714	-
4800	8530	31473	1714	-
4800	8530	31473	1714	-
4800	8530	31473	1714	-
4800	8530	31473	1714	-
4800	8530	31473	1714	-
4800	8530	31473	1714	-
4800	8530	31473	1714	-
4800	8530	31473	1714	-
4800	8530	31473	1714	-
4800	8530	31473	1714	-
4800	8530	31473	1714	-
20367	19350	31473	1719	-
3957	11900	31473	1719	-
7782	4104	31473	1720	-
7782	4104	31473	1720	-
7782	4104	31473	1720	-
7782	4104	31473	1720	-
7782	4104	31473	1720	-
7782	4104	31473	1720	-
7782	4104	31473	1720	-
19350	1000	31473	1720	-
7782	4104	31473	1720	-
19350	1000	31473	1720	-
7782	4104	31473	1720	-
7782	4104	31473	1720	-
19350	1000	31473	1720	-
7782	4104	31473	1720	-
19350	1000	31473	1720	-
7782	4104	31473	1720	-
19350	1000	31473	1720	-
7782	4104	31473	1720	-
7782	4104	31473	1720	-
19350	1000	31473	1720	-
19350	1000	31473	1720	-
7782	4104	31473	1720	-
19350	1000	31473	1720	-
7782	4104	31473	1720	-
7782	4104	31473	1720	-
7782	4104	31473	1720	-
19350	1000	31473	1720	-
7782	4104	31473	1720	-
7782	4104	31473	1720	-
19350	1000	31473	1720	-
11001	13122	31473	1721	-
19350	11876	31473	1728	-
19350	11876	31473	1728	-
19350	11876	31473	1728	-
19350	11876	31473	1728	-
19350	11876	31473	1728	-
19350	11876	31473	1728	-
19350	11876	31473	1728	-
19350	11876	31473	1728	-
19350	11876	31473	1728	-
19350	11876	31473	1728	-
19350	11876	31473	1728	-
19350	11876	31473	1728	-
19350	11876	31473	1728	-
19350	11876	31473	1728	-
19350	11876	31473	1728	-
19350	11876	31473	1728	-
19350	11876	31473	1731	-
19350	11876	31473	1731	-
19350	11876	31473	1731	-
19350	11876	31473	1731	-
19350	11876	31473	1731	-
19350	11876	31473	1731	-
19350	11876	31473	1731	-
19350	11876	31473	1731	-
19350	11876	31473	1731	-
19350	11876	31473	1731	-
19350	11876	31473	1731	-
19350	11876	31473	1731	-
19350	11876	31473	1731	-
19350	11876	31473	1731	-
19350	11876	31473	1731	-
587	3374	31473	1744	-
587	3374	31473	1744	-
587	3374	31473	1744	-
587	3374	31473	1744	-
587	3374	31473	1744	-
587	3374	31473	1744	-
587	3374	31473	1744	-
12985	11900	18520	1747	-
4800	4655	18520	1750	-
4800	8530	18520	1750	-
4800	8530	18520	1750	-
587	3374	18520	1750	-
587	3374	18520	1750	-
4800	8530	18520	1750	-
4800	8530	18520	1750	-
4800	8530	18520	1750	-
4800	8530	18520	1751	-
4800	8530	18520	1751	-
4800	8530	18520	1751	-
4800	8530	18520	1751	-
4800	8530	18520	1751	-
4800	8530	18520	1751	-
4800	8530	18520	1751	-
4800	8530	18520	1751	-
4800	8530	18520	1751	-
4800	8530	18520	1751	-
4800	8530	18520	1751	-
4800	8530	18520	1751	-
4800	8530	18520	1751	-
4800	8530	18520	1751	-
4800	8530	18520	1751	-
4800	8530	18520	1751	-
4800	8530	18520	1751	-
4800	8530	18520	1751	-
13993	20420	18520	1751	-
4800	8530	18520	1751	-
4800	8530	18520	1751	-
4800	8530	18520	1751	-
4800	8530	18520	1751	-
13993	20420	18520	1751	-
6114	18332	18520	1758	-
13993	20420	18520	1760	-
13993	20420	18520	1760	-
13993	20420	18520	1760	-
13993	20420	18520	1760	-
13993	20420	18520	1760	-
587	3374	18520	1769	-
587	3374	18520	1769	-
4800	8530	18520	1777	-
10571	3461	18520	1780	-
4800	8530	18520	1787	-
4800	8530	18520	1787	-
4800	8530	18520	1787	-
4800	8530	18520	1787	-
4800	8530	18520	1787	-
4800	8530	18520	1787	-
4800	8530	18520	1788	-
4800	8530	18520	1788	-
4800	8530	18520	1788	-
4800	8530	18520	1788	-
4800	8530	18520	1788	-
4800	8530	18520	1788	-
4800	8530	18520	1788	-
4800	8530	18520	1788	-
587	3374	18520	1788	-
587	3374	18520	1788	-
4800	3882	18520	1788	-
4800	8530	18520	1788	-
4800	8530	18520	1788	-
4800	8530	18520	1788	-
4800	8530	18520	1788	-
19350	9106	18520	1793	-
11001	445	18520	1795	-
11001	445	18520	1795	-
11001	445	18520	1795	-
11001	445	18520	1795	-
11001	445	18520	1795	-
11001	445	18520	1795	-
11001	445	18520	1795	-
11001	445	18520	1795	-
11001	445	18520	1795	-
11001	445	18520	1795	-
11001	445	18520	1795	-
11001	445	18520	1795	-
11001	445	18520	1795	-
11001	445	18520	1795	-
11001	445	18520	1795	-
