6114	1819	17862	0	-
16409	3145	19563	11	-
16409	3145	19563	11	-
16409	3145	19563	11	-
16409	4181	19563	11	-
16409	3145	19563	11	-
16409	4001	19563	11	-
16409	10348	19563	11	-
16409	3145	19563	11	-
3611	19531	19563	13	-
3611	18029	19563	14	-
3611	18204	19563	14	-
3611	18204	19563	14	-
3611	18204	19563	14	-
3611	18204	19563	14	-
3611	18204	19563	14	-
3611	18204	19563	14	-
3611	18204	19563	14	-
3611	18204	19563	14	-
3611	18204	19563	14	-
3611	18204	19563	14	-
3611	18204	19563	14	-
3611	18204	19563	14	-
3611	18204	19563	14	-
3611	18204	19563	14	-
3611	18204	19563	14	-
3611	18204	19563	14	-
3611	18204	19563	14	-
3611	21708	19563	14	-
3611	15894	19563	14	-
16409	22473	19563	16	-
16409	22473	19563	16	-
16409	22473	19563	16	-
16409	22473	19563	16	-
16409	22473	19563	16	-
16409	22473	19563	17	-
16409	22473	19563	17	-
16409	22473	19563	17	-
16409	22473	19563	17	-
16409	22473	19563	17	-
16409	22473	19563	17	-
16409	22473	19563	17	-
16409	22473	19563	17	-
16409	22473	19563	17	-
16409	22473	19563	17	-
3957	1633	19563	20	-
3957	15394	19563	25	-
3957	1633	19563	25	-
11001	1633	19563	31	-
14547	22986	19563	35	-
14547	19531	19563	36	-
3611	19834	19563	41	-
3297	19834	3309	71	-
3297	21708	3309	74	-
15737	12131	3309	82	-
15737	12131	3309	82	-
15737	12131	3309	82	-
15737	12131	3309	82	-
15737	12131	3309	82	-
15737	12131	3309	82	-
15737	12131	3309	82	-
15737	12131	3309	82	-
15737	12131	3309	82	-
15737	12131	3309	82	-
15737	12131	3309	82	-
15737	12131	3309	82	-
15737	12131	3309	82	-
15737	12131	3309	82	-
15737	12131	3309	83	-
15737	12131	3309	83	-
15737	12131	3309	83	-
15737	12131	3309	83	-
15737	12131	3309	83	-
15737	12131	3309	83	-
15737	12131	3309	83	-
15737	12131	3309	83	-
15737	12131	3309	83	-
15737	12131	3309	83	-
15737	17060	3309	94	-
15737	17060	3309	94	-
15737	17060	3309	94	-
3957	22986	3309	112	-
7215	22986	5420	128	-
7215	19531	5420	128	-
15737	16409	5420	133	-
15737	16409	5420	133	-
15737	16409	5420	133	-
15737	16409	5420	133	-
15737	16409	5420	133	-
15737	16409	5420	133	-
15737	16409	5420	133	-
15737	16409	5420	133	-
15737	16409	5420	133	-
15737	16409	5420	133	-
15737	16409	5420	133	-
15737	16409	5420	133	-
15737	16409	5420	133	-
15394	4800	5420	139	-
23317	882	5420	139	-
19603	3297	5420	153	-
15737	16409	5420	161	-
15737	16409	5420	161	-
15737	16409	5420	161	-
15737	16409	5420	161	-
15737	16409	5420	161	-
15737	16409	5420	161	-
15737	16409	5420	161	-
15737	16409	5420	161	-
15737	16409	5420	161	-
15737	16409	5420	162	-
15737	16409	5420	162	-
15737	16409	5420	162	-
15737	16409	5420	162	-
3611	18029	5420	164	-
16409	16772	5420	168	-
16409	16772	5420	168	-
16409	16772	5420	168	-
16409	16772	5420	168	-
16409	16772	5420	168	-
16409	16772	5420	168	-
16409	16772	5420	168	-
16409	16772	5420	168	-
3374	20961	5420	174	-
3374	20961	5420	174	-
3374	20961	5420	174	-
3374	20961	5420	174	-
3374	20961	5420	174	-
3374	20961	5420	174	-
3374	20961	5420	174	-
3374	20961	5420	174	-
3374	20961	5420	174	-
3374	20961	5420	174	-
3374	20961	5420	174	-
3374	20961	5420	174	-
3374	20961	5420	174	-
3374	20961	5420	174	-
3374	20961	5420	174	-
3374	20961	5420	174	-
3374	20961	5420	174	-
3374	20961	5420	175	-
3374	20961	5420	175	-
3374	20961	5420	175	-
3374	20961	5420	175	-
3374	20961	5420	175	-
3374	20961	5420	175	-
3374	20961	5420	175	-
3374	20961	5420	175	-
3374	20961	5420	175	-
3374	20961	5420	175	-
3374	20961	5420	175	-
3374	20961	5420	175	-
3374	20961	5420	175	-
3374	20961	5420	175	-
3374	20961	5420	175	-
3374	20961	5420	175	-
3374	20961	5420	175	-
10571	3461	11043	192	-
10571	8452	11043	193	-
10571	14437	11043	193	-
10571	23167	11043	196	-
10571	3297	11043	200	-
10571	2843	11043	207	-
10571	4981	11043	211	-
882	23167	11043	214	-
11001	19834	11043	218	-
10571	16531	11043	218	-
3957	587	11043	222	-
10571	16332	11043	222	-
11001	19834	11043	226	-
19531	19834	11043	228	-
7179	3297	11043	237	-
7179	16531	11043	240	-
16409	16772	11150	254	-
16409	16772	11150	254	-
6114	1819	11150	254	-
16409	16772	11150	254	-
16409	16772	11150	254	-
16409	16772	11150	254	-
16409	16772	11150	254	-
11001	1633	11150	254	-
16409	16772	11150	254	-
3611	10582	11150	261	-
3611	10582	11150	261	-
3611	10582	11150	261	-
3611	10582	11150	261	-
3611	10582	11150	261	-
3611	10582	11150	261	-
3611	10582	11150	261	-
3611	10582	11150	261	-
3611	10582	11150	261	-
3611	10582	11150	261	-
3611	10582	11150	261	-
3611	10582	11150	261	-
3611	10582	11150	261	-
3611	10582	11150	261	-
3611	10582	11150	261	-
3611	10582	11150	261	-
3611	10582	11150	261	-
3611	10582	11150	261	-
3611	10582	11150	261	-
3611	10582	11150	261	-
3611	10582	11150	261	-
3611	10582	11150	261	-
3611	10582	11150	261	-
3611	10582	11150	262	-
3611	10582	11150	262	-
3611	10582	11150	262	-
3611	10582	11150	262	-
3611	10582	11150	262	-
3611	10582	11150	262	-
3611	10582	11150	262	-
3611	10582	11150	262	-
3611	10582	11150	262	-
3611	10582	11150	262	-
3611	10582	11150	262	-
3611	10582	11150	262	-
3611	10582	11150	262	-
3611	10582	11150	262	-
3611	10582	11150	262	-
3611	10582	11150	262	-
3611	10582	11150	262	-
3611	10582	11150	262	-
3611	10582	11150	262	-
3611	10582	11150	263	-
3611	10582	11150	263	-
3611	10582	11150	263	-
3611	10582	11150	263	-
3611	10582	11150	263	-
3611	10582	11150	263	-
16409	16772	11150	268	-
16409	16772	11150	268	-
16409	16772	11150	268	-
16409	16772	11150	268	-
16409	16772	11150	268	-
16409	16772	11150	268	-
16409	16772	11150	268	-
16409	16772	11150	268	-
16409	16772	11150	268	-
16409	16772	11150	268	-
16409	16772	11150	268	-
16409	16772	11150	268	-
16409	16772	11150	268	-
16409	16772	11150	268	-
16409	16772	11150	268	-
13993	22986	11150	270	-
3297	11900	11150	281	-
10571	3611	11150	286	-
10571	3611	11150	286	-
10571	3611	11150	286	-
10571	3611	11150	286	-
10571	3611	11150	286	-
3611	11900	11150	286	-
10571	3611	11150	286	-
10571	3611	11150	286	-
3611	11900	11150	288	-
6114	1819	11150	289	-
3611	10825	30132	308	-
3611	10825	30132	309	-
3611	10825	30132	309	-
3611	10825	30132	309	-
3611	3129	30132	309	-
3611	10825	30132	309	-
3611	10825	30132	309	-
3611	10825	30132	309	-
3611	10825	30132	309	-
3611	10825	30132	309	-
3611	10825	30132	309	-
3611	10825	30132	309	-
3611	10825	30132	309	-
3611	10825	30132	309	-
3611	10825	30132	309	-
3611	10825	30132	309	-
3611	10825	30132	309	-
3611	2868	30132	309	-
20312	16332	30132	336	-
10571	3611	30132	338	-
6775	16531	30132	340	-
3374	20961	30132	344	-
3374	20961	30132	344	-
3374	20961	30132	344	-
10571	3611	30132	344	-
3374	20961	30132	344	-
10571	3611	30132	344	-
3374	20961	30132	344	-
3374	20961	30132	344	-
3374	20961	30132	344	-
3374	20961	30132	344	-
3374	20961	30132	344	-
10571	3611	30132	344	-
7179	23167	30132	347	-
20312	16332	30132	348	-
7179	2843	30132	349	-
10571	3611	30132	353	-
7179	4981	30132	353	-
10571	3611	30132	354	-
3297	22986	30132	358	-
3297	1633	30132	359	-
7179	16593	30132	363	-
6114	3285	30132	366	-
6114	17697	30132	366	-
7179	9554	14397	368	-
6114	7155	14397	370	-
6114	17697	14397	370	-
6114	7155	14397	370	-
6114	7155	14397	370	-
6114	7155	14397	370	-
6114	7155	14397	370	-
6114	7155	14397	370	-
6114	17697	14397	370	-
6114	7155	14397	370	-
6114	17697	14397	370	-
6114	7155	14397	370	-
6114	7155	14397	370	-
6114	17697	14397	370	-
6114	7155	14397	370	-
6114	7155	14397	370	-
17624	8452	14397	376	-
17624	9554	14397	377	-
7215	21708	14397	382	-
7179	23167	14397	384	-
7179	3461	14397	385	-
6114	3285	14397	389	-
7215	22986	14397	389	-
7215	21708	14397	389	-
7179	16531	14397	390	-
7179	16332	14397	393	-
3611	10825	14397	398	-
3611	10825	14397	398	-
3611	10825	14397	398	-
3611	10825	14397	398	-
3611	10825	14397	398	-
3611	10825	14397	398	-
3611	10825	14397	398	-
3611	10825	14397	398	-
3611	10825	14397	398	-
3611	10825	14397	398	-
3611	10825	14397	398	-
3611	10825	14397	399	-
3611	10825	14397	399	-
3611	10825	14397	399	-
3611	10825	14397	399	-
3611	10825	14397	399	-
16409	16772	14397	403	-
16409	16772	14397	403	-
16409	16772	14397	403	-
6775	16531	14397	403	-
14547	5938	14397	404	-
14547	19531	14397	405	-
14547	15667	14397	408	-
13993	13122	14397	409	-
19531	15667	14397	409	-
13993	13122	14397	411	-
13993	13122	14397	414	-
16409	16772	14397	415	-
16409	16772	14397	415	-
16409	16772	14397	415	-
16409	16772	14397	415	-
16409	16772	14397	415	-
16409	16772	14397	415	-
16409	16772	14397	415	-
16409	16772	14397	415	-
16409	16772	14397	415	-
16409	16772	14397	415	-
16409	16772	14397	415	-
16409	16772	14397	415	-
16409	16772	14397	415	-
16409	16772	14397	415	-
16409	16772	14397	415	-
3076	2843	14397	418	-
13993	13122	14397	418	-
20312	3297	14397	421	-
10429	15894	14397	423	-
11001	15894	14397	426	-
3957	15667	14397	427	-
20367	19350	14397	427	-
7215	15667	14397	427	-
8048	3611	35865	431	-
17624	4981	35865	432	-
7215	21708	35865	433	-
15737	16409	35865	434	-
15737	16409	35865	434	-
15737	16409	35865	434	-
15737	16409	35865	434	-
15737	16409	35865	434	-
15737	16409	35865	434	-
15737	16409	35865	434	-
15737	16409	35865	434	-
15737	16409	35865	434	-
17624	4981	35865	434	-
15737	16409	35865	434	-
15737	16409	35865	434	-
15737	16409	35865	434	-
15737	16409	35865	434	-
15737	16409	35865	434	-
15737	16409	35865	434	-
19839	1633	35865	434	-
17624	4981	35865	436	-
8048	2843	35865	437	-
8048	16531	35865	437	-
17624	14437	35865	440	-
3611	10825	35865	442	-
3611	10825	35865	442	-
17624	4981	35865	442	-
3611	10825	35865	442	-
17624	14437	35865	443	-
17624	14437	35865	446	-
17624	23167	35865	448	-
7782	15894	35865	452	-
17624	14437	35865	452	-
7782	19531	35865	452	-
12985	15667	35865	456	-
20312	16593	35865	462	-
3611	22986	35865	465	-
3611	13122	35865	465	-
11001	15894	35865	467	-
3611	19834	35865	470	-
10429	15667	35865	471	-
6775	3461	35865	473	-
3297	11900	35865	482	-
3297	19531	35865	485	-
17624	16332	35865	487	-
17624	16332	28569	489	-
10429	5938	28569	489	-
16409	16772	28569	491	-
16409	16772	28569	491	-
17624	16332	28569	491	-
10571	23167	28569	492	-
3374	20961	28569	493	-
3374	20961	28569	493	-
10571	3611	28569	494	-
3374	20961	28569	494	-
3374	20961	28569	494	-
3374	20961	28569	494	-
3374	20961	28569	494	-
3374	20961	28569	494	-
3374	20961	28569	494	-
17624	16332	28569	495	-
10571	3611	28569	495	-
10571	3611	28569	495	-
10571	3611	28569	495	-
10571	3611	28569	495	-
10571	3611	28569	495	-
10571	3611	28569	495	-
10571	3611	28569	495	-
10571	3611	28569	496	-
20367	587	28569	496	-
10571	3611	28569	496	-
3297	15894	28569	496	-
10571	3611	28569	496	-
17624	16332	28569	498	-
17624	16332	28569	498	-
3611	11900	28569	499	-
3374	20961	28569	500	-
3374	20961	28569	500	-
3374	20961	28569	501	-
3374	20961	28569	501	-
3374	20961	28569	501	-
3297	15894	28569	504	-
7215	11900	28569	509	-
10429	22986	28569	512	-
10429	13122	28569	517	-
10429	11900	28569	521	-
15737	16409	28569	522	-
15737	16409	28569	522	-
15737	16409	28569	522	-
15737	16409	28569	522	-
15737	16409	28569	522	-
15737	16409	28569	522	-
15737	16409	28569	522	-
15737	16409	28569	522	-
15737	16409	28569	522	-
15737	16409	28569	522	-
15737	16409	28569	522	-
15737	16409	28569	522	-
15737	16409	28569	522	-
3611	10825	28569	526	-
3611	10825	28569	526	-
3611	10825	28569	526	-
3611	10825	28569	526	-
3611	10825	28569	526	-
3611	10825	28569	526	-
3611	10825	28569	526	-
3611	10825	28569	526	-
3611	10825	28569	526	-
3611	10825	28569	526	-
3611	10825	28569	526	-
3611	10825	28569	526	-
3611	10825	28569	526	-
3611	10825	28569	526	-
3611	10825	28569	526	-
3611	10825	28569	526	-
3374	22275	28569	534	-
3374	5709	28569	535	-
3374	5709	28569	535	-
3374	5709	28569	535	-
13993	22986	28569	539	-
14547	21708	28569	540	-
7179	16593	28569	544	-
3611	22986	4670	551	-
3611	11900	4670	551	-
7179	16593	4670	552	-
20312	3461	4670	559	-
13993	5938	4670	559	-
13993	1633	4670	560	-
3957	11900	4670	564	-
16409	16772	4670	564	-
16409	16772	4670	564	-
16409	16772	4670	564	-
16409	16772	4670	564	-
16409	16772	4670	564	-
16409	16772	4670	564	-
16409	16772	4670	564	-
17624	8452	4670	569	-
6775	4981	4670	569	-
10571	14437	4670	569	-
17624	9554	4670	570	-
20312	3461	4670	572	-
882	3297	4670	574	-
3611	10825	4670	575	-
3611	10825	4670	575	-
3611	10825	4670	575	-
3611	10825	4670	575	-
3611	10825	4670	575	-
3611	10825	4670	575	-
3611	10825	4670	575	-
3611	10825	4670	575	-
3611	10825	4670	575	-
3611	10825	4670	575	-
3611	10825	4670	575	-
3611	10825	4670	576	-
3611	10825	4670	576	-
10571	2843	4670	580	-
20312	16593	4670	581	-
10571	16531	4670	588	-
12332	3297	4670	588	-
13993	15894	4670	590	-
20312	16531	4670	592	-
3611	21633	654	614	-
3611	21633	654	614	-
3611	21633	654	614	-
3611	10825	654	614	-
3374	22516	654	617	-
3374	22275	654	617	-
3374	5709	654	617	-
3374	22275	654	617	-
3374	22275	654	617	-
13993	19834	654	618	-
13993	1633	654	618	-
12985	11900	654	620	-
12985	15667	654	623	-
8048	16531	654	627	-
8048	16593	654	628	-
15737	16409	654	631	-
15737	16409	654	631	-
15737	16409	654	631	-
15737	16409	654	631	-
15737	16409	654	631	-
15737	16409	654	631	-
15737	16409	654	631	-
15737	16409	654	631	-
15737	16409	654	631	-
15737	16409	654	631	-
15737	16409	654	631	-
15737	16409	654	631	-
15737	16409	654	631	-
10571	8452	654	631	-
3611	22986	654	632	-
3611	1633	654	633	-
10429	15894	654	635	-
15737	16409	654	636	-
15737	16409	654	636	-
15737	16409	654	636	-
15737	16409	654	636	-
15737	16409	654	636	-
15737	16409	654	636	-
15737	16409	654	637	-
15737	16409	654	637	-
15737	16409	654	637	-
15737	16409	654	637	-
15737	16409	654	637	-
15737	16409	654	637	-
15737	16409	654	637	-
10429	19834	654	638	-
10429	15667	654	641	-
3611	10825	654	650	-
3611	10825	654	650	-
3611	3129	654	650	-
3611	10825	654	650	-
3611	10825	654	650	-
3611	10825	654	650	-
3611	10825	654	650	-
3611	10825	654	650	-
3611	10825	654	650	-
3611	10825	654	650	-
3611	10825	654	650	-
3611	10825	654	650	-
3611	10825	654	650	-
3611	10825	654	650	-
3611	10825	654	650	-
3611	10825	654	650	-
15737	12130	654	652	-
15737	12130	654	652	-
15737	17697	654	652	-
15737	12130	654	652	-
15737	12130	654	652	-
15737	12130	654	652	-
15737	12130	654	653	-
15737	12130	654	653	-
15737	12130	654	653	-
15737	12130	654	653	-
15737	12130	654	653	-
15737	12130	654	653	-
15737	12130	654	653	-
15737	12130	654	653	-
15737	12130	654	653	-
15737	12130	654	653	-
15737	12130	654	653	-
15737	12130	654	653	-
7179	16332	654	660	-
3374	16409	654	665	-
3374	16409	654	665	-
3374	16409	654	665	-
3374	16409	654	665	-
15737	8421	654	667	-
15737	8421	654	667	-
15737	8421	654	667	-
15737	8421	654	667	-
15737	8421	654	667	-
15737	8421	654	667	-
15737	8421	654	667	-
15737	8421	654	667	-
15737	8421	654	667	-
15737	8421	654	667	-
15737	8421	654	667	-
15737	8421	654	667	-
15737	8421	654	667	-
15737	8421	654	667	-
15737	8421	654	667	-
15737	8421	654	667	-
15737	8421	654	667	-
15737	8421	654	667	-
15737	8421	654	667	-
15737	8421	654	667	-
15737	8421	654	667	-
13993	11900	654	667	-
3957	5938	18900	675	-
16671	5938	18900	691	-
14267	17392	18900	704	-
3611	10825	18900	704	-
3611	10825	18900	704	-
3611	10825	18900	704	-
3611	10825	18900	704	-
12985	19531	18900	704	-
3611	10825	18900	705	-
3611	10825	18900	705	-
3611	10825	18900	705	-
3611	10825	18900	705	-
3611	10825	18900	705	-
14267	17392	18900	705	-
3611	10825	18900	705	-
3611	10825	18900	705	-
14267	17392	18900	705	-
3611	10825	18900	705	-
14267	17392	18900	705	-
14267	17392	18900	705	-
3611	10825	18900	705	-
14267	17392	18900	706	-
14267	17392	18900	706	-
14267	17392	18900	706	-
14267	17392	18900	706	-
14267	17392	18900	706	-
14267	17392	18900	706	-
14267	17392	18900	706	-
14267	17392	18900	706	-
14267	17392	18900	706	-
14267	17392	18900	706	-
14267	17392	18900	706	-
14267	17392	18900	706	-
14267	17392	18900	706	-
14267	17392	18900	706	-
14267	17392	18900	706	-
12985	5938	18900	707	-
13993	1633	18900	713	-
3611	10825	18900	714	-
3611	10825	18900	714	-
3611	10825	18900	714	-
3611	3129	18900	714	-
3611	10825	18900	714	-
3611	10825	18900	714	-
3611	10825	18900	714	-
3611	10825	18900	714	-
3611	10825	18900	714	-
3611	10825	18900	714	-
3611	10825	18900	714	-
3611	10825	18900	714	-
10571	8452	18900	718	-
3297	15894	18900	720	-
3297	11900	18900	721	-
3297	19531	18900	724	-
10429	15667	18900	725	-
15737	6950	18900	727	-
17624	3611	5629	729	-
17624	3611	5629	729	-
17624	3611	5629	729	-
17624	3611	5629	729	-
17624	3611	5629	729	-
17624	3611	5629	729	-
17624	3611	5629	729	-
17624	16332	5629	731	-
17624	16332	5629	734	-
17624	16332	5629	736	-
17624	16332	5629	738	-
23317	882	5629	739	-
15394	4800	5629	739	-
17624	16332	5629	741	-
882	2843	5629	741	-
882	16531	5629	742	-
17624	16332	5629	743	-
15737	6950	5629	743	-
15737	6950	5629	743	-
15737	6950	5629	743	-
15737	6950	5629	743	-
882	16593	5629	746	-
17624	16332	5629	748	-
17624	16332	5629	748	-
17624	16332	5629	748	-
17624	16332	5629	748	-
17624	16332	5629	748	-
17624	16332	5629	748	-
17624	16332	5629	748	-
17624	16332	5629	748	-
17624	16332	5629	748	-
17624	16332	5629	748	-
17624	16332	5629	749	-
17624	16332	5629	749	-
17624	16332	5629	749	-
882	8452	5629	750	-
13993	15894	5629	754	-
13993	15667	5629	754	-
3611	6591	5629	762	-
3611	6591	5629	762	-
3611	6591	5629	762	-
3611	6591	5629	762	-
3611	6591	5629	762	-
3611	6591	5629	762	-
3611	6591	5629	762	-
3611	6591	5629	762	-
3611	6591	5629	762	-
3611	6591	5629	762	-
3611	6591	5629	762	-
3611	6591	5629	762	-
3611	6591	5629	762	-
3611	6591	5629	762	-
3611	6591	5629	762	-
3611	6591	5629	762	-
3611	6591	5629	762	-
3611	6591	5629	762	-
3611	6591	5629	762	-
3611	6591	5629	763	-
3611	6591	5629	763	-
3611	6591	5629	763	-
3611	6591	5629	763	-
3611	6591	5629	763	-
3611	6591	5629	763	-
3611	6591	5629	763	-
10571	3611	39884	789	-
3611	3690	39884	794	-
3611	3690	39884	794	-
15737	17697	39884	794	-
3611	3690	39884	794	-
3611	3690	39884	794	-
3611	3690	39884	794	-
3611	3690	39884	794	-
3611	3690	39884	794	-
15737	14267	39884	794	-
3611	3690	39884	794	-
3611	3690	39884	794	-
3611	3690	39884	794	-
3374	16409	39884	794	-
3611	3690	39884	795	-
3374	16409	39884	795	-
3611	3690	39884	795	-
3611	3690	39884	795	-
3611	3690	39884	795	-
3611	10017	39884	795	-
3611	3690	39884	795	-
3611	3690	39884	795	-
3611	3690	39884	795	-
3611	3690	39884	795	-
3374	16409	39884	795	-
3611	3690	39884	795	-
15737	14267	39884	795	-
3374	16409	39884	795	-
3611	3690	39884	795	-
3611	3690	39884	795	-
3611	3690	39884	795	-
3611	3690	39884	795	-
3611	3690	39884	795	-
15737	14267	39884	795	-
3374	16409	39884	795	-
3611	3690	39884	795	-
15737	17697	39884	795	-
3374	16409	39884	795	-
3611	3690	39884	795	-
15737	17697	39884	795	-
3374	16409	39884	795	-
3374	16409	39884	795	-
3374	16409	39884	795	-
3374	16409	39884	795	-
3611	3690	39884	795	-
15737	14267	39884	795	-
3374	16409	39884	795	-
3611	3690	39884	795	-
15737	17697	39884	795	-
3611	3690	39884	795	-
3611	3690	39884	795	-
3374	16409	39884	795	-
3611	3690	39884	795	-
3374	16409	39884	795	-
7782	21708	39884	811	-
7782	5938	39884	814	-
15737	4554	39884	814	-
7782	22986	39884	814	-
3611	55	39884	817	-
3611	55	39884	817	-
3611	55	39884	817	-
3611	55	39884	817	-
3611	55	39884	817	-
3611	55	39884	817	-
3611	55	39884	817	-
3611	55	39884	817	-
3611	55	39884	817	-
3611	55	39884	817	-
3611	55	39884	817	-
3611	55	39884	817	-
3611	55	39884	817	-
3611	55	39884	817	-
3611	55	39884	817	-
3611	55	39884	817	-
3611	55	39884	817	-
3611	55	39884	817	-
3611	55	39884	817	-
3611	55	39884	817	-
3611	55	39884	818	-
3611	55	39884	818	-
3611	55	39884	818	-
7782	11900	39884	820	-
7782	19531	39884	825	-
7782	15667	39884	828	-
15737	7215	39884	833	-
15737	7215	39884	833	-
15737	7215	39884	833	-
15737	7215	39884	833	-
15737	7215	39884	833	-
15737	7215	39884	833	-
15737	7215	39884	833	-
15737	7215	39884	833	-
15737	7215	39884	833	-
15737	7215	39884	833	-
15737	7215	39884	833	-
7782	21708	39884	833	-
15737	7215	39884	836	-
14267	17392	39884	846	-
14267	17392	39884	846	-
14267	17392	39884	847	-
14267	17392	39884	847	-
14267	17392	39884	847	-
14267	17392	39884	847	-
14267	17392	39884	847	-
14267	17392	39884	847	-
14267	17392	39884	847	-
14267	17392	39884	847	-
14267	20495	39884	847	-
14267	17392	39884	847	-
14267	17392	39884	847	-
14267	17392	39884	847	-
14267	17392	39884	847	-
14267	17392	39884	847	-
14267	17392	39884	847	-
14267	17392	39884	847	-
14267	17392	39884	847	-
14267	17392	39884	847	-
7215	5938	39884	847	-
6114	17005	14808	849	-
19603	9554	14808	853	-
10571	9554	14808	854	-
19603	9554	14808	857	-
7782	11900	14808	866	-
17624	9554	14808	879	-
6114	11230	14808	884	-
6114	11230	14808	884	-
6114	22956	14808	884	-
7782	1633	14808	884	-
6114	11230	14808	884	-
15737	7215	14808	884	-
6114	11230	14808	884	-
6114	13412	14808	891	-
6114	13412	14808	891	-
6114	13412	14808	891	-
6114	13412	14808	891	-
6114	13412	14808	891	-
6114	13412	14808	891	-
6114	13412	14808	891	-
6114	13412	14808	891	-
6114	13412	14808	891	-
6114	13412	14808	891	-
6114	13412	14808	891	-
6114	13412	14808	891	-
6114	13412	14808	891	-
6114	13412	14808	891	-
6114	13412	14808	891	-
6114	13412	14808	891	-
3374	3076	14808	893	-
3374	3076	14808	894	-
3374	3076	14808	894	-
3374	3076	14808	894	-
3374	3076	14808	894	-
3374	3076	14808	894	-
3374	3076	14808	894	-
3374	3076	14808	894	-
3374	3076	14808	894	-
3374	3076	14808	894	-
3374	3076	14808	894	-
3374	3076	14808	894	-
3374	3076	14808	894	-
3374	3076	14808	894	-
3374	3076	14808	894	-
3374	3076	14808	894	-
3374	3076	14808	894	-
3374	3076	14808	894	-
3374	3076	14808	894	-
3374	3076	14808	894	-
3374	3076	14808	894	-
3374	3076	14808	894	-
3374	3076	14808	894	-
3374	3076	14808	894	-
3374	3076	14808	894	-
17624	3611	14808	899	-
17624	3611	14808	899	-
10571	3611	14808	899	-
10571	3611	14808	900	-
10571	3611	14808	900	-
10571	3611	14808	900	-
10571	3611	14808	900	-
10571	3611	14808	900	-
15737	7215	14808	907	-
15737	7215	14808	907	-
15737	7215	14808	907	-
3374	4085	45511	933	-
3374	4085	45511	933	-
3374	4085	45511	933	-
3374	4085	45511	933	-
3374	4085	45511	933	-
3374	4085	45511	933	-
3374	4085	45511	933	-
3374	4085	45511	933	-
3374	4085	45511	933	-
3374	4085	45511	933	-
3374	4085	45511	933	-
3374	4085	45511	933	-
3374	4085	45511	933	-
3374	4085	45511	933	-
3374	4085	45511	933	-
3374	4085	45511	933	-
3374	4085	45511	933	-
15737	4554	45511	934	-
3957	15394	45511	934	-
19839	19834	45511	934	-
882	3611	45511	934	-
882	4981	45511	935	-
6114	11230	45511	954	-
6114	22956	45511	954	-
6114	11230	45511	954	-
6114	11230	45511	954	-
6114	17392	45511	962	-
6114	17392	45511	963	-
6114	17392	45511	963	-
6114	17392	45511	963	-
6114	17392	45511	963	-
6114	17392	45511	963	-
6114	17392	45511	963	-
6114	17392	45511	963	-
6114	17392	45511	963	-
6114	17392	45511	963	-
6114	17392	45511	963	-
6114	17392	45511	963	-
6114	17392	45511	963	-
6114	17392	45511	963	-
6114	17392	45511	963	-
6114	17392	45511	963	-
6114	17392	45511	963	-
6114	17392	45511	963	-
6114	17392	45511	963	-
6114	17392	45511	963	-
6114	17392	29510	995	-
6114	17392	29510	996	-
6114	17392	29510	996	-
6114	17392	29510	996	-
6114	17392	29510	996	-
6114	17392	29510	996	-
6114	17392	29510	996	-
6114	17392	29510	996	-
6114	17392	29510	996	-
6114	17392	29510	996	-
6114	17392	29510	996	-
6114	17392	29510	996	-
6114	17392	29510	996	-
6114	17392	29510	996	-
6114	17392	29510	996	-
6114	17392	29510	996	-
6114	17392	29510	996	-
6114	17392	29510	996	-
6114	17392	29510	996	-
6114	17392	29510	996	-
6114	17392	29510	996	-
14267	17392	29510	1018	-
14267	17392	29510	1018	-
14267	17392	29510	1018	-
14267	17392	29510	1018	-
14267	17392	29510	1018	-
14267	17392	29510	1018	-
14267	17392	29510	1018	-
14267	17392	29510	1018	-
14267	17392	29510	1018	-
14267	17392	29510	1018	-
14267	17392	29510	1018	-
14267	17392	29510	1018	-
14267	17392	29510	1018	-
14267	17392	29510	1018	-
14267	17392	29510	1018	-
14267	17392	29510	1019	-
14267	17392	29510	1019	-
14267	17392	29510	1019	-
14267	17392	29510	1019	-
14267	17392	29510	1019	-
14267	17392	29510	1019	-
14267	17392	29510	1019	-
14267	17392	29510	1019	-
14267	17392	29510	1019	-
14267	17392	29510	1019	-
14267	17392	29510	1019	-
14267	17392	29510	1019	-
14267	17392	29510	1019	-
14267	17392	29510	1019	-
14267	17392	29510	1019	-
14267	17392	29510	1019	-
14267	17392	29510	1019	-
14267	17392	29510	1019	-
14267	17392	29510	1019	-
14267	17392	29510	1019	-
14267	17392	29510	1019	-
14267	17392	29510	1019	-
14267	17392	29510	1019	-
14267	17392	29510	1019	-
14267	17392	29510	1019	-
14267	17392	29510	1019	-
14267	17392	29510	1019	-
17624	3611	29510	1020	-
3374	4085	29510	1020	-
3374	4085	29510	1020	-
3374	4085	29510	1020	-
3374	4085	29510	1020	-
3374	4085	29510	1020	-
3374	4085	29510	1020	-
3374	4085	29510	1020	-
3374	4085	29510	1020	-
3374	4085	29510	1020	-
3374	4085	29510	1020	-
3374	4085	29510	1020	-
3374	4085	29510	1020	-
3374	4085	29510	1020	-
17624	3611	29510	1020	-
3374	4085	29510	1020	-
17624	3611	29510	1020	-
3374	4085	29510	1020	-
17624	3611	29510	1020	-
3374	4085	29510	1020	-
17624	3611	29510	1020	-
17624	3611	29510	1020	-
3374	4085	29510	1020	-
17624	3611	29510	1020	-
3374	4085	29510	1020	-
17624	3611	29510	1020	-
3374	4085	29510	1020	-
3374	4085	29510	1020	-
3374	4085	29510	1020	-
3374	4085	29510	1020	-
3297	1001	29510	1021	-
15737	8318	28122	1030	-
3611	18332	28122	1034	-
3611	18332	28122	1034	-
15737	8318	28122	1043	-
15737	19578	28122	1064	-
3374	18246	28122	1064	-
15737	7215	28122	1064	-
3374	18246	28122	1064	-
17624	3611	28122	1064	-
17624	3611	28122	1064	-
17624	3611	28122	1064	-
17624	3611	28122	1064	-
17624	3611	28122	1065	-
17624	3611	28122	1065	-
17624	3611	28122	1065	-
3611	18332	28122	1068	-
3611	18332	28122	1068	-
3611	18332	28122	1068	-
14267	17392	28122	1076	-
14267	17392	28122	1076	-
14267	17392	28122	1076	-
14267	17392	28122	1076	-
14267	17392	28122	1076	-
14267	17392	28122	1077	-
14267	17392	28122	1077	-
14267	20495	28122	1077	-
14267	17392	28122	1077	-
14267	17392	28122	1077	-
14267	17392	28122	1077	-
14267	17392	28122	1077	-
14267	17392	28122	1077	-
14267	17392	28122	1077	-
6114	17392	28122	1083	-
6114	17392	28122	1084	-
6114	17392	28122	1084	-
6114	17392	28122	1084	-
6114	17392	28122	1084	-
6114	17392	28122	1084	-
6114	17392	28122	1084	-
6114	17392	28122	1084	-
6114	17392	28122	1084	-
6114	17392	28122	1084	-
6114	20495	28122	1084	-
6114	17392	28122	1084	-
6114	17392	28122	1084	-
6114	17392	28122	1084	-
6114	17392	28122	1084	-
6114	17392	28122	1084	-
6114	17392	28122	1084	-
6114	17392	28122	1084	-
6114	17392	28122	1084	-
6114	17392	28122	1084	-
7215	19834	28122	1087	-
6114	17392	28122	1087	-
6114	17392	27020	1088	-
6114	17392	27020	1088	-
6114	17392	27020	1088	-
6114	17392	27020	1088	-
6114	17392	27020	1088	-
6114	17392	27020	1088	-
6114	17392	27020	1088	-
6114	17392	27020	1088	-
6114	17392	27020	1088	-
6114	17392	27020	1088	-
6114	17392	27020	1088	-
6114	17392	27020	1088	-
6114	17392	27020	1088	-
6114	17392	27020	1088	-
6114	17392	27020	1088	-
6114	17392	27020	1088	-
6114	17392	27020	1088	-
6114	17392	27020	1088	-
6114	17392	27020	1088	-
7215	19834	27020	1090	-
15737	7215	27020	1095	-
8048	23167	27020	1100	-
8048	2843	27020	1101	-
8048	4981	27020	1104	-
8048	16531	27020	1108	-
8048	16593	27020	1112	-
6114	17392	27020	1129	-
6114	17392	27020	1129	-
6114	17392	27020	1129	-
6114	17392	27020	1129	-
6114	17392	27020	1129	-
6114	17392	27020	1129	-
6114	17392	27020	1129	-
6114	17392	27020	1129	-
6114	17392	27020	1129	-
6114	17392	27020	1129	-
6114	17392	27020	1129	-
6114	17392	27020	1129	-
6114	17392	27020	1129	-
6114	17392	27020	1130	-
6114	17392	27020	1130	-
6114	17392	27020	1130	-
6114	17392	27020	1130	-
6114	17392	27020	1130	-
6114	17392	27020	1130	-
6114	17392	27020	1130	-
14267	17392	27020	1137	-
10571	3611	6854	1150	-
14267	17392	6854	1154	-
3611	2721	6854	1154	-
3611	2721	6854	1154	-
14267	17392	6854	1154	-
3611	2721	6854	1154	-
14267	17392	6854	1154	-
3611	2721	6854	1154	-
14267	17392	6854	1154	-
14267	17392	6854	1154	-
14267	17392	6854	1154	-
14267	17392	6854	1154	-
14267	17392	6854	1154	-
3374	4085	6854	1160	-
3374	4085	6854	1160	-
3374	4085	6854	1160	-
3374	4085	6854	1160	-
3374	4085	6854	1160	-
3374	4085	6854	1160	-
3374	4085	6854	1160	-
3374	4085	6854	1160	-
3374	4085	6854	1161	-
3374	4085	6854	1161	-
3374	4085	6854	1161	-
3374	4085	6854	1161	-
3374	4085	6854	1161	-
3374	4085	6854	1161	-
3374	4085	6854	1161	-
3374	4085	6854	1161	-
3374	4085	6854	1161	-
3374	4085	6854	1161	-
3374	4085	6854	1161	-
3374	4085	6854	1161	-
3374	4085	6854	1161	-
3374	4085	6854	1161	-
3957	19834	6854	1185	-
15737	6157	6854	1186	-
15737	6157	6854	1186	-
15737	6157	6854	1186	-
6114	11309	6854	1188	-
6114	11309	6854	1188	-
6114	11309	6854	1189	-
6114	11309	6854	1189	-
6114	11309	6854	1189	-
6114	11309	6854	1189	-
6114	11309	6854	1189	-
6114	11309	6854	1189	-
6114	11309	6854	1189	-
6114	11309	6854	1189	-
6114	11309	6854	1189	-
6114	11309	6854	1189	-
6114	11309	6854	1189	-
6114	11309	6854	1189	-
6114	11309	6854	1189	-
6114	11309	6854	1189	-
6114	11309	6854	1189	-
6114	11309	6854	1189	-
6114	11309	6854	1189	-
6114	11309	6854	1189	-
6114	11309	6854	1189	-
6114	11309	6854	1189	-
6114	11309	6854	1189	-
6114	11309	6854	1189	-
6114	11309	6854	1189	-
6114	11309	6854	1189	-
6114	11309	6854	1190	-
15737	18682	6854	1190	-
6114	11309	6854	1190	-
6114	11309	6854	1190	-
6114	11309	6854	1190	-
6114	11309	6854	1190	-
6114	11309	6854	1190	-
6114	11309	6854	1190	-
6114	11309	6854	1190	-
6114	11309	6854	1190	-
6114	11309	6854	1190	-
6114	11309	6854	1190	-
6114	11309	6854	1190	-
6114	11309	6854	1190	-
6114	11309	6854	1190	-
6114	11309	6854	1190	-
6114	11309	6854	1190	-
6114	11309	6854	1190	-
15737	14263	6854	1193	-
15737	6157	6854	1193	-
15737	6157	6854	1193	-
15737	6157	6854	1193	-
15737	6157	6854	1193	-
15737	6157	6854	1193	-
15737	6157	6854	1193	-
15737	6157	6854	1193	-
15737	14263	6854	1193	-
15737	6157	6854	1193	-
15737	6157	6854	1193	-
15737	6157	6854	1193	-
15737	6157	6854	1193	-
15737	6157	6854	1193	-
15737	6157	6854	1193	-
15737	6157	6854	1193	-
15737	6157	6854	1193	-
3611	19095	6854	1196	-
19603	16531	6854	1196	-
3611	19095	6854	1196	-
3611	19095	6854	1197	-
3611	19095	6854	1197	-
3611	19095	6854	1200	-
3611	19095	6854	1200	-
3611	19095	6854	1200	-
15737	10812	6854	1201	-
15737	19591	6854	1201	-
15737	6157	6854	1201	-
15737	6157	6854	1202	-
15737	6157	6854	1202	-
15737	6157	6854	1202	-
15737	6157	6854	1202	-
15737	6157	6854	1202	-
15737	6157	6854	1202	-
15737	6157	6854	1202	-
15737	6157	6854	1202	-
15737	6157	6854	1202	-
15737	6157	6854	1202	-
15737	6157	6854	1202	-
15737	6157	6854	1202	-
15737	6157	6854	1202	-
15737	6157	6854	1202	-
15737	6157	6854	1202	-
15737	6157	6854	1202	-
15737	6157	6854	1202	-
15737	6157	6854	1202	-
15737	6157	6854	1202	-
15737	6157	6854	1202	-
15737	6157	6854	1202	-
15737	6157	6854	1202	-
15737	6157	6854	1202	-
15737	14263	6854	1202	-
15737	6157	6854	1202	-
15737	6157	39009	1212	-
15737	6157	39009	1213	-
15737	6157	39009	1213	-
15737	12955	39009	1213	-
15737	12955	39009	1213	-
15737	6157	39009	1213	-
15737	6157	39009	1213	-
15737	18682	39009	1213	-
15737	6157	39009	1213	-
15737	6157	39009	1213	-
15737	6157	39009	1213	-
15737	6157	39009	1213	-
15737	6157	39009	1213	-
15737	6157	39009	1213	-
15737	6157	39009	1213	-
15737	6157	39009	1213	-
15737	6157	39009	1213	-
15737	6157	39009	1213	-
8048	14437	39009	1233	-
3611	19095	39009	1244	-
3611	19095	39009	1244	-
3611	19095	39009	1244	-
3611	19095	39009	1244	-
3611	19095	39009	1244	-
3957	587	39009	1246	-
8048	2843	39009	1246	-
19839	13122	39009	1249	-
8048	3297	39009	1251	-
19603	3297	39009	1255	-
8048	3461	39009	1256	-
3611	21566	39009	1259	-
3611	21566	39009	1259	-
19603	3461	39009	1262	-
19603	16332	39009	1264	-
8048	16593	39009	1265	-
6114	11309	24491	1269	-
6114	11309	24491	1269	-
6114	11309	24491	1270	-
6114	11309	24491	1270	-
6114	22473	24491	1274	-
8048	9554	24491	1274	-
6114	22473	24491	1275	-
6114	22473	24491	1275	-
6114	22473	24491	1275	-
6114	22473	24491	1275	-
6114	22473	24491	1275	-
6114	22473	24491	1275	-
6114	22473	24491	1275	-
6114	22473	24491	1275	-
6114	22473	24491	1275	-
6114	22473	24491	1275	-
6114	22473	24491	1275	-
6114	22473	24491	1275	-
6114	22473	24491	1275	-
6114	22473	24491	1275	-
19603	14437	24491	1276	-
6114	22473	24491	1277	-
8048	16332	24491	1279	-
6114	13482	24491	1280	-
12332	4981	24491	1283	-
7215	15667	24491	1283	-
3374	4085	24491	1284	-
19603	23167	24491	1285	-
17624	4981	24491	1286	-
11001	1633	24491	1287	-
17624	4981	24491	1288	-
6114	4559	24491	1289	-
6114	4559	24491	1289	-
6114	4559	24491	1289	-
6114	4559	24491	1289	-
17624	4981	24491	1290	-
14267	4085	24491	1291	-
14267	4085	24491	1291	-
14267	4085	24491	1291	-
14267	4085	24491	1291	-
14267	4085	24491	1291	-
14267	4085	24491	1291	-
14267	4085	24491	1291	-
14267	4085	24491	1291	-
14267	4085	24491	1291	-
14267	4085	24491	1292	-
14267	4085	24491	1292	-
14267	4085	24491	1292	-
14267	4085	24491	1292	-
14267	4085	24491	1292	-
14267	4085	24491	1292	-
14267	4085	24491	1292	-
14267	4085	24491	1292	-
17624	4981	24491	1293	-
11001	15894	24491	1293	-
3611	21566	24491	1294	-
3611	21566	24491	1294	-
3611	21566	24491	1294	-
3611	21566	24491	1294	-
3611	21566	24491	1294	-
3611	21566	24491	1294	-
11001	1633	24491	1294	-
12332	8452	24491	1297	-
19603	2843	24491	1297	-
17624	4981	24491	1298	-
17624	4981	24491	1298	-
12332	16332	24491	1298	-
3374	15307	24491	1299	-
3374	15307	24491	1299	-
3374	15307	24491	1299	-
3374	15307	24491	1299	-
3374	15307	24491	1299	-
12985	15667	24491	1301	-
12985	21708	24491	1301	-
17624	3461	24491	1304	-
10429	19531	24491	1305	-
10429	19531	24491	1316	-
17624	8452	24491	1318	-
17624	14437	24491	1318	-
14267	4085	24491	1321	-
14267	4085	24491	1321	-
14267	4085	24491	1321	-
14267	4085	24491	1321	-
14267	4085	24491	1321	-
14267	4085	24491	1321	-
14267	4085	24491	1321	-
14267	4085	24491	1321	-
3374	15307	24491	1321	-
14267	4085	24491	1321	-
14267	4085	24491	1321	-
14267	4085	24491	1321	-
14267	4085	24491	1322	-
14267	4085	24491	1322	-
14267	4085	24491	1322	-
14267	4085	24491	1322	-
14267	4085	24491	1322	-
14267	4085	24491	1322	-
14267	4085	24491	1322	-
14267	4085	24491	1322	-
14267	4085	24491	1322	-
14267	4085	24491	1322	-
14267	4085	24491	1322	-
14267	4085	24491	1323	-
14267	4085	24491	1323	-
14267	4085	24491	1323	-
14267	4085	24491	1323	-
14267	4085	24491	1323	-
14267	4085	24491	1323	-
14267	4085	24491	1323	-
14267	4085	24491	1323	-
14267	4085	24491	1323	-
14267	4085	24491	1323	-
14267	4085	24491	1323	-
14267	4085	24491	1323	-
14267	4085	24491	1323	-
14267	4085	24491	1323	-
17624	23167	24491	1327	-
3374	15307	29416	1329	-
3374	15307	29416	1329	-
19603	3297	29416	1330	-
17624	23167	29416	1332	-
10571	16593	29416	1332	-
17624	3297	29416	1332	-
19350	21980	29416	1334	-
14267	4085	29416	1335	-
14267	17478	29416	1335	-
3297	5938	29416	1335	-
3297	19531	29416	1336	-
19350	21980	29416	1337	-
19350	21980	29416	1337	-
3374	10522	29416	1338	-
3374	15307	29416	1338	-
17624	16332	29416	1338	-
3374	15307	29416	1339	-
3374	15307	29416	1339	-
3374	15307	29416	1339	-
3374	15307	29416	1339	-
3374	15307	29416	1339	-
3374	15307	29416	1339	-
3374	15307	29416	1339	-
3297	1633	29416	1339	-
23317	882	29416	1340	-
15394	4800	29416	1340	-
3374	15307	29416	1342	-
3374	15307	29416	1342	-
3374	12511	29416	1342	-
3374	15307	29416	1342	-
3374	15307	29416	1342	-
3374	15307	29416	1342	-
3374	15307	29416	1342	-
3374	15307	29416	1342	-
3374	15307	29416	1342	-
3374	15307	29416	1342	-
3374	15307	29416	1343	-
3374	15307	29416	1343	-
3374	15307	29416	1343	-
3374	15307	29416	1343	-
3374	15307	29416	1343	-
3374	15307	29416	1343	-
8048	3297	29416	1344	-
16671	19834	29416	1345	-
16671	15667	29416	1345	-
19603	4981	29416	1345	-
3374	11438	29416	1346	-
3374	15307	29416	1347	-
3374	15307	29416	1347	-
3374	15307	29416	1347	-
3374	15307	29416	1347	-
19350	21980	29416	1348	-
3297	1633	29416	1349	-
16671	19531	29416	1349	-
3374	15307	29416	1350	-
3374	14789	29416	1350	-
3374	15307	29416	1350	-
3374	15307	29416	1350	-
3374	15307	29416	1350	-
3374	15307	29416	1350	-
3374	15307	29416	1350	-
17624	2843	29416	1351	-
3611	11128	29416	1360	-
3611	11128	29416	1361	-
3611	11128	29416	1361	-
3611	11128	29416	1361	-
3611	11128	29416	1361	-
3611	11128	29416	1361	-
3611	11128	29416	1361	-
3611	11128	29416	1361	-
3611	11128	29416	1361	-
3611	11128	29416	1361	-
3611	11128	29416	1361	-
3611	11128	29416	1361	-
3611	11128	29416	1361	-
3611	11128	29416	1361	-
3611	11128	29416	1361	-
19350	12149	29416	1362	-
3611	11128	29416	1362	-
3611	11128	29416	1362	-
19603	16531	29416	1363	-
19350	12149	29416	1364	-
19350	12149	29416	1364	-
19350	12149	29416	1364	-
19350	12149	29416	1364	-
19350	12149	29416	1364	-
19350	12149	29416	1364	-
19350	12149	29416	1364	-
19350	12149	29416	1364	-
17624	4981	29416	1364	-
19350	12149	29416	1365	-
19350	12149	29416	1365	-
19350	12149	29416	1365	-
19350	12149	29416	1365	-
19350	12149	29416	1365	-
19350	12149	29416	1365	-
19350	12149	29416	1365	-
19350	12149	29416	1365	-
19350	12149	29416	1365	-
19350	12149	29416	1365	-
19350	12149	29416	1365	-
19350	12149	29416	1366	-
19350	12149	29416	1366	-
19350	12149	29416	1366	-
19350	12149	29416	1366	-
19350	12149	29416	1366	-
19350	12149	29416	1366	-
17624	3611	29416	1366	-
19350	12149	29416	1366	-
19603	16593	29416	1376	-
17624	16531	29416	1381	-
14267	4085	29416	1383	-
14267	4085	29416	1383	-
14267	4085	29416	1383	-
14267	4085	29416	1383	-
14267	4085	29416	1383	-
14267	4085	29416	1383	-
14267	4085	29416	1383	-
14267	4085	29416	1384	-
14267	4085	29416	1384	-
14267	4085	29416	1384	-
14267	4085	29416	1384	-
14267	4085	29416	1384	-
14267	4085	29416	1384	-
14267	4085	29416	1385	-
14267	4085	29416	1385	-
14267	4085	29416	1385	-
14267	4085	29416	1385	-
19350	17392	29416	1385	-
19350	17392	29416	1386	-
19350	17392	29416	1386	-
19350	17392	29416	1386	-
19350	17392	29416	1386	-
19350	17392	29416	1387	-
19350	17392	29416	1387	-
19350	17392	29416	1387	-
19350	17392	29416	1387	-
19350	17392	29416	1387	-
19350	17392	29416	1387	-
19350	17392	29416	1387	-
19350	17392	29416	1387	-
19350	17392	29416	1387	-
19350	17392	29416	1387	-
19350	17392	29416	1387	-
19350	17392	29416	1387	-
19350	17392	29416	1387	-
19350	17392	29416	1387	-
19350	17392	29416	1387	-
19603	16332	29416	1387	-
17624	16332	31512	1392	-
3611	23015	31512	1394	-
3611	23015	31512	1394	-
3611	23015	31512	1394	-
3611	23015	31512	1395	-
3611	23015	31512	1395	-
3611	23015	31512	1395	-
3611	23015	31512	1395	-
3611	23015	31512	1395	-
3611	23015	31512	1395	-
3611	23015	31512	1395	-
3611	23015	31512	1395	-
3611	23015	31512	1395	-
3611	23015	31512	1395	-
3611	23015	31512	1395	-
3611	23015	31512	1395	-
3611	5136	31512	1395	-
3297	15667	31512	1415	-
7179	3461	31512	1419	-
15737	20961	31512	1424	-
6114	8254	31512	1424	-
6114	8254	31512	1424	-
15737	20961	31512	1424	-
6114	8254	31512	1424	-
15737	20961	31512	1424	-
6114	8254	31512	1424	-
15737	20961	31512	1424	-
6114	8254	31512	1424	-
15737	20961	31512	1424	-
15737	20961	31512	1424	-
6114	8254	31512	1424	-
15737	20961	31512	1424	-
6114	8254	31512	1424	-
15737	20961	31512	1424	-
15737	6157	31512	1424	-
6114	8254	31512	1424	-
15737	20961	31512	1424	-
6114	8254	31512	1424	-
10429	13122	31512	1424	-
11001	1633	31512	1424	-
3297	19531	31512	1424	-
15737	20961	31512	1425	-
15737	20961	31512	1425	-
6114	8254	31512	1425	-
6114	8254	31512	1425	-
6114	8254	31512	1425	-
15737	20961	31512	1425	-
15737	20961	31512	1425	-
15737	20961	31512	1425	-
6114	8254	31512	1425	-
6114	8254	31512	1425	-
15737	20961	31512	1425	-
6114	4559	31512	1425	-
15737	20961	31512	1425	-
15737	20961	31512	1425	-
15737	20961	31512	1425	-
6114	8254	31512	1425	-
15737	20961	31512	1425	-
15737	20961	31512	1426	-
15737	20961	31512	1426	-
15737	20961	31512	1426	-
15737	20961	31512	1426	-
15737	20961	31512	1426	-
15737	20961	31512	1426	-
15737	20961	31512	1426	-
15737	20961	31512	1426	-
15737	20961	31512	1426	-
15737	20961	31512	1426	-
15737	20961	31512	1426	-
15737	20961	31512	1426	-
15737	20961	31512	1426	-
15737	20961	31512	1426	-
10429	21708	31512	1426	-
15737	20961	31512	1426	-
3611	5136	31512	1432	-
3611	5136	31512	1432	-
3611	5136	31512	1432	-
3611	5136	31512	1432	-
3611	5136	31512	1432	-
3611	5136	31512	1432	-
3611	5136	31512	1432	-
3611	5136	31512	1432	-
3611	5136	31512	1432	-
3611	5136	31512	1432	-
3611	5136	31512	1432	-
3611	5136	31512	1433	-
3611	5136	31512	1433	-
3611	5136	31512	1433	-
3611	5136	31512	1433	-
3611	5136	31512	1433	-
3297	19834	31512	1440	-
3297	15667	31512	1443	-
3374	15510	31512	1446	-
3374	15510	31512	1446	-
14267	17478	37491	1455	-
14547	1633	37491	1456	-
14267	12149	37491	1468	-
14267	12149	37491	1468	-
14267	12149	37491	1468	-
14267	12149	37491	1468	-
14267	12149	37491	1468	-
14267	12149	37491	1468	-
14267	12149	37491	1468	-
14267	12149	37491	1468	-
14267	12149	37491	1468	-
14267	12149	37491	1469	-
14267	12149	37491	1469	-
14267	12149	37491	1469	-
14267	12149	37491	1469	-
14267	12149	37491	1469	-
14267	12149	37491	1469	-
14267	12149	37491	1469	-
14267	12149	37491	1469	-
14267	12149	37491	1469	-
14267	12149	37491	1469	-
14267	12149	37491	1469	-
14267	12149	37491	1469	-
14267	12149	37491	1469	-
14267	12149	37491	1469	-
14267	12149	37491	1469	-
14267	12149	37491	1469	-
14267	12149	37491	1469	-
14267	12149	37491	1469	-
15737	20961	37491	1475	-
15737	20961	37491	1475	-
15737	20961	37491	1475	-
15737	20961	37491	1475	-
15737	20961	37491	1475	-
15737	20961	37491	1475	-
15737	20961	37491	1475	-
15737	20961	37491	1475	-
15737	20961	37491	1475	-
13993	15667	37491	1477	-
10429	13122	37491	1486	-
10429	15894	37491	1486	-
10429	19834	37491	1489	-
13993	15667	37491	1499	-
19350	16409	33023	1514	-
19350	16409	33023	1514	-
19350	16409	33023	1514	-
19350	16409	33023	1514	-
19350	16409	33023	1514	-
6114	8613	33023	1515	-
6114	8613	33023	1515	-
7179	16531	33023	1515	-
6114	8613	33023	1516	-
6114	8613	33023	1516	-
6114	8613	33023	1516	-
6114	8613	33023	1516	-
6114	10522	33023	1516	-
6114	8613	33023	1516	-
13993	15894	33023	1520	-
13993	15894	33023	1523	-
13993	15894	33023	1525	-
7179	16332	33023	1525	-
15737	20961	33023	1526	-
15737	20961	33023	1527	-
15737	20961	33023	1527	-
15737	20961	33023	1527	-
15737	20961	33023	1527	-
13993	15894	33023	1527	-
15737	20961	33023	1527	-
15737	20961	33023	1527	-
15737	20961	33023	1527	-
13993	15894	33023	1531	-
19350	16409	33023	1545	-
19350	16409	33023	1545	-
19350	16409	33023	1545	-
19350	16409	33023	1545	-
19350	16409	33023	1545	-
19350	16409	33023	1545	-
19350	16409	33023	1545	-
19350	16409	33023	1545	-
19350	16409	33023	1545	-
19350	16409	33023	1545	-
19350	16409	33023	1545	-
19350	16409	33023	1545	-
19350	16409	33023	1545	-
10571	14437	33023	1555	-
10571	3297	33023	1555	-
3374	15307	33023	1556	-
3374	15307	33023	1556	-
3374	15307	33023	1557	-
3374	15307	33023	1557	-
3374	15307	33023	1557	-
10571	4981	33023	1559	-
10571	16531	33023	1562	-
17624	3611	33023	1566	-
10571	16593	37086	1568	-
15737	20961	37086	1569	-
15737	20961	37086	1569	-
15737	20961	37086	1569	-
15737	20961	37086	1569	-
15737	20961	37086	1570	-
16671	11900	37086	1570	-
10571	16531	37086	1600	-
15737	6157	37086	1604	-
6114	8613	37086	1604	-
15737	6157	37086	1604	-
6114	8613	37086	1604	-
6114	8613	37086	1604	-
6114	8613	37086	1604	-
6114	8613	37086	1604	-
6114	8613	37086	1604	-
6114	8613	37086	1604	-
15737	6157	37086	1604	-
6114	10522	37086	1604	-
15737	6157	37086	1605	-
15737	6157	37086	1605	-
15737	6157	37086	1605	-
15737	14263	37086	1605	-
15737	18682	37086	1605	-
15737	18682	37086	1606	-
15737	18682	37086	1606	-
15737	14263	37086	1606	-
15737	6157	37086	1606	-
15737	6157	37086	1606	-
15737	6157	37086	1606	-
15737	14263	37086	1606	-
15737	6157	37086	1606	-
15737	6157	37086	1606	-
15737	6157	37086	1606	-
15737	6157	37086	1606	-
15737	14263	37086	1606	-
15737	14263	37086	1606	-
15737	6157	37086	1606	-
15737	6157	37086	1606	-
15737	6157	37086	1606	-
15737	6157	37086	1606	-
15737	6157	37086	1606	-
15737	6157	37086	1606	-
15737	6157	37086	1606	-
15737	6157	37086	1606	-
15737	6157	37086	1606	-
15737	6157	37086	1606	-
15737	18682	37086	1606	-
15737	6157	37086	1606	-
15737	6157	37086	1606	-
15737	6157	37086	1606	-
15737	6157	37086	1606	-
15737	6157	37086	1606	-
15737	6157	37086	1606	-
15737	6157	37086	1606	-
3611	1633	37086	1617	-
3611	22986	37086	1619	-
3611	1633	37086	1620	-
14547	15667	37086	1620	-
6114	8613	37086	1625	-
6114	8613	37086	1625	-
6114	8613	37086	1625	-
17624	3297	37086	1627	-
17624	3297	19005	1629	-
3957	15667	19005	1630	-
20367	19350	19005	1630	-
17624	3297	19005	1632	-
17624	3297	19005	1633	-
17624	3297	19005	1637	-
17624	3297	19005	1637	-
14267	17478	19005	1656	-
19350	16409	19005	1657	-
19350	16409	19005	1657	-
19350	16409	19005	1657	-
19350	16409	19005	1657	-
19350	16409	19005	1657	-
19350	16409	19005	1657	-
19350	16409	19005	1657	-
19350	16409	19005	1657	-
19350	16409	19005	1657	-
19350	16409	19005	1657	-
19350	16409	19005	1657	-
19350	16409	19005	1657	-
19350	16409	19005	1657	-
12985	15667	19005	1660	-
7215	15667	19005	1665	-
15737	22275	17614	1694	-
15737	5709	17614	1695	-
15737	5709	17614	1695	-
15737	5709	17614	1695	-
3957	1633	17614	1696	-
15737	22275	17614	1698	-
15737	22516	17614	1698	-
15737	22275	17614	1698	-
15737	22275	17614	1698	-
15737	5709	17614	1698	-
19350	445	17614	1703	-
19350	445	17614	1703	-
19350	445	17614	1703	-
19350	445	17614	1703	-
19350	445	17614	1703	-
19350	445	17614	1703	-
19350	445	17614	1703	-
19350	445	17614	1703	-
19350	445	17614	1703	-
19350	445	17614	1703	-
19350	445	17614	1703	-
19350	445	17614	1703	-
19350	445	17614	1703	-
19350	445	17614	1703	-
15737	16409	17614	1705	-
15737	16409	17614	1705	-
15737	16409	17614	1705	-
15737	16409	17614	1705	-
6114	16450	17614	1707	-
6114	16450	17614	1707	-
14267	3374	17614	1710	-
14267	3374	17614	1710	-
14267	3374	17614	1710	-
14267	3374	17614	1710	-
14267	3374	17614	1710	-
14267	3374	17614	1710	-
14267	3374	17614	1710	-
14267	3374	17614	1722	-
14267	3374	17614	1722	-
14267	2514	17614	1738	-
6114	16450	17614	1738	-
6114	16450	17614	1738	-
6114	16450	17614	1738	-
6114	16450	17614	1738	-
6114	16450	17614	1738	-
14267	13918	17614	1738	-
14267	13918	17614	1738	-
14267	13918	17614	1738	-
14267	13918	17614	1738	-
14267	13918	17614	1738	-
14267	6129	17614	1738	-
14267	13918	17614	1739	-
6114	16450	17614	1740	-
6114	16450	17614	1740	-
6114	16450	17614	1740	-
6114	16450	17614	1740	-
6114	16450	17614	1740	-
3297	15894	17614	1742	-
14267	21389	35301	1753	-
14267	1422	35301	1753	-
14267	21389	35301	1753	-
14267	21389	35301	1753	-
14267	21389	35301	1753	-
14267	21389	35301	1753	-
14267	21389	35301	1753	-
14267	21389	35301	1753	-
14267	21389	35301	1754	-
14267	21389	35301	1754	-
14267	21389	35301	1754	-
14267	21389	35301	1754	-
14267	21389	35301	1754	-
14267	21389	35301	1754	-
14267	21389	35301	1754	-
14267	21389	35301	1754	-
14267	21389	35301	1754	-
14267	21389	35301	1754	-
14267	21389	35301	1754	-
14267	21389	35301	1754	-
14267	21389	35301	1754	-
14267	21389	35301	1754	-
14267	21389	35301	1754	-
14267	21389	35301	1754	-
14267	21389	35301	1754	-
14267	21389	35301	1754	-
14267	21389	35301	1754	-
14267	21389	35301	1754	-
14267	21389	35301	1754	-
14267	21389	35301	1754	-
14267	21389	35301	1754	-
7179	16531	35301	1782	-
6114	16450	35301	1784	-
15737	18682	35301	1784	-
6114	16450	35301	1784	-
6114	16450	35301	1784	-
6114	16450	35301	1784	-
6114	16450	35301	1784	-
6114	16450	35301	1784	-
19531	15667	35301	1784	-
17624	14437	35301	1786	-
17624	14437	35301	1789	-
13993	15894	35301	1789	-
13993	15894	35301	1791	-
17624	14437	35301	1791	-
13993	15894	35301	1793	-
17624	14437	35301	1793	-
13993	15894	35301	1795	-
17624	14437	35301	1795	-
13993	15894	35301	1797	-
17624	14437	35301	1797	-
13993	15894	35301	1799	-
