16409	6950	22859	0	-
10429	16107	22859	5	-
3374	21655	37199	9	-
3374	18770	37199	9	-
14267	19383	37199	20	-
3297	21708	37199	22	-
3374	18332	37199	37	-
7215	19531	37199	40	-
882	16332	37199	40	-
7215	21708	37199	40	-
882	8452	37199	43	-
882	16593	37199	43	-
882	14437	37199	43	-
19839	19834	37199	44	-
882	3611	37199	44	-
882	23167	37199	44	-
882	2843	37199	45	-
882	16531	37199	46	-
882	9554	37199	47	-
13993	6775	37199	48	-
882	16332	37199	48	-
10429	18719	37199	63	-
3374	21655	37199	64	-
3374	20686	273	73	-
10429	18719	273	77	-
11001	21708	273	85	-
19839	1633	273	94	-
8048	3611	273	94	-
8048	3297	273	94	-
8048	2843	273	94	-
8048	16593	273	95	-
8048	7268	273	96	-
10429	4061	273	103	-
3611	1633	273	103	-
13993	13993	273	104	-
20367	19350	273	105	-
3957	13122	273	105	-
3611	5938	273	106	-
3611	1633	273	106	-
10429	7623	273	107	-
3374	18770	273	110	-
3957	15394	273	110	-
3374	21655	273	111	-
14267	20453	273	112	-
13993	13993	273	113	-
3957	15394	273	115	-
3957	21708	273	115	-
3957	13122	273	115	-
20367	8452	11277	143	-
16409	6950	11277	144	-
10429	22986	11277	146	-
3374	4074	11277	153	-
3297	19834	11277	156	-
10429	15894	11277	156	-
3297	11900	11277	156	-
10429	19531	11277	157	-
10429	15667	11277	158	-
10429	21708	11277	159	-
10429	4061	11277	163	-
3374	16624	11277	165	-
16409	8530	11277	171	-
19531	19834	11277	175	-
19531	21708	11277	175	-
20367	8452	11277	177	-
3374	21655	11277	179	-
16409	8530	11277	180	-
7782	19834	11277	184	-
7782	19531	11277	184	-
7782	19834	30095	192	-
7215	15667	30095	207	-
13993	13993	30095	213	-
16409	8530	30095	216	-
17624	16531	30095	216	-
13993	15667	30095	221	-
13993	15667	30095	223	-
14267	20453	30095	225	-
13993	15667	30095	225	-
13993	15667	30095	229	-
13993	13993	30095	232	-
3374	12830	30095	236	-
3297	1001	10842	248	-
3374	12830	10842	252	-
3957	15394	10842	260	-
3957	13122	10842	260	-
3374	21655	10842	262	-
3374	21655	10842	264	-
17624	4981	10842	269	-
16671	15667	10842	270	-
6775	16593	10842	271	-
17624	4981	10842	272	-
17624	3461	10842	273	-
10429	21708	10842	273	-
17624	4981	10842	273	-
17624	3461	10842	275	-
17624	4981	10842	275	-
17624	3461	10842	277	-
14267	8871	10842	277	-
17624	4981	10842	279	-
17624	3461	10842	279	-
17624	4981	10842	279	-
17624	3461	10842	282	-
17624	3461	10842	282	-
6114	7215	10842	291	-
10429	1442	10842	298	-
3076	3461	10842	300	-
3076	16593	10842	300	-
15394	4800	10842	301	-
23317	882	10842	301	-
19839	21708	40714	319	-
12332	3611	40714	319	-
20367	587	40714	324	-
10429	18829	40714	325	-
3076	19350	40714	333	-
3374	12830	40714	343	-
11001	22986	40714	346	-
17923	15394	40714	349	-
17923	15394	40714	349	-
17923	14437	40714	349	-
19531	587	40714	349	-
10429	14597	40714	356	-
16409	8530	40714	360	-
17923	14437	40714	360	-
19531	587	40714	360	-
6114	7215	3072	376	-
882	3297	3072	381	-
882	9554	3072	381	-
6114	7215	3072	396	-
13993	13993	3072	411	-
11001	15894	3072	415	-
11001	15894	3072	417	-
13993	13993	3072	418	-
7215	5938	3072	420	-
7215	15894	3072	420	-
7215	19834	3072	421	-
6114	7215	3072	422	-
14547	5938	41227	426	-
13993	6775	41227	434	-
19603	3461	41227	434	-
7215	21708	41227	442	-
19603	16593	41227	444	-
19603	8452	41227	444	-
19603	14437	41227	444	-
19603	2843	41227	445	-
19603	16531	41227	446	-
3957	587	41227	447	-
19603	7268	41227	447	-
19603	9554	41227	447	-
6114	7215	41227	462	-
3374	12830	41227	468	-
16409	8530	41227	468	-
14267	8871	41227	474	-
16409	8530	41227	477	-
7215	17649	29989	490	-
19531	19834	29989	493	-
19531	19834	29989	496	-
3076	16332	29989	496	-
3076	3461	29989	499	-
3076	16332	29989	499	-
7215	11947	29989	505	-
14547	19834	29989	512	-
14547	11900	29989	512	-
16409	8530	29989	513	-
10429	12939	29989	522	-
6114	2758	29989	522	-
6114	2758	29989	524	-
3957	15394	29989	526	-
882	4981	29989	529	-
3076	16531	29989	531	-
6114	1149	29989	539	-
3957	19531	28984	552	-
3374	12830	28984	562	-
20312	23167	28984	562	-
20312	4981	28984	562	-
14547	19834	28984	572	-
14547	21708	28984	573	-
14267	21183	28984	579	-
3957	21708	28984	581	-
3957	19834	28984	584	-
14267	21183	28984	590	-
13993	19603	28984	598	-
12985	19531	557	611	-
12985	21708	557	611	-
12985	19834	557	615	-
17923	14437	557	629	-
19531	587	557	629	-
10429	18332	557	631	-
10429	11841	557	645	-
20312	3461	557	648	-
10429	11841	557	651	-
20312	16593	557	653	-
6775	16593	557	654	-
20312	9554	557	654	-
16409	8530	557	657	-
3611	9096	557	658	-
3611	9096	557	665	-
10571	3611	43425	666	-
10571	3611	43425	666	-
10571	3611	43425	666	-
20312	23167	43425	666	-
20312	2843	43425	667	-
20312	3461	43425	668	-
20312	16593	43425	669	-
7179	8452	43425	670	-
3611	19531	43425	674	-
19531	5938	43425	679	-
19531	21708	43425	679	-
13993	6775	43425	680	-
3611	9096	43425	680	-
16671	5938	43425	682	-
16671	19834	43425	682	-
16671	11900	43425	683	-
16671	19531	43425	684	-
16671	21708	43425	686	-
11001	15894	43425	692	-
3611	9096	43425	693	-
16409	11625	43425	694	-
6114	9096	43425	700	-
3611	6373	43425	700	-
12985	13122	43425	701	-
20312	16531	43425	701	-
12985	15894	43425	701	-
16409	11625	43425	703	-
3297	5938	43425	717	-
10571	16531	43425	720	-
12985	5938	43425	722	-
3611	6373	43425	724	-
3297	21708	5343	732	-
13993	19603	5343	735	-
3611	6373	5343	738	-
16409	11625	5343	739	-
10571	3611	5343	757	-
10571	3611	5343	757	-
19603	3461	5343	759	-
10571	3611	5343	762	-
13993	9224	5343	764	-
10571	16332	5343	766	-
6775	3461	5343	766	-
10571	3611	5343	767	-
19603	3461	5343	767	-
10571	3611	5343	772	-
10571	3611	5343	777	-
10571	3611	5343	782	-
3374	12830	21086	790	-
6114	17146	21086	798	-
3374	9065	21086	812	-
16671	5938	21086	813	-
16671	21708	21086	813	-
6114	2758	21086	827	-
3611	17923	21086	839	-
6114	17005	21086	844	-
3611	8713	23403	853	-
10429	11841	23403	853	-
3374	13052	23403	854	-
3611	17923	23403	859	-
7782	5938	23403	870	-
13993	13993	23403	870	-
16409	11625	23403	883	-
10571	3611	23403	885	-
10571	3611	23403	885	-
10571	3611	23403	885	-
10571	3611	23403	885	-
10571	3611	23403	885	-
10571	3611	23403	885	-
10571	3611	23403	885	-
10429	11841	23403	889	-
10429	15582	23403	893	-
3611	5938	23403	900	-
15394	4800	23403	901	-
23317	882	23403	901	-
11001	5938	16356	912	-
3611	5938	16356	913	-
3611	17005	16356	917	-
3374	12596	16356	931	-
16409	13105	16356	935	-
10571	3611	16356	940	-
10571	3611	16356	940	-
16409	13105	16356	944	-
13993	150	16356	948	-
17624	9554	16356	955	-
3374	12596	16356	960	-
16409	13105	33664	980	-
13993	12038	33664	990	-
10571	3461	33664	1007	-
3611	22030	33664	1015	-
13993	8689	33664	1022	-
3611	1398	33664	1023	-
3611	1398	39869	1027	-
10429	2871	39869	1030	-
17923	9554	39869	1031	-
7782	587	39869	1031	-
17923	9554	39869	1033	-
7782	587	39869	1033	-
3611	17146	39869	1034	-
8048	2843	39869	1036	-
8048	3297	39869	1037	-
8048	16593	39869	1038	-
8048	16332	39869	1039	-
19603	16531	39869	1042	-
10429	1633	39869	1043	-
882	16531	39869	1044	-
6114	2758	39869	1046	-
13993	19531	39869	1047	-
13993	8689	39869	1048	-
13993	19531	39869	1050	-
13993	19834	39869	1050	-
13993	19531	39869	1052	-
13993	19834	39869	1052	-
13993	19531	39869	1054	-
13993	19834	39869	1054	-
13993	19834	39869	1056	-
13993	19531	39869	1057	-
13993	19531	39869	1057	-
3611	17146	39869	1058	-
3374	12596	39869	1059	-
13993	19834	39869	1059	-
13993	19834	39869	1059	-
3611	13755	39869	1076	-
3611	19834	39869	1085	-
3611	15667	39869	1085	-
17923	5938	37813	1105	-
20312	587	37813	1105	-
10429	9450	37813	1107	-
10429	9450	37813	1108	-
17923	5938	37813	1119	-
20312	587	37813	1119	-
16409	13105	37813	1124	-
6114	7215	41885	1146	-
10429	9450	41885	1161	-
19350	16409	41885	1168	-
13993	8689	41885	1171	-
10571	3611	41885	1174	-
10571	3611	41885	1174	-
10571	3611	41885	1174	-
10571	3611	41885	1174	-
10571	3611	41885	1174	-
10571	3611	41885	1174	-
10571	3611	41885	1174	-
3611	13755	41885	1185	-
3611	13755	41885	1187	-
3374	12596	41885	1188	-
13993	12260	41885	1191	-
6775	3297	41885	1195	-
3374	12596	41885	1200	-
10429	2855	33031	1210	-
20312	3461	33031	1221	-
10429	9450	33031	1221	-
20312	16593	33031	1221	-
16409	8530	33031	1223	-
6114	7215	33031	1226	-
16409	8530	33031	1232	-
6114	7215	33031	1249	-
7179	1390	33031	1250	-
6114	7215	33031	1254	-
20312	3297	33031	1262	-
20312	3461	33031	1262	-
20312	16332	33031	1263	-
11001	13122	33031	1265	-
11001	19834	33031	1265	-
11001	11900	8984	1266	-
17923	5938	8984	1267	-
20312	587	8984	1267	-
16409	8530	8984	1268	-
14547	5938	8984	1269	-
3076	19350	8984	1269	-
20312	3297	8984	1270	-
20312	3461	8984	1270	-
3611	13755	8984	1272	-
3374	12596	8984	1275	-
16671	15667	8984	1281	-
6114	7215	8984	1285	-
3374	17005	8984	1285	-
20367	587	8984	1286	-
10429	5938	8984	1289	-
13993	8162	8984	1301	-
3374	12596	8984	1310	-
7179	3461	8984	1321	-
3297	5938	7481	1326	-
7179	3461	7481	1328	-
13993	11761	7481	1331	-
10429	21473	7481	1336	-
3611	15095	7481	1346	-
7782	22986	7481	1349	-
3957	587	7481	1352	-
13993	19531	7481	1353	-
3611	10272	7481	1355	-
16671	5938	7481	1359	-
10571	3611	7481	1378	-
6775	16593	7481	1380	-
16671	5938	7481	1383	-
13993	8162	46550	1392	-
3297	5938	46550	1392	-
3297	15667	46550	1393	-
19350	16409	46550	1404	-
6114	7215	46550	1405	-
19350	6950	46550	1406	-
13993	20018	46550	1408	-
16409	8530	46550	1412	-
3374	12596	46550	1415	-
7215	22986	46550	1417	-
10571	16593	46550	1418	-
3374	12596	46550	1423	-
16409	8530	46550	1429	-
10571	3611	46550	1430	-
10571	3611	46550	1430	-
7215	13122	46550	1432	-
17624	23167	46550	1433	-
7215	15667	46550	1433	-
6775	4981	46550	1436	-
16409	8530	46550	1438	-
19350	7215	46550	1438	-
10429	1152	46550	1442	-
19350	7215	46550	1445	-
3297	1001	8162	1449	-
10429	22986	8162	1456	-
10429	5938	8162	1461	-
3611	2422	8162	1462	-
10571	3611	8162	1464	-
10571	3611	8162	1464	-
10571	3611	8162	1464	-
10571	3611	8162	1464	-
10571	3611	8162	1464	-
10571	3611	8162	1464	-
10571	3611	8162	1464	-
882	16593	8162	1467	-
16409	8530	8162	1474	-
882	14437	8162	1480	-
882	16593	8162	1480	-
3374	12596	8162	1483	-
3076	14437	8162	1485	-
3076	4981	8162	1485	-
11001	19834	8162	1495	-
6114	3507	8162	1498	-
15394	4800	8162	1501	-
23317	882	8162	1501	-
6114	3507	8162	1503	-
17624	3297	8162	1504	-
882	14437	8162	1505	-
17624	4981	8162	1505	-
882	23167	3647	1506	-
17624	16593	3647	1506	-
882	4981	3647	1507	-
17624	9554	3647	1508	-
19350	7215	3647	1510	-
12332	23167	3647	1510	-
3957	15394	3647	1512	-
12332	23167	3647	1513	-
12332	2843	3647	1513	-
12332	16531	3647	1514	-
10571	3611	3647	1515	-
10571	3611	3647	1516	-
10571	3611	3647	1516	-
10571	3611	3647	1516	-
10571	3611	3647	1516	-
10571	3611	3647	1516	-
6114	3507	3647	1516	-
10571	3611	3647	1516	-
10571	3611	3647	1516	-
7782	15667	3647	1524	-
17624	3611	3647	1542	-
3611	2422	3647	1551	-
3611	2422	3647	1555	-
3611	1442	3647	1556	-
3374	7696	3647	1558	-
882	16531	2619	1571	-
19603	9554	2619	1573	-
11001	19834	2619	1574	-
11001	15667	2619	1574	-
13993	19834	2619	1576	-
13993	19834	2619	1579	-
13993	19834	2619	1581	-
13993	19834	2619	1583	-
13993	19834	2619	1586	-
13993	19834	2619	1586	-
19350	7215	2619	1598	-
16409	8530	2619	1618	-
6114	9096	2619	1618	-
8048	14437	2619	1618	-
8048	3297	2619	1618	-
7215	1633	2619	1619	-
8048	3461	2619	1619	-
8048	4981	2619	1621	-
8048	16593	2619	1622	-
8048	9554	2619	1623	-
8048	16332	2619	1625	-
3076	14437	27999	1628	-
6775	9554	27999	1635	-
3374	22609	27999	1640	-
16409	8530	27999	1644	-
20312	3461	27999	1644	-
3957	15894	27999	1646	-
20367	19350	27999	1646	-
3957	15394	27999	1651	-
3957	15394	27999	1651	-
3957	15894	27999	1651	-
16409	8530	27999	1653	-
10429	22986	27999	1654	-
10429	13122	27999	1654	-
6114	9096	27999	1661	-
3297	11900	27999	1664	-
3297	21708	27999	1664	-
17923	15394	27999	1667	-
17923	13122	27999	1667	-
6775	587	27999	1667	-
19350	7215	27999	1669	-
11001	1633	27999	1672	-
11001	15667	27999	1672	-
6114	9096	27999	1673	-
11001	21708	27999	1673	-
6114	9096	27999	1681	-
6775	16531	27999	1684	-
16409	8530	36182	1689	-
13993	13122	36182	1689	-
13993	13122	36182	1691	-
13993	13122	36182	1693	-
13993	13122	36182	1695	-
17624	3611	36182	1696	-
19350	7215	36182	1698	-
13993	13122	36182	1698	-
13993	13122	36182	1698	-
6114	9096	36182	1704	-
3374	7696	36182	1706	-
17923	13122	36182	1720	-
6775	587	36182	1720	-
6114	9096	36182	1742	-
14547	15667	24833	1746	-
10571	3611	24833	1767	-
10571	3611	24833	1767	-
13993	21708	24833	1778	-
17624	16593	24833	1779	-
