4800	2973	2951	0	-
4800	2973	2951	0	-
4800	2973	2951	0	-
4800	2973	2951	0	-
13993	5836	37926	7	-
13993	5836	37926	7	-
13993	5836	37926	7	-
13993	5836	37926	7	-
3076	8452	37926	7	-
4800	15394	37926	11	-
15737	1834	37926	16	-
15737	1834	37926	16	-
15737	1834	37926	16	-
15737	1834	37926	16	-
15737	1834	37926	16	-
4800	19019	37926	17	-
6775	3611	37926	31	-
20312	23167	37926	40	-
6775	2843	37926	41	-
20312	2843	37926	46	-
6775	7268	37926	50	-
20312	4981	37926	55	-
4800	5319	37926	56	-
4800	16416	37926	56	-
4800	5319	37926	56	-
4800	5319	37926	56	-
4800	5319	37926	56	-
4800	5319	37926	56	-
4800	5319	37926	56	-
4800	5319	37926	56	-
3957	13122	37926	59	-
3957	15394	37926	59	-
20367	19350	37926	60	-
20312	3461	37926	60	-
20312	9554	37926	63	-
14547	3374	37926	64	-
14547	3374	37926	64	-
14547	3374	37926	64	-
14547	3374	37926	64	-
14547	3374	37926	64	-
16671	15667	37761	69	-
17624	3461	37761	72	-
3957	15394	37761	74	-
17624	3461	37761	74	-
16671	5938	37761	75	-
17624	3461	37761	76	-
17624	3461	37761	79	-
16671	5938	37761	79	-
4800	5319	37761	80	-
4800	5319	37761	80	-
4800	5319	37761	80	-
4800	5319	37761	80	-
16671	19834	37761	80	-
17624	3461	37761	81	-
16671	11900	37761	81	-
16671	5938	37761	82	-
17624	3461	37761	83	-
17624	3461	37761	87	-
17624	3461	37761	87	-
17624	3461	37761	87	-
17624	3461	37761	87	-
17624	3461	37761	87	-
17624	3461	37761	87	-
17624	3461	37761	87	-
17624	3461	37761	87	-
17624	3461	37761	87	-
17624	3461	37761	87	-
17624	3461	37761	87	-
17624	3461	37761	87	-
17624	3461	37761	87	-
17624	3461	37761	87	-
17624	3461	37761	87	-
17624	3461	37761	87	-
17624	3461	37761	87	-
17624	3461	37761	87	-
20367	19350	37761	90	-
3957	15394	37761	90	-
3957	15394	37761	90	-
3957	15394	37761	90	-
6775	3611	37761	91	-
6775	3611	37761	91	-
6775	3611	37761	91	-
6775	3611	37761	91	-
6775	3611	37761	91	-
6775	3611	37761	91	-
6775	3611	37761	91	-
4800	2973	37761	95	-
4800	2973	37761	96	-
4800	2973	37761	96	-
4800	2973	37761	96	-
4800	15394	37761	107	-
15394	4800	37761	111	-
23317	882	37761	111	-
3076	14437	42127	132	-
15737	12550	42127	133	-
3611	22986	42127	133	-
16671	19834	42127	134	-
15737	12550	42127	134	-
15737	12550	42127	134	-
15737	12550	42127	134	-
15737	12550	42127	134	-
15737	12550	42127	134	-
15737	12550	42127	134	-
15737	12550	42127	134	-
15737	12550	42127	134	-
15737	12550	42127	134	-
3076	3297	42127	134	-
15737	12550	42127	135	-
15737	12550	42127	135	-
15737	12550	42127	135	-
15737	12550	42127	135	-
15737	12550	42127	135	-
15737	12550	42127	135	-
15737	12550	42127	135	-
17624	16332	42127	137	-
3076	16531	42127	138	-
3076	7268	42127	146	-
15394	4800	42127	147	-
23317	882	42127	147	-
3076	9554	42127	147	-
3957	15394	42127	150	-
20367	19350	42127	150	-
12332	14437	42127	151	-
4800	6044	42127	152	-
4800	6044	42127	152	-
14547	3374	42127	153	-
14547	3374	42127	153	-
14547	3374	42127	153	-
4800	15394	42127	163	-
3076	3297	42127	163	-
4800	7727	42127	166	-
4800	7727	42127	166	-
4800	7727	42127	166	-
4800	7727	42127	166	-
4800	7727	42127	166	-
4800	7727	42127	166	-
4800	7727	42127	166	-
4800	7727	42127	166	-
4800	7727	42127	166	-
4800	7727	42127	166	-
4800	7727	42127	166	-
4800	7727	42127	166	-
4800	7727	42127	166	-
4800	7727	42127	166	-
4800	6044	42127	167	-
20312	14437	42127	170	-
20312	3461	42127	171	-
13993	15394	42127	174	-
13993	20181	42127	177	-
13993	15394	42127	177	-
13993	20181	42127	177	-
13993	20181	42127	178	-
13993	20181	42127	178	-
13993	20181	42127	178	-
13993	20181	42127	178	-
13993	20181	42127	178	-
13993	20181	42127	178	-
13993	20181	42127	179	-
13993	20181	42127	179	-
13993	20181	42127	179	-
13993	20181	42127	179	-
13993	20181	42127	179	-
13993	20181	42127	179	-
13993	20181	42127	179	-
3957	587	42127	179	-
13993	11715	42127	179	-
13993	11715	42127	179	-
13993	20181	42127	179	-
13993	15394	11054	190	-
4800	2973	11054	196	-
4800	2973	11054	197	-
4800	2973	11054	197	-
4800	2973	11054	197	-
14547	3374	11054	209	-
14547	3374	11054	209	-
14547	3374	11054	209	-
14547	3374	11054	209	-
15506	19350	11054	218	-
7782	22986	11054	223	-
4800	5319	11054	223	-
4800	5319	11054	224	-
4800	16416	11054	224	-
4800	5319	11054	224	-
4800	5319	11054	224	-
4800	5319	11054	224	-
4800	5319	11054	224	-
4800	5319	11054	224	-
4800	5319	11054	224	-
3957	19531	11054	226	-
19603	9554	11054	226	-
19603	16332	11054	227	-
4800	5319	11054	229	-
4800	5319	11054	229	-
4800	5319	11054	229	-
4800	5319	11054	229	-
3957	11900	11054	234	-
10571	3461	11054	234	-
13993	16493	11054	235	-
13993	16493	11054	235	-
13993	16493	11054	235	-
13993	16493	11054	235	-
13993	16493	11054	235	-
10571	16332	11054	235	-
13993	16493	11054	236	-
13993	16493	11054	236	-
13993	16493	11054	236	-
13993	16493	11054	236	-
13993	16493	11054	236	-
13993	16493	11054	236	-
13993	16493	11054	236	-
13993	16493	11054	236	-
13993	16493	11054	236	-
3957	15394	11054	240	-
13993	15394	11351	247	-
13993	17232	11351	250	-
13993	17232	11351	250	-
7782	22986	11351	258	-
7782	19531	11351	258	-
7782	1633	11351	260	-
3611	5938	11351	264	-
3611	15894	11351	264	-
3957	15394	11351	270	-
3957	15394	11351	270	-
3957	15394	11351	270	-
20367	19350	11351	270	-
3957	15394	11351	271	-
4800	15394	11351	275	-
4800	4761	11351	278	-
4800	4761	11351	278	-
4800	4761	11351	278	-
4800	6044	11351	278	-
4800	4761	11351	278	-
4800	4761	11351	282	-
4800	4761	11351	282	-
4800	6044	11351	289	-
4800	6044	11351	289	-
14547	15394	11351	289	-
6775	3611	1498	324	-
3957	13122	1498	324	-
3957	15394	1498	324	-
3957	22986	1498	324	-
4800	6044	1498	327	-
4800	2514	1498	327	-
20367	19350	1498	330	-
14547	7520	1498	334	-
14547	7520	1498	334	-
13993	17232	1498	335	-
13993	15394	1498	339	-
13993	18837	1498	342	-
13993	18837	1498	342	-
882	3461	1498	343	-
15737	12550	1498	350	-
15737	12550	1498	350	-
15737	12550	1498	350	-
15737	12550	1498	350	-
15737	12550	1498	350	-
15737	12550	1498	350	-
15737	12550	1498	350	-
15737	12550	1498	350	-
15737	12550	1498	350	-
15737	12550	1498	350	-
15737	12550	1498	350	-
15737	12550	1498	350	-
15737	12550	1498	351	-
15737	12550	1498	351	-
15737	12550	1498	351	-
15737	12550	1498	351	-
15737	12550	1498	351	-
15737	12550	1498	351	-
15737	12550	1498	351	-
15737	12550	1498	351	-
15737	12550	1498	351	-
15737	12550	1498	351	-
15737	12550	1498	351	-
15737	12550	1498	351	-
15737	12550	1498	351	-
15737	12550	1498	351	-
15737	12550	1498	351	-
15737	12550	1498	351	-
15737	12550	1498	351	-
15737	12550	1498	351	-
15737	12550	1498	351	-
15737	12550	1498	351	-
15737	12550	1498	351	-
15737	12550	1498	351	-
15737	12550	1498	351	-
15737	12550	1498	351	-
4800	7727	1498	356	-
4800	7727	1498	356	-
4800	7727	1498	356	-
4800	7727	1498	356	-
4800	7727	1498	356	-
4800	7727	1498	356	-
4800	7727	1498	356	-
4800	7727	1498	356	-
4800	7727	1498	356	-
4800	7727	1498	356	-
4800	7727	1498	356	-
4800	7727	1498	356	-
4800	6044	1498	356	-
4800	7727	1498	356	-
4800	7727	1498	356	-
4800	2514	1498	357	-
3957	15394	1498	359	-
13993	15394	43075	382	-
15737	17649	43075	403	-
15737	17649	43075	403	-
15737	17649	43075	403	-
15737	17649	43075	403	-
15737	17649	43075	403	-
14547	21980	43075	403	-
14547	21980	43075	403	-
15737	17649	43075	403	-
15737	17649	43075	403	-
4800	4761	43075	403	-
14547	21980	43075	404	-
14547	21980	43075	404	-
4800	4761	43075	404	-
4800	4761	43075	404	-
4800	6044	43075	404	-
4800	4761	43075	404	-
14547	22986	43075	406	-
4800	6044	43075	414	-
4800	4761	43075	414	-
4800	4761	43075	414	-
4800	2514	43075	414	-
20367	19350	43075	420	-
13993	5587	36019	427	-
13993	5587	36019	427	-
15737	13152	36019	430	-
15737	4323	36019	430	-
4800	2514	36019	435	-
12332	16531	36019	448	-
13993	21708	36019	453	-
19531	22986	36019	455	-
13993	21708	36019	456	-
13993	21708	36019	458	-
13993	21708	36019	460	-
13993	21708	36019	463	-
13993	21708	36019	463	-
20367	19350	36019	480	-
20367	19350	36019	485	-
3957	15394	33259	490	-
14547	15394	33259	493	-
14547	15394	33259	493	-
13993	15394	33259	493	-
20367	19350	33259	493	-
7782	5938	33259	493	-
3611	5938	33259	493	-
7215	5938	33259	493	-
14547	15394	33259	494	-
14547	15394	33259	494	-
3611	15894	33259	494	-
13993	19006	33259	496	-
14547	18922	33259	497	-
14547	7089	33259	497	-
14547	15394	33259	497	-
13993	15394	33259	497	-
7215	19834	33259	497	-
7782	1633	33259	497	-
20367	19350	33259	499	-
14547	22857	33259	500	-
14547	22857	33259	500	-
14547	22857	33259	500	-
13993	9210	33259	500	-
14547	18922	33259	500	-
13993	15394	33259	500	-
14547	18922	33259	500	-
14547	18922	33259	500	-
14547	18922	33259	500	-
14547	18922	33259	500	-
14547	18922	33259	500	-
14547	22857	33259	500	-
14547	18922	33259	500	-
14547	18922	33259	500	-
14547	18922	33259	500	-
14547	18922	33259	500	-
14547	18922	33259	500	-
14547	18922	33259	500	-
14547	18922	33259	500	-
14547	18922	33259	500	-
14547	18922	33259	500	-
13993	17798	33259	503	-
13993	17798	33259	503	-
13993	17798	33259	503	-
20367	19350	33259	510	-
3957	15394	33259	511	-
3957	15394	33259	511	-
20367	19350	33259	511	-
20367	19350	33259	511	-
3297	5938	33259	515	-
12332	16332	33259	516	-
15737	2234	33259	517	-
15737	2234	33259	517	-
6775	3611	33259	523	-
7782	5938	33259	524	-
14547	6673	33259	542	-
20367	19350	33259	542	-
3957	15394	33259	542	-
14547	7089	33259	542	-
882	3611	28935	577	-
4800	15394	28935	579	-
14547	18922	28935	583	-
14547	7089	28935	583	-
15737	13152	28935	583	-
15737	13152	28935	583	-
14547	22857	28935	583	-
14547	22857	28935	583	-
3297	1001	28935	583	-
14547	22857	28935	583	-
19839	19834	28935	583	-
14547	18922	28935	584	-
14547	18922	28935	584	-
14547	18922	28935	584	-
14547	18922	28935	584	-
14547	22857	28935	584	-
14547	18922	28935	584	-
14547	18922	28935	584	-
14547	18922	28935	584	-
14547	18922	28935	584	-
14547	18922	28935	584	-
14547	18922	28935	584	-
14547	18922	28935	584	-
14547	18922	28935	584	-
14547	18922	28935	584	-
14547	18922	28935	584	-
14547	18922	28935	584	-
4800	16682	28935	586	-
4800	16682	28935	587	-
4800	16682	28935	587	-
4800	16682	28935	587	-
4800	16682	28935	587	-
4800	16682	28935	587	-
4800	16682	28935	587	-
4800	16682	28935	587	-
4800	16682	28935	587	-
4800	16682	28935	587	-
4800	6044	28935	587	-
882	2843	28935	588	-
882	4981	28935	588	-
3957	15394	28935	592	-
11001	5938	28935	600	-
4800	16682	45849	612	-
4800	16682	45849	612	-
4800	4761	45849	612	-
4800	4761	45849	612	-
4800	4761	45849	612	-
4800	4761	45849	614	-
4800	2514	45849	614	-
4800	4761	45849	614	-
4800	4761	45849	614	-
4800	4761	45849	614	-
4800	4761	45849	614	-
4800	4761	45849	614	-
4800	4761	45849	614	-
4800	4761	45849	614	-
4800	4761	45849	614	-
4800	4761	45849	614	-
4800	4761	45849	614	-
4800	4761	45849	614	-
4800	4761	45849	614	-
10571	9554	45849	618	-
13993	17798	45849	620	-
13993	9210	45849	620	-
13993	19006	45849	620	-
3957	15394	45849	622	-
20367	19350	45849	632	-
14547	15394	45849	636	-
6775	3611	17316	669	-
6775	3611	17316	673	-
6775	3611	17316	673	-
14547	3178	17316	673	-
14547	3178	17316	673	-
14547	3178	17316	674	-
14547	15394	17316	684	-
14547	21684	17316	687	-
14547	21684	17316	687	-
14547	21684	17316	687	-
14547	21684	17316	687	-
14547	21684	17316	687	-
14547	21684	17316	687	-
14547	21684	17316	687	-
14547	21684	17316	687	-
14547	21684	17316	687	-
14547	21684	17316	687	-
14547	21684	17316	687	-
14547	21684	17316	687	-
14547	21684	17316	687	-
14547	21684	17316	688	-
14547	21684	17316	688	-
14547	21684	17316	688	-
14547	21684	17316	688	-
14547	21684	17316	688	-
14547	21684	17316	688	-
4800	16682	17316	692	-
4800	16682	17316	693	-
4800	16682	17316	693	-
4800	16682	17316	693	-
4800	16682	17316	693	-
4800	6044	17316	693	-
4800	16682	17316	693	-
4800	16682	17316	693	-
4800	16682	17316	693	-
4800	16682	17316	693	-
4800	16682	17316	693	-
4800	4761	17316	694	-
4800	16682	17316	694	-
4800	16682	17316	694	-
4800	4761	17316	694	-
4800	4761	17316	694	-
4800	4761	17316	696	-
4800	4761	17316	696	-
4800	4761	17316	696	-
4800	4761	17316	696	-
4800	4761	17316	696	-
4800	4761	17316	696	-
4800	2514	17316	696	-
4800	4761	17316	696	-
4800	4761	17316	696	-
4800	4761	17316	696	-
4800	4761	17316	696	-
4800	4761	17316	696	-
4800	4761	17316	696	-
4800	4761	17316	696	-
15737	17649	17316	705	-
15737	17649	17316	705	-
15737	17649	17316	705	-
23317	882	17316	711	-
15394	4800	17316	711	-
6775	3611	17316	716	-
15737	137	17316	724	-
15737	137	17316	724	-
15737	137	17316	724	-
15737	137	17316	724	-
15737	137	17316	724	-
15737	137	17316	724	-
15737	137	17316	724	-
15737	137	17316	724	-
15737	137	17316	724	-
15737	137	17316	724	-
15737	137	17316	724	-
15737	137	17316	724	-
15737	137	17316	724	-
15737	137	17316	724	-
15737	137	17316	724	-
15737	137	17316	724	-
15737	137	17316	724	-
15737	137	17316	724	-
15737	137	17316	724	-
15737	137	17316	724	-
15737	137	17316	724	-
15737	137	17316	724	-
15737	137	17316	724	-
15737	137	17316	724	-
15737	137	17316	724	-
15737	137	17316	725	-
15737	137	17316	725	-
15737	137	17316	725	-
15737	137	17316	725	-
15737	137	17316	725	-
15737	137	17316	726	-
15737	137	17316	726	-
15737	137	17316	726	-
15737	137	17316	726	-
15737	137	17316	726	-
15737	137	17316	726	-
15737	137	17316	726	-
15737	137	17316	726	-
15737	137	17316	726	-
15737	137	17316	726	-
15737	137	17316	726	-
15737	137	17316	726	-
14547	15394	4145	737	-
4800	16682	4145	745	-
4800	16682	4145	745	-
4800	16682	4145	745	-
4800	16682	4145	745	-
4800	16682	4145	746	-
4800	16682	4145	746	-
4800	16682	4145	746	-
4800	16682	4145	746	-
4800	16682	4145	746	-
4800	16682	4145	746	-
15394	4800	4145	747	-
23317	882	4145	747	-
15737	2973	4145	763	-
3611	19531	4145	763	-
15737	2973	4145	764	-
15737	2973	4145	764	-
15737	2973	4145	764	-
15737	2973	4145	764	-
15737	2973	4145	764	-
15737	2973	4145	764	-
15737	2973	4145	764	-
15737	2973	4145	764	-
15737	2973	4145	764	-
15737	2973	4145	764	-
15737	2973	4145	765	-
15737	2973	4145	765	-
15737	2973	4145	765	-
15737	2973	4145	765	-
4800	16682	4145	770	-
4800	15394	4145	775	-
4800	6049	4145	778	-
4800	6049	4145	778	-
4800	6049	4145	778	-
4800	6049	4145	778	-
4800	6049	4145	778	-
4800	6049	4145	778	-
13993	19006	4145	780	-
14547	8477	4145	782	-
15737	2973	4145	782	-
20367	19350	4145	782	-
15737	2973	4145	782	-
14547	8477	4145	782	-
14547	8477	4145	782	-
15737	2973	4145	782	-
14547	8477	4145	782	-
15737	2973	4145	782	-
15737	2973	4145	782	-
15737	2973	4145	782	-
15737	2973	4145	782	-
14547	8477	4145	782	-
14547	8477	4145	782	-
14547	8477	4145	782	-
14547	8477	4145	782	-
14547	8477	4145	783	-
14547	8477	4145	783	-
14547	8477	4145	783	-
14547	8435	4145	786	-
14547	8477	4145	786	-
14547	8477	4145	786	-
14547	8435	4145	786	-
14547	8477	4145	786	-
14547	8477	4145	786	-
14547	8435	4145	786	-
14547	8477	4145	786	-
14547	8477	4145	786	-
14547	8477	4145	786	-
14547	8477	4145	786	-
14547	8477	4145	786	-
14547	8477	4145	786	-
14547	8477	4145	786	-
14547	8477	4145	786	-
14547	8477	4145	786	-
14547	8477	4145	786	-
14547	15394	4145	786	-
6775	3611	17295	788	-
6775	3611	17295	788	-
6775	3611	17295	788	-
6775	3611	17295	788	-
6775	3611	17295	788	-
6775	3611	17295	788	-
6775	3611	17295	788	-
14547	13950	17295	789	-
14547	15394	17295	792	-
4800	15394	17295	794	-
14547	17817	17295	795	-
14547	9039	17295	815	-
14547	109	17295	815	-
14547	8550	17295	818	-
14547	8550	17295	818	-
14547	8550	17295	818	-
7215	20668	4046	853	-
14547	17817	4046	853	-
14547	17817	4046	853	-
3611	5938	4046	853	-
7215	20668	4046	854	-
7215	20668	4046	854	-
7215	20668	4046	854	-
7215	20668	4046	854	-
7215	20668	4046	854	-
7215	20668	4046	854	-
7215	20668	4046	854	-
7215	20668	4046	854	-
7215	20668	4046	854	-
7215	20668	4046	854	-
7215	20668	4046	854	-
7215	20668	4046	855	-
7215	20668	4046	855	-
7215	20668	4046	855	-
7215	20668	4046	855	-
7215	20668	4046	855	-
7215	20668	4046	855	-
7215	20668	4046	855	-
7215	20668	4046	855	-
7215	20668	4046	855	-
7215	20668	4046	855	-
7215	20668	4046	855	-
7215	20668	4046	855	-
7215	20668	4046	855	-
7215	20668	4046	855	-
13993	19006	4046	860	-
13993	17798	4046	860	-
13993	9210	4046	860	-
16671	5938	4046	863	-
15737	19019	4046	868	-
16671	5938	4046	869	-
20312	3297	4046	871	-
3957	5938	4046	871	-
20312	3461	4046	871	-
20367	19350	4046	872	-
20367	587	4046	872	-
20367	19350	4046	872	-
20367	19350	4046	872	-
20312	9554	4046	874	-
7215	20668	4046	885	-
7215	20668	4046	886	-
7215	20668	4046	886	-
7215	20668	4046	886	-
7215	20668	4046	886	-
7215	20668	4046	886	-
7215	20668	4046	886	-
7215	20668	4046	886	-
7215	20668	4046	886	-
7215	20668	4046	886	-
7215	20668	4046	886	-
7215	20495	4046	886	-
7215	20668	4046	886	-
7215	20668	4046	886	-
7215	20668	4046	886	-
7215	20668	4046	886	-
7215	20668	4046	886	-
13993	22986	4046	886	-
7215	20668	4046	886	-
13993	19834	4046	887	-
19603	2843	4046	889	-
19603	16531	4046	891	-
14547	5938	4046	901	-
3957	15394	4046	903	-
3957	15394	4046	903	-
3957	15394	4046	903	-
10429	5938	4046	903	-
7215	20367	4046	906	-
882	23167	35981	908	-
3957	19834	35981	908	-
882	2843	35981	908	-
7215	9591	35981	909	-
882	16531	35981	913	-
20367	19598	35981	920	-
3957	15394	35981	922	-
3957	15394	35981	923	-
3957	15394	35981	924	-
4800	15394	35981	925	-
16671	5938	35981	928	-
4800	15394	35981	930	-
3957	15394	35981	932	-
3957	15394	35981	933	-
16671	5938	35981	934	-
16671	22986	35981	936	-
16671	5938	35981	937	-
882	16593	35981	938	-
20367	19598	35981	940	-
4800	15394	35981	943	-
15737	2973	35981	943	-
16671	13122	35981	943	-
4800	16682	35981	943	-
15737	2973	35981	944	-
4800	16682	35981	944	-
4800	16682	35981	944	-
15737	2973	35981	944	-
4800	16682	35981	944	-
4800	16682	35981	944	-
882	8452	35981	944	-
15737	2973	35981	944	-
4800	16682	35981	944	-
4800	16682	35981	945	-
4800	16682	35981	945	-
4800	16682	35981	945	-
4800	16682	35981	945	-
7215	20367	35981	946	-
7215	20367	35981	946	-
7215	20367	35981	946	-
7215	20367	35981	946	-
7215	20367	35981	946	-
7215	9591	35981	946	-
7215	20367	35981	946	-
7215	20367	35981	946	-
7215	20367	35981	946	-
15737	2973	35981	947	-
15737	2973	35981	947	-
15737	2973	35981	947	-
15737	2973	35981	947	-
3957	15394	35981	949	-
4800	16682	35981	954	-
3957	15394	35981	962	-
3957	15394	35981	963	-
20367	19350	35981	963	-
10571	4981	35981	965	-
6775	3611	45957	973	-
6775	3611	45957	973	-
6775	3611	45957	973	-
6775	3611	45957	973	-
6775	3611	45957	973	-
6775	19350	45957	973	-
6775	3611	45957	973	-
6775	3611	45957	973	-
6775	3611	45957	973	-
6775	3611	45957	973	-
13993	15667	45957	974	-
3957	15394	45957	992	-
7215	20367	45957	992	-
7215	9591	45957	992	-
7215	20367	45957	1011	-
7215	20367	45957	1011	-
7215	20367	45957	1011	-
7215	20367	45957	1011	-
7215	9591	45957	1011	-
7215	20367	45957	1011	-
7215	20367	45957	1011	-
7215	20367	45957	1022	-
7215	20367	45957	1022	-
7215	20367	45957	1022	-
7215	20367	45957	1022	-
7215	9591	45957	1022	-
7215	20367	45957	1022	-
7215	20367	45957	1022	-
7215	20367	45957	1022	-
14547	15394	24681	1027	-
6775	3611	24681	1031	-
14547	15394	24681	1032	-
15737	5319	24681	1033	-
4800	6049	24681	1033	-
14547	15394	24681	1033	-
15737	16416	24681	1033	-
6775	3611	24681	1033	-
4800	6049	24681	1034	-
15737	5319	24681	1034	-
6775	3611	24681	1034	-
15737	5319	24681	1034	-
4800	6049	24681	1034	-
15737	5319	24681	1034	-
4800	6049	24681	1034	-
4800	6049	24681	1034	-
15737	5319	24681	1034	-
4800	6049	24681	1034	-
15737	5319	24681	1034	-
15737	5319	24681	1034	-
6775	3611	24681	1034	-
14547	18710	24681	1036	-
10571	23167	24681	1037	-
14547	18710	24681	1037	-
20312	3461	24681	1038	-
15737	5319	24681	1074	-
15737	5319	24681	1074	-
15737	5319	24681	1074	-
15737	5319	24681	1074	-
882	16531	24681	1075	-
4800	15394	24681	1080	-
14547	15394	7326	1087	-
3957	15394	7326	1098	-
6775	16332	7326	1120	-
14547	19476	7326	1123	-
3957	15667	7326	1123	-
14547	19476	7326	1123	-
4800	3548	7326	1123	-
14547	19476	7326	1123	-
7215	20367	7326	1123	-
17624	16531	7326	1123	-
14547	19476	7326	1124	-
14547	19476	7326	1124	-
7215	9591	7326	1125	-
14547	19476	7326	1125	-
14547	19476	7326	1125	-
4800	3548	7326	1125	-
4800	3548	7326	1126	-
4800	3548	7326	1126	-
4800	3548	7326	1126	-
4800	3548	7326	1126	-
4800	3548	7326	1126	-
17624	16531	7326	1126	-
4800	3548	7326	1126	-
4800	3548	7326	1126	-
4800	3548	7326	1126	-
4800	3548	7326	1126	-
4800	3548	7326	1126	-
4800	3548	7326	1126	-
4800	3548	7326	1126	-
4800	3548	7326	1127	-
4800	3548	7326	1127	-
4800	3548	7326	1127	-
4800	3548	7326	1127	-
4800	3548	7326	1127	-
4800	3548	7326	1127	-
4800	3548	7326	1127	-
4800	3548	7326	1127	-
4800	3548	7326	1127	-
4800	3548	7326	1127	-
4800	3548	7326	1127	-
4800	3548	7326	1127	-
4800	3548	7326	1127	-
6775	3611	7326	1128	-
17624	16531	7326	1128	-
17624	16531	7326	1130	-
13993	15667	7326	1133	-
13993	15667	7326	1136	-
13993	15667	7326	1136	-
4800	3548	7326	1145	-
4800	626	7326	1145	-
4800	626	7326	1145	-
4800	626	7326	1145	-
4800	626	7326	1145	-
4800	626	7326	1145	-
4800	626	7326	1145	-
4800	626	7326	1145	-
4800	626	7326	1145	-
4800	626	7326	1145	-
15737	6044	7450	1149	-
15737	6044	7450	1149	-
7215	9591	7450	1158	-
7215	20367	7450	1158	-
4800	626	7450	1158	-
7215	20367	7450	1158	-
7215	20367	7450	1158	-
7215	20367	7450	1158	-
4800	626	7450	1158	-
4800	626	7450	1158	-
4800	626	7450	1158	-
4800	626	7450	1158	-
4800	626	7450	1158	-
4800	626	7450	1158	-
7215	20367	7450	1158	-
7215	20367	7450	1158	-
7215	20367	7450	1158	-
7215	20367	7450	1158	-
7215	20367	7450	1158	-
7215	20367	7450	1158	-
7215	20367	7450	1158	-
7215	20367	7450	1158	-
7215	20367	7450	1158	-
7215	7215	7450	1164	-
7215	7215	7450	1164	-
7215	7215	7450	1164	-
7215	7215	7450	1164	-
7215	7215	7450	1164	-
7215	7215	7450	1164	-
7215	7215	7450	1164	-
7215	7215	7450	1164	-
7215	7215	7450	1164	-
7215	7215	7450	1164	-
7215	7215	7450	1164	-
15737	7727	6738	1213	-
15737	7727	6738	1214	-
15737	6044	6738	1214	-
15737	7727	6738	1214	-
15737	7727	6738	1214	-
15737	7727	6738	1214	-
15737	7727	6738	1214	-
15737	7727	6738	1214	-
15737	7727	6738	1214	-
15737	7727	6738	1214	-
15737	7727	6738	1214	-
15737	7727	6738	1214	-
15737	7727	6738	1214	-
15737	7727	6738	1214	-
6775	3611	6738	1214	-
15737	7727	6738	1214	-
6775	3611	6738	1215	-
6775	3611	6738	1215	-
6775	3611	6738	1215	-
6775	3611	6738	1215	-
6775	3611	6738	1215	-
6775	3611	6738	1215	-
14547	19476	6738	1220	-
14547	19476	6738	1220	-
14547	19476	6738	1220	-
14547	19476	6738	1220	-
14547	19476	6738	1220	-
3957	13122	6738	1228	-
4800	15394	6738	1237	-
4800	22194	6738	1238	-
15506	19350	6738	1242	-
4800	626	6738	1252	-
4800	626	6738	1252	-
4800	626	6738	1252	-
4800	626	6738	1252	-
4800	626	6738	1252	-
4800	626	6738	1252	-
4800	626	6738	1252	-
15737	4761	6738	1265	-
15737	4761	6738	1265	-
15737	4761	6738	1265	-
15737	6044	6738	1265	-
15737	4761	6738	1265	-
6775	3611	27187	1269	-
6775	3611	27187	1269	-
6775	3611	27187	1269	-
6775	3611	27187	1269	-
6775	3611	27187	1269	-
6775	3611	27187	1269	-
6775	3611	27187	1269	-
14547	15394	27187	1269	-
3957	15394	27187	1269	-
14547	1947	27187	1303	-
14547	1947	27187	1303	-
14547	1947	27187	1303	-
4800	12149	27187	1303	-
4800	3548	27187	1303	-
14547	1947	27187	1303	-
7215	3548	27187	1303	-
4800	12149	27187	1304	-
4800	12149	27187	1304	-
4800	12149	27187	1304	-
4800	12149	27187	1304	-
4800	12149	27187	1304	-
4800	12149	27187	1304	-
4800	12149	27187	1304	-
4800	3548	27187	1305	-
7215	3548	27187	1305	-
15737	4761	27187	1305	-
4800	3548	27187	1305	-
7215	3548	27187	1305	-
4800	3548	27187	1305	-
15737	4761	27187	1305	-
4800	3548	27187	1305	-
4800	3548	27187	1305	-
4800	3548	27187	1305	-
7215	3548	27187	1305	-
4800	3548	27187	1305	-
15737	2514	27187	1305	-
4800	3548	27187	1306	-
7215	3548	27187	1306	-
4800	3548	27187	1306	-
7215	3548	27187	1306	-
4800	3548	27187	1306	-
4800	3548	27187	1306	-
7215	3548	27187	1306	-
4800	3548	27187	1306	-
7215	3548	27187	1306	-
4800	3548	27187	1306	-
7215	3548	27187	1306	-
4800	3548	27187	1306	-
15737	6044	27187	1306	-
4800	3548	27187	1306	-
7215	3548	27187	1306	-
4800	3548	27187	1306	-
7215	3548	27187	1306	-
4800	3548	27187	1306	-
7215	3548	27187	1306	-
7215	3548	27187	1306	-
4800	3548	27187	1306	-
7215	3548	27187	1306	-
4800	3548	27187	1306	-
7215	3548	27187	1306	-
7215	3548	27187	1306	-
4800	3548	27187	1306	-
7215	3548	27187	1306	-
4800	3548	27187	1306	-
7215	3548	27187	1306	-
4800	3548	27187	1306	-
7215	3548	27187	1306	-
7215	3548	27187	1306	-
4800	3548	27187	1306	-
4800	3548	27187	1306	-
7215	3548	27187	1306	-
4800	3548	27187	1306	-
7215	3548	27187	1306	-
4800	3548	27187	1306	-
7215	3548	27187	1306	-
7215	3548	27187	1307	-
7215	3548	27187	1307	-
7215	3548	27187	1307	-
7215	3548	27187	1307	-
15394	4800	27187	1311	-
23317	882	27187	1311	-
6775	3611	4221	1329	-
6775	3611	4221	1329	-
13993	15667	4221	1331	-
17624	16531	4221	1333	-
4800	15394	4221	1336	-
17624	16531	4221	1336	-
17624	16531	4221	1338	-
3957	587	4221	1339	-
4800	20214	4221	1339	-
4800	20214	4221	1339	-
4800	20214	4221	1339	-
4800	20214	4221	1339	-
4800	20214	4221	1339	-
4800	20214	4221	1339	-
4800	20214	4221	1339	-
4800	20214	4221	1339	-
4800	20214	4221	1339	-
17624	16531	4221	1340	-
4800	2470	4221	1342	-
17624	16531	4221	1342	-
4800	20214	4221	1342	-
4800	626	4221	1343	-
4800	20214	4221	1343	-
4800	20214	4221	1343	-
4800	626	4221	1343	-
4800	626	4221	1343	-
4800	626	4221	1343	-
4800	626	4221	1343	-
4800	626	4221	1343	-
4800	626	4221	1343	-
4800	626	4221	1343	-
4800	626	4221	1343	-
4800	3548	4221	1343	-
4800	20214	4221	1343	-
4800	20214	4221	1343	-
4800	20214	4221	1343	-
4800	20214	4221	1343	-
17624	16531	4221	1344	-
15394	4800	4221	1347	-
23317	882	4221	1347	-
17624	16531	4221	1348	-
17624	16531	4221	1348	-
17624	16531	4221	1348	-
17624	16531	4221	1348	-
17624	16531	4221	1348	-
17624	16531	4221	1348	-
17624	16531	4221	1348	-
17624	16531	4221	1348	-
17624	16531	4221	1348	-
17624	16531	4221	1348	-
17624	16531	4221	1348	-
17624	16531	4221	1348	-
17624	16531	4221	1348	-
17624	16531	4221	1348	-
17624	16531	4221	1348	-
17624	16531	4221	1348	-
17624	16531	4221	1348	-
17624	16531	4221	1348	-
19531	587	4221	1353	-
17923	14437	4221	1353	-
7215	3548	4221	1355	-
7215	3548	4221	1356	-
7215	3548	4221	1356	-
7215	3548	4221	1356	-
7215	3548	4221	1356	-
7215	3548	4221	1356	-
7215	3548	4221	1356	-
7215	3548	4221	1356	-
7215	3548	4221	1356	-
7215	20495	4221	1356	-
7215	3548	4221	1356	-
7215	20495	4221	1356	-
7215	3548	4221	1356	-
7215	3548	4221	1356	-
7215	3548	4221	1356	-
7215	3548	4221	1356	-
7215	3548	4221	1356	-
14547	1947	4221	1359	-
6775	3611	4221	1359	-
14547	1947	4221	1359	-
14547	1947	4221	1359	-
15737	2514	33519	1389	-
7215	3076	33519	1393	-
7215	3076	33519	1394	-
7215	3076	33519	1394	-
7215	3076	33519	1394	-
7215	3076	33519	1394	-
7215	3076	33519	1394	-
7215	3076	33519	1394	-
7215	3076	33519	1394	-
7215	3076	33519	1394	-
7215	3076	33519	1394	-
7215	3076	33519	1394	-
7215	3076	33519	1394	-
7215	3076	33519	1394	-
7215	3076	33519	1394	-
7215	3076	33519	1394	-
7215	3076	33519	1395	-
7215	6114	33519	1395	-
7215	3076	33519	1395	-
7215	3076	33519	1395	-
7215	3076	33519	1395	-
7215	3076	33519	1395	-
7215	3076	33519	1395	-
7215	3076	33519	1395	-
4800	20214	33519	1417	-
4800	20214	33519	1417	-
4800	20214	33519	1417	-
4800	20214	33519	1417	-
4800	2470	33519	1417	-
4800	20214	33519	1417	-
4800	20214	33519	1417	-
4800	20214	33519	1417	-
4800	20214	33519	1417	-
4800	20214	33519	1417	-
4800	20214	33519	1417	-
4800	20214	33519	1417	-
4800	20214	33519	1417	-
4800	20214	33519	1417	-
6775	3611	33519	1421	-
6775	3611	33519	1421	-
6775	3611	33519	1421	-
6775	3611	33519	1421	-
6775	3611	33519	1421	-
6775	3611	33519	1421	-
6775	3611	33519	1421	-
14547	1947	33519	1445	-
14547	1947	33519	1445	-
14547	1947	33519	1445	-
4800	12149	3608	1483	-
14547	19834	3608	1483	-
4800	12149	3608	1484	-
4800	12149	3608	1484	-
4800	1909	3608	1487	-
4800	3548	3608	1487	-
4800	12149	3608	1487	-
4800	12149	3608	1487	-
4800	7179	3608	1487	-
4800	12149	3608	1487	-
4800	7179	3608	1487	-
4800	12149	3608	1487	-
4800	12149	3608	1487	-
4800	7179	3608	1487	-
4800	7179	3608	1487	-
4800	12149	3608	1487	-
4800	12149	3608	1487	-
4800	12149	3608	1487	-
4800	12149	3608	1487	-
4800	12149	3608	1487	-
4800	12149	3608	1488	-
4800	12149	3608	1488	-
4800	12149	3608	1488	-
4800	7179	3608	1488	-
4800	12149	3608	1488	-
20312	3297	3608	1498	-
20312	4981	3608	1499	-
20312	16593	3608	1501	-
20312	9554	3608	1506	-
20312	16332	43853	1509	-
7215	3076	43853	1511	-
7215	3076	43853	1512	-
7215	3076	43853	1512	-
7215	3076	43853	1512	-
7215	3076	43853	1513	-
7215	3076	43853	1513	-
7215	3076	43853	1513	-
7215	3076	43853	1513	-
7215	3076	43853	1513	-
7215	20495	43853	1513	-
7215	3076	43853	1513	-
882	14437	43853	1526	-
882	3297	43853	1526	-
15737	16682	43853	1529	-
15737	16682	43853	1529	-
15737	16682	43853	1529	-
15737	16682	43853	1529	-
15737	16682	43853	1529	-
15737	16682	43853	1529	-
15737	16682	43853	1529	-
15737	16682	43853	1529	-
15737	16682	43853	1529	-
15737	16682	43853	1529	-
15737	6044	43853	1529	-
15737	16682	43853	1555	-
15737	16682	43853	1555	-
20312	16593	2400	1567	-
8048	9554	2400	1572	-
15737	4761	2400	1573	-
15737	4761	2400	1573	-
15737	4761	2400	1573	-
14547	15394	2400	1573	-
15737	4761	2400	1573	-
14547	15394	2400	1573	-
7215	3076	2400	1573	-
3957	1633	2400	1574	-
7215	3076	2400	1574	-
7215	3076	2400	1574	-
7215	3076	2400	1574	-
7215	3076	2400	1574	-
7215	3076	2400	1574	-
7215	3076	2400	1574	-
7215	3076	2400	1574	-
7215	3076	2400	1574	-
7215	3076	2400	1574	-
7215	20495	2400	1575	-
7215	3076	2400	1575	-
14547	19495	2400	1576	-
14547	15394	2400	1577	-
15737	4761	2400	1577	-
15737	4761	2400	1578	-
15737	4761	2400	1578	-
15737	4761	2400	1578	-
15737	2514	2400	1578	-
15737	4761	2400	1578	-
15737	4761	2400	1578	-
15737	4761	2400	1578	-
15737	4761	2400	1578	-
15737	4761	2400	1578	-
15737	4761	2400	1578	-
15737	4761	2400	1578	-
15737	4761	2400	1578	-
7215	3076	2400	1578	-
15737	4761	2400	1578	-
7215	3076	2400	1578	-
7215	3076	2400	1580	-
7215	3076	2400	1580	-
7215	3076	2400	1580	-
7215	3076	2400	1580	-
7215	3076	2400	1580	-
7215	3076	2400	1580	-
7215	3076	2400	1580	-
7215	3076	2400	1580	-
7215	3076	2400	1580	-
7215	3076	2400	1580	-
7215	3076	2400	1580	-
7215	486	2400	1596	-
7215	486	2400	1596	-
7215	486	2400	1596	-
7215	486	2400	1596	-
7215	486	2400	1596	-
7215	486	2400	1596	-
7215	486	2400	1596	-
7215	486	2400	1596	-
7215	486	2400	1596	-
7215	486	2400	1596	-
7215	486	2400	1596	-
7215	486	2400	1597	-
7215	486	2400	1597	-
7215	486	2400	1597	-
7215	486	2400	1597	-
7215	486	2400	1597	-
7215	486	2400	1597	-
7215	486	2400	1597	-
7215	486	2400	1597	-
14547	19495	13578	1637	-
14547	19495	13578	1637	-
14547	19495	13578	1637	-
14547	19495	13578	1637	-
14547	19495	13578	1637	-
14547	19495	13578	1637	-
14547	19495	13578	1637	-
12985	19834	13578	1639	-
4800	15394	13578	1643	-
4800	15394	13578	1648	-
4800	15394	13578	1653	-
17624	3297	13578	1661	-
7215	1681	13578	1663	-
4800	15394	13578	1663	-
7215	1681	13578	1663	-
4800	15394	13578	1663	-
7215	1681	13578	1663	-
7215	1681	13578	1663	-
7215	1681	13578	1664	-
7215	1681	13578	1664	-
7215	1681	13578	1664	-
7215	1681	13578	1664	-
7215	1681	13578	1664	-
12985	15667	13578	1664	-
7215	1681	13578	1664	-
17624	2843	13578	1664	-
7215	1681	13578	1665	-
7215	1681	13578	1665	-
7215	1681	13578	1665	-
7215	1681	13578	1665	-
7215	1681	13578	1665	-
4800	17214	13578	1666	-
4800	17214	13578	1668	-
4800	17214	13578	1668	-
4800	17214	13578	1668	-
4800	17214	13578	1668	-
17624	4981	13578	1668	-
4800	17214	13578	1669	-
4800	17214	13578	1669	-
4800	17214	13578	1669	-
4800	17214	13578	1669	-
4800	17214	13578	1669	-
4800	17214	13578	1669	-
4800	17214	13578	1669	-
4800	17214	13578	1669	-
4800	17214	13578	1669	-
4800	17214	13578	1669	-
4800	17214	13578	1669	-
4800	17214	13578	1669	-
4800	17214	13578	1669	-
4800	17214	13578	1669	-
4800	17214	13578	1669	-
4800	17214	13578	1669	-
4800	17214	13578	1669	-
4800	17214	13578	1669	-
4800	17214	13578	1670	-
4800	17214	13578	1670	-
4800	17214	13578	1670	-
4800	17214	13578	1670	-
4800	20214	13578	1676	-
4800	20214	13578	1676	-
4800	20214	13578	1676	-
4800	20214	13578	1676	-
4800	20214	13578	1676	-
4800	20214	13578	1677	-
4800	20214	13578	1677	-
4800	20214	13578	1677	-
4800	2470	13578	1677	-
4800	20214	13578	1677	-
4800	20214	13578	1677	-
4800	20214	13578	1677	-
4800	20214	13578	1677	-
4800	20214	13578	1677	-
4800	20214	13578	1677	-
4800	20214	13578	1677	-
4800	20214	13578	1677	-
20367	19350	13578	1682	-
6775	3611	15152	1694	-
6775	3611	15152	1695	-
6775	3611	15152	1695	-
6775	3611	15152	1695	-
6775	3611	15152	1695	-
6775	3611	15152	1695	-
6775	3611	15152	1695	-
7215	1681	15152	1700	-
7215	1681	15152	1700	-
7215	1681	15152	1700	-
7215	1681	15152	1700	-
7215	1681	15152	1700	-
7215	1681	15152	1700	-
3297	13122	15152	1704	-
4800	15394	15152	1705	-
11001	5938	15152	1707	-
14547	19495	15152	1707	-
14547	19495	15152	1707	-
14547	19495	15152	1707	-
14547	19495	15152	1707	-
14547	19495	15152	1707	-
14547	19495	15152	1707	-
14547	19495	15152	1707	-
11001	22986	15152	1707	-
14547	19495	15152	1707	-
4800	4864	15152	1708	-
14547	19495	15152	1708	-
4800	4864	15152	1708	-
4800	4864	15152	1708	-
11001	19834	15152	1708	-
4800	4864	15152	1708	-
4800	4864	15152	1709	-
4800	4864	15152	1709	-
11001	1633	15152	1709	-
11001	15667	15152	1710	-
882	8452	15152	1711	-
3957	11900	15152	1712	-
20367	19350	15152	1712	-
10571	3461	15152	1712	-
20367	19350	15152	1713	-
20367	19350	15152	1713	-
3957	15394	15152	1713	-
20367	19350	15152	1713	-
10571	9554	15152	1713	-
20367	19350	15152	1714	-
4800	4864	15152	1717	-
4800	4864	15152	1717	-
4800	4864	15152	1717	-
4800	4864	15152	1717	-
4800	4864	15152	1717	-
4800	4864	15152	1718	-
4800	4864	15152	1718	-
4800	4864	15152	1718	-
14547	19495	15152	1718	-
4800	4864	15152	1718	-
4800	4864	15152	1718	-
4800	4864	15152	1718	-
4800	4864	15152	1719	-
14547	19495	15152	1719	-
4800	4864	15152	1719	-
4800	4864	15152	1719	-
14547	19495	15152	1719	-
14547	19495	15152	1719	-
14547	19495	15152	1719	-
14547	19495	15152	1719	-
14547	19495	15152	1719	-
4800	4864	15152	1719	-
4800	4864	15152	1728	-
4800	4864	15152	1729	-
4800	4864	15152	1729	-
4800	4864	15152	1729	-
4800	4864	15152	1729	-
4800	4864	15152	1729	-
4800	4864	15152	1729	-
4800	4864	15152	1729	-
4800	4864	15152	1729	-
4800	4864	15152	1729	-
4800	626	41503	1753	-
4800	626	41503	1753	-
15737	16682	41503	1753	-
13993	13122	41503	1753	-
7215	1681	41503	1753	-
4800	626	41503	1753	-
19531	13122	41503	1753	-
7215	1681	41503	1754	-
15737	16682	41503	1754	-
7215	1681	41503	1754	-
4800	626	41503	1754	-
15737	16682	41503	1754	-
7215	1681	41503	1754	-
4800	626	41503	1754	-
15737	16682	41503	1754	-
7215	1681	41503	1754	-
4800	626	41503	1754	-
15737	16682	41503	1754	-
7215	1681	41503	1754	-
4800	626	41503	1754	-
15737	16682	41503	1754	-
7215	1681	41503	1754	-
15737	16682	41503	1754	-
15737	16682	41503	1754	-
15737	16682	41503	1754	-
15737	16682	41503	1754	-
19531	19834	41503	1754	-
4800	4864	41503	1759	-
4800	4864	41503	1759	-
4800	4864	41503	1759	-
4800	4864	41503	1759	-
4800	4864	41503	1759	-
3957	22986	41503	1761	-
20312	16593	41503	1763	-
3957	5938	41503	1774	-
20367	587	41503	1774	-
20367	19350	41503	1774	-
3957	15394	41503	1775	-
3957	15394	41503	1775	-
7215	1681	41503	1784	-
3611	19531	41503	1784	-
7215	1681	41503	1784	-
7215	1681	41503	1784	-
7215	1681	41503	1784	-
7215	1681	41503	1784	-
7215	1681	41503	1784	-
7215	1681	41503	1784	-
7215	1681	41503	1784	-
3297	1001	41503	1784	-
15737	16682	41503	1788	-
3957	15894	41503	1790	-
4800	15394	41503	1794	-
882	14437	41503	1794	-
882	23167	41503	1795	-
4800	14910	41503	1797	-
4800	14910	41503	1797	-
4800	14910	41503	1798	-
4800	14910	41503	1798	-
4800	14910	41503	1798	-
4800	14910	41503	1798	-
882	4981	41503	1798	-
