20312	4800	5766	0	-
23317	5938	5766	0	-
23317	5938	5766	5	-
20312	4800	5766	5	-
20312	4800	3908	10	-
23317	5938	3908	10	-
20312	4800	3908	15	-
23317	5938	3908	15	-
6775	7268	3908	17	portsweep
23317	5938	3908	20	-
20312	4800	3908	20	-
16409	10034	3908	24	-
20312	4800	3908	25	-
23317	5938	3908	25	-
20312	4800	3908	30	-
23317	5938	3908	30	-
23317	5938	3908	35	-
20312	4800	3908	35	-
6775	7268	3908	37	portsweep
23317	5938	3908	41	-
20312	4800	3908	41	-
16409	10034	3908	42	-
20312	4800	3908	46	-
20312	4800	3908	48	-
20312	4800	3908	50	-
23317	5938	3908	53	-
23317	5938	3908	53	-
23317	5938	3908	53	-
23317	5938	3908	55	-
20312	4800	3908	55	-
6775	7268	3908	57	portsweep
20312	4800	3908	60	-
23317	5938	3908	60	-
20312	4800	3908	65	-
23317	5938	3908	65	-
23317	5938	7221	70	-
20312	4800	7221	70	-
23317	5938	7221	75	-
20312	4800	7221	75	-
6775	7268	7221	77	portsweep
20312	4800	7221	80	-
23317	5938	7221	80	-
20312	4800	7221	85	-
23317	5938	7221	85	-
23317	5938	7221	90	-
20312	4800	7221	90	-
23317	5938	7221	95	-
20312	4800	7221	95	-
6775	7268	7221	97	portsweep
23317	5938	7221	100	-
20312	4800	7221	100	-
20312	4800	7221	105	-
23317	5938	7221	105	-
23317	5938	7221	110	-
20312	4800	7221	110	-
16409	10034	7221	114	-
23317	5938	7221	115	-
20312	4800	7221	115	-
6775	7268	7221	117	portsweep
23317	5938	7221	121	-
20312	4800	7221	121	-
23317	5938	7221	126	-
20312	4800	7221	126	-
23317	5938	38693	131	-
20312	4800	38693	131	-
20312	4800	38693	136	-
6775	7268	38693	137	portsweep
20312	4800	38693	138	-
20312	4800	38693	140	-
23317	5938	38693	143	-
23317	5938	38693	143	-
23317	5938	38693	143	-
23317	5938	38693	145	-
20312	4800	38693	145	-
23317	5938	38693	150	-
20312	4800	38693	150	-
23317	5938	38693	155	-
20312	4800	38693	155	-
6775	7268	38693	157	portsweep
23317	5938	38693	160	-
20312	4800	38693	160	-
23317	5938	38693	165	-
20312	4800	38693	165	-
20312	4800	38693	170	-
23317	5938	38693	170	-
23317	5938	38693	175	-
20312	4800	38693	175	-
6775	7268	38693	177	portsweep
20312	4800	38693	180	-
23317	5938	38693	180	-
20312	4800	38693	185	-
23317	5938	38693	185	-
23317	5938	2546	190	-
20312	4800	2546	190	-
20312	4800	2546	195	-
23317	5938	2546	196	-
6775	7268	2546	197	portsweep
23317	5938	2546	201	-
20312	4800	2546	201	-
23317	5938	2546	206	-
20312	4800	2546	206	-
23317	5938	2546	211	-
20312	4800	2546	211	-
23317	5938	2546	216	-
20312	4800	2546	216	-
6775	7268	2546	217	portsweep
20312	4800	2546	221	-
23317	5938	2546	221	-
16409	18119	2546	224	-
20312	4800	2546	226	-
20312	4800	2546	228	-
20312	4800	2546	230	-
23317	5938	2546	233	-
23317	5938	2546	233	-
23317	5938	2546	233	-
20312	4800	2546	235	-
23317	5938	2546	235	-
6775	7268	2546	238	portsweep
20312	4800	2546	240	-
23317	5938	2546	240	-
16409	18119	2546	242	-
23317	5938	2546	245	-
20312	4800	2546	245	-
23317	5938	46405	250	-
20312	4800	46405	250	-
20312	4800	46405	255	-
23317	5938	46405	255	-
6775	7268	46405	258	portsweep
20312	4800	46405	260	-
23317	5938	46405	260	-
23317	882	46405	263	-
15394	4800	46405	263	-
23317	5938	46405	265	-
20312	4800	46405	265	-
20312	4800	46405	270	-
23317	5938	46405	270	-
20312	4800	46405	276	-
23317	5938	46405	276	-
23317	5938	46405	281	-
20312	4800	46405	281	-
6775	7268	46405	282	portsweep
23317	5938	46405	286	-
20312	4800	46405	286	-
23317	5938	46405	291	-
20312	4800	46405	291	-
23317	5938	46405	296	-
20312	4800	46405	296	-
23317	5938	46405	301	-
20312	4800	46405	301	-
6775	7268	46405	302	portsweep
23317	5938	46405	306	-
20312	4800	46405	306	-
23317	5938	43788	311	-
20312	4800	43788	311	-
16409	18119	43788	314	-
20312	4800	43788	316	-
20312	4800	43788	318	-
20312	4800	43788	320	-
6775	7268	43788	322	portsweep
23317	5938	43788	323	-
23317	5938	43788	323	-
23317	5938	43788	323	-
23317	5938	43788	325	-
20312	4800	43788	325	-
23317	5938	43788	330	-
20312	4800	43788	330	-
23317	5938	43788	335	-
20312	4800	43788	335	-
23317	5938	43788	340	-
20312	4800	43788	340	-
6775	7268	43788	342	portsweep
20312	4800	43788	345	-
23317	5938	43788	345	-
20312	4800	43788	350	-
23317	5938	43788	351	-
20312	4800	43788	356	-
23317	5938	43788	356	-
20312	4800	43788	361	-
23317	5938	43788	361	-
6775	7268	43788	362	portsweep
20312	4800	43788	366	-
23317	5938	43788	366	-
20312	4800	8227	371	-
23317	5938	8227	371	-
20312	4800	8227	376	-
23317	5938	8227	376	-
20312	4800	8227	381	-
23317	5938	8227	381	-
6775	7268	8227	382	portsweep
20312	4800	8227	386	-
23317	5938	8227	386	-
20312	4800	8227	391	-
23317	5938	8227	391	-
20312	4800	8227	396	-
23317	5938	8227	396	-
20312	4800	8227	401	-
23317	5938	8227	401	-
6775	7268	8227	402	portsweep
20312	4800	8227	406	-
20312	4800	8227	408	-
20312	4800	8227	410	-
23317	5938	8227	413	-
23317	5938	8227	413	-
23317	5938	8227	413	-
20312	4800	8227	415	-
23317	5938	8227	415	-
20312	4800	8227	420	-
23317	5938	8227	420	-
6775	7268	8227	422	portsweep
20312	4800	8227	425	-
23317	5938	8227	425	-
20312	4800	26230	431	-
23317	5938	26230	431	-
20312	4800	26230	436	-
23317	5938	26230	436	-
3957	587	26230	438	-
8048	23167	26230	438	-
20312	4800	26230	441	-
23317	5938	26230	441	-
6775	7268	26230	442	portsweep
20312	4800	26230	446	-
23317	5938	26230	446	-
20312	4800	26230	451	-
23317	5938	26230	451	-
20312	4800	26230	456	-
23317	5938	26230	456	-
3957	19531	26230	457	-
20312	4800	26230	461	-
23317	5938	26230	461	-
20312	4800	26230	466	-
23317	5938	26230	466	-
6775	7268	26230	468	portsweep
20312	4800	26230	471	-
23317	5938	26230	471	-
3957	19531	26230	472	-
20312	4800	26230	476	-
23317	5938	26230	476	-
20312	4800	26230	481	-
23317	5938	26230	481	-
20312	4800	26230	486	-
23317	5938	26230	486	-
6775	7268	28320	488	portsweep
20312	4800	28320	491	-
23317	5938	28320	491	-
20312	4800	28320	496	-
20312	4800	28320	498	-
20312	4800	28320	500	-
23317	5938	28320	503	-
23317	5938	28320	503	-
3957	5938	28320	503	-
23317	5938	28320	503	-
20312	4800	28320	505	-
23317	5938	28320	505	-
6775	7268	28320	509	portsweep
20312	4800	28320	511	-
23317	5938	28320	511	-
23317	5938	28320	516	-
20312	4800	28320	516	-
16409	18119	28320	518	-
23317	5938	28320	521	-
20312	4800	28320	521	-
20312	4800	28320	526	-
23317	5938	28320	526	-
16409	18119	28320	527	-
6775	7268	28320	529	portsweep
3957	5938	28320	529	-
23317	5938	28320	531	-
20312	4800	28320	531	-
23317	5938	28320	536	-
20312	4800	28320	536	-
23317	5938	28320	541	-
20312	4800	28320	541	-
20312	4800	28320	546	-
23317	5938	28320	546	-
23317	5938	6482	551	-
20312	4800	6482	551	-
20312	4800	6482	556	-
23317	5938	6482	556	-
23317	5938	6482	561	-
20312	4800	6482	561	-
16409	18119	6482	563	-
6775	7268	6482	563	portsweep
20312	4800	6482	566	-
23317	5938	6482	566	-
20312	4800	6482	571	-
23317	5938	6482	571	-
20312	4800	6482	576	-
23317	5938	6482	576	-
23317	5938	6482	582	-
20312	4800	6482	582	-
6775	7268	6482	583	portsweep
20312	4800	6482	587	-
10639	8452	6482	588	warezclient
20312	4800	6482	589	-
10639	8452	6482	591	warezclient
23317	5938	6482	593	-
23317	5938	6482	593	-
23317	5938	6482	593	-
12985	12653	6482	595	warezclient
12985	12653	6482	595	warezclient
23317	5938	6482	596	-
20312	4800	6482	596	-
23317	5938	6482	601	-
20312	4800	6482	601	-
23317	5938	6482	606	-
20312	4800	6482	606	-
23317	5938	22762	611	-
20312	4800	22762	611	-
6775	7268	22762	616	portsweep
23317	5938	22762	621	-
20312	4800	22762	621	-
23317	5938	22762	626	-
20312	4800	22762	626	-
23317	5938	22762	631	-
20312	4800	22762	631	-
6775	7268	22762	636	portsweep
20312	4800	22762	641	-
23317	5938	22762	641	-
23317	5938	22762	646	-
20312	4800	22762	646	-
20312	4800	22762	651	-
23317	5938	22762	651	-
6775	7268	22762	656	portsweep
23317	5938	22762	657	-
20312	4800	22762	662	-
23317	5938	22762	662	-
20312	4800	32508	667	-
23317	5938	32508	667	-
23317	5938	32508	672	-
20312	4800	32508	672	-
6775	7268	32508	676	portsweep
20312	4800	32508	677	-
20312	4800	32508	679	-
20312	4800	32508	681	-
23317	5938	32508	683	-
23317	5938	32508	683	-
23317	5938	32508	683	-
23317	5938	32508	686	-
20312	4800	32508	686	-
23317	5938	32508	691	-
20312	4800	32508	691	-
6775	7268	32508	696	portsweep
20312	4800	32508	701	-
23317	5938	32508	701	-
20312	4800	32508	706	-
23317	5938	32508	706	-
16409	18119	32508	707	-
20312	4800	32508	711	-
23317	5938	32508	711	-
6775	7268	32508	716	portsweep
20312	4800	32508	721	-
23317	5938	32508	721	-
20312	4800	32508	726	-
23317	5938	32508	726	-
20312	4800	35039	731	-
23317	5938	35039	731	-
16409	18119	35039	733	-
6775	7268	35039	736	portsweep
20312	4800	35039	737	-
23317	5938	35039	737	-
20312	4800	35039	742	-
23317	5938	35039	742	-
16409	18119	35039	742	-
20312	4800	35039	747	-
23317	5938	35039	747	-
20312	4800	35039	752	-
23317	5938	35039	752	-
6775	7268	35039	756	portsweep
20312	4800	35039	757	-
23317	5938	35039	757	-
20312	4800	35039	762	-
23317	5938	35039	762	-
20312	4800	35039	767	-
20312	4800	35039	769	-
20312	4800	35039	771	-
23317	5938	35039	773	-
23317	5938	35039	773	-
23317	5938	35039	773	-
3957	15394	35039	773	-
6775	7268	35039	776	portsweep
16409	18119	35039	778	-
20312	4800	35039	781	-
23317	5938	35039	781	-
20312	4800	35039	786	-
23317	5938	35039	786	-
20312	4800	27865	791	-
23317	5938	27865	791	-
6775	7268	27865	796	portsweep
20312	4800	27865	801	-
23317	5938	27865	801	-
20312	4800	27865	806	-
23317	5938	27865	806	-
20312	4800	27865	811	-
23317	5938	27865	811	-
6775	7268	27865	816	portsweep
20312	4800	27865	817	-
23317	5938	27865	817	-
20312	4800	27865	822	-
23317	5938	27865	822	-
20312	4800	27865	827	-
23317	5938	27865	827	-
20312	4800	27865	832	-
23317	5938	27865	832	-
6775	7268	27865	836	portsweep
20312	4800	27865	837	-
23317	5938	27865	837	-
20312	4800	27865	842	-
23317	5938	27865	842	-
20312	4800	38571	847	-
23317	5938	38571	847	-
20312	4800	38571	852	-
23317	5938	38571	852	-
6775	7268	38571	856	portsweep
20312	4800	38571	857	-
20312	4800	38571	859	-
20312	4800	38571	861	-
23317	5938	38571	863	-
23317	5938	38571	863	-
23317	5938	38571	863	-
23317	882	38571	863	-
15394	4800	38571	863	-
20312	4800	38571	866	-
23317	5938	38571	866	-
20312	4800	38571	871	-
23317	5938	38571	871	-
6775	7268	38571	876	portsweep
20312	4800	38571	881	-
23317	5938	38571	881	-
20312	4800	38571	886	-
23317	5938	38571	886	-
20312	4800	38571	891	-
23317	5938	38571	892	-
6775	7268	38571	896	portsweep
23317	5938	38571	897	-
20312	4800	38571	897	-
20312	4800	38571	902	-
23317	5938	38571	902	-
23317	5938	28698	907	-
20312	4800	28698	907	-
20312	4800	28698	912	-
23317	5938	28698	912	-
6775	7268	28698	916	portsweep
23317	5938	28698	917	-
20312	4800	28698	917	-
23317	5938	28698	922	-
20312	4800	28698	922	-
16409	18119	28698	922	-
23317	5938	28698	927	-
20312	4800	28698	927	-
20312	4800	28698	932	-
23317	5938	28698	932	-
6775	7268	28698	936	portsweep
23317	5938	28698	937	-
20312	4800	28698	937	-
23317	5938	28698	942	-
20312	4800	28698	942	-
20312	4800	28698	947	-
20312	4800	28698	949	-
20312	4800	28698	951	-
23317	5938	28698	953	-
23317	5938	28698	953	-
23317	5938	28698	953	-
6775	7268	28698	956	portsweep
23317	5938	28698	961	-
20312	4800	28698	961	-
20312	4800	28698	966	-
23317	5938	28698	966	-
20312	4800	28228	971	-
23317	5938	28228	972	-
6775	7268	28228	976	portsweep
23317	5938	28228	977	-
20312	4800	28228	977	-
23317	5938	28228	982	-
20312	4800	28228	982	-
23317	5938	28228	987	-
20312	4800	28228	987	-
23317	5938	28228	992	-
20312	4800	28228	992	-
6775	7268	28228	996	portsweep
20312	4800	28228	997	-
23317	5938	28228	997	-
16409	6259	28228	1002	-
20312	4800	28228	1002	-
23317	5938	28228	1002	-
23317	5938	28228	1007	-
20312	4800	28228	1007	-
23317	5938	28228	1012	-
20312	4800	28228	1012	-
6775	7268	28228	1016	portsweep
20312	4800	28228	1017	-
23317	5938	28228	1017	-
16409	6259	28228	1020	-
23317	5938	28228	1022	-
20312	4800	28228	1022	-
23317	5938	18885	1027	-
20312	4800	18885	1027	-
23317	5938	18885	1032	-
20312	4800	18885	1032	-
20312	4800	18885	1037	-
20312	4800	18885	1039	-
6775	7268	18885	1041	portsweep
23317	5938	18885	1043	-
23317	5938	18885	1043	-
23317	5938	18885	1043	-
20312	4800	18885	1046	-
23317	5938	18885	1046	-
23317	5938	18885	1052	-
20312	4800	18885	1052	-
23317	5938	18885	1057	-
20312	4800	18885	1057	-
6775	7268	18885	1062	portsweep
20312	4800	18885	1067	-
23317	5938	18885	1067	-
20312	4800	18885	1072	-
23317	5938	18885	1072	-
23317	5938	18885	1077	-
20312	4800	18885	1077	-
6775	7268	18885	1082	portsweep
23317	5938	26508	1087	-
20312	4800	26508	1087	-
16409	6259	26508	1092	-
20312	4800	26508	1092	-
23317	5938	26508	1092	-
23317	5938	26508	1097	-
20312	4800	26508	1097	-
6775	7268	26508	1102	portsweep
20312	4800	26508	1107	-
23317	5938	26508	1108	-
23317	5938	26508	1113	-
20312	4800	26508	1113	-
20312	4800	26508	1118	-
23317	5938	26508	1118	-
6775	7268	26508	1122	portsweep
23317	5938	26508	1123	-
20312	4800	26508	1123	-
20312	4800	26508	1128	-
20312	4800	26508	1130	-
20312	4800	26508	1132	-
23317	5938	26508	1133	-
23317	5938	26508	1133	-
23317	5938	26508	1133	-
23317	5938	26508	1137	-
20312	4800	26508	1137	-
6775	7268	26508	1142	portsweep
23317	5938	17620	1147	-
20312	4800	17620	1147	-
23317	5938	17620	1152	-
20312	4800	17620	1152	-
23317	5938	17620	1157	-
20312	4800	17620	1157	-
6775	7268	17620	1162	portsweep
23317	5938	17620	1167	-
20312	4800	17620	1167	-
20312	4800	17620	1172	-
23317	5938	17620	1172	-
20312	4800	17620	1177	-
23317	5938	17620	1178	-
6775	7268	17620	1182	portsweep
23317	5938	17620	1183	-
20312	4800	17620	1183	-
23317	5938	17620	1188	-
20312	4800	17620	1188	-
23317	5938	17620	1193	-
20312	4800	17620	1193	-
23317	5938	17620	1198	-
20312	4800	17620	1198	-
6775	7268	17620	1202	portsweep
23317	5938	17620	1203	-
20312	4800	17620	1203	-
15174	8452	8718	1208	warezclient
12985	20783	8718	1209	warezclient
12985	20783	8718	1209	warezclient
23317	5938	8718	1213	-
20312	4800	8718	1213	-
20312	4800	8718	1218	-
20312	4800	8718	1220	-
20312	4800	8718	1222	-
23317	5938	8718	1223	-
23317	5938	8718	1223	-
23317	5938	8718	1223	-
20312	4800	8718	1227	-
23317	5938	8718	1227	-
6775	7268	8718	1230	portsweep
23317	5938	8718	1232	-
20312	4800	8718	1232	-
23317	5938	8718	1237	-
20312	4800	8718	1237	-
23317	5938	8718	1242	-
20312	4800	8718	1242	-
20312	4800	8718	1247	-
23317	5938	8718	1248	-
6775	7268	8718	1250	portsweep
20312	4800	8718	1253	-
23317	5938	8718	1253	-
23317	5938	8718	1258	-
20312	4800	8718	1258	-
23317	5938	8718	1263	-
20312	4800	8718	1263	-
23317	5938	5183	1268	-
20312	4800	5183	1268	-
6775	7268	5183	1270	portsweep
20312	4800	5183	1273	-
23317	5938	5183	1273	-
23317	5938	5183	1278	-
20312	4800	5183	1278	-
16409	6259	5183	1282	-
23317	5938	5183	1283	-
20312	4800	5183	1283	-
23317	5938	5183	1288	-
20312	4800	5183	1288	-
6775	7268	5183	1290	portsweep
16409	6259	5183	1291	-
23317	5938	5183	1293	-
20312	4800	5183	1293	-
23317	5938	5183	1298	-
20312	4800	5183	1298	-
23317	5938	5183	1303	-
20312	4800	5183	1303	-
20312	4800	5183	1308	-
6775	7268	5183	1310	portsweep
20312	4800	5183	1312	-
23317	5938	5183	1313	-
23317	5938	5183	1313	-
23317	5938	5183	1313	-
20312	4800	5183	1317	-
23317	5938	5183	1318	-
20312	4800	5183	1323	-
23317	5938	5183	1323	-
16409	6259	25028	1327	-
20312	4800	25028	1328	-
23317	5938	25028	1328	-
6775	7268	25028	1333	portsweep
20312	4800	25028	1338	-
23317	5938	25028	1338	-
20312	4800	25028	1343	-
23317	5938	25028	1343	-
20312	4800	25028	1348	-
23317	5938	25028	1348	-
6775	7268	25028	1353	portsweep
20312	4800	25028	1358	-
23317	5938	25028	1358	-
20312	4800	25028	1363	-
23317	5938	25028	1363	-
20312	4800	25028	1368	-
23317	5938	25028	1368	-
6775	7268	25028	1373	portsweep
20312	4800	25028	1378	-
23317	5938	25028	1378	-
20312	4800	25028	1383	-
23317	5938	25028	1383	-
20312	4800	13388	1388	-
23317	5938	13388	1389	-
6775	7268	13388	1393	portsweep
20312	4800	13388	1394	-
23317	5938	13388	1394	-
20312	4800	13388	1399	-
20312	4800	13388	1401	-
20312	4800	13388	1403	-
23317	5938	13388	1403	-
23317	5938	13388	1403	-
23317	5938	13388	1403	-
20312	4800	13388	1408	-
23317	5938	13388	1408	-
6775	7268	13388	1413	portsweep
20312	4800	13388	1418	-
23317	5938	13388	1418	-
20312	4800	13388	1423	-
23317	5938	13388	1423	-
4800	15211	13388	1427	-
20312	4800	13388	1428	-
23317	5938	13388	1428	-
6775	7268	13388	1433	portsweep
20312	4800	13388	1438	-
23317	5938	13388	1438	-
20312	4800	13388	1443	-
23317	5938	13388	1443	-
20312	4800	9291	1448	-
23317	5938	9291	1448	-
6775	7268	9291	1453	portsweep
20312	4800	9291	1458	-
23317	5938	9291	1458	-
20312	4800	9291	1463	-
23317	5938	9291	1463	-
23317	882	9291	1463	-
15394	4800	9291	1463	-
20312	4800	9291	1469	-
23317	5938	9291	1469	-
16409	6259	9291	1471	-
6775	7268	9291	1473	portsweep
20312	4800	9291	1474	-
23317	5938	9291	1474	-
20312	4800	9291	1479	-
23317	5938	9291	1479	-
20312	4800	9291	1484	-
23317	5938	9291	1484	-
20312	4800	9291	1489	-
20312	4800	9291	1491	-
6775	7268	9291	1493	portsweep
20312	4800	9291	1498	-
23317	5938	9291	1498	-
20312	4800	9291	1503	-
23317	5938	9291	1503	-
20312	4800	2788	1508	-
23317	5938	2788	1508	-
6775	7268	2788	1513	portsweep
20312	4800	2788	1518	-
23317	5938	2788	1518	-
20312	4800	2788	1523	-
23317	5938	2788	1523	-
23317	5938	2788	1528	-
20312	4800	2788	1528	-
13993	17923	2788	1532	-
6775	7268	2788	1533	portsweep
20312	4800	2788	1538	-
23317	5938	2788	1538	-
20312	4800	2788	1543	-
23317	5938	2788	1543	-
20312	4800	2788	1549	-
23317	5938	2788	1549	-
6775	7268	2788	1553	portsweep
20312	4800	2788	1554	-
23317	5938	2788	1554	-
20312	4800	2788	1559	-
23317	5938	2788	1559	-
13993	14547	2788	1563	-
20312	4800	2788	1564	-
23317	5938	2788	1564	-
20312	4800	6303	1569	-
23317	5938	6303	1569	-
6775	7268	6303	1573	portsweep
20312	4800	6303	1574	-
23317	5938	6303	1574	-
20312	4800	6303	1579	-
20312	4800	6303	1581	-
20312	4800	6303	1583	-
23317	5938	6303	1583	-
23317	5938	6303	1583	-
23317	5938	6303	1583	-
20312	4800	6303	1588	-
23317	5938	6303	1588	-
6775	7268	6303	1593	portsweep
20312	4800	6303	1598	-
23317	5938	6303	1598	-
20312	4800	6303	1603	-
23317	5938	6303	1603	-
20312	4800	6303	1608	-
23317	5938	6303	1608	-
13993	16046	6303	1608	-
6775	7268	6303	1613	portsweep
20312	4800	6303	1618	-
23317	5938	6303	1618	-
4800	14547	6303	1618	-
20312	4800	6303	1623	-
23317	5938	6303	1624	-
20312	4800	31266	1629	-
23317	5938	31266	1629	-
6775	7268	31266	1633	portsweep
20312	4800	31266	1634	-
23317	5938	31266	1634	-
20312	4800	31266	1639	-
23317	5938	31266	1639	-
20312	4800	31266	1644	-
23317	5938	31266	1644	-
20312	4800	31266	1649	-
23317	5938	31266	1649	-
6775	7268	31266	1653	portsweep
20312	4800	31266	1654	-
23317	5938	31266	1654	-
20312	4800	31266	1659	-
23317	5938	31266	1659	-
20312	4800	31266	1664	-
23317	5938	31266	1664	-
20312	4800	31266	1669	-
20312	4800	31266	1671	-
6775	7268	31266	1673	portsweep
3957	587	31266	1676	-
13993	16046	31266	1676	-
13615	8452	31266	1676	warezclient
12985	185	31266	1677	warezclient
12985	185	31266	1678	warezclient
20312	4800	31266	1683	-
23317	5938	31266	1683	-
20312	4800	31827	1688	-
23317	5938	31827	1688	-
13993	16046	31827	1688	-
20312	4800	31827	1693	-
23317	5938	31827	1693	-
6775	7268	31827	1698	portsweep
20312	4800	31827	1704	-
23317	5938	31827	1704	-
4800	14547	31827	1707	-
20312	4800	31827	1709	-
23317	5938	31827	1709	-
20312	4800	31827	1714	-
23317	5938	31827	1714	-
6775	7268	31827	1718	portsweep
20312	4800	31827	1719	-
23317	5938	31827	1719	-
20312	4800	31827	1724	-
23317	5938	31827	1724	-
13993	16046	31827	1729	-
23317	5938	31827	1729	-
20312	4800	31827	1729	-
20312	4800	31827	1734	-
23317	5938	31827	1734	-
6775	7268	31827	1738	portsweep
20312	4800	31827	1739	-
23317	5938	31827	1739	-
20312	4800	31827	1744	-
23317	5938	31827	1744	-
20312	4800	34965	1749	-
23317	5938	34965	1749	-
3957	21708	34965	1749	-
20367	19350	34965	1749	-
16409	6259	34965	1750	-
20312	4800	34965	1754	-
20312	4800	34965	1756	-
6775	7268	34965	1758	portsweep
16409	6259	34965	1759	-
23317	5938	34965	1763	-
23317	5938	34965	1763	-
20312	4800	34965	1763	-
23317	5938	34965	1763	-
23317	5938	34965	1763	-
20312	4800	34965	1763	-
20312	4800	34965	1768	-
23317	5938	34965	1768	-
20312	4800	34965	1773	-
23317	5938	34965	1773	-
6775	7268	34965	1778	portsweep
4800	14547	34965	1778	-
23317	5938	34965	1779	-
20312	4800	34965	1784	-
23317	5938	34965	1784	-
20312	4800	34965	1789	-
23317	5938	34965	1789	-
20312	4800	34965	1794	-
23317	5938	34965	1794	-
16409	6259	34965	1795	-
6775	7268	34965	1798	portsweep
