3957	15394	25256	0	-
7179	16332	22611	51	-
7179	14437	22611	60	-
7179	2843	22611	64	-
3957	15894	22611	65	-
7179	3297	22611	69	-
15394	4800	22611	78	-
23317	882	22611	78	-
7179	3461	22611	80	-
7179	4981	22611	83	-
7179	16593	22611	88	-
7179	16332	22611	90	-
3611	19531	22611	100	-
3611	1633	22611	101	-
15506	19350	4627	109	-
882	4981	4627	109	-
882	8452	4627	109	-
3957	19834	4627	110	-
882	16332	4627	110	-
20367	587	4627	121	-
20367	19350	4627	121	-
20367	19350	4627	121	-
3957	15394	4627	155	-
16671	15894	27831	193	-
16671	15894	27831	196	-
3957	5938	27831	205	-
20312	16593	27831	205	-
20367	19350	27831	211	-
20367	19350	27831	211	-
10429	19834	27831	214	-
19603	3297	28325	233	-
14547	15894	28325	240	-
20367	19350	28325	241	-
20367	19350	28325	241	-
7215	5938	28325	243	-
7215	15894	28325	244	-
11001	15894	28325	251	-
11001	19531	28325	253	-
19839	13122	28325	260	-
3957	19531	28325	265	-
19603	3297	28325	265	-
7215	19834	28325	269	-
20367	19350	28325	271	-
3957	15394	28325	271	-
3957	15394	28325	272	-
20367	19350	28325	272	-
20367	19350	28325	272	-
20367	19350	28325	272	-
20367	19350	28325	272	-
3076	16332	28325	272	-
3076	16332	28325	280	-
19603	3461	10598	298	-
7215	19834	10598	304	-
10429	22986	10598	305	-
10429	11900	10598	312	-
10429	15667	10598	313	-
20367	19350	10598	333	-
20367	19350	10598	333	-
20367	19350	10598	333	-
3957	15394	10598	333	-
20367	19350	10598	333	-
17624	16332	10598	341	-
3957	15667	31735	369	-
7215	15667	31735	369	-
17624	4981	31735	372	-
7179	8452	31735	374	-
17624	4981	31735	375	-
17624	4981	31735	377	-
17624	4981	31735	379	-
17624	4981	31735	382	-
12985	19834	31735	401	-
14267	19531	38232	413	-
15737	15394	38232	416	-
15737	15394	38232	421	-
15737	3374	38232	421	-
20367	19350	38232	423	-
19531	13122	38232	440	-
12332	16531	38232	451	-
20367	19350	38232	453	-
15737	15394	38232	462	-
15737	17698	21115	465	-
6775	16593	21115	504	-
3957	13122	21115	505	-
6775	7268	21115	505	-
7782	13122	21115	511	-
15737	15394	21115	519	-
6775	16531	36062	527	-
15737	16046	36062	540	-
20367	19350	36062	543	-
15737	16046	36062	551	-
17624	23167	36062	553	-
19531	15894	36062	559	-
20367	19350	36062	573	-
3957	587	36062	573	-
3611	5938	26881	590	-
3611	13122	26881	590	-
3611	1633	26881	594	-
3611	15667	26881	597	-
20367	19350	26881	603	-
3957	15394	26881	603	-
20367	19350	26881	604	-
20367	19350	26881	604	-
20367	19350	26881	604	-
19839	13122	26881	620	-
3957	15894	26881	620	-
3957	21708	26881	620	-
15737	16046	26881	627	-
3957	13122	26881	627	-
3957	1633	26881	630	-
20367	19350	26881	633	-
20367	19350	26881	633	-
20367	19350	26881	633	-
20367	19350	26881	633	-
20367	19350	26881	633	-
20367	19350	26881	633	-
20367	19350	26881	633	-
10571	16332	26881	639	-
20367	19350	26881	639	-
20367	19350	45808	663	-
15394	4800	45808	678	-
23317	882	45808	678	-
20312	2843	40542	707	-
15737	16046	40542	740	-
20312	2843	32533	766	-
20312	4981	32533	766	-
20312	16531	32533	781	-
13993	5938	32533	783	-
13993	5938	32533	786	-
13993	5938	32533	788	-
13993	5938	32533	790	-
13993	5938	32533	793	-
13993	5938	32533	795	-
13993	5938	32533	798	-
13993	5938	32533	798	-
13993	5938	32533	798	-
13993	5938	32533	798	-
13993	5938	32533	798	-
13993	5938	32533	798	-
13993	5938	32533	798	-
13993	5938	32533	798	-
13993	5938	32533	798	-
13993	5938	32533	798	-
13993	5938	32533	798	-
13993	5938	32533	799	-
13993	5938	32533	799	-
13993	5938	32533	799	-
13993	5938	32533	799	-
13993	5938	32533	799	-
13993	5938	32533	799	-
13993	5938	32533	799	-
15737	16046	32533	800	-
15737	17923	32533	807	-
3957	15394	32533	820	-
8048	23167	32533	820	-
8048	2843	32533	821	-
3957	15394	23838	824	-
3957	15394	23838	824	-
8048	4981	23838	824	-
3957	15394	23838	828	-
15737	16046	23838	842	-
15737	16409	6034	895	-
15737	16409	6034	900	-
15737	5039	6034	910	-
15737	11850	4148	953	-
15737	19643	4148	989	-
15737	1379	35176	1056	-
14547	5938	35176	1057	-
14547	22986	35176	1057	-
14547	19834	41691	1070	-
3297	11900	41691	1070	-
14547	15667	41691	1070	-
3957	15394	41691	1073	-
20367	587	41691	1083	-
3957	15394	41691	1083	-
20367	19350	41691	1084	-
3957	15394	41691	1084	-
20367	19350	41691	1084	-
20367	19350	41691	1084	-
20367	19350	41691	1084	-
20367	19350	41691	1084	-
17624	3297	41691	1086	-
17624	3297	41691	1113	-
3957	15394	41691	1115	-
882	14437	21077	1158	-
3957	19834	21077	1160	-
882	2843	21077	1160	-
3957	15394	21077	1180	-
20367	19350	21077	1181	-
3957	22986	21077	1181	-
3076	2843	21077	1181	-
3076	3297	21077	1182	-
3957	15894	7742	1183	-
7179	8452	7742	1183	-
18246	4697	7742	1187	-
19531	13122	7742	1193	-
19531	13122	7742	1196	-
20367	19350	7742	1203	-
20367	19350	7742	1203	-
15737	1379	18414	1250	-
15506	19350	18414	1257	-
7782	22986	18414	1266	-
23317	882	18414	1278	-
15394	4800	18414	1278	-
15737	1379	18414	1291	-
16409	7215	18414	1291	-
3957	15394	18414	1293	-
3957	15667	30115	1340	-
19531	15667	30115	1340	-
17624	14437	30115	1341	-
17624	14437	30115	1344	-
17624	14437	30115	1346	-
17624	14437	30115	1348	-
17624	14437	30115	1350	-
15737	1379	30115	1350	-
17624	14437	30115	1352	-
17624	14437	30115	1356	-
17624	14437	30115	1356	-
17624	14437	30115	1356	-
17624	14437	30115	1356	-
17624	14437	30115	1356	-
17624	14437	30115	1356	-
17624	14437	30115	1356	-
17624	14437	30115	1356	-
17624	14437	30115	1356	-
17624	14437	30115	1356	-
17624	14437	30115	1356	-
17624	14437	30115	1356	-
17624	14437	30115	1356	-
17624	14437	30115	1356	-
17624	14437	30115	1356	-
17624	14437	30115	1356	-
17624	14437	30115	1356	-
17624	14437	30115	1356	-
17624	14437	30115	1356	-
17624	14437	30115	1356	-
17624	14437	30115	1356	-
17624	14437	30115	1356	-
17624	14437	30115	1356	-
17624	14437	30115	1356	-
18246	17923	27627	1366	-
16409	7215	27627	1418	-
3957	13122	36018	1432	-
6775	16593	36018	1432	-
16409	9332	36018	1459	-
19603	14437	36018	1467	-
3957	19531	36018	1467	-
19603	2843	36018	1467	-
19603	4981	36018	1471	-
16409	7215	36018	1473	-
19603	16531	36018	1474	-
3957	587	36018	1481	-
18246	20782	40981	1484	-
18246	20782	40981	1490	-
10571	16332	40981	1503	-
3957	5938	40981	1504	-
20312	16531	40981	1504	-
13993	5938	40981	1506	-
10571	16593	40981	1506	-
16409	16409	40981	1506	-
20367	19350	40981	1506	-
10571	14437	40981	1506	-
13993	5938	40981	1508	-
20367	19350	40981	1510	-
13993	5938	40981	1511	-
13993	5938	40981	1516	-
10571	23167	40981	1519	-
3957	15394	40981	1520	-
19839	11900	40981	1520	-
10571	3611	40981	1520	-
10571	3297	40981	1521	-
20367	19350	40981	1524	-
10571	4981	40981	1524	-
16409	20312	40981	1525	-
20367	19350	40981	1528	-
10571	16531	40981	1528	-
3957	15394	40981	1532	-
10571	7268	40981	1533	-
10571	16332	40981	1533	-
