23317	12431	7264	0	snmpgetattack
5376	4800	7264	0	snmpgetattack
5376	4800	7264	5	snmpgetattack
23317	12431	7264	5	snmpgetattack
5376	4800	9687	10	snmpgetattack
23317	12431	9687	10	snmpgetattack
5376	4800	9687	15	snmpgetattack
23317	12431	9687	15	snmpgetattack
3076	8452	9687	17	portsweep
5376	4800	9687	20	snmpgetattack
23317	12431	9687	20	snmpgetattack
23317	12431	9687	25	snmpgetattack
5376	4800	9687	25	snmpgetattack
23317	12431	9687	30	snmpgetattack
5376	4800	9687	30	snmpgetattack
5376	4800	9687	35	snmpgetattack
23317	12431	9687	35	snmpgetattack
23317	12431	9687	40	snmpgetattack
5376	4800	9687	40	snmpgetattack
23317	12431	9687	45	snmpgetattack
5376	4800	9687	45	snmpgetattack
5376	4800	9687	50	snmpgetattack
23317	12431	9687	50	snmpgetattack
5376	4800	9687	55	snmpgetattack
23317	12431	9687	55	snmpgetattack
3076	8452	9687	58	portsweep
23317	12431	9687	60	snmpgetattack
5376	4800	9687	60	snmpgetattack
23317	12431	9687	65	snmpgetattack
5376	4800	9687	65	snmpgetattack
5376	4800	43798	70	snmpgetattack
23317	12431	43798	70	snmpgetattack
5376	4800	43798	75	snmpgetattack
23317	12431	43798	75	snmpgetattack
23317	12431	43798	80	snmpgetattack
5376	4800	43798	80	snmpgetattack
5376	4800	43798	86	snmpgetattack
23317	12431	43798	86	snmpgetattack
23317	12431	43798	91	snmpgetattack
5376	4800	43798	91	snmpgetattack
3076	8452	43798	96	portsweep
5376	4800	43798	101	snmpgetattack
23317	12431	43798	101	snmpgetattack
5376	4800	43798	106	snmpgetattack
23317	12431	43798	106	snmpgetattack
8294	11780	43798	108	nmap
5376	4800	43798	111	snmpgetattack
23317	12431	43798	111	snmpgetattack
23317	12431	43798	116	snmpgetattack
5376	4800	43798	116	snmpgetattack
23317	12431	43798	121	snmpgetattack
5376	4800	43798	121	snmpgetattack
5376	4800	43798	126	snmpgetattack
23317	12431	43798	126	snmpgetattack
23317	12431	28332	131	snmpgetattack
5376	4800	28332	131	snmpgetattack
3076	8452	28332	134	portsweep
23317	12431	28332	136	snmpgetattack
5376	4800	28332	136	snmpgetattack
5376	4800	28332	141	snmpgetattack
23317	12431	28332	141	snmpgetattack
5376	4800	28332	146	snmpgetattack
23317	12431	28332	146	snmpgetattack
5376	4800	28332	151	snmpgetattack
23317	12431	28332	151	snmpgetattack
23317	12431	28332	156	snmpgetattack
5376	4800	28332	156	snmpgetattack
23317	12431	28332	161	snmpgetattack
5376	4800	28332	161	snmpgetattack
5376	4800	28332	166	snmpgetattack
23317	12431	28332	166	snmpgetattack
23317	12431	28332	171	snmpgetattack
5376	4800	28332	171	snmpgetattack
3076	8452	28332	172	portsweep
5376	4800	28332	176	snmpgetattack
23317	12431	28332	176	snmpgetattack
5376	4800	28332	181	snmpgetattack
23317	12431	28332	181	snmpgetattack
5376	4800	28332	186	snmpgetattack
23317	12431	28332	186	snmpgetattack
3957	15394	24110	189	-
5376	4800	24110	191	snmpgetattack
23317	12431	24110	191	snmpgetattack
5376	4800	24110	196	snmpgetattack
23317	12431	24110	196	snmpgetattack
5376	4800	24110	201	snmpgetattack
23317	12431	24110	201	snmpgetattack
5376	4800	24110	207	snmpgetattack
23317	12431	24110	207	snmpgetattack
3076	8452	24110	210	portsweep
23317	12431	24110	212	snmpgetattack
5376	4800	24110	212	snmpgetattack
23317	12431	24110	217	snmpgetattack
5376	4800	24110	217	snmpgetattack
5376	4800	24110	222	snmpgetattack
23317	12431	24110	222	snmpgetattack
5376	4800	24110	227	snmpgetattack
23317	12431	24110	227	snmpgetattack
23317	12431	24110	232	snmpgetattack
5376	4800	24110	232	snmpgetattack
23317	12431	24110	237	snmpgetattack
5376	4800	24110	237	snmpgetattack
5376	4800	24110	242	snmpgetattack
23317	12431	24110	242	snmpgetattack
5376	4800	24110	247	snmpgetattack
23317	12431	24110	247	snmpgetattack
3076	8452	5360	248	portsweep
5376	4800	5360	252	snmpgetattack
23317	12431	5360	252	snmpgetattack
23317	12431	5360	257	snmpgetattack
5376	4800	5360	257	snmpgetattack
8294	11780	5360	259	nmap
8294	11780	5360	259	nmap
23317	12431	5360	262	snmpgetattack
5376	4800	5360	262	snmpgetattack
5376	4800	5360	267	snmpgetattack
23317	12431	5360	267	snmpgetattack
5376	4800	5360	272	snmpgetattack
23317	12431	5360	272	snmpgetattack
5376	4800	5360	277	snmpgetattack
23317	12431	5360	277	snmpgetattack
23317	12431	5360	282	snmpgetattack
5376	4800	5360	282	snmpgetattack
3076	8452	5360	286	portsweep
5376	4800	5360	287	snmpgetattack
23317	12431	5360	287	snmpgetattack
5376	4800	5360	292	snmpgetattack
23317	12431	5360	292	snmpgetattack
5376	4800	5360	297	snmpgetattack
23317	12431	5360	297	snmpgetattack
23317	12431	5360	302	snmpgetattack
5376	4800	5360	302	snmpgetattack
5376	4800	5360	307	snmpgetattack
23317	12431	5360	307	snmpgetattack
5376	4800	39704	312	snmpgetattack
23317	12431	39704	312	snmpgetattack
5376	4800	39704	317	snmpgetattack
23317	12431	39704	317	snmpgetattack
23317	12431	39704	322	snmpgetattack
5376	4800	39704	322	snmpgetattack
3076	8452	39704	324	portsweep
5376	4800	39704	327	snmpgetattack
23317	12431	39704	327	snmpgetattack
5376	4800	39704	333	snmpgetattack
23317	12431	39704	333	snmpgetattack
5376	4800	39704	338	snmpgetattack
23317	12431	39704	338	snmpgetattack
23317	12431	39704	343	snmpgetattack
5376	4800	39704	343	snmpgetattack
23317	12431	39704	348	snmpgetattack
5376	4800	39704	348	snmpgetattack
5376	4800	39704	353	snmpgetattack
23317	12431	39704	353	snmpgetattack
5376	4800	39704	358	snmpgetattack
23317	12431	39704	358	snmpgetattack
3076	8452	39704	362	portsweep
5376	4800	39704	363	snmpgetattack
23317	12431	39704	363	snmpgetattack
23317	12431	9708	368	snmpgetattack
5376	4800	9708	368	snmpgetattack
5376	4800	9708	373	snmpgetattack
23317	12431	9708	373	snmpgetattack
5376	4800	9708	378	snmpgetattack
23317	12431	9708	378	snmpgetattack
5376	4800	9708	383	snmpgetattack
23317	12431	9708	383	snmpgetattack
5376	4800	9708	388	snmpgetattack
23317	12431	9708	388	snmpgetattack
5376	4800	9708	393	snmpgetattack
23317	12431	9708	393	snmpgetattack
5376	4800	9708	398	snmpgetattack
23317	12431	9708	398	snmpgetattack
5376	4800	9708	403	snmpgetattack
23317	12431	9708	403	snmpgetattack
5376	4800	9708	408	snmpgetattack
23317	12431	9708	408	snmpgetattack
8294	11780	9708	410	nmap
5376	4800	9708	413	snmpgetattack
23317	12431	9708	413	snmpgetattack
5376	4800	9708	418	snmpgetattack
23317	12431	9708	418	snmpgetattack
5376	4800	9708	423	snmpgetattack
23317	12431	9708	423	snmpgetattack
3076	8452	9708	424	portsweep
5376	4800	37007	428	snmpgetattack
23317	12431	37007	428	snmpgetattack
5376	4800	37007	433	snmpgetattack
23317	12431	37007	433	snmpgetattack
5376	4800	37007	438	snmpgetattack
23317	12431	37007	438	snmpgetattack
5376	4800	37007	444	snmpgetattack
23317	12431	37007	444	snmpgetattack
5376	4800	37007	449	snmpgetattack
23317	12431	37007	449	snmpgetattack
12985	15894	37007	454	warez
12985	15894	37007	454	warez
7179	8452	37007	454	warez
5376	4800	37007	459	snmpgetattack
23317	12431	37007	459	snmpgetattack
3076	8452	37007	462	portsweep
5376	4800	37007	464	snmpgetattack
23317	12431	37007	464	snmpgetattack
5376	4800	37007	469	snmpgetattack
23317	12431	37007	469	snmpgetattack
5376	4800	37007	474	snmpgetattack
23317	12431	37007	474	snmpgetattack
15394	4800	37007	476	-
23317	882	37007	476	-
5376	4800	37007	479	snmpgetattack
23317	12431	37007	479	snmpgetattack
5376	4800	37007	484	snmpgetattack
23317	12431	37007	484	snmpgetattack
5376	4800	42291	489	snmpgetattack
23317	12431	42291	489	snmpgetattack
5376	4800	42291	494	snmpgetattack
23317	12431	42291	494	snmpgetattack
5376	4800	42291	499	snmpgetattack
23317	12431	42291	499	snmpgetattack
3076	8452	42291	500	portsweep
5376	4800	42291	504	snmpgetattack
23317	12431	42291	504	snmpgetattack
5376	4800	42291	509	snmpgetattack
23317	12431	42291	509	snmpgetattack
5376	4800	42291	514	snmpgetattack
23317	12431	42291	514	snmpgetattack
5376	4800	42291	519	snmpgetattack
23317	12431	42291	519	snmpgetattack
5376	4800	42291	524	snmpgetattack
23317	12431	42291	524	snmpgetattack
23317	12431	42291	529	snmpgetattack
5376	4800	42291	529	snmpgetattack
23317	12431	42291	534	snmpgetattack
5376	4800	42291	534	snmpgetattack
3076	8452	42291	538	portsweep
5376	4800	42291	539	snmpgetattack
23317	12431	42291	539	snmpgetattack
23317	12431	42291	544	snmpgetattack
5376	4800	42291	544	snmpgetattack
5376	4800	24898	549	snmpgetattack
23317	12431	24898	549	snmpgetattack
23317	12431	24898	554	snmpgetattack
5376	4800	24898	554	snmpgetattack
5376	4800	24898	559	snmpgetattack
23317	12431	24898	559	snmpgetattack
8294	11780	24898	561	nmap
8294	11780	24898	561	nmap
5376	4800	24898	565	snmpgetattack
23317	12431	24898	565	snmpgetattack
5376	4800	24898	570	snmpgetattack
23317	12431	24898	570	snmpgetattack
23317	12431	24898	575	snmpgetattack
5376	4800	24898	575	snmpgetattack
3076	8452	24898	577	portsweep
5376	4800	24898	580	snmpgetattack
23317	12431	24898	580	snmpgetattack
5376	4800	24898	585	snmpgetattack
23317	12431	24898	585	snmpgetattack
5376	4800	24898	590	snmpgetattack
23317	12431	24898	590	snmpgetattack
5376	4800	24898	595	snmpgetattack
23317	12431	24898	595	snmpgetattack
5376	4800	24898	600	snmpgetattack
23317	12431	24898	600	snmpgetattack
23317	12431	24898	605	snmpgetattack
5376	4800	24898	605	snmpgetattack
5376	4800	15922	610	snmpgetattack
23317	12431	15922	610	snmpgetattack
3076	8452	15922	615	portsweep
5376	4800	15922	620	snmpgetattack
23317	12431	15922	620	snmpgetattack
5376	4800	15922	625	snmpgetattack
23317	12431	15922	625	snmpgetattack
23317	12431	15922	630	snmpgetattack
5376	4800	15922	630	snmpgetattack
23317	12431	15922	635	snmpgetattack
5376	4800	15922	635	snmpgetattack
23317	12431	15922	640	snmpgetattack
5376	4800	15922	640	snmpgetattack
5376	4800	15922	645	snmpgetattack
23317	12431	15922	645	snmpgetattack
5376	4800	15922	650	snmpgetattack
23317	12431	15922	650	snmpgetattack
3076	8452	15922	653	portsweep
23317	12431	15922	655	snmpgetattack
5376	4800	15922	655	snmpgetattack
23317	12431	15922	660	snmpgetattack
5376	4800	15922	660	snmpgetattack
5376	4800	15922	665	snmpgetattack
23317	12431	15922	665	snmpgetattack
5376	4800	27459	670	snmpgetattack
23317	12431	27459	670	snmpgetattack
5376	4800	27459	675	snmpgetattack
23317	12431	27459	675	snmpgetattack
23317	12431	27459	680	snmpgetattack
5376	4800	27459	680	snmpgetattack
23317	12431	27459	685	snmpgetattack
5376	4800	27459	685	snmpgetattack
3076	8452	27459	691	portsweep
5376	4800	27459	696	snmpgetattack
23317	12431	27459	696	snmpgetattack
23317	12431	27459	701	snmpgetattack
5376	4800	27459	701	snmpgetattack
5376	4800	27459	706	snmpgetattack
23317	12431	27459	706	snmpgetattack
5376	4800	27459	711	snmpgetattack
23317	12431	27459	711	snmpgetattack
8294	11780	27459	712	nmap
5376	4800	27459	716	snmpgetattack
23317	12431	27459	716	snmpgetattack
5376	4800	27459	721	snmpgetattack
23317	12431	27459	721	snmpgetattack
5376	4800	27459	726	snmpgetattack
23317	12431	27459	726	snmpgetattack
23317	12431	23399	731	snmpgetattack
5376	4800	23399	731	snmpgetattack
3076	8452	23399	735	portsweep
5376	4800	23399	736	snmpgetattack
23317	12431	23399	736	snmpgetattack
23317	12431	23399	741	snmpgetattack
5376	4800	23399	741	snmpgetattack
23317	12431	23399	746	snmpgetattack
5376	4800	23399	746	snmpgetattack
5376	4800	23399	751	snmpgetattack
23317	12431	23399	751	snmpgetattack
5376	4800	23399	756	snmpgetattack
23317	12431	23399	756	snmpgetattack
5376	4800	23399	761	snmpgetattack
23317	12431	23399	761	snmpgetattack
5376	4800	23399	766	snmpgetattack
23317	12431	23399	766	snmpgetattack
23317	12431	23399	771	snmpgetattack
5376	4800	23399	771	snmpgetattack
3076	8452	23399	773	portsweep
23317	12431	23399	776	snmpgetattack
5376	4800	23399	776	snmpgetattack
5376	4800	23399	781	snmpgetattack
23317	12431	23399	781	snmpgetattack
5376	4800	23399	786	snmpgetattack
23317	12431	23399	786	snmpgetattack
5376	4800	25712	791	snmpgetattack
23317	12431	25712	791	snmpgetattack
5376	4800	25712	796	snmpgetattack
23317	12431	25712	796	snmpgetattack
5376	4800	25712	801	snmpgetattack
23317	12431	25712	801	snmpgetattack
5376	4800	25712	806	snmpgetattack
23317	12431	25712	806	snmpgetattack
3076	8452	25712	811	portsweep
12032	8452	25712	815	warez
12985	15197	25712	817	warez
12985	15197	25712	817	warez
5376	4800	25712	822	snmpgetattack
23317	12431	25712	822	snmpgetattack
5376	4800	25712	827	snmpgetattack
23317	12431	25712	827	snmpgetattack
5376	4800	25712	832	snmpgetattack
23317	12431	25712	832	snmpgetattack
5376	4800	25712	837	snmpgetattack
23317	12431	25712	837	snmpgetattack
5376	4800	25712	842	snmpgetattack
23317	12431	25712	842	snmpgetattack
23317	12431	25712	847	snmpgetattack
5376	4800	25712	847	snmpgetattack
3076	8452	33534	851	portsweep
5376	4800	33534	852	snmpgetattack
23317	12431	33534	852	snmpgetattack
5376	4800	33534	857	snmpgetattack
23317	12431	33534	857	snmpgetattack
5376	4800	33534	862	snmpgetattack
23317	12431	33534	862	snmpgetattack
8294	11780	33534	863	nmap
8294	11780	33534	863	nmap
23317	12431	33534	867	snmpgetattack
5376	4800	33534	867	snmpgetattack
23317	12431	33534	872	snmpgetattack
5376	4800	33534	872	snmpgetattack
23317	12431	33534	877	snmpgetattack
5376	4800	33534	877	snmpgetattack
5376	4800	33534	882	snmpgetattack
23317	12431	33534	882	snmpgetattack
5376	4800	33534	887	snmpgetattack
23317	12431	33534	887	snmpgetattack
3076	8452	33534	890	portsweep
5376	4800	33534	892	snmpgetattack
23317	12431	33534	892	snmpgetattack
5376	4800	33534	897	snmpgetattack
23317	12431	33534	897	snmpgetattack
23317	12431	33534	902	snmpgetattack
5376	4800	33534	902	snmpgetattack
5376	4800	33534	907	snmpgetattack
23317	12431	33534	907	snmpgetattack
5376	4800	9812	912	snmpgetattack
23317	12431	9812	912	snmpgetattack
5376	4800	9812	917	snmpgetattack
23317	12431	9812	917	snmpgetattack
5376	4800	9812	922	snmpgetattack
23317	12431	9812	922	snmpgetattack
5376	4800	9812	927	snmpgetattack
23317	12431	9812	927	snmpgetattack
3076	8452	9812	928	portsweep
23317	12431	9812	932	snmpgetattack
5376	4800	9812	932	snmpgetattack
23317	12431	9812	937	snmpgetattack
5376	4800	9812	937	snmpgetattack
5376	4800	9812	943	snmpgetattack
23317	12431	9812	943	snmpgetattack
5376	4800	9812	948	snmpgetattack
23317	12431	9812	948	snmpgetattack
5376	4800	9812	953	snmpgetattack
23317	12431	9812	953	snmpgetattack
5376	4800	9812	958	snmpgetattack
23317	12431	9812	958	snmpgetattack
5376	4800	9812	963	snmpgetattack
23317	12431	9812	963	snmpgetattack
3076	8452	9812	967	portsweep
23317	12431	38523	968	snmpgetattack
5376	4800	38523	968	snmpgetattack
5376	4800	38523	973	snmpgetattack
23317	12431	38523	973	snmpgetattack
5376	4800	38523	978	snmpgetattack
23317	12431	38523	978	snmpgetattack
5376	4800	38523	983	snmpgetattack
23317	12431	38523	983	snmpgetattack
5376	4800	38523	988	snmpgetattack
23317	12431	38523	988	snmpgetattack
23317	12431	38523	993	snmpgetattack
5376	4800	38523	993	snmpgetattack
23317	12431	38523	998	snmpgetattack
5376	4800	38523	998	snmpgetattack
5376	4800	38523	1003	snmpgetattack
23317	12431	38523	1003	snmpgetattack
3076	8452	38523	1005	portsweep
5376	4800	38523	1008	snmpgetattack
23317	12431	38523	1008	snmpgetattack
5376	4800	38523	1013	snmpgetattack
23317	12431	38523	1013	snmpgetattack
8294	11780	38523	1014	nmap
5376	4800	38523	1018	snmpgetattack
23317	12431	38523	1018	snmpgetattack
23317	12431	38523	1023	snmpgetattack
5376	4800	38523	1023	snmpgetattack
5376	4800	35796	1028	snmpgetattack
23317	12431	35796	1028	snmpgetattack
5376	4800	35796	1033	snmpgetattack
23317	12431	35796	1033	snmpgetattack
5376	4800	35796	1038	snmpgetattack
23317	12431	35796	1038	snmpgetattack
5376	4800	35796	1043	snmpgetattack
23317	12431	35796	1043	snmpgetattack
3076	8452	35796	1044	portsweep
23317	12431	35796	1048	snmpgetattack
5376	4800	35796	1048	snmpgetattack
23317	12431	35796	1053	snmpgetattack
5376	4800	35796	1053	snmpgetattack
23317	12431	35796	1058	snmpgetattack
5376	4800	35796	1058	snmpgetattack
23317	12431	35796	1063	snmpgetattack
5376	4800	35796	1063	snmpgetattack
23317	12431	35796	1069	snmpgetattack
5376	4800	35796	1069	snmpgetattack
23317	12431	35796	1074	snmpgetattack
5376	4800	35796	1074	snmpgetattack
23317	882	35796	1076	-
15394	4800	35796	1076	-
23317	12431	35796	1079	snmpgetattack
5376	4800	35796	1079	snmpgetattack
23317	12431	35796	1084	snmpgetattack
5376	4800	35796	1084	snmpgetattack
23317	12431	27401	1089	snmpgetattack
5376	4800	27401	1089	snmpgetattack
23317	12431	27401	1094	snmpgetattack
5376	4800	27401	1094	snmpgetattack
3076	8452	27401	1097	portsweep
5376	4800	27401	1099	snmpgetattack
23317	12431	27401	1099	snmpgetattack
5376	4800	27401	1104	snmpgetattack
23317	12431	27401	1104	snmpgetattack
5376	4800	27401	1109	snmpgetattack
23317	12431	27401	1109	snmpgetattack
5376	4800	27401	1114	snmpgetattack
23317	12431	27401	1114	snmpgetattack
5376	4800	27401	1119	snmpgetattack
23317	12431	27401	1119	snmpgetattack
23317	12431	27401	1124	snmpgetattack
5376	4800	27401	1124	snmpgetattack
5376	4800	27401	1129	snmpgetattack
23317	12431	27401	1129	snmpgetattack
5376	4800	27401	1134	snmpgetattack
23317	12431	27401	1134	snmpgetattack
3076	8452	27401	1135	portsweep
23317	12431	27401	1139	snmpgetattack
5376	4800	27401	1139	snmpgetattack
23317	12431	27401	1144	snmpgetattack
5376	4800	27401	1144	snmpgetattack
23317	12431	43305	1149	snmpgetattack
3957	15394	43305	1149	-
5376	4800	43305	1149	snmpgetattack
5376	4800	43305	1154	snmpgetattack
23317	12431	43305	1154	snmpgetattack
5376	4800	43305	1159	snmpgetattack
23317	12431	43305	1159	snmpgetattack
8294	11780	43305	1165	nmap
8294	11780	43305	1165	nmap
23317	12431	43305	1170	snmpgetattack
5376	4800	43305	1170	snmpgetattack
3076	8452	43305	1173	portsweep
5376	4800	43305	1175	snmpgetattack
23317	12431	43305	1175	snmpgetattack
5376	4800	43305	1180	snmpgetattack
23317	12431	43305	1180	snmpgetattack
5376	4800	43305	1185	snmpgetattack
23317	12431	43305	1185	snmpgetattack
5376	4800	43305	1190	snmpgetattack
23317	12431	43305	1190	snmpgetattack
23317	12431	43305	1195	snmpgetattack
5376	4800	43305	1195	snmpgetattack
23317	12431	43305	1200	snmpgetattack
5376	4800	43305	1200	snmpgetattack
23317	12431	43305	1205	snmpgetattack
5376	4800	43305	1205	snmpgetattack
23317	12431	9301	1210	snmpgetattack
5376	4800	9301	1210	snmpgetattack
3076	8452	9301	1211	portsweep
5376	4800	9301	1215	snmpgetattack
23317	12431	9301	1215	snmpgetattack
5376	4800	9301	1220	snmpgetattack
23317	12431	9301	1220	snmpgetattack
5376	4800	9301	1225	snmpgetattack
23317	12431	9301	1225	snmpgetattack
5376	4800	9301	1230	snmpgetattack
23317	12431	9301	1230	snmpgetattack
5376	4800	9301	1235	snmpgetattack
23317	12431	9301	1235	snmpgetattack
23317	12431	9301	1240	snmpgetattack
5376	4800	9301	1240	snmpgetattack
5376	4800	9301	1246	snmpgetattack
23317	12431	9301	1246	snmpgetattack
3076	8452	9301	1249	portsweep
5376	4800	9301	1251	snmpgetattack
23317	12431	9301	1251	snmpgetattack
23317	12431	9301	1256	snmpgetattack
5376	4800	9301	1256	snmpgetattack
23317	12431	9301	1261	snmpgetattack
5376	4800	9301	1261	snmpgetattack
23317	12431	9301	1266	snmpgetattack
5376	4800	9301	1266	snmpgetattack
5376	4800	29540	1271	snmpgetattack
23317	12431	29540	1271	snmpgetattack
5376	4800	29540	1276	snmpgetattack
23317	12431	29540	1276	snmpgetattack
5376	4800	29540	1281	snmpgetattack
23317	12431	29540	1281	snmpgetattack
5376	4800	29540	1286	snmpgetattack
23317	12431	29540	1286	snmpgetattack
3076	8452	29540	1287	portsweep
23317	12431	29540	1291	snmpgetattack
5376	4800	29540	1291	snmpgetattack
5376	4800	29540	1296	snmpgetattack
23317	12431	29540	1296	snmpgetattack
5376	4800	29540	1301	snmpgetattack
23317	12431	29540	1301	snmpgetattack
5376	4800	29540	1306	snmpgetattack
23317	12431	29540	1306	snmpgetattack
23317	12431	29540	1312	snmpgetattack
5376	4800	29540	1312	snmpgetattack
8294	11780	29540	1316	nmap
23317	12431	29540	1317	snmpgetattack
5376	4800	29540	1317	snmpgetattack
23317	12431	29540	1322	snmpgetattack
5376	4800	29540	1322	snmpgetattack
3076	8452	29540	1325	portsweep
23317	12431	29540	1327	snmpgetattack
5376	4800	29540	1327	snmpgetattack
23317	12431	2311	1332	snmpgetattack
5376	4800	2311	1332	snmpgetattack
23317	12431	2311	1337	snmpgetattack
5376	4800	2311	1337	snmpgetattack
5376	4800	2311	1342	snmpgetattack
23317	12431	2311	1342	snmpgetattack
5376	4800	2311	1347	snmpgetattack
23317	12431	2311	1347	snmpgetattack
5376	4800	2311	1352	snmpgetattack
23317	12431	2311	1352	snmpgetattack
5376	4800	2311	1357	snmpgetattack
23317	12431	2311	1357	snmpgetattack
23317	12431	2311	1362	snmpgetattack
5376	4800	2311	1362	snmpgetattack
3076	8452	2311	1363	portsweep
5376	4800	2311	1367	snmpgetattack
23317	12431	2311	1367	snmpgetattack
5376	4800	2311	1372	snmpgetattack
23317	12431	2311	1372	snmpgetattack
5376	4800	2311	1377	snmpgetattack
23317	12431	2311	1377	snmpgetattack
23317	12431	2311	1383	snmpgetattack
5376	4800	2311	1383	snmpgetattack
23317	12431	44568	1388	snmpgetattack
5376	4800	44568	1388	snmpgetattack
23317	12431	44568	1393	snmpgetattack
5376	4800	44568	1393	snmpgetattack
5376	4800	44568	1398	snmpgetattack
23317	12431	44568	1398	snmpgetattack
3076	8452	44568	1401	portsweep
5376	4800	44568	1403	snmpgetattack
23317	12431	44568	1403	snmpgetattack
5376	4800	44568	1408	snmpgetattack
23317	12431	44568	1408	snmpgetattack
23317	12431	44568	1413	snmpgetattack
5376	4800	44568	1413	snmpgetattack
23317	12431	44568	1418	snmpgetattack
5376	4800	44568	1418	snmpgetattack
5376	4800	44568	1423	snmpgetattack
23317	12431	44568	1423	snmpgetattack
1986	8452	44568	1427	warez
5376	4800	44568	1428	snmpgetattack
23317	12431	44568	1428	snmpgetattack
3957	587	44568	1428	-
12985	13383	44568	1429	warez
12985	13383	44568	1429	warez
5376	4800	44568	1433	snmpgetattack
23317	12431	44568	1433	snmpgetattack
23317	12431	44568	1438	snmpgetattack
5376	4800	44568	1438	snmpgetattack
3076	8452	44568	1440	portsweep
23317	12431	44568	1443	snmpgetattack
5376	4800	44568	1443	snmpgetattack
23317	12431	2887	1448	snmpgetattack
5376	4800	2887	1448	snmpgetattack
5376	4800	2887	1453	snmpgetattack
23317	12431	2887	1453	snmpgetattack
5376	4800	2887	1459	snmpgetattack
23317	12431	2887	1459	snmpgetattack
5376	4800	2887	1464	snmpgetattack
23317	12431	2887	1464	snmpgetattack
8294	11780	2887	1467	nmap
8294	11780	2887	1467	nmap
5376	4800	2887	1469	snmpgetattack
23317	12431	2887	1469	snmpgetattack
5376	4800	2887	1474	snmpgetattack
23317	12431	2887	1474	snmpgetattack
3076	8452	2887	1479	portsweep
5376	4800	2887	1484	snmpgetattack
23317	12431	2887	1484	snmpgetattack
5376	4800	2887	1489	snmpgetattack
23317	12431	2887	1489	snmpgetattack
5376	4800	2887	1494	snmpgetattack
23317	12431	2887	1494	snmpgetattack
23317	12431	2887	1499	snmpgetattack
5376	4800	2887	1499	snmpgetattack
23317	12431	2887	1504	snmpgetattack
5376	4800	2887	1504	snmpgetattack
23317	12431	21691	1509	snmpgetattack
5376	4800	21691	1509	snmpgetattack
5376	4800	21691	1514	snmpgetattack
23317	12431	21691	1514	snmpgetattack
3076	8452	21691	1517	portsweep
5376	4800	21691	1519	snmpgetattack
23317	12431	21691	1519	snmpgetattack
5376	4800	21691	1524	snmpgetattack
23317	12431	21691	1524	snmpgetattack
23317	12431	21691	1529	snmpgetattack
5376	4800	21691	1529	snmpgetattack
5376	4800	21691	1534	snmpgetattack
23317	12431	21691	1534	snmpgetattack
5376	4800	21691	1539	snmpgetattack
23317	12431	21691	1539	snmpgetattack
5376	4800	21691	1544	snmpgetattack
23317	12431	21691	1544	snmpgetattack
5376	4800	21691	1549	snmpgetattack
23317	12431	21691	1549	snmpgetattack
5376	4800	21691	1554	snmpgetattack
23317	12431	21691	1554	snmpgetattack
3076	8452	21691	1556	portsweep
5376	4800	21691	1559	snmpgetattack
23317	12431	21691	1559	snmpgetattack
5376	4800	21691	1564	snmpgetattack
23317	12431	21691	1564	snmpgetattack
5376	4800	12737	1569	snmpgetattack
23317	12431	12737	1569	snmpgetattack
5376	4800	12737	1574	snmpgetattack
23317	12431	12737	1574	snmpgetattack
5376	4800	12737	1579	snmpgetattack
23317	12431	12737	1579	snmpgetattack
5376	4800	12737	1585	snmpgetattack
23317	12431	12737	1585	snmpgetattack
5376	4800	12737	1590	snmpgetattack
23317	12431	12737	1590	snmpgetattack
3076	8452	12737	1595	portsweep
5376	4800	12737	1600	snmpgetattack
23317	12431	12737	1600	snmpgetattack
5376	4800	12737	1605	snmpgetattack
23317	12431	12737	1605	snmpgetattack
5376	4800	12737	1610	snmpgetattack
23317	12431	12737	1610	snmpgetattack
5376	4800	12737	1615	snmpgetattack
23317	12431	12737	1615	snmpgetattack
8294	11780	12737	1618	nmap
5376	4800	12737	1620	snmpgetattack
23317	12431	12737	1620	snmpgetattack
5376	4800	12737	1625	snmpgetattack
23317	12431	12737	1625	snmpgetattack
5376	4800	31593	1630	snmpgetattack
23317	12431	31593	1630	snmpgetattack
3076	8452	31593	1633	portsweep
5376	4800	31593	1635	snmpgetattack
23317	12431	31593	1635	snmpgetattack
5376	4800	31593	1640	snmpgetattack
23317	12431	31593	1640	snmpgetattack
5376	4800	31593	1645	snmpgetattack
23317	12431	31593	1645	snmpgetattack
5376	4800	31593	1650	snmpgetattack
23317	12431	31593	1650	snmpgetattack
5376	4800	31593	1655	snmpgetattack
23317	12431	31593	1655	snmpgetattack
5376	4800	31593	1660	snmpgetattack
23317	12431	31593	1660	snmpgetattack
5376	4800	31593	1665	snmpgetattack
23317	12431	31593	1665	snmpgetattack
5376	4800	31593	1670	snmpgetattack
23317	12431	31593	1670	snmpgetattack
3076	8452	31593	1672	portsweep
5376	4800	31593	1675	snmpgetattack
23317	12431	31593	1675	snmpgetattack
15394	4800	31593	1676	-
23317	882	31593	1676	-
5376	4800	31593	1680	snmpgetattack
23317	12431	31593	1680	snmpgetattack
5376	4800	31593	1685	snmpgetattack
23317	12431	31593	1685	snmpgetattack
5376	4800	22067	1690	snmpgetattack
23317	12431	22067	1690	snmpgetattack
5376	4800	22067	1695	snmpgetattack
23317	12431	22067	1695	snmpgetattack
5376	4800	22067	1700	snmpgetattack
23317	12431	22067	1700	snmpgetattack
5376	4800	22067	1705	snmpgetattack
23317	12431	22067	1705	snmpgetattack
3076	8452	22067	1710	portsweep
5376	4800	22067	1711	snmpgetattack
23317	12431	22067	1711	snmpgetattack
5376	4800	22067	1716	snmpgetattack
23317	12431	22067	1716	snmpgetattack
5376	4800	22067	1721	snmpgetattack
23317	12431	22067	1721	snmpgetattack
5376	4800	22067	1726	snmpgetattack
23317	12431	22067	1726	snmpgetattack
5376	4800	22067	1731	snmpgetattack
23317	12431	22067	1731	snmpgetattack
5376	4800	22067	1736	snmpgetattack
23317	12431	22067	1736	snmpgetattack
5376	4800	22067	1741	snmpgetattack
23317	12431	22067	1741	snmpgetattack
5376	4800	22067	1746	snmpgetattack
23317	12431	22067	1746	snmpgetattack
3076	8452	8202	1748	portsweep
5376	4800	8202	1751	snmpgetattack
23317	12431	8202	1751	snmpgetattack
5376	4800	8202	1756	snmpgetattack
23317	12431	8202	1756	snmpgetattack
5376	4800	8202	1761	snmpgetattack
23317	12431	8202	1761	snmpgetattack
5376	4800	8202	1766	snmpgetattack
23317	12431	8202	1766	snmpgetattack
8294	11780	8202	1769	nmap
8294	11780	8202	1769	nmap
5376	4800	8202	1771	snmpgetattack
23317	12431	8202	1771	snmpgetattack
5376	4800	8202	1776	snmpgetattack
23317	12431	8202	1776	snmpgetattack
5376	4800	8202	1781	snmpgetattack
23317	12431	8202	1781	snmpgetattack
3076	8452	8202	1786	portsweep
5376	4800	8202	1791	snmpgetattack
23317	12431	8202	1791	snmpgetattack
5376	4800	8202	1796	snmpgetattack
23317	12431	8202	1796	snmpgetattack
12985	17835	8202	1799	warez
12985	17835	8202	1799	warez
5106	8452	8202	1799	warez
