14547	19834	22320	0	-
21708	17392	22320	0	-
21708	17392	22320	0	-
21708	17392	22320	0	-
21708	17392	22320	0	-
21708	17392	22320	0	-
21708	17392	22320	0	-
21708	17392	22320	0	-
21708	17392	22320	0	-
21708	17392	22320	0	-
21708	17392	22320	0	-
21708	17392	22320	0	-
21708	17392	22320	0	-
21708	17392	22320	0	-
21708	17392	22320	0	-
21708	17392	22320	1	-
21708	17392	22320	1	-
21708	17392	22320	1	-
21708	17392	22320	1	-
21708	17392	22320	1	-
21708	17392	22320	1	-
21708	17392	22320	1	-
21708	17392	22320	1	-
21708	17392	22320	1	-
21708	17392	22320	1	-
21708	17392	22320	1	-
21708	17392	22320	1	-
21708	17392	22320	1	-
21708	17392	22320	1	-
7782	22986	22320	1	-
6114	22502	37675	11	-
6114	22502	37675	11	-
6114	22502	37675	11	-
6114	22502	37675	11	-
6114	22502	37675	11	-
6114	22502	37675	11	-
6114	22502	37675	11	-
6114	22502	37675	11	-
6114	22502	37675	11	-
6114	22502	37675	11	-
6114	22502	37675	11	-
6114	22502	37675	11	-
6114	22502	37675	12	-
6114	22502	37675	12	-
6114	22502	37675	12	-
6114	22502	37675	12	-
6114	22502	37675	12	-
6114	22502	37675	12	-
6114	22502	37675	12	-
6114	22502	37675	12	-
7782	19834	37675	15	-
8048	2843	37675	21	-
3611	10553	37675	36	-
3611	9787	37675	36	-
3611	9787	37675	36	-
3611	9787	37675	36	-
8048	14437	37675	65	-
8048	23167	37675	65	-
8048	4981	36581	66	-
8048	3461	36581	67	-
8048	16332	36581	68	-
7782	19834	36581	70	-
12332	16593	36581	74	-
3957	21708	36581	74	-
12332	14437	36581	74	-
19839	21708	36581	75	-
12332	3611	36581	75	-
12332	23167	36581	76	-
12332	3297	36581	76	-
11001	10553	36581	77	-
12332	2843	36581	77	-
12332	16531	36581	78	-
12332	7268	36581	79	-
11001	22710	36581	80	-
11001	9787	36581	80	-
11001	9787	36581	80	-
11001	9787	36581	80	-
11001	22710	36581	80	-
12332	9554	36581	80	-
12332	16332	36581	81	-
6114	5946	36581	82	-
6114	5946	36581	82	-
6114	5946	36581	82	-
6114	5946	36581	82	-
6114	5946	36581	82	-
6114	5946	36581	82	-
6114	5946	36581	83	-
6114	5946	36581	83	-
6114	5946	36581	83	-
12332	23167	36581	86	-
12332	3461	36581	86	-
12332	9554	36581	87	-
7215	13122	36581	92	-
7215	21708	36581	92	-
11001	10553	36581	93	-
11001	9787	36581	93	-
11001	9787	36581	93	-
11001	10553	36581	99	-
11001	9787	36581	100	-
11001	9787	36581	100	-
11001	9787	36581	100	-
16671	21708	36581	101	-
10429	15667	36581	113	-
7782	13122	36581	114	-
7782	19531	36581	114	-
21708	17392	36581	115	-
21708	17392	36581	115	-
21708	17392	36581	115	-
21708	17392	36581	115	-
21708	17392	36581	115	-
21708	17392	36581	115	-
21708	17392	36581	115	-
21708	17392	36581	115	-
21708	17392	36581	115	-
21708	17392	36581	115	-
21708	17392	36581	115	-
21708	17392	36581	115	-
21708	17392	36581	115	-
21708	17392	36581	115	-
21708	17392	36581	116	-
21708	17392	36581	116	-
21708	17392	36581	116	-
21708	17392	36581	116	-
21708	17392	36581	116	-
21708	17392	36581	116	-
21708	17392	36581	116	-
21708	17392	36581	116	-
21708	17392	36581	116	-
882	3297	36581	122	-
882	16531	36581	123	-
882	9554	36581	124	-
12332	4981	36581	124	-
3297	22986	29717	127	-
3297	15894	29717	127	-
3297	19834	29717	128	-
3957	11900	29717	134	-
3957	15394	29717	134	-
3957	1633	29717	134	-
3957	22986	29717	134	-
7782	22986	29717	135	-
3957	5938	29717	135	-
7782	22986	29717	139	-
20312	14437	29717	140	-
16409	8092	29717	162	-
16409	8092	29717	163	-
16409	8092	29717	163	-
16409	8092	29717	163	-
16409	8092	29717	163	-
16409	8092	29717	163	-
16409	8092	29717	163	-
16409	8092	29717	163	-
16409	8092	29717	163	-
16409	8092	29717	163	-
16409	8092	29717	163	-
16409	8092	29717	163	-
16409	8092	29717	163	-
16409	8092	29717	163	-
16409	8092	29717	163	-
16409	8092	29717	163	-
16409	8092	29717	163	-
16409	8092	29717	163	-
16409	8092	29717	163	-
16409	8092	29717	163	-
16409	8092	29717	163	-
16409	8092	29717	163	-
16409	8092	29717	164	-
16409	8092	29717	164	-
16409	18682	29717	164	-
16409	8092	29717	164	-
16409	8092	29717	164	-
16409	8092	29717	164	-
16409	8092	29717	164	-
16409	8092	29717	164	-
16409	8092	29717	164	-
16409	8092	29717	164	-
16409	8092	29717	164	-
16409	8092	29717	164	-
16409	8092	29717	164	-
16409	8092	29717	164	-
16409	8092	29717	164	-
16409	8092	29717	164	-
16409	8092	29717	164	-
16409	8092	29717	164	-
16409	8092	29717	164	-
16409	8092	29717	164	-
16409	8092	29717	164	-
16409	6157	29717	164	-
16409	8092	29717	164	-
16409	8092	29717	164	-
16409	8092	29717	164	-
16409	8092	29717	164	-
16409	8092	29717	164	-
16409	8092	29717	165	-
12985	5938	29717	165	-
16409	6157	29717	170	-
16409	6157	29717	170	-
16409	6157	29717	170	-
16409	6157	29717	170	-
16409	6157	29717	170	-
16409	6157	29717	170	-
16409	6157	29717	170	-
16409	6157	29717	170	-
16409	6157	29717	170	-
16409	6157	29717	170	-
16409	6157	29717	170	-
16409	6157	29717	170	-
16409	6157	29717	170	-
16409	6157	29717	170	-
16409	18718	29717	170	-
16409	6157	29717	170	-
16409	6157	29717	170	-
16409	6157	29717	170	-
16409	6157	29717	171	-
16409	6157	29717	171	-
16409	6157	29717	171	-
16409	6157	29717	171	-
16409	6157	29717	171	-
16409	6157	29717	171	-
16409	6157	29717	171	-
16409	6157	29717	171	-
16409	18682	29717	171	-
16409	6157	29717	171	-
16409	6157	29717	171	-
16409	6157	29717	171	-
16409	6157	29717	171	-
16409	6157	29717	171	-
16409	6157	29717	171	-
16409	6157	29717	171	-
16409	6157	29717	171	-
16409	6157	29717	171	-
16409	6157	29717	171	-
16409	6157	29717	171	-
16409	6157	29717	171	-
16409	6157	29717	171	-
16409	18682	29717	171	-
16409	6157	29717	171	-
16409	6157	29717	171	-
16409	6157	29717	171	-
16409	6157	29717	171	-
16409	6157	29717	171	-
16409	3858	29717	171	-
16409	6157	29717	171	-
16409	6157	29717	171	-
16409	6157	29717	171	-
16409	6157	29717	171	-
3957	22986	29717	180	-
3076	9554	29717	180	-
3611	9572	45316	186	-
6114	5946	45316	188	-
6114	5946	45316	188	-
6114	5946	45316	188	-
6114	5946	45316	188	-
6114	5946	45316	188	-
6114	5946	45316	188	-
6114	5946	45316	188	-
6114	5946	45316	188	-
6114	5946	45316	188	-
6114	5946	45316	188	-
6114	5946	45316	188	-
6114	5946	45316	188	-
6114	5946	45316	188	-
6114	5946	45316	188	-
8048	7268	45316	210	-
19839	21708	45316	213	-
19839	21708	45316	215	-
6114	5946	45316	218	-
6114	5946	45316	218	-
6114	5946	45316	218	-
6114	5946	45316	218	-
6114	5946	45316	218	-
6114	5946	45316	218	-
6114	5946	45316	218	-
6114	5946	45316	218	-
6114	5946	45316	218	-
3076	7268	45316	221	-
6775	2843	45316	223	-
3957	1633	45316	223	-
6775	2843	45316	226	-
3957	13122	45316	226	-
6775	4981	45316	237	-
3611	21708	45316	239	-
12985	19834	45316	244	-
16409	6157	43875	250	-
16409	18718	43875	251	-
16409	6157	43875	251	-
16409	6157	43875	251	-
16409	6157	43875	251	-
16409	6157	43875	251	-
16409	6157	43875	251	-
16409	6157	43875	251	-
16409	6157	43875	251	-
16409	6157	43875	251	-
16409	6157	43875	251	-
16409	6157	43875	251	-
16409	6157	43875	251	-
16409	6157	43875	251	-
16409	6157	43875	251	-
16409	6157	43875	251	-
16409	6157	43875	251	-
16409	6157	43875	251	-
16409	6157	43875	251	-
20312	7268	43875	251	-
16409	6157	43875	252	-
16409	18682	43875	252	-
16409	6157	43875	252	-
16409	6157	43875	252	-
16409	6157	43875	252	-
16409	6157	43875	252	-
16409	6157	43875	252	-
16409	6157	43875	252	-
16409	6157	43875	252	-
16409	6157	43875	252	-
16409	6157	43875	252	-
16409	6157	43875	252	-
16409	6157	43875	252	-
16409	6157	43875	252	-
16409	6157	43875	252	-
16409	18682	43875	252	-
16409	6157	43875	252	-
16409	6157	43875	252	-
16409	6157	43875	252	-
16409	6157	43875	252	-
3611	17392	43875	253	-
3611	17392	43875	253	-
3611	17392	43875	253	-
3611	17392	43875	253	-
3611	17392	43875	253	-
3611	17392	43875	253	-
3611	17392	43875	253	-
3611	17392	43875	254	-
3611	17392	43875	254	-
3611	17392	43875	254	-
3611	17392	43875	254	-
3611	17392	43875	254	-
3611	17392	43875	254	-
3611	17392	43875	254	-
3611	17392	43875	254	-
3611	17392	43875	254	-
3611	17392	43875	254	-
3611	17392	43875	254	-
3611	17392	43875	254	-
3611	17392	43875	254	-
3611	17392	43875	254	-
3611	17392	43875	254	-
3611	17392	43875	254	-
3611	17392	43875	254	-
3611	17392	43875	254	-
3611	17392	43875	254	-
3611	17392	43875	254	-
3611	17392	43875	254	-
13993	1633	43875	256	-
3957	15394	43875	291	-
3611	17392	43875	296	-
12332	16593	43875	297	-
11001	20367	43875	297	-
11001	23317	43875	297	-
12332	16593	43875	299	-
3611	14396	43875	300	-
3611	17392	43875	300	-
3611	17392	43875	300	-
3611	17392	43875	300	-
3611	17392	43875	300	-
3611	17392	43875	300	-
3611	17392	43875	300	-
3611	17392	43875	300	-
3611	17392	43875	300	-
3611	17392	43875	300	-
3611	17392	43875	300	-
3611	17392	43875	300	-
3611	17392	43875	300	-
3611	17392	43875	300	-
3611	17392	43875	301	-
3611	17392	43875	301	-
3957	11900	43875	301	-
3611	17392	43875	301	-
3611	17392	43875	301	-
3611	14396	43875	301	-
3611	17392	43875	301	-
3611	17392	43875	301	-
3611	17392	43875	301	-
10571	14437	43875	301	-
10571	23167	43875	302	-
13993	19834	43875	303	-
7179	23167	7345	311	-
3957	15894	7345	311	-
16409	6157	7345	314	-
16409	6157	7345	314	-
16409	6157	7345	314	-
16409	6157	7345	314	-
16409	6157	7345	314	-
16409	6157	7345	314	-
16409	6157	7345	314	-
16409	6157	7345	314	-
16409	6157	7345	314	-
16409	6157	7345	314	-
16409	6157	7345	314	-
16409	6157	7345	314	-
16409	6157	7345	314	-
16409	6157	7345	314	-
16409	6157	7345	314	-
16409	6157	7345	314	-
16409	6157	7345	314	-
16409	18718	7345	314	-
16409	6157	7345	314	-
16409	6157	7345	315	-
16409	6157	7345	315	-
16409	6157	7345	315	-
16409	18682	7345	315	-
16409	6157	7345	315	-
16409	6157	7345	315	-
16409	6157	7345	315	-
16409	6157	7345	315	-
16409	6157	7345	315	-
16409	6157	7345	315	-
16409	6157	7345	315	-
16409	6157	7345	315	-
16409	6157	7345	315	-
16409	6157	7345	315	-
16409	6157	7345	315	-
16409	6157	7345	315	-
16409	6157	7345	315	-
16409	18682	7345	315	-
16409	6157	7345	315	-
16409	6157	7345	315	-
16409	6157	7345	315	-
16409	6157	7345	315	-
16409	3858	7345	315	-
16409	6157	7345	315	-
16409	6157	7345	315	-
16409	6157	7345	315	-
16409	6157	7345	315	-
16409	6157	7345	315	-
16409	6157	7345	315	-
16409	6157	7345	315	-
16409	6157	7345	315	-
16409	6157	7345	315	-
10429	11900	7345	328	-
3957	21708	7345	342	-
3611	12332	7345	352	-
3611	12332	7345	352	-
3957	15667	7345	352	-
3611	12332	7345	352	-
17624	23167	7345	352	-
3611	12332	7345	353	-
3611	12332	7345	353	-
3611	12332	7345	353	-
3611	12332	7345	353	-
3611	12332	7345	353	-
3611	12332	7345	353	-
3611	12332	7345	353	-
3611	12332	7345	353	-
3611	12332	7345	353	-
3611	12332	7345	353	-
3611	12332	7345	353	-
3611	12332	7345	353	-
3611	12332	7345	353	-
3611	12332	7345	353	-
3611	12332	7345	353	-
3611	12332	7345	353	-
3611	12332	7345	353	-
3611	12332	7345	353	-
17624	2843	7345	353	-
16409	15298	7345	354	-
17624	3461	7345	354	-
17624	4981	7345	355	-
11001	21708	7345	358	-
8048	16531	7345	360	-
3611	15667	24223	368	-
6114	16671	24223	370	-
6114	3957	24223	371	-
6114	16671	24223	371	-
6114	16671	24223	371	-
6114	16671	24223	371	-
6114	3957	24223	371	-
6114	16671	24223	371	-
6114	3957	24223	371	-
6114	3957	24223	371	-
6114	16671	24223	371	-
6114	16671	24223	371	-
6114	16671	24223	371	-
6114	16671	24223	371	-
6114	16671	24223	371	-
6114	16671	24223	371	-
3611	12332	24223	372	-
3611	12332	24223	372	-
3611	12332	24223	372	-
3611	12332	24223	372	-
3611	12332	24223	372	-
3611	12332	24223	372	-
3611	12332	24223	372	-
3611	12332	24223	372	-
3611	12332	24223	372	-
3611	12332	24223	372	-
3611	12332	24223	372	-
3611	12332	24223	372	-
882	8452	24223	372	-
3611	12332	24223	372	-
3611	12332	24223	372	-
3611	12332	24223	372	-
3611	12332	24223	372	-
8048	14437	24223	374	-
8048	23167	24223	375	-
8048	2843	24223	376	-
8048	16531	24223	377	-
8048	16593	24223	378	-
8048	8452	24223	379	-
8048	16332	24223	380	-
3076	3461	24223	383	-
3076	9554	24223	383	-
3076	16332	24223	384	-
19531	1633	24223	387	-
19531	1633	24223	389	-
10429	15667	24223	389	-
16409	6157	24223	392	-
16409	6157	24223	393	-
16409	6157	24223	393	-
16409	6157	24223	393	-
16409	6157	24223	393	-
16409	6157	24223	393	-
16409	6157	24223	393	-
16409	6157	24223	393	-
16409	6157	24223	393	-
16409	6157	24223	393	-
16409	6157	24223	393	-
16409	6157	24223	393	-
16409	18718	24223	393	-
16409	6157	24223	393	-
16409	6157	24223	393	-
16409	6157	24223	393	-
16409	6157	24223	393	-
16409	6157	24223	393	-
16409	6157	24223	394	-
16409	6157	24223	394	-
16409	6157	24223	394	-
16409	6157	24223	394	-
16409	6157	24223	394	-
16409	6157	24223	394	-
16409	6157	24223	394	-
16409	6157	24223	394	-
16409	6157	24223	394	-
16409	18682	24223	394	-
16409	6157	24223	394	-
16409	6157	24223	394	-
16409	6157	24223	394	-
16409	6157	24223	394	-
16409	6157	24223	394	-
16409	6157	24223	394	-
16409	6157	24223	394	-
16409	6157	24223	394	-
16409	6157	24223	394	-
16409	6157	24223	394	-
16409	6157	24223	394	-
16409	6157	24223	394	-
16409	6157	24223	394	-
16409	18682	24223	394	-
16409	6157	24223	394	-
16409	6157	24223	394	-
16409	6157	24223	394	-
16409	6157	24223	394	-
16409	3858	24223	394	-
16409	6157	24223	394	-
16409	6157	24223	394	-
16409	6157	24223	394	-
16409	6157	24223	394	-
6114	17624	24223	400	-
6114	16671	24223	400	-
6114	16671	24223	400	-
6114	16671	24223	400	-
6114	16671	24223	400	-
6114	16671	24223	400	-
6114	16671	24223	400	-
6114	16671	24223	400	-
6114	16671	24223	401	-
16671	21708	24223	403	-
11001	5960	24223	409	-
11001	5960	24223	409	-
11001	5960	24223	409	-
11001	5960	24223	409	-
11001	5960	24223	409	-
11001	5960	24223	409	-
11001	16417	24223	413	-
11001	5960	24223	413	-
11001	5960	24223	413	-
16409	239	24223	413	-
16409	239	24223	413	-
7782	22986	24223	421	-
6114	16671	45725	433	-
6114	16671	45725	433	-
6114	16671	45725	433	-
6114	16671	45725	433	-
6114	16671	45725	433	-
6114	16671	45725	433	-
6114	16671	45725	433	-
6114	16671	45725	433	-
14547	19834	45725	437	-
882	14437	45725	440	-
882	2843	45725	440	-
6114	10197	45725	441	-
6114	15737	45725	441	-
6114	15737	45725	441	-
6114	15737	45725	441	-
6114	10197	45725	441	-
6114	10197	45725	441	-
3611	12332	45725	442	-
6114	15737	45725	442	-
3611	15667	45725	442	-
3611	12332	45725	442	-
6114	10197	45725	442	-
882	4981	45725	442	-
3611	12332	45725	443	-
3611	12332	45725	443	-
3611	12332	45725	443	-
3611	12332	45725	443	-
3611	12332	45725	443	-
3611	12332	45725	443	-
3611	12332	45725	443	-
3611	12332	45725	443	-
3611	12332	45725	443	-
3611	12332	45725	443	-
3611	12332	45725	443	-
882	3461	45725	443	-
11001	11900	45725	444	-
882	16593	45725	444	-
11001	5960	45725	445	-
11001	5960	45725	446	-
11001	5960	45725	446	-
11001	5960	45725	446	-
11001	16417	45725	446	-
19839	21708	45725	450	-
3297	1633	45725	452	-
11001	5960	45725	454	-
11001	5960	45725	454	-
11001	5960	45725	454	-
11001	5960	45725	454	-
11001	5960	45725	454	-
11001	16417	45725	454	-
11001	5960	45725	454	-
11001	15854	45725	457	-
21708	20367	45725	459	-
21708	20367	45725	459	-
21708	20367	45725	460	-
21708	20367	45725	460	-
21708	23317	45725	460	-
21708	20367	45725	460	-
10429	22986	45725	469	-
21708	9987	45725	475	-
21708	9987	45725	475	-
21708	9987	45725	475	-
21708	9987	45725	475	-
21708	9987	45725	475	-
21708	9987	45725	475	-
21708	9987	45725	475	-
21708	9987	45725	475	-
21708	9987	45725	475	-
21708	9987	45725	475	-
6114	5946	45725	482	-
6114	5946	45725	482	-
6114	17783	45725	482	-
6114	5946	45725	482	-
6114	5946	45725	482	-
6114	5946	45725	482	-
6114	5946	45725	482	-
3297	19531	45725	483	-
7215	21708	15555	495	-
16409	6157	15555	503	-
16409	6157	15555	503	-
16409	6157	15555	503	-
16409	6157	15555	503	-
16409	3858	15555	503	-
16409	6157	15555	503	-
16409	6157	15555	503	-
16409	18682	15555	503	-
16409	6157	15555	504	-
16409	6157	15555	504	-
16409	6157	15555	504	-
16409	6157	15555	504	-
16409	6157	15555	504	-
16409	6157	15555	504	-
16409	6157	15555	504	-
16409	6157	15555	504	-
16409	6157	15555	504	-
16409	6157	15555	504	-
16409	6157	15555	504	-
16409	6157	15555	504	-
16409	6157	15555	504	-
16409	6157	15555	504	-
16409	6157	15555	504	-
16409	6157	15555	504	-
16409	6157	15555	504	-
16409	6157	15555	504	-
16409	6157	15555	504	-
16409	6157	15555	504	-
16409	6157	15555	504	-
16409	18718	15555	504	-
16409	6157	15555	504	-
16409	6157	15555	504	-
16409	6157	15555	504	-
16409	6157	15555	504	-
16409	6157	15555	504	-
16409	6157	15555	504	-
16409	6157	15555	504	-
16409	6157	15555	504	-
16409	18682	15555	504	-
16409	6157	15555	504	-
21708	9987	15555	506	-
21708	9987	15555	506	-
21708	9987	15555	506	-
21708	9987	15555	506	-
21708	9987	15555	506	-
21708	9987	15555	506	-
21708	9987	15555	506	-
21708	9987	15555	506	-
11001	5960	15555	511	-
11001	5960	15555	511	-
11001	5960	15555	511	-
11001	16417	15555	511	-
11001	5960	15555	511	-
3297	19531	15555	531	-
3076	3611	15555	534	-
19839	22986	15555	534	-
3076	23167	15555	534	-
3076	2843	15555	534	-
3076	16593	15555	535	-
3076	7268	15555	537	-
3076	8452	15555	537	-
3076	9554	15555	537	-
3076	16332	15555	538	-
6114	16671	31984	551	-
6114	16671	31984	551	-
6114	16671	31984	551	-
20312	8452	31984	551	-
3957	5938	31984	551	-
6114	16671	31984	551	-
6114	16671	31984	551	-
6114	16671	31984	551	-
6114	16671	31984	551	-
6114	16671	31984	551	-
3611	12332	31984	555	-
3611	19839	31984	555	-
3611	19839	31984	555	-
3957	21708	31984	558	-
23317	882	31984	561	-
16409	6157	31984	571	-
21708	13212	31984	571	-
21708	13212	31984	571	-
21708	13212	31984	571	-
21708	13212	31984	571	-
16409	6157	31984	571	-
21708	13212	31984	571	-
16409	6157	31984	571	-
16409	6157	31984	571	-
16409	6157	31984	571	-
16409	3858	31984	571	-
16409	6157	31984	571	-
16409	6157	31984	571	-
16409	6157	31984	571	-
16409	6157	31984	571	-
16409	6157	31984	571	-
16409	6157	31984	571	-
16409	18718	31984	571	-
16409	6157	31984	571	-
16409	6157	31984	571	-
16409	6157	31984	571	-
16409	6157	31984	571	-
16409	6157	31984	571	-
16409	6157	31984	572	-
16409	6157	31984	572	-
16409	6157	31984	572	-
16409	6157	31984	572	-
16409	18682	31984	572	-
16409	18682	31984	572	-
16409	6157	31984	572	-
16409	6157	31984	572	-
16409	6157	31984	572	-
16409	6157	31984	572	-
16409	6157	31984	572	-
16409	18718	31984	572	-
16409	6157	31984	572	-
16409	6157	31984	572	-
16409	6157	31984	572	-
16409	6157	31984	572	-
16409	6157	31984	572	-
16409	6157	31984	572	-
16409	6157	31984	572	-
16409	6157	31984	572	-
16409	6157	31984	572	-
16409	6157	31984	572	-
16409	18718	31984	572	-
8048	23167	31984	576	-
16671	5938	31984	577	-
16671	1633	31984	577	-
8048	2843	31984	579	-
8048	16593	31984	580	-
6114	11909	31984	582	-
8048	16531	31984	582	-
6114	11909	31984	583	-
6114	11909	31984	583	-
6114	11909	31984	583	-
6114	11909	31984	583	-
6114	11909	31984	583	-
6114	11909	31984	583	-
6114	11909	31984	583	-
6114	11909	31984	583	-
6114	11909	31984	583	-
6114	11909	31984	583	-
6114	11909	31984	583	-
6114	11909	31984	583	-
6114	11909	31984	584	-
6114	11909	31984	584	-
6114	11909	31984	584	-
6114	11909	31984	584	-
6114	11909	31984	584	-
6114	11909	31984	584	-
8048	7268	31984	584	-
6114	11909	31984	584	-
6114	11909	31984	584	-
6114	11909	31984	584	-
6114	11909	31984	584	-
6114	11909	31984	584	-
6114	11909	31984	584	-
6114	11909	31984	584	-
6114	11909	31984	584	-
6114	11909	31984	584	-
6114	11909	31984	584	-
6114	11909	31984	584	-
6114	11909	31984	584	-
6114	11909	31984	584	-
6114	11909	31984	584	-
8048	8452	31984	584	-
6114	10197	31984	588	-
6114	10197	31984	588	-
6114	15737	31984	588	-
6114	10197	31984	588	-
6114	15737	31984	588	-
6114	15737	31984	588	-
6114	15737	31984	588	-
6114	10197	31984	588	-
20312	3461	31984	589	-
587	5938	31984	590	-
16671	22986	31984	596	-
16671	5938	31984	596	-
21708	13212	31984	597	-
16671	11900	31984	597	-
16671	1633	31984	599	-
16409	6157	31984	600	-
16409	6157	31984	601	-
16409	6157	31984	601	-
16409	10429	31984	601	-
16409	6157	31984	601	-
16409	6157	31984	601	-
16409	6157	31984	601	-
16409	18682	31984	601	-
16409	6157	31984	601	-
16409	3858	31984	601	-
16409	6157	31984	601	-
16409	6157	31984	601	-
16409	6157	31984	601	-
16409	6157	31984	601	-
16409	6157	31984	601	-
16409	6157	31984	601	-
16409	6157	31984	601	-
16409	6157	31984	601	-
16409	6157	31984	601	-
16409	6157	31984	601	-
16409	6157	31984	601	-
16409	6157	31984	601	-
16409	6157	31984	601	-
16409	6157	31984	601	-
16409	6157	31984	601	-
16409	18682	31984	601	-
16409	18682	31984	601	-
16409	6157	31984	601	-
16409	6157	31984	601	-
16409	6157	31984	601	-
16409	6157	31984	601	-
16409	6157	31984	601	-
16409	6157	31984	601	-
16409	6157	31984	601	-
16409	6157	31984	601	-
16409	6157	31984	601	-
16409	6157	31984	601	-
16409	6157	31984	601	-
16409	6157	31984	602	-
16409	6157	31984	602	-
3611	12332	31984	605	-
3611	12332	42977	606	-
3611	12332	42977	606	-
3611	12332	42977	606	-
3611	12332	42977	606	-
3611	12332	42977	606	-
3611	12332	42977	606	-
3611	12332	42977	606	-
3611	12332	42977	606	-
3611	12332	42977	606	-
3611	12332	42977	606	-
3611	12332	42977	606	-
3611	12332	42977	606	-
21708	16918	42977	610	-
21708	16918	42977	610	-
21708	16918	42977	610	-
19531	19531	42977	616	-
16671	15667	42977	620	-
11001	16417	42977	621	-
11001	5960	42977	621	-
11001	5960	42977	621	-
11001	5960	42977	621	-
11001	5960	42977	621	-
19531	1633	42977	626	-
6114	5946	42977	630	-
6114	5946	42977	630	-
6114	5946	42977	630	-
6114	5946	42977	630	-
6114	5946	42977	630	-
6114	5946	42977	630	-
6114	5946	42977	630	-
6114	5946	42977	630	-
6114	5946	42977	630	-
19839	22986	42977	633	-
19839	22986	42977	634	-
19839	22986	42977	638	-
3076	3611	42977	639	-
19839	22986	42977	650	-
6114	5946	42977	658	-
6114	5946	42977	658	-
6114	5946	42977	658	-
6114	5946	42977	658	-
6114	5946	42977	658	-
6114	5946	42977	658	-
6114	5946	42977	658	-
6114	5946	42977	658	-
10571	3461	42977	660	-
10571	3461	42977	662	-
14547	19834	42977	664	-
20367	19350	11779	686	-
7215	15667	11779	688	-
3297	15667	11779	702	-
7782	22986	11779	715	-
3957	587	11779	716	-
6114	3901	11779	716	-
7782	5938	11779	716	-
19839	15667	11779	717	-
6114	7164	11779	720	-
6114	7164	11779	720	-
21708	16918	11779	720	-
6114	7164	11779	720	-
6114	7164	11779	720	-
6114	7164	11779	720	-
6114	7164	11779	720	-
6114	7164	11779	720	-
6114	7164	11779	720	-
6114	7164	11779	720	-
7782	13122	11779	720	-
6114	7164	11779	720	-
6114	7164	11779	720	-
21708	16918	11779	720	-
6114	7164	11779	720	-
21708	16918	11779	720	-
6114	7164	11779	720	-
21708	16918	11779	720	-
6114	7164	11779	720	-
6114	7164	11779	720	-
6114	7164	11779	720	-
6114	7164	11779	720	-
6114	7164	11779	720	-
6114	15737	11779	720	-
6114	7164	11779	720	-
6114	7164	11779	720	-
6114	7164	11779	720	-
6114	7164	11779	720	-
6114	7164	11779	720	-
6114	7164	11779	720	-
6114	7164	11779	720	-
6114	7164	11779	720	-
7782	15667	11779	720	-
6114	16671	514	731	-
6114	16671	514	731	-
6114	3957	514	731	-
6114	3957	514	731	-
6114	16671	514	732	-
6114	16671	514	732	-
6114	16671	514	732	-
6114	3957	514	732	-
6114	16671	514	732	-
6114	16671	514	732	-
6114	16671	514	732	-
6114	16671	514	732	-
6114	16671	514	732	-
6114	16671	514	732	-
6114	3957	514	732	-
7782	15667	514	738	-
6114	21954	514	740	-
6114	21954	514	740	-
6114	21954	514	740	-
6114	21954	514	740	-
6114	21954	514	740	-
6114	21954	514	740	-
6114	21954	514	740	-
6114	21954	514	740	-
6114	21954	514	740	-
6114	21954	514	740	-
6114	21954	514	740	-
3611	12332	514	757	-
3611	12332	514	757	-
3611	12332	514	757	-
3611	12332	514	757	-
3611	12332	514	757	-
3611	12332	514	758	-
3611	12332	514	758	-
3611	12332	514	758	-
3611	12332	514	758	-
3611	12332	514	758	-
3611	12332	514	758	-
3611	12332	514	758	-
3611	12332	514	758	-
3611	12332	514	758	-
3611	12332	514	758	-
7215	15667	514	758	-
3611	12332	514	758	-
3611	12332	514	758	-
3611	12332	514	758	-
3611	12332	514	758	-
3611	12332	514	758	-
3611	12332	514	758	-
16409	6099	514	766	-
3611	13545	514	769	-
3611	13545	514	770	-
3611	13545	514	770	-
3611	13545	514	770	-
3611	13545	514	770	-
3611	13545	514	770	-
3611	13545	514	770	-
3611	13545	514	770	-
3611	13545	514	770	-
3611	13545	514	770	-
3611	13545	514	770	-
3611	13545	514	770	-
3611	13545	514	770	-
3611	20367	514	777	-
3611	23317	514	777	-
6114	21954	514	781	-
8048	3461	46516	800	-
3611	18998	46516	803	-
12332	16593	46516	819	-
12332	14437	46516	819	-
12332	3611	46516	820	-
19839	21708	46516	820	-
12332	23167	46516	820	-
12332	3297	46516	821	-
12985	22986	46516	821	-
12332	2843	46516	822	-
12332	16531	46516	823	-
12332	7268	46516	824	-
12332	9554	46516	825	-
12332	16332	46516	826	-
17624	3611	46516	828	-
19839	15667	46516	828	-
3297	1633	46516	832	-
11001	21708	46516	837	-
7538	22986	46516	840	-
6114	15506	46516	842	-
7782	19834	39122	847	-
6114	5946	39122	848	-
6114	5946	39122	848	-
6114	5946	39122	848	-
6114	5946	39122	848	-
6114	5946	39122	848	-
6114	5946	39122	848	-
6114	5946	39122	848	-
6114	5946	39122	848	-
11001	23317	39122	851	-
11001	18649	39122	851	-
3957	22986	39122	864	-
11001	18649	39122	871	-
11001	18649	39122	871	-
11001	18649	39122	871	-
11001	18649	39122	871	-
11001	18649	39122	871	-
11001	18649	39122	871	-
11001	23317	39122	871	-
11001	18649	39122	871	-
11001	18649	39122	871	-
11001	18649	39122	872	-
11001	18649	39122	872	-
11001	18649	39122	872	-
11001	18649	39122	872	-
11001	18649	39122	872	-
12332	16593	39122	889	-
12985	1633	39122	890	-
19839	21708	39122	894	-
6114	15457	39122	895	-
19839	21708	39122	895	-
6114	15457	39122	898	-
6114	13290	39122	898	-
6114	13290	39122	898	-
6114	15457	39122	898	-
6114	15457	39122	898	-
6114	15457	39122	898	-
6114	15457	39122	898	-
6114	13290	39122	898	-
16409	12815	39122	901	-
16409	12815	39122	901	-
16409	12815	39122	901	-
16409	12815	39122	901	-
16409	12815	39122	901	-
16409	12815	39122	901	-
16409	12815	39122	901	-
16409	12815	39122	901	-
16409	12815	39122	901	-
16409	12815	39122	901	-
16409	12815	39122	901	-
16409	12815	39122	901	-
16409	12815	39122	901	-
16409	12815	39122	901	-
16409	12815	39122	901	-
16409	12815	39122	901	-
16409	12815	39122	901	-
16409	12815	39122	902	-
16409	12815	39122	902	-
16409	12815	28572	907	-
16409	12815	28572	907	-
16409	12815	28572	907	-
16409	12815	28572	907	-
16409	12815	28572	907	-
16409	12815	28572	907	-
16409	12815	28572	907	-
16409	12815	28572	907	-
16409	12815	28572	907	-
16409	12815	28572	907	-
16409	12815	28572	907	-
16409	12815	28572	907	-
16409	12815	28572	907	-
16409	12815	28572	907	-
16409	12815	28572	907	-
6114	12332	28572	926	-
6114	12332	28572	927	-
6114	12332	28572	927	-
6114	12332	28572	927	-
6114	12332	28572	927	-
6114	12332	28572	927	-
6114	12332	28572	927	-
6114	12332	28572	927	-
6114	12332	28572	927	-
6114	12332	28572	927	-
6114	12332	28572	927	-
6114	12332	28572	927	-
6114	12332	28572	928	-
6114	12332	28572	928	-
6114	12332	28572	928	-
6114	12332	28572	928	-
6114	12332	28572	928	-
6114	12332	28572	928	-
6114	12332	28572	928	-
6114	12332	28572	928	-
6114	12332	28572	928	-
6114	9436	28572	933	-
16409	12815	28572	944	-
21708	16918	28572	948	-
21708	16918	28572	948	-
21708	16918	28572	948	-
21708	16918	28572	949	-
21708	16918	28572	949	-
16409	18718	28572	961	-
16409	6157	28572	961	-
16409	6157	28572	961	-
16409	6157	28572	961	-
16409	6157	28572	961	-
16409	3858	28572	961	-
16409	6157	28572	961	-
16409	6157	28572	961	-
16409	6157	28572	962	-
16409	18682	28572	962	-
16409	6157	28572	962	-
16409	6157	28572	962	-
16409	18682	28572	962	-
16409	6157	28572	962	-
16409	6157	28572	962	-
16409	6157	28572	962	-
16409	6157	28572	962	-
16409	6157	28572	962	-
16409	6157	28572	962	-
16409	6157	28572	962	-
16409	6157	28572	962	-
16409	6157	28572	962	-
16409	18718	28572	962	-
16409	6157	28572	962	-
16409	6157	28572	962	-
16409	6157	28572	962	-
16409	6157	28572	962	-
16409	6157	28572	962	-
16409	6157	28572	962	-
16409	6157	28572	962	-
16409	6157	28572	962	-
16409	6157	28572	962	-
16409	6157	28572	962	-
16409	6157	28572	962	-
16409	6157	28572	962	-
16409	6157	28572	962	-
16409	6157	28572	962	-
16409	6157	28572	962	-
16409	6157	28572	962	-
16409	6157	28572	962	-
16409	6157	28572	962	-
6114	13290	28572	963	-
11001	10571	17496	975	-
11001	10571	17496	975	-
11001	10571	17496	975	-
11001	10571	17496	975	-
11001	10571	17496	975	-
11001	10571	17496	975	-
11001	10571	17496	975	-
11001	10571	17496	975	-
11001	10571	17496	975	-
11001	10571	17496	975	-
11001	10571	17496	975	-
11001	10571	17496	975	-
11001	10571	17496	975	-
11001	10571	17496	975	-
11001	10571	17496	975	-
11001	10571	17496	975	-
11001	10571	17496	975	-
11001	10571	17496	975	-
6114	20010	17496	977	-
6114	20010	17496	977	-
6114	20010	17496	977	-
6114	20010	17496	977	-
6114	20010	17496	977	-
6114	20010	17496	977	-
6114	20010	17496	977	-
6114	20010	17496	977	-
6114	20010	17496	977	-
6114	5145	17496	977	-
6114	20010	17496	977	-
6114	20010	17496	977	-
6114	20010	17496	977	-
6114	20010	17496	977	-
6114	20010	17496	977	-
6114	20010	17496	977	-
6114	20010	17496	977	-
6114	20010	17496	977	-
6114	20010	17496	977	-
6114	20010	17496	977	-
6114	14135	17496	982	-
6114	14135	17496	983	-
6114	14135	17496	983	-
16409	8092	17496	1006	-
3611	14859	17496	1007	-
16409	8092	17496	1007	-
3611	14859	17496	1007	-
16409	8092	17496	1007	-
16409	8092	17496	1007	-
3611	14859	17496	1007	-
16409	8092	17496	1007	-
3611	14859	17496	1007	-
16409	8092	17496	1007	-
16409	8092	17496	1007	-
3611	14859	17496	1007	-
16409	8092	17496	1007	-
3611	14859	17496	1007	-
16409	8092	17496	1007	-
16409	8092	17496	1007	-
3611	14859	17496	1007	-
3611	14859	17496	1007	-
3611	14859	17496	1007	-
3611	14859	17496	1007	-
16409	8092	17496	1007	-
16409	8092	17496	1007	-
16409	8092	17496	1008	-
16409	8092	17496	1008	-
16409	8092	17496	1008	-
16409	8092	17496	1008	-
16409	8092	17496	1008	-
16409	6157	17496	1008	-
16409	8092	17496	1008	-
16409	8092	17496	1008	-
3611	14859	17496	1008	-
16409	8092	17496	1008	-
16409	8092	17496	1008	-
16409	8092	17496	1008	-
3611	14859	17496	1008	-
16409	8092	17496	1008	-
16409	8092	17496	1008	-
16409	18682	17496	1008	-
16409	8092	17496	1008	-
16409	8092	17496	1008	-
16409	8092	17496	1008	-
16409	8092	17496	1008	-
16409	8092	17496	1008	-
16409	8092	17496	1008	-
16409	8092	17496	1008	-
16409	8092	17496	1008	-
16409	8092	17496	1008	-
16409	8092	17496	1008	-
3611	14859	17496	1008	-
16409	8092	17496	1008	-
16409	8092	17496	1008	-
3611	14859	17496	1008	-
16409	8092	17496	1008	-
3611	14859	17496	1008	-
16409	8092	17496	1008	-
3611	14859	17496	1008	-
16409	8092	17496	1008	-
3611	14859	17496	1008	-
16409	8092	17496	1008	-
16409	8092	17496	1008	-
16409	8092	17496	1008	-
16409	8092	17496	1008	-
16409	8092	17496	1008	-
16409	8092	17496	1008	-
16409	8092	17496	1008	-
3611	14859	17496	1008	-
16409	8092	17496	1008	-
3611	14859	17496	1008	-
16409	8092	17496	1008	-
6114	14589	17496	1022	-
6114	14589	17496	1022	-
6114	14589	17496	1022	-
6114	14589	17496	1022	-
6114	14589	17496	1022	-
6114	14589	17496	1022	-
6114	14589	17496	1022	-
6114	14589	17496	1022	-
6114	22990	17496	1025	-
6114	14589	17496	1025	-
6114	22990	17496	1025	-
6114	14589	16986	1026	-
6114	14589	16986	1026	-
6114	14589	16986	1026	-
6114	14589	16986	1026	-
6114	14589	16986	1026	-
6114	14589	16986	1026	-
6114	14589	16986	1026	-
6114	14589	16986	1026	-
6114	14589	16986	1026	-
6114	14589	16986	1026	-
6114	14589	16986	1026	-
6114	14589	16986	1026	-
6114	14589	16986	1026	-
6114	14589	16986	1026	-
6114	14589	16986	1026	-
11001	10571	16986	1028	-
11001	10571	16986	1028	-
19839	22986	16986	1036	-
6114	15913	16986	1039	-
7179	16593	16986	1040	-
3957	22986	16986	1045	-
6114	3333	16986	1049	-
6114	13268	16986	1050	-
6114	10553	16986	1050	-
3297	21708	16986	1062	-
11001	10571	16986	1065	-
16409	15454	16986	1068	-
6114	2502	16986	1070	-
6114	2502	16986	1070	-
6114	2502	16986	1070	-
6114	2502	16986	1070	-
6114	2502	16986	1070	-
6114	2502	16986	1070	-
6114	2502	16986	1070	-
6114	2502	16986	1070	-
6114	2502	16986	1070	-
6114	2502	16986	1070	-
6114	2502	16986	1070	-
6114	2502	16986	1070	-
6114	2502	16986	1070	-
6114	2502	16986	1070	-
6114	2502	16986	1070	-
21708	16918	16986	1079	-
21708	16918	16986	1079	-
21708	16918	16986	1079	-
21708	18719	16986	1085	-
21708	18719	16986	1085	-
21708	18719	16986	1085	-
21708	18719	16986	1085	-
21708	18719	16986	1085	-
21708	18719	16986	1085	-
21708	18719	16986	1085	-
21708	18719	16986	1085	-
21708	18719	16986	1085	-
21708	18719	16986	1085	-
21708	18719	16986	1085	-
21708	18719	16986	1085	-
21708	18719	16986	1085	-
19839	22986	33233	1090	-
19839	22986	33233	1091	-
3611	15667	33233	1093	-
16409	405	33233	1109	-
16409	405	33233	1109	-
16409	405	33233	1110	-
16409	405	33233	1110	-
16409	405	33233	1110	-
16409	405	33233	1110	-
16409	405	33233	1110	-
16409	405	33233	1110	-
16409	405	33233	1110	-
16409	405	33233	1110	-
16409	405	33233	1110	-
16409	405	33233	1110	-
16409	405	33233	1110	-
16409	405	33233	1110	-
16409	405	33233	1110	-
16409	405	33233	1110	-
16409	405	33233	1110	-
16409	405	33233	1110	-
16409	405	33233	1110	-
3076	3461	33233	1119	-
3957	22986	33233	1119	-
16409	405	33233	1120	-
21708	18719	33233	1127	-
21708	18719	33233	1127	-
21708	18719	33233	1127	-
21708	18719	33233	1127	-
21708	18719	33233	1127	-
21708	18719	33233	1127	-
21708	18719	33233	1127	-
21708	18719	33233	1127	-
6114	13268	33233	1133	-
16409	21616	33233	1139	-
16409	21616	33233	1139	-
16409	21616	33233	1139	-
16409	21616	33233	1139	-
16409	21616	33233	1139	-
16409	21616	33233	1139	-
16409	21616	33233	1139	-
10429	21708	33233	1140	-
7782	22986	33233	1141	-
7782	13122	33233	1141	-
11001	18649	33233	1142	-
11001	18649	33233	1142	-
11001	18649	33233	1142	-
11001	18649	33233	1142	-
11001	23317	33233	1142	-
11001	18649	33233	1142	-
11001	18649	33233	1142	-
11001	18649	33233	1142	-
11001	18649	33233	1142	-
11001	18649	33233	1142	-
11001	18649	33233	1142	-
11001	18649	33233	1142	-
11001	18649	33233	1142	-
11001	18649	33233	1142	-
10429	22986	3533	1154	-
3611	14859	3533	1158	-
3611	14859	3533	1158	-
3611	14859	3533	1158	-
3611	14859	3533	1158	-
3611	14859	3533	1158	-
3611	14859	3533	1158	-
3611	14859	3533	1158	-
3611	14859	3533	1158	-
3611	14859	3533	1158	-
3611	14859	3533	1158	-
3611	14859	3533	1158	-
3611	14859	3533	1159	-
3611	14859	3533	1159	-
3611	14859	3533	1159	-
23317	882	3533	1161	-
20312	3461	3533	1164	-
3957	22986	3533	1165	-
11001	18649	3533	1165	-
11001	18649	3533	1165	-
11001	18649	3533	1165	-
11001	18649	3533	1165	-
11001	23317	3533	1165	-
11001	18649	3533	1165	-
11001	18649	3533	1165	-
11001	18649	3533	1165	-
11001	18649	3533	1165	-
11001	18649	3533	1165	-
11001	18649	3533	1165	-
11001	18649	3533	1165	-
11001	18649	3533	1165	-
11001	18649	3533	1165	-
20312	3461	3533	1166	-
16409	19861	3533	1167	-
16409	19861	3533	1167	-
16409	19861	3533	1167	-
11001	18649	3533	1168	-
11001	18649	3533	1168	-
11001	18649	3533	1168	-
11001	18649	3533	1168	-
11001	23317	3533	1168	-
11001	18649	3533	1168	-
11001	18649	3533	1168	-
11001	18649	3533	1168	-
11001	18649	3533	1168	-
11001	18649	3533	1168	-
11001	18649	3533	1168	-
11001	18649	3533	1168	-
11001	18649	3533	1168	-
11001	18649	3533	1168	-
16409	4842	3533	1170	-
16409	19861	3533	1170	-
16409	19861	3533	1170	-
16409	19861	3533	1170	-
16409	9986	3533	1173	-
16409	19861	3533	1173	-
16409	19861	3533	1173	-
6775	9554	3533	1174	-
3957	13122	3533	1174	-
16409	3268	3533	1176	-
16409	19861	3533	1176	-
16409	19861	3533	1176	-
16409	19861	3533	1176	-
16409	19861	3533	1176	-
16409	19861	3533	1176	-
16409	19861	3533	1176	-
16409	19861	3533	1176	-
3611	14859	3533	1188	-
3611	14859	3533	1188	-
3611	14859	3533	1188	-
3611	14859	3533	1188	-
3611	14859	3533	1188	-
3611	14859	3533	1188	-
3611	14859	3533	1188	-
3611	14859	3533	1188	-
3611	14859	3533	1188	-
3611	14859	3533	1188	-
3611	14859	3533	1188	-
3611	14859	3533	1188	-
3611	14859	3533	1189	-
3611	14859	3533	1189	-
3957	22986	3533	1195	-
3957	21708	3533	1195	-
16409	22298	3533	1196	-
16409	22298	3533	1196	-
16409	22298	3533	1196	-
16409	22298	3533	1196	-
16409	22298	3533	1196	-
16409	22298	3533	1196	-
16409	22298	3533	1196	-
16409	22298	3533	1196	-
16409	22298	3533	1196	-
16409	22298	3533	1196	-
16409	22298	3533	1196	-
16409	22298	3533	1196	-
16409	22298	3533	1196	-
16409	22298	3533	1196	-
16409	22298	3533	1196	-
16409	22298	3533	1196	-
16409	22298	3533	1196	-
16409	22298	3533	1196	-
16409	22298	3533	1196	-
16409	22298	3533	1196	-
16409	22298	3533	1196	-
6114	17923	16822	1211	-
6114	17923	16822	1212	-
6114	17923	16822	1212	-
6114	17923	16822	1212	-
6114	17923	16822	1212	-
6114	17923	16822	1212	-
6114	17923	16822	1212	-
21708	20367	16822	1219	-
21708	23317	16822	1219	-
10571	9554	16822	1223	-
10571	2843	16822	1226	-
3957	11900	16822	1226	-
10571	16593	16822	1226	-
10571	9554	16822	1227	-
6114	13268	16822	1239	-
7215	11900	16822	1245	-
7215	15667	16822	1245	-
3957	15394	16822	1251	-
6114	23171	23432	1266	-
6114	23171	23432	1266	-
6114	23171	23432	1266	-
6114	23171	23432	1266	-
6114	23171	23432	1266	-
6114	23171	23432	1266	-
6114	23171	23432	1266	-
6114	23171	23432	1266	-
6114	23171	23432	1266	-
6114	23171	23432	1266	-
6114	23171	23432	1266	-
6114	23171	23432	1266	-
6114	23171	23432	1266	-
6114	23171	23432	1266	-
6114	23171	23432	1266	-
6114	23171	23432	1266	-
6114	23171	23432	1266	-
6114	23171	23432	1266	-
6114	23171	23432	1266	-
6114	23171	23432	1266	-
19603	14437	23432	1294	-
3957	19531	23432	1294	-
19603	3297	23432	1294	-
19603	4981	23432	1295	-
19603	7268	23432	1297	-
19603	9554	23432	1297	-
19603	16332	23432	1298	-
3611	13399	23432	1303	-
3076	23167	23432	1308	-
3076	3297	23432	1308	-
3076	2843	23432	1309	-
3076	4981	23432	1310	-
3076	3461	23432	1312	-
3076	9554	23432	1313	-
6114	23171	23432	1314	-
6114	23171	23432	1314	-
6114	23171	23432	1314	-
6114	23171	23432	1314	-
10571	16531	23432	1314	-
6114	23171	23432	1315	-
6114	23171	23432	1315	-
6114	23171	23432	1315	-
6114	23171	23432	1315	-
6114	23171	23432	1315	-
6114	23171	23432	1315	-
6114	23171	23432	1315	-
6114	23171	23432	1315	-
6114	23171	23432	1315	-
6114	23171	23432	1315	-
6114	23171	23432	1315	-
6114	23171	23432	1315	-
6114	23171	23432	1315	-
6114	23171	23432	1315	-
6114	23171	23432	1315	-
3611	2025	23432	1323	-
3611	13399	23432	1323	-
8048	3461	20938	1331	-
3957	1633	20938	1331	-
6114	13596	20938	1346	-
6114	13596	20938	1346	-
6114	13596	20938	1346	-
6114	13596	20938	1346	-
6114	13596	20938	1346	-
6114	13596	20938	1346	-
6114	79	20938	1349	-
3957	19531	20938	1349	-
6114	13596	20938	1349	-
6114	13596	20938	1349	-
6114	13596	20938	1349	-
6114	13596	20938	1349	-
6114	13596	20938	1350	-
21708	20367	20938	1352	-
3611	22986	20938	1352	-
21708	20367	20938	1352	-
21708	23317	20938	1353	-
21708	20367	20938	1353	-
21708	20367	20938	1353	-
21708	20367	20938	1353	-
21708	20367	20938	1353	-
21708	20367	20938	1353	-
21708	20367	20938	1353	-
21708	20367	20938	1353	-
21708	20367	20938	1353	-
11001	20367	20938	1356	-
11001	22668	20938	1359	-
11001	22668	20938	1359	-
11001	16671	20938	1361	-
11001	16671	20938	1361	-
11001	3957	20938	1361	-
11001	3957	20938	1361	-
11001	16671	20938	1361	-
11001	3957	20938	1361	-
11001	16671	20938	1361	-
11001	16671	20938	1361	-
11001	16671	20938	1361	-
11001	16671	20938	1361	-
11001	3957	20938	1361	-
11001	16671	20938	1361	-
11001	16671	20938	1361	-
11001	16671	20938	1361	-
11001	16671	20938	1361	-
7215	19531	20938	1377	-
19531	19531	5351	1397	-
10571	4981	5351	1404	-
21708	21221	5351	1414	-
16409	22298	5351	1426	-
16409	22298	5351	1426	-
16409	22298	5351	1426	-
16409	22298	5351	1426	-
16409	22298	5351	1426	-
16409	22298	5351	1426	-
16409	22298	5351	1426	-
16409	22298	5351	1426	-
16409	22298	5351	1426	-
16409	22298	5351	1426	-
16409	22298	5351	1427	-
16409	22298	5351	1427	-
6114	14113	5351	1430	-
6114	14113	5351	1430	-
6114	14113	5351	1430	-
6114	14113	5351	1430	-
6114	14113	5351	1430	-
6114	14113	5351	1430	-
6114	14113	5351	1430	-
6114	14113	5351	1430	-
6114	14113	5351	1430	-
14547	22986	5351	1438	-
19839	21708	13365	1447	-
21708	7601	13365	1453	-
6114	13596	13365	1461	-
6114	13596	13365	1462	-
10429	11900	13365	1465	-
10429	15667	13365	1465	-
10429	1633	13365	1467	-
7538	15667	13365	1471	-
7215	15894	13365	1477	-
7215	19834	13365	1477	-
6114	17557	13365	1481	-
6114	17557	13365	1481	-
3611	11900	13365	1488	-
21708	8448	13365	1489	-
21708	8448	13365	1490	-
21708	8448	13365	1490	-
21708	8448	13365	1490	-
21708	8448	13365	1490	-
21708	8448	13365	1490	-
21708	8448	13365	1490	-
21708	8448	13365	1490	-
21708	8448	13365	1490	-
21708	8448	13365	1490	-
21708	8448	13365	1490	-
21708	8448	13365	1490	-
21708	15737	13365	1490	-
21708	8448	13365	1490	-
21708	8448	13365	1490	-
21708	8448	13365	1490	-
21708	8448	13365	1490	-
21708	8448	13365	1490	-
21708	8448	13365	1490	-
21708	8448	13365	1490	-
21708	8448	13365	1490	-
21708	8448	13365	1490	-
21708	8448	13365	1490	-
21708	8448	13365	1490	-
21708	8448	13365	1490	-
21708	8448	13365	1490	-
21708	8448	13365	1490	-
21708	8448	13365	1490	-
21708	8448	13365	1490	-
21708	8448	13365	1490	-
21708	8448	13365	1490	-
21708	8448	13365	1490	-
21708	8448	13365	1490	-
21708	8448	13365	1490	-
12332	2843	13365	1490	-
21708	8448	13365	1490	-
3957	21708	13365	1490	-
21708	8448	13365	1490	-
6114	17557	13365	1493	-
3957	15894	13365	1495	-
7179	4981	13365	1495	-
17624	4981	13365	1497	-
3957	15667	13365	1497	-
8048	23167	13365	1498	-
21708	17807	13365	1499	-
21708	17807	13365	1499	-
21708	8448	13365	1499	-
21708	8448	13365	1499	-
21708	17807	13365	1499	-
21708	15737	13365	1499	-
21708	8448	13365	1499	-
21708	17807	13365	1499	-
21708	8448	13365	1499	-
21708	8448	13365	1499	-
8048	16531	13365	1499	-
3611	14267	13365	1501	-
3611	14267	13365	1501	-
3611	15737	13365	1501	-
3611	14267	13365	1501	-
3611	15737	13365	1501	-
3611	15737	13365	1501	-
3611	15737	13365	1501	-
3611	14267	13365	1501	-
13993	1633	34274	1550	-
7782	11900	34274	1551	-
11001	11900	34274	1557	-
882	8452	34274	1565	-
6114	13596	1148	1569	-
6114	13596	1148	1569	-
6114	13596	1148	1569	-
6114	13596	1148	1569	-
6114	13596	1148	1569	-
882	3461	1148	1570	-
3957	19834	1148	1570	-
882	8452	1148	1570	-
882	3611	1148	1571	-
19839	19834	1148	1571	-
882	23167	1148	1571	-
882	3297	1148	1571	-
882	2843	1148	1572	-
882	4981	1148	1574	-
882	7268	1148	1575	-
882	9554	1148	1575	-
3611	14267	1148	1576	-
882	16332	1148	1576	-
7215	19834	1148	1580	-
20367	19350	1148	1586	-
11001	5938	1148	1591	-
11001	13122	1148	1591	-
11001	21708	1148	1593	-
3076	3461	1148	1601	-
3076	14437	1148	1601	-
3076	23167	1148	1602	-
3076	3297	1148	1603	-
3076	2843	1148	1604	-
3076	4981	1148	1606	-
3076	9554	1148	1607	-
6114	13596	1148	1608	-
6114	13596	1148	1608	-
6114	13596	1148	1608	-
3076	16332	1148	1608	-
12332	16593	1148	1610	-
11001	5070	1148	1611	-
3297	22986	1148	1613	-
6114	17557	1148	1618	-
11001	22668	35744	1627	-
3957	587	35744	1632	-
6775	16593	35744	1632	-
21708	2049	35744	1635	-
21708	2049	35744	1635	-
21708	2049	35744	1635	-
21708	2049	35744	1635	-
21708	2049	35744	1635	-
21708	2049	35744	1635	-
21708	2049	35744	1635	-
21708	2049	35744	1635	-
21708	2049	35744	1635	-
21708	2049	35744	1635	-
21708	2049	35744	1635	-
21708	2049	35744	1635	-
21708	2049	35744	1635	-
21708	2049	35744	1635	-
21708	2049	35744	1635	-
21708	2049	35744	1635	-
21708	2049	35744	1635	-
3957	19834	35744	1657	-
10571	16332	35744	1663	-
882	4981	35744	1676	-
7179	3461	35744	1679	-
7179	16593	35744	1680	-
7179	8452	35744	1682	-
7179	14437	35744	1683	-
19839	15894	24641	1686	-
7179	3611	24641	1686	-
7179	23167	24641	1687	-
7179	3297	24641	1694	-
7179	2843	24641	1700	-
6775	16593	24641	1703	-
7179	4981	24641	1704	-
3297	1633	24641	1713	-
7179	16531	24641	1713	-
3611	903	24641	1721	-
3611	903	24641	1721	-
3611	903	24641	1721	-
3611	903	24641	1721	-
3611	903	24641	1721	-
3611	903	24641	1721	-
3611	903	24641	1721	-
3611	903	24641	1721	-
3611	903	24641	1721	-
3611	903	24641	1721	-
3611	903	24641	1721	-
3611	903	24641	1721	-
3611	903	24641	1721	-
3611	903	24641	1721	-
3611	903	24641	1721	-
3611	903	24641	1721	-
3611	903	24641	1721	-
3611	903	24641	1721	-
3611	903	24641	1721	-
3611	903	24641	1721	-
3611	903	24641	1721	-
3611	903	24641	1721	-
3611	903	24641	1721	-
3611	903	24641	1721	-
7179	7268	24641	1725	-
7179	9554	24641	1726	-
7179	16332	24641	1736	-
16671	22986	24641	1741	-
6114	12555	6147	1746	-
6114	12555	6147	1746	-
6114	12555	6147	1746	-
19531	15894	6147	1751	-
6114	14113	6147	1758	-
6114	14113	6147	1761	-
23317	882	6147	1761	-
6114	14113	6147	1761	-
6114	14113	6147	1761	-
6114	10631	6147	1761	-
6114	14113	6147	1761	-
6114	14113	6147	1761	-
6114	14113	6147	1761	-
6114	14113	6147	1761	-
6114	14113	6147	1761	-
6114	14113	6147	1761	-
6114	14113	6147	1761	-
11001	2971	6147	1764	-
11001	16671	6147	1767	-
11001	10703	6147	1767	-
11001	16671	6147	1767	-
11001	16671	6147	1767	-
11001	16671	6147	1767	-
11001	16671	6147	1767	-
3611	66	6147	1791	-
3611	66	6147	1791	-
3611	66	6147	1791	-
14547	15894	6147	1792	-
