23317	5938	46552	0	-
20312	4800	46552	0	-
16409	18807	46552	2	-
11001	19531	46552	4	-
23317	5938	46552	5	-
20312	4800	46552	5	-
16409	2767	46552	6	-
20312	4800	28752	10	-
23317	5938	28752	10	-
19603	3611	28752	14	-
19603	3611	28752	14	-
20312	4800	28752	15	-
16409	11666	28752	15	-
23317	5938	28752	16	-
23317	5938	28752	21	-
20312	4800	28752	21	-
8048	4981	28752	22	-
8048	9554	28752	22	-
3297	20312	28752	26	-
20312	4800	28752	26	-
23317	5938	28752	26	-
3297	20312	28752	29	-
23317	5938	28752	31	-
20312	4800	28752	31	-
23317	5938	28752	36	-
20312	4800	28752	36	-
3611	15456	28752	37	-
19531	5424	28752	37	-
3297	445	28752	38	-
20312	4800	28752	41	-
23317	5938	28752	41	-
587	445	28752	43	-
20312	4800	28752	46	-
20312	4800	28752	48	-
20312	4800	28752	50	-
19531	5424	28752	55	-
20312	4800	28752	55	-
20312	4800	28752	57	-
19531	5424	28752	58	-
20312	4800	28752	59	-
3076	16593	28752	59	-
4800	17005	28752	63	-
14270	8452	28752	63	portsweep
20312	4800	28752	64	-
23317	5938	28752	64	-
13993	19834	28752	64	-
4800	17005	28752	64	-
23317	5938	28752	65	-
23317	5938	28752	65	-
23317	5938	28752	65	-
23317	5938	28752	65	-
23317	5938	28752	65	-
23317	5938	28752	65	-
23317	5938	10833	70	-
20312	4800	10833	70	-
23317	5938	10833	75	-
20312	4800	10833	75	-
14547	2849	10833	77	-
20312	4800	10833	80	-
23317	5938	10833	80	-
19531	3634	10833	81	-
23317	5938	10833	85	-
20312	4800	10833	85	-
6114	4061	10833	87	-
19531	3634	10833	88	-
20312	4800	10833	90	-
23317	5938	10833	90	-
7179	8452	10833	92	-
23317	5938	10833	95	-
20312	4800	10833	95	-
587	18219	10833	100	-
23317	5938	10833	101	-
20312	4800	10833	101	-
3297	16330	10833	101	-
10429	17005	10833	105	-
23317	5938	10833	106	-
20312	4800	10833	106	-
6114	15690	10833	107	-
14270	8452	10833	110	portsweep
7215	15667	10833	110	-
23317	5938	10833	111	-
20312	4800	10833	111	-
17624	4981	10833	112	-
17624	4981	10833	114	-
20312	4800	10833	116	-
23317	5938	10833	116	-
3611	3546	10833	116	-
17624	4981	10833	116	-
11001	19834	10833	117	-
882	16593	10833	118	-
17624	4981	10833	119	-
20312	4800	10833	121	-
23317	5938	10833	121	-
14547	21123	10833	122	-
11001	5938	10833	122	-
17624	4981	10833	123	-
17624	4981	10833	123	-
11001	19834	10833	123	-
10429	1633	10833	124	-
23317	5938	10833	126	-
20312	4800	10833	126	-
10429	18246	10833	126	-
23317	5938	45407	131	-
20312	4800	45407	131	-
20312	4800	45407	136	-
20367	19350	45407	138	-
20312	4800	45407	138	-
20312	4800	45407	140	-
20312	4800	45407	145	-
20312	4800	45407	147	-
20312	4800	45407	149	-
14270	8452	45407	150	portsweep
882	16593	45407	151	-
16409	18332	45407	153	-
3611	19077	45407	153	-
16409	2767	45407	153	-
10429	12174	45407	153	-
10429	12174	45407	153	-
16409	2767	45407	153	-
23317	5938	45407	154	-
10429	12174	45407	154	-
20312	4800	45407	154	-
882	4981	45407	154	-
23317	5938	45407	155	-
23317	5938	45407	155	-
23317	5938	45407	155	-
23317	5938	45407	155	-
23317	5938	45407	155	-
23317	5938	45407	155	-
882	16593	45407	155	-
14547	21123	45407	156	-
7782	5938	45407	156	-
23317	5938	45407	160	-
587	3957	45407	160	-
20312	4800	45407	160	-
13993	5938	45407	163	-
3611	19077	45407	163	-
13993	15894	45407	163	-
7782	5938	45407	163	-
23317	5938	45407	165	-
20312	4800	45407	165	-
10429	445	45407	168	-
3611	15894	45407	168	-
12985	15894	45407	168	-
23317	5938	45407	170	-
20312	4800	45407	170	-
23317	5938	45407	175	-
20312	4800	45407	175	-
14547	21123	45407	177	-
4800	5424	45407	179	-
23317	5938	45407	180	-
20312	4800	45407	180	-
23317	5938	45407	185	-
15394	4800	45407	185	-
23317	882	45407	185	-
20312	4800	45407	185	-
3297	2273	43746	189	-
20312	4800	43746	190	-
23317	5938	43746	190	-
20312	4800	43746	195	-
23317	5938	43746	196	-
3611	19077	43746	196	-
20312	4800	43746	201	-
23317	5938	43746	201	-
3611	19077	43746	203	-
10429	12174	43746	205	-
20312	4800	43746	206	-
23317	5938	43746	206	-
23317	5938	43746	211	-
20312	4800	43746	211	-
3611	19077	43746	213	-
14270	8452	43746	213	portsweep
23317	5938	43746	216	-
20312	4800	43746	216	-
12985	15894	43746	217	-
13993	15894	43746	220	-
20312	4800	43746	221	-
23317	5938	43746	221	-
10429	445	43746	221	-
20312	4800	43746	226	-
20312	4800	43746	228	-
20312	4800	43746	230	-
20312	4800	43746	235	-
20312	4800	43746	237	-
20312	4800	43746	239	-
19531	5424	43746	243	-
7782	1633	43746	243	-
23317	5938	43746	244	-
20312	4800	43746	244	-
20312	4800	43746	244	-
23317	5938	43746	245	-
23317	5938	43746	245	-
23317	5938	43746	245	-
23317	5938	43746	245	-
23317	5938	43746	245	-
23317	5938	43746	245	-
19531	5424	43746	246	-
17624	14437	43746	247	-
17624	16593	43746	247	-
12985	15894	24931	249	-
23317	5938	24931	250	-
20312	4800	24931	250	-
14270	8452	24931	251	portsweep
10429	445	24931	254	-
23317	5938	24931	255	-
20312	4800	24931	255	-
3297	16330	24931	257	-
23317	5938	24931	260	-
20312	4800	24931	260	-
7782	13122	24931	261	-
7782	15894	24931	261	-
13993	15894	24931	263	-
7782	1633	24931	263	-
23317	5938	24931	265	-
20312	4800	24931	265	-
587	445	24931	268	-
23317	5938	24931	271	-
20312	4800	24931	271	-
10429	445	24931	273	-
23317	5938	24931	276	-
20312	4800	24931	276	-
20312	4800	24931	281	-
23317	5938	24931	281	-
23317	5938	24931	286	-
20312	4800	24931	286	-
20312	4800	24931	291	-
23317	5938	24931	291	-
20312	4800	24931	296	-
23317	5938	24931	296	-
7782	5938	24931	296	-
14270	8452	24931	296	portsweep
16671	15894	24931	298	-
16409	14011	24931	300	-
20312	4800	24931	301	-
23317	5938	24931	301	-
19531	5424	24931	302	-
882	3461	24931	302	-
10429	445	24931	302	-
7179	3297	24931	305	-
3611	19077	24931	306	-
23317	5938	24931	306	-
20312	4800	24931	306	-
19531	5424	36472	310	-
20312	4800	36472	311	-
20312	4800	36472	313	-
20312	4800	36472	315	-
20312	4800	36472	320	-
10429	445	36472	321	-
20312	4800	36472	322	-
20312	4800	36472	324	-
20312	4800	36472	329	-
7215	1633	36472	330	-
20312	4800	36472	331	-
882	3297	36472	332	-
3611	6628	36472	333	-
20312	4800	36472	333	-
6114	15690	36472	333	-
6114	15690	36472	333	-
3611	6628	36472	333	-
10429	20312	36472	333	-
11001	22986	36472	333	-
14270	8452	36472	334	portsweep
23317	5938	36472	335	-
23317	5938	36472	335	-
23317	5938	36472	335	-
23317	5938	36472	335	-
23317	5938	36472	335	-
23317	5938	36472	335	-
20367	587	36472	335	-
23317	5938	36472	335	-
23317	5938	36472	335	-
3297	16330	36472	336	-
882	3297	36472	336	-
882	3461	36472	337	-
23317	5938	36472	339	-
20312	4800	36472	339	-
20312	14437	36472	341	-
20312	4800	36472	344	-
23317	5938	36472	344	-
16409	14011	36472	344	-
20312	23167	36472	344	-
20312	2843	36472	348	-
23317	5938	36472	349	-
20312	4800	36472	349	-
6114	15690	36472	349	-
6775	16593	36472	350	-
20312	3461	36472	351	-
20312	4800	36472	354	-
23317	5938	36472	354	-
16409	14011	36472	355	-
3297	6157	36472	356	-
7782	5938	36472	357	-
20312	16531	36472	358	-
20312	4800	36472	359	-
23317	5938	36472	359	-
3611	6628	36472	363	-
23317	5938	36472	364	-
20312	4800	36472	364	-
20312	16593	32946	368	-
23317	5938	32946	369	-
20312	4800	32946	369	-
20312	16593	32946	370	-
14270	8452	32946	373	portsweep
20312	9554	32946	373	-
20312	4800	32946	374	-
23317	5938	32946	374	-
20312	16332	32946	376	-
20312	2843	32946	378	-
23317	5938	32946	379	-
20312	4800	32946	379	-
20312	16593	32946	383	-
20312	4800	32946	384	-
23317	5938	32946	385	-
10429	613	32946	387	-
23317	5938	32946	390	-
20312	4800	32946	390	-
10429	20312	32946	390	-
19603	2843	32946	390	-
20312	4800	32946	395	-
23317	5938	32946	395	-
19603	16593	32946	395	-
20312	4800	32946	400	-
23317	5938	32946	400	-
20312	4800	32946	405	-
11001	15894	32946	406	-
20312	4800	32946	407	-
20312	4800	32946	409	-
20312	4800	32946	414	-
882	16531	32946	415	-
20312	4800	32946	416	-
20312	4800	32946	418	-
20312	3461	32946	422	-
4800	5424	32946	423	-
14270	8452	32946	423	portsweep
6114	15690	32946	423	-
23317	5938	32946	424	-
6114	15690	32946	424	-
882	16593	32946	424	-
23317	5938	32946	425	-
23317	5938	32946	425	-
23317	5938	32946	425	-
23317	5938	32946	425	-
20312	4800	32946	425	-
23317	5938	32946	425	-
23317	5938	32946	425	-
23317	5938	32946	425	-
6114	5123	33706	429	-
23317	5938	33706	430	-
20312	4800	33706	430	-
3297	3507	33706	431	-
16409	14011	33706	432	-
23317	5938	33706	435	-
20312	4800	33706	435	-
6114	17090	33706	437	-
3297	3507	33706	438	-
3076	16531	33706	439	-
4800	7478	33706	440	-
23317	5938	33706	440	-
20312	4800	33706	440	-
3297	5938	33706	441	-
20312	4800	33706	445	-
23317	5938	33706	445	-
20312	4800	33706	450	-
23317	5938	33706	450	-
882	16593	33706	451	-
20312	4800	33706	455	-
23317	5938	33706	456	-
4800	18527	33706	457	-
587	445	33706	458	-
23317	5938	33706	461	-
20312	4800	33706	461	-
6114	18332	33706	464	-
14270	8452	33706	464	portsweep
3076	3461	33706	464	-
20312	4800	33706	466	-
23317	5938	33706	466	-
3076	3461	33706	467	-
10429	445	33706	471	-
20312	4800	33706	471	-
23317	5938	33706	471	-
3297	14566	33706	475	-
3957	15894	33706	475	-
20312	4800	33706	476	-
23317	5938	33706	476	-
20312	4800	33706	481	-
23317	5938	33706	481	-
3297	14566	33706	481	-
16409	14011	33706	484	-
20312	4800	33706	486	-
23317	5938	33706	486	-
20312	4800	4373	491	-
23317	5938	4373	491	-
20312	4800	4373	496	-
20312	4800	4373	498	-
20312	4800	4373	500	-
12985	15894	4373	504	-
14270	8452	4373	504	portsweep
20312	4800	4373	505	-
20312	4800	4373	507	-
16409	14011	4373	509	-
20312	4800	4373	509	-
3076	4981	4373	509	-
3611	16244	4373	513	-
3297	14566	4373	513	-
3611	16244	4373	513	-
13993	5938	4373	513	-
20312	4800	4373	514	-
23317	5938	4373	514	-
23317	5938	4373	515	-
23317	5938	4373	515	-
23317	5938	4373	515	-
23317	5938	4373	515	-
23317	5938	4373	515	-
23317	5938	4373	515	-
4800	18527	4373	516	-
13993	19834	4373	516	-
20312	4800	4373	520	-
23317	5938	4373	520	-
7179	16531	4373	523	-
4800	18527	4373	524	-
23317	5938	4373	525	-
20312	4800	4373	525	-
13993	15894	4373	528	-
20312	4800	4373	530	-
23317	5938	4373	530	-
3611	15880	4373	530	-
13993	15894	4373	530	-
3297	14566	4373	531	-
13993	15894	4373	532	-
10429	613	4373	534	-
13993	15894	4373	534	-
23317	5938	4373	535	-
20312	4800	4373	535	-
10429	16330	4373	537	-
13993	15894	4373	538	-
20312	4800	4373	540	-
23317	5938	4373	540	-
19839	11900	4373	541	-
14270	8452	4373	542	portsweep
20312	4800	4373	545	-
23317	5938	4373	545	-
3297	14566	22639	549	-
20312	4800	22639	550	-
23317	5938	22639	550	-
587	3801	22639	551	-
3611	12793	22639	553	-
20312	4800	22639	555	-
23317	5938	22639	556	-
20312	4800	22639	561	-
23317	5938	22639	561	-
20312	4800	22639	566	-
23317	5938	22639	566	-
10429	5862	22639	570	-
20312	4800	22639	571	-
23317	5938	22639	571	-
20312	4800	22639	576	-
23317	5938	22639	576	-
20312	4800	22639	581	-
23317	5938	22639	581	-
20312	4800	22639	586	-
20312	4800	22639	588	-
20312	4800	22639	590	-
7179	16531	22639	590	-
14270	8452	22639	590	portsweep
20312	4800	22639	595	-
20312	4800	22639	597	-
20312	4800	22639	599	-
7179	16593	22639	599	-
14547	12361	22639	603	-
14547	12361	22639	603	-
3297	1348	22639	603	-
3297	1348	22639	603	-
10429	2273	22639	603	-
20312	4800	22639	604	-
23317	5938	22639	604	-
23317	5938	22639	605	-
23317	5938	22639	605	-
23317	5938	22639	605	-
23317	5938	22639	605	-
23317	5938	22639	605	-
23317	5938	22639	605	-
20312	4800	22639	605	-
3297	12113	10611	608	-
20312	4800	10611	610	-
23317	5938	10611	610	-
587	18114	10611	611	-
16409	2604	10611	615	-
23317	5938	10611	615	-
20312	4800	10611	615	-
23317	5938	10611	620	-
20312	4800	10611	620	-
20312	16593	10611	621	-
20312	4800	10611	625	-
23317	5938	10611	625	-
20312	4800	10611	630	-
23317	5938	10611	630	-
10429	16330	10611	630	-
10429	16330	10611	633	-
23317	5938	10611	635	-
20312	4800	10611	635	-
23317	5938	10611	640	-
20312	4800	10611	640	-
3611	2801	10611	643	-
6114	5123	10611	645	-
23317	5938	10611	645	-
20312	4800	10611	645	-
19531	13412	10611	650	-
23317	5938	10611	651	-
20312	4800	10611	651	-
3297	19603	10611	653	-
14547	21123	10611	655	-
14270	8452	10611	656	portsweep
23317	5938	10611	661	-
20312	4800	10611	661	-
20312	4800	10611	666	-
23317	5938	10611	666	-
23317	5938	19472	671	-
20312	4800	19472	671	-
20312	4800	19472	676	-
20312	4800	19472	678	-
20312	4800	19472	680	-
20312	4800	19472	685	-
20312	4800	19472	687	-
20312	4800	19472	689	-
16409	2604	19472	693	-
16409	2604	19472	693	-
587	18114	19472	693	-
20312	4800	19472	694	-
23317	5938	19472	694	-
14270	8452	19472	695	portsweep
587	18114	19472	698	-
19531	13412	19472	699	-
3297	21736	19472	699	-
20312	4800	19472	700	-
23317	5938	19472	700	-
7782	15894	19472	701	-
8048	14437	19472	703	-
7782	15894	19472	704	-
20312	4800	19472	705	-
23317	5938	19472	705	-
882	9554	19472	706	-
2576	587	19472	707	-
2576	587	19472	707	-
8048	14437	19472	707	-
6114	5123	19472	709	-
20312	4800	19472	710	-
23317	5938	19472	710	-
14547	21123	19472	714	-
20312	4800	19472	715	-
23317	5938	19472	715	-
20312	4800	19472	720	-
23317	5938	19472	720	-
3076	16332	19472	721	-
10429	6157	19472	723	-
20312	4800	19472	725	-
23317	5938	19472	725	-
20312	4800	37627	730	-
23317	5938	37627	730	-
20312	4800	37627	735	-
14270	8452	37627	736	portsweep
19531	13412	37627	739	-
587	18114	37627	739	-
20312	4800	37627	741	-
23317	5938	37627	741	-
10429	3507	37627	741	-
20312	4800	37627	746	-
23317	5938	37627	746	-
6114	18332	37627	749	-
20312	4800	37627	751	-
23317	5938	37627	751	-
14547	21123	37627	753	-
20312	4800	37627	756	-
23317	5938	37627	756	-
16409	2604	37627	756	-
20312	4800	37627	761	-
23317	5938	37627	761	-
20312	4800	37627	766	-
20312	4800	37627	768	-
20312	4800	37627	770	-
14270	8452	37627	774	portsweep
20312	4800	37627	775	-
20312	4800	37627	777	-
6775	3611	37627	778	-
20312	4800	37627	779	-
6775	3611	37627	783	-
6775	3611	37627	783	-
6775	3611	37627	783	-
6775	3611	37627	783	-
6775	3611	37627	783	-
20312	4800	37627	784	-
23317	5938	37627	784	-
6775	3611	37627	784	-
23317	5938	37627	785	-
23317	5938	37627	785	-
23317	5938	37627	785	-
23317	5938	37627	785	-
23317	5938	37627	785	-
23317	5938	37627	785	-
15394	4800	37627	785	-
23317	882	37627	785	-
10571	3297	37627	786	-
20312	4800	4200	790	-
23317	5938	4200	790	-
4800	18527	4200	791	-
3611	15894	4200	793	-
20312	4800	4200	795	-
23317	5938	4200	795	-
6114	5123	4200	795	-
10571	14437	4200	797	-
20312	4800	4200	800	-
23317	5938	4200	800	-
587	3801	4200	803	-
20312	4800	4200	805	-
23317	5938	4200	805	-
6114	15690	4200	805	-
20312	4800	4200	810	-
23317	5938	4200	810	-
14270	8452	4200	813	portsweep
3957	21708	4200	813	-
20312	4800	4200	815	-
23317	5938	4200	815	-
6114	15690	4200	817	-
14547	21123	4200	818	-
20312	4800	4200	820	-
23317	5938	4200	821	-
20312	4800	4200	826	-
23317	5938	4200	826	-
6114	15690	4200	828	-
20312	4800	4200	831	-
23317	5938	4200	831	-
16409	15762	4200	834	-
20312	4800	4200	836	-
23317	5938	4200	836	-
4800	3374	4200	838	-
4800	18527	4200	840	-
20312	4800	4200	841	-
23317	5938	4200	841	-
12985	21708	4200	842	-
20312	4800	4200	846	-
23317	5938	4200	846	-
20312	4800	37982	851	-
23317	5938	37982	851	-
20312	4800	37982	856	-
20312	4800	37982	858	-
20312	4800	37982	860	-
20312	4800	37982	865	-
6775	16593	37982	865	-
20312	4800	37982	867	-
20312	4800	37982	869	-
4800	18527	37982	873	-
14270	8452	37982	873	portsweep
4800	18527	37982	873	-
10429	3507	37982	873	-
20312	4800	37982	874	-
23317	5938	37982	874	-
23317	5938	37982	875	-
23317	5938	37982	875	-
23317	5938	37982	875	-
23317	5938	37982	875	-
23317	5938	37982	875	-
23317	5938	37982	875	-
23317	5938	37982	880	-
20312	4800	37982	880	-
3297	1001	37982	881	-
4800	18527	37982	881	-
20312	4800	37982	885	-
23317	5938	37982	885	-
20312	4800	37982	890	-
23317	5938	37982	890	-
19531	13412	37982	894	-
23317	5938	37982	895	-
20312	4800	37982	895	-
3957	587	37982	898	-
14267	19531	37982	899	-
20312	4800	37982	900	-
23317	5938	37982	900	-
6114	15581	37982	901	-
23317	5938	37982	905	-
20312	4800	37982	905	-
10429	14566	42202	910	-
23317	5938	42202	910	-
20312	4800	42202	910	-
20312	4800	42202	915	-
23317	5938	42202	915	-
20312	4800	42202	920	-
23317	5938	42202	920	-
14270	8452	42202	925	portsweep
7782	5938	42202	925	-
23317	5938	42202	926	-
20312	4800	42202	926	-
7782	15667	42202	926	-
23317	5938	42202	931	-
20312	4800	42202	931	-
4800	18219	42202	933	-
23317	5938	42202	936	-
20312	4800	42202	936	-
16409	3021	42202	938	-
20312	4800	42202	941	-
23317	5938	42202	941	-
20312	4800	42202	946	-
20312	4800	42202	948	-
20312	4800	42202	950	-
20312	4800	42202	955	-
20312	4800	42202	957	-
20312	4800	42202	959	-
20312	4800	42202	964	-
23317	5938	42202	964	-
14270	8452	42202	965	portsweep
20312	4800	16339	970	-
23317	5938	16339	970	-
20312	4800	16339	975	-
23317	5938	16339	975	-
4800	18527	16339	977	-
13993	15894	16339	978	-
20312	4800	16339	980	-
23317	5938	16339	980	-
12985	15894	16339	980	-
19531	13412	16339	984	-
20312	4800	16339	985	-
23317	5938	16339	985	-
20312	4800	16339	990	-
23317	5938	16339	990	-
19531	13412	16339	991	-
20312	4800	16339	995	-
23317	5938	16339	995	-
19350	3801	16339	1000	-
23317	5938	16339	1000	-
20312	4800	16339	1000	-
3297	15894	16339	1001	-
20312	4800	16339	1006	-
23317	5938	16339	1006	-
11001	5938	16339	1006	-
14270	8452	16339	1006	portsweep
11001	19531	16339	1006	-
4800	18527	16339	1010	-
10429	14566	16339	1010	-
20312	4800	16339	1011	-
23317	5938	16339	1011	-
12332	14437	16339	1011	-
12332	16593	16339	1012	-
3957	15394	16339	1014	-
882	16593	16339	1014	-
587	3801	16339	1015	-
23317	5938	16339	1016	-
20312	4800	16339	1016	-
23317	5938	16339	1021	-
20312	4800	16339	1021	-
11001	22986	16339	1023	-
11001	19834	16339	1023	-
20312	4800	16339	1026	-
23317	5938	16339	1026	-
11001	1633	16339	1026	-
19531	13412	33380	1029	-
11001	22986	33380	1029	-
6114	15647	33380	1030	-
11001	21708	33380	1030	-
20312	4800	33380	1031	-
23317	5938	33380	1031	-
20312	4800	33380	1036	-
4800	18527	33380	1037	-
20312	4800	33380	1038	-
20312	4800	33380	1040	-
8048	14437	33380	1040	-
8048	23167	33380	1041	-
14270	8452	33380	1044	portsweep
20312	4800	33380	1045	-
20312	4800	33380	1047	-
8048	4981	33380	1048	-
20312	4800	33380	1049	-
4800	18527	33380	1049	-
14547	21123	33380	1053	-
4800	5424	33380	1053	-
587	18114	33380	1053	-
4800	5424	33380	1053	-
8048	16531	33380	1053	-
23317	5938	33380	1054	-
20312	4800	33380	1054	-
20312	4800	33380	1054	-
23317	5938	33380	1055	-
23317	5938	33380	1055	-
23317	5938	33380	1055	-
23317	5938	33380	1055	-
23317	5938	33380	1055	-
23317	5938	33380	1055	-
8048	16332	33380	1057	-
23317	5938	33380	1060	-
20312	4800	33380	1060	-
6775	3611	33380	1061	-
6775	3611	33380	1061	-
6775	3611	33380	1061	-
19531	7215	33380	1061	-
14547	10425	33380	1061	-
6775	3611	33380	1061	-
6775	3611	33380	1061	-
6775	3611	33380	1061	-
7179	3297	33380	1062	-
23317	5938	33380	1065	-
20312	4800	33380	1065	-
7179	4981	33380	1067	-
23317	5938	33380	1070	-
20312	4800	33380	1070	-
7179	16593	33380	1071	-
23317	5938	33380	1075	-
20312	4800	33380	1075	-
20312	4800	33380	1080	-
23317	5938	33380	1080	-
14270	8452	33380	1085	portsweep
20312	4800	33380	1085	-
23317	5938	33380	1085	-
14547	15894	33380	1085	-
20312	4800	19507	1090	-
23317	5938	19507	1090	-
19531	7215	19507	1095	-
20312	4800	19507	1095	-
23317	5938	19507	1095	-
20312	4800	19507	1100	-
16671	5938	19507	1101	-
23317	5938	19507	1101	-
6775	2843	19507	1104	-
6775	16531	19507	1105	-
20312	4800	19507	1106	-
23317	5938	19507	1106	-
8048	23167	19507	1106	-
6775	16593	19507	1110	-
23317	5938	19507	1111	-
20312	4800	19507	1111	-
19531	7215	19507	1113	-
8048	16593	19507	1113	-
6775	3611	19507	1114	-
6775	3611	19507	1114	-
6775	3611	19507	1114	-
6775	3611	19507	1114	-
6775	3611	19507	1114	-
6775	3611	19507	1115	-
6775	3611	19507	1115	-
23317	5938	19507	1116	-
20312	4800	19507	1116	-
23317	5938	19507	1121	-
20312	4800	19507	1121	-
14270	8452	19507	1123	portsweep
11001	5938	19507	1124	-
20312	4800	19507	1126	-
20312	4800	19507	1128	-
20312	4800	19507	1130	-
20312	4800	19507	1135	-
20312	4800	19507	1137	-
20312	4800	19507	1139	-
14547	10425	19507	1143	-
10429	14566	19507	1143	-
4800	3801	19507	1143	-
3297	15394	19507	1143	-
4800	3801	19507	1143	-
14547	10425	19507	1143	-
3297	15394	19507	1143	-
23317	5938	19507	1144	-
20312	4800	19507	1144	-
23317	5938	19507	1145	-
23317	5938	19507	1145	-
23317	5938	19507	1145	-
23317	5938	19507	1145	-
23317	5938	19507	1145	-
19350	14775	19507	1145	-
23317	5938	19507	1145	-
7215	15894	19507	1145	-
3297	19604	19507	1146	-
23317	5938	30104	1150	-
20312	4800	30104	1150	-
6114	19778	30104	1152	-
20312	4800	30104	1155	-
19350	3801	30104	1155	-
23317	5938	30104	1155	-
20312	4800	30104	1160	-
23317	5938	30104	1160	-
19531	7215	30104	1161	-
20312	4800	30104	1165	-
23317	5938	30104	1165	-
16409	2849	30104	1167	-
23317	5938	30104	1170	-
20312	4800	30104	1170	-
20312	4800	30104	1175	-
23317	5938	30104	1175	-
14270	8452	30104	1177	portsweep
587	3801	30104	1178	-
20312	4800	30104	1180	-
23317	5938	30104	1180	-
20312	4800	30104	1185	-
23317	5938	30104	1186	-
3297	13155	30104	1186	-
587	3801	30104	1186	-
20312	4800	30104	1191	-
23317	5938	30104	1191	-
20312	4800	30104	1196	-
23317	5938	30104	1196	-
16409	21123	30104	1198	-
587	3801	30104	1200	-
23317	5938	30104	1201	-
20312	4800	30104	1201	-
4800	5424	30104	1205	-
23317	5938	30104	1206	-
20312	4800	30104	1206	-
23317	5938	29829	1211	-
20312	4800	29829	1211	-
14270	8452	29829	1216	portsweep
20312	4800	29829	1218	-
20312	4800	29829	1220	-
20312	4800	29829	1225	-
20312	4800	29829	1227	-
20312	4800	29829	1229	-
6775	3611	29829	1232	-
4800	3801	29829	1233	-
6775	3611	29829	1233	-
23317	5938	29829	1234	-
20312	4800	29829	1234	-
23317	5938	29829	1235	-
23317	5938	29829	1235	-
23317	5938	29829	1235	-
23317	5938	29829	1235	-
23317	5938	29829	1235	-
23317	5938	29829	1235	-
4800	3801	29829	1236	-
14547	11375	29829	1238	-
23317	5938	29829	1240	-
20312	4800	29829	1240	-
4800	5424	29829	1244	-
14547	10425	29829	1244	-
23317	5938	29829	1245	-
20312	4800	29829	1245	-
10429	14566	29829	1246	-
6775	16531	29829	1246	-
16409	21123	29829	1248	-
20312	4800	29829	1250	-
23317	5938	29829	1250	-
13993	13122	29829	1251	-
19839	15894	29829	1252	-
13993	13122	29829	1253	-
3957	22986	29829	1253	-
20367	19350	29829	1253	-
4800	5424	29829	1254	-
14270	8452	29829	1255	portsweep
13993	13122	29829	1255	-
13993	13122	29829	1257	-
7782	13122	29829	1259	-
10429	14566	29829	1259	-
20312	4800	29829	1260	-
23317	5938	29829	1260	-
13993	13122	29829	1260	-
7782	22986	29829	1261	-
6114	15647	29829	1262	-
7782	5938	29829	1262	-
7782	13122	29829	1263	-
20312	4800	29829	1265	-
23317	5938	29829	1265	-
7782	15894	29829	1266	-
7782	15667	12719	1269	-
20312	4800	12719	1270	-
23317	5938	12719	1270	-
4800	3801	12719	1271	-
7782	21708	12719	1271	-
19531	1633	12719	1273	-
19350	3801	12719	1274	-
20312	4800	12719	1275	-
23317	5938	12719	1276	-
20312	16593	12719	1276	-
19531	1633	12719	1278	-
882	2843	12719	1280	-
23317	5938	12719	1281	-
20312	4800	12719	1281	-
23317	5938	12719	1286	-
20312	4800	12719	1286	-
3297	5566	12719	1289	-
4800	5424	12719	1290	-
7215	1633	12719	1290	-
7215	1633	12719	1290	-
20312	4800	12719	1291	-
23317	5938	12719	1291	-
7215	19531	12719	1292	-
14270	8452	12719	1293	portsweep
7215	1633	12719	1293	-
23317	5938	12719	1296	-
20312	4800	12719	1296	-
14547	12524	12719	1296	-
23317	5938	12719	1301	-
20312	4800	12719	1301	-
587	3801	12719	1301	-
20312	4800	12719	1306	-
12332	23167	12719	1306	-
20312	4800	12719	1308	-
10429	1633	12719	1309	-
20312	4800	12719	1310	-
3611	19531	12719	1314	-
20312	4800	12719	1315	-
4800	3801	12719	1316	-
20312	4800	12719	1317	-
20312	4800	12719	1319	-
10571	16593	12719	1320	-
10571	8452	12719	1321	-
10429	1348	12719	1323	-
23317	5938	12719	1324	-
20312	4800	12719	1324	-
23317	5938	12719	1325	-
23317	5938	12719	1325	-
23317	5938	12719	1325	-
23317	5938	12719	1325	-
23317	5938	12719	1325	-
23317	5938	12719	1325	-
10571	9554	12719	1325	-
10571	3611	11970	1328	-
19839	11900	11970	1328	-
10571	16332	11970	1328	-
10571	23167	11970	1329	-
23317	5938	11970	1330	-
20312	4800	11970	1330	-
14270	8452	11970	1331	portsweep
6775	14437	11970	1331	-
20312	4800	11970	1335	-
23317	5938	11970	1335	-
10571	3461	11970	1337	-
16409	21123	11970	1339	-
10429	12113	11970	1339	-
20312	4800	11970	1340	-
23317	5938	11970	1340	-
6775	3297	11970	1341	-
4800	5424	11970	1342	-
587	1215	11970	1344	-
10571	16531	11970	1344	-
20312	4800	11970	1345	-
23317	5938	11970	1345	-
20312	4800	11970	1350	-
23317	5938	11970	1350	-
10571	8452	11970	1353	-
10571	9554	11970	1353	-
20312	4800	11970	1355	-
23317	5938	11970	1355	-
7782	5938	11970	1355	-
7782	15894	11970	1355	-
7782	19834	11970	1357	-
7782	11900	11970	1359	-
20312	4800	11970	1361	-
23317	5938	11970	1361	-
14547	15894	11970	1361	-
19531	22986	11970	1362	-
7782	19531	11970	1362	-
4800	12448	11970	1365	-
20312	4800	11970	1366	-
23317	5938	11970	1366	-
10571	4981	11970	1369	-
14270	8452	11970	1369	portsweep
10571	16593	11970	1369	-
19531	5938	11970	1369	-
23317	5938	11970	1371	-
20312	4800	11970	1371	-
7782	15667	11970	1371	-
10571	9554	11970	1373	-
11001	21708	11970	1374	-
19531	13122	11970	1374	-
7179	14437	11970	1375	-
7782	11900	11970	1375	-
23317	5938	11970	1376	-
20312	4800	11970	1376	-
7782	21708	11970	1376	-
12985	15894	11970	1378	-
3297	12550	11970	1379	-
20312	4800	11970	1381	-
23317	5938	11970	1381	-
7782	19531	11970	1384	-
23317	882	11970	1385	-
15394	4800	11970	1385	-
7782	22986	11970	1385	-
23317	5938	11970	1387	-
20312	4800	11970	1387	-
7782	13122	22150	1391	-
20312	4800	22150	1392	-
20312	4800	22150	1394	-
20312	4800	22150	1396	-
17624	3297	22150	1397	-
7782	1633	22150	1398	-
20312	4800	22150	1401	-
4800	5424	22150	1402	-
20312	4800	22150	1403	-
20312	4800	22150	1405	-
14270	8452	22150	1409	portsweep
20312	4800	22150	1410	-
3076	9554	22150	1410	-
20312	4800	22150	1412	-
16409	12361	22150	1413	-
19350	3801	22150	1413	-
16409	12361	22150	1413	-
19350	3801	22150	1413	-
23317	5938	22150	1414	-
12985	21708	22150	1414	-
20312	4800	22150	1414	-
23317	5938	22150	1415	-
23317	5938	22150	1415	-
23317	5938	22150	1415	-
23317	5938	22150	1415	-
23317	5938	22150	1415	-
23317	5938	22150	1415	-
23317	5938	22150	1415	-
20312	4800	22150	1415	-
23317	5938	22150	1415	-
10429	19603	22150	1416	-
19603	2843	22150	1416	-
4800	9057	22150	1418	-
23317	5938	22150	1419	-
20312	4800	22150	1419	-
6775	3611	22150	1419	-
6775	16531	22150	1423	-
23317	5938	22150	1424	-
20312	4800	22150	1424	-
6775	16531	22150	1427	-
3297	12550	22150	1428	-
23317	5938	22150	1429	-
20312	4800	22150	1429	-
19839	11900	22150	1431	-
10429	21736	22150	1433	-
20312	4800	22150	1434	-
23317	5938	22150	1434	-
4800	5424	22150	1437	-
23317	5938	22150	1439	-
20312	4800	22150	1439	-
4800	5424	22150	1441	-
23317	5938	22150	1445	-
20312	4800	22150	1445	-
8048	3461	22150	1445	-
8048	8452	22150	1446	-
23317	5938	9345	1450	-
3297	12550	9345	1450	-
14270	8452	9345	1450	portsweep
20312	4800	9345	1450	-
14547	10425	9345	1451	-
23317	5938	9345	1455	-
20312	4800	9345	1455	-
20312	4800	9345	1460	-
23317	5938	9345	1460	-
16671	1633	9345	1461	-
587	3076	9345	1464	-
23317	5938	9345	1465	-
20312	4800	9345	1465	-
6775	14437	9345	1465	-
6775	23167	9345	1466	-
10429	19604	9345	1468	-
20312	4800	9345	1470	-
23317	5938	9345	1470	-
6775	2843	9345	1470	-
12332	14437	9345	1470	-
3957	1633	9345	1473	-
6775	4981	9345	1473	-
20312	4800	9345	1475	-
23317	5938	9345	1475	-
19350	8509	9345	1476	-
3076	9554	9345	1476	-
20312	4800	9345	1480	-
23317	5938	9345	1480	-
6775	16593	9345	1480	-
20312	4800	9345	1485	-
14547	10425	9345	1486	-
20312	4800	9345	1487	-
20312	4800	9345	1489	-
20312	4800	9345	1494	-
20312	4800	9345	1496	-
6775	16531	9345	1497	-
20312	4800	9345	1498	-
20312	16593	9345	1498	-
6775	3611	9345	1500	-
14270	8452	9345	1503	portsweep
10429	13155	9345	1503	-
10429	13155	9345	1503	-
6775	9554	9345	1503	-
23317	5938	9345	1504	-
23317	5938	9345	1505	-
23317	5938	9345	1505	-
23317	5938	9345	1505	-
23317	5938	9345	1505	-
23317	5938	9345	1505	-
23317	5938	9345	1505	-
20312	9554	9345	1506	-
20312	4800	18182	1510	-
23317	5938	18182	1510	-
6775	16332	18182	1511	-
16409	21123	18182	1512	-
20312	4800	18182	1515	-
23317	5938	18182	1515	-
4800	22454	18182	1516	-
10429	5566	18182	1517	-
20312	4800	18182	1520	-
23317	5938	18182	1520	-
16671	15894	18182	1524	-
14267	19531	18182	1524	-
20312	4800	18182	1525	-
23317	5938	18182	1525	-
7782	5938	18182	1525	-
7782	22986	18182	1526	-
20312	4800	18182	1530	-
7782	13122	18182	1530	-
23317	5938	18182	1531	-
10429	12550	18182	1531	-
11001	11900	18182	1531	-
16671	11900	18182	1531	-
12985	1633	18182	1533	-
7782	11900	18182	1533	-
11001	1633	18182	1535	-
23317	5938	18182	1536	-
20312	4800	18182	1536	-
20312	9554	18182	1538	-
16671	15667	18182	1538	-
12985	22986	18182	1540	-
23317	5938	18182	1541	-
4800	22454	18182	1541	-
20312	4800	18182	1541	-
14270	8452	18182	1544	portsweep
11001	21708	18182	1544	-
882	2843	18182	1545	-
20312	4800	18182	1546	-
23317	5938	18182	1546	-
882	3461	18182	1546	-
19531	15894	18182	1549	-
14547	10425	18182	1550	-
23317	5938	18182	1551	-
20312	4800	18182	1551	-
882	16593	18182	1551	-
20312	3297	18182	1552	-
23317	5938	18182	1556	-
20312	4800	18182	1556	-
882	8452	18182	1557	-
882	9554	18182	1557	-
20312	4800	18182	1561	-
23317	5938	18182	1561	-
16409	21123	18182	1563	-
23317	5938	18182	1566	-
20312	4800	18182	1566	-
4800	20961	22832	1568	-
20312	4800	22832	1571	-
587	19788	22832	1571	-
10429	12550	22832	1572	-
20312	4800	22832	1573	-
20312	4800	22832	1575	-
20312	4800	22832	1580	-
20312	4800	22832	1582	-
7782	5938	22832	1584	-
20312	4800	22832	1584	-
14270	8452	22832	1584	portsweep
7782	15667	22832	1584	-
7782	19531	22832	1586	-
20312	4800	22832	1589	-
6775	3611	22832	1591	-
20312	4800	22832	1591	-
6775	3611	22832	1591	-
19603	9554	22832	1592	-
4800	5424	22832	1593	-
23317	5938	22832	1594	-
20312	4800	22832	1594	-
4800	19019	22832	1595	-
23317	5938	22832	1595	-
23317	5938	22832	1595	-
23317	5938	22832	1595	-
23317	5938	22832	1595	-
23317	5938	22832	1595	-
23317	5938	22832	1595	-
23317	5938	22832	1595	-
23317	5938	22832	1595	-
14547	10425	22832	1596	-
10571	9554	22832	1597	-
23317	5938	22832	1599	-
20312	4800	22832	1599	-
7179	4981	22832	1602	-
12332	2843	22832	1603	-
20312	4800	22832	1604	-
23317	5938	22832	1604	-
3297	12550	22832	1605	-
10429	12550	22832	1605	-
12332	3461	22832	1605	-
587	6157	22832	1607	-
20312	4800	22832	1609	-
23317	5938	22832	1609	-
12332	9554	22832	1609	-
3076	16332	22832	1612	-
20312	4800	22832	1614	-
23317	5938	22832	1614	-
19350	8509	22832	1616	-
20312	4800	22832	1619	-
23317	5938	22832	1619	-
20312	4800	22832	1624	-
23317	5938	22832	1624	-
14270	8452	22832	1625	portsweep
10571	3297	5188	1628	-
10571	16332	5188	1628	-
3076	3461	5188	1628	-
882	16332	5188	1628	-
20312	4800	5188	1629	-
23317	5938	5188	1629	-
882	9554	5188	1630	-
4800	12550	5188	1631	-
20312	4800	5188	1634	-
23317	5938	5188	1634	-
8048	3461	5188	1634	-
11001	19834	5188	1635	-
3076	8452	5188	1636	-
3076	14437	5188	1637	-
20312	4800	5188	1639	-
23317	5938	5188	1639	-
882	3297	5188	1639	-
10429	12550	5188	1640	-
7179	3297	5188	1640	-
12332	3461	5188	1641	-
882	16332	5188	1641	-
14547	5938	5188	1642	-
14547	19834	5188	1643	-
20312	4800	5188	1644	-
23317	5938	5188	1644	-
3297	18332	5188	1644	-
3297	12550	5188	1646	-
14547	11900	5188	1646	-
8048	9554	5188	1646	-
14547	15667	5188	1648	-
20312	4800	5188	1650	-
23317	5938	5188	1650	-
14547	1633	5188	1650	-
3076	23167	5188	1651	-
20367	587	5188	1652	-
14547	21708	5188	1653	-
19531	5938	5188	1654	-
20312	4800	5188	1655	-
23317	5938	5188	1655	-
7179	9554	5188	1655	-
4800	5424	5188	1656	-
882	4981	5188	1658	-
3297	12550	5188	1659	-
20312	4800	5188	1660	-
23317	5938	5188	1660	-
14270	8452	5188	1663	portsweep
20312	4800	5188	1665	-
20312	4800	5188	1667	-
12332	9554	5188	1667	-
20312	4800	5188	1669	-
6775	3611	5188	1673	-
20312	4800	5188	1674	-
20312	4800	5188	1676	-
19603	9554	5188	1677	-
20312	4800	5188	1678	-
3076	3297	5188	1678	-
3611	22986	5188	1682	-
20312	4800	5188	1683	-
23317	5938	5188	1684	-
20312	4800	5188	1685	-
23317	5938	5188	1685	-
23317	5938	5188	1685	-
23317	5938	5188	1685	-
23317	5938	5188	1685	-
23317	5938	5188	1685	-
23317	5938	5188	1685	-
23317	5938	5188	1685	-
4800	5424	5188	1686	-
587	10812	9661	1689	-
20312	4800	9661	1690	-
23317	5938	9661	1690	-
3957	15894	9661	1692	-
20312	4800	9661	1695	-
3297	20026	9661	1695	-
4800	20312	9661	1695	-
23317	5938	9661	1695	-
6775	16531	9661	1695	-
3076	2843	9661	1695	-
3957	15394	9661	1697	-
3957	15394	9661	1697	-
3957	22986	9661	1697	-
3957	15894	9661	1697	-
4800	20312	9661	1698	-
6114	15647	9661	1699	-
20312	4800	9661	1700	-
23317	5938	9661	1700	-
14547	10425	9661	1701	-
4800	5424	9661	1702	-
14270	8452	9661	1705	portsweep
4800	20312	9661	1709	-
16409	21123	9661	1709	-
20312	4800	9661	1710	-
23317	5938	9661	1711	-
3076	16531	9661	1712	-
20312	4800	9661	1716	-
23317	5938	9661	1716	-
7782	22986	9661	1719	-
7782	19834	9661	1719	-
3076	16332	9661	1720	-
20312	4800	9661	1721	-
23317	5938	9661	1721	-
8048	16593	9661	1721	-
7782	19531	9661	1722	-
14547	22986	9661	1722	-
20312	4800	9661	1726	-
23317	5938	9661	1726	-
10429	18332	9661	1726	-
16671	22986	9661	1728	-
16671	19834	9661	1728	-
16671	15894	9661	1729	-
20312	4800	9661	1731	-
23317	5938	9661	1731	-
16671	1633	9661	1732	-
10571	23167	9661	1735	-
20312	4800	9661	1736	-
23317	5938	9661	1736	-
10571	2843	9661	1737	-
587	17991	9661	1739	-
19531	15894	9661	1740	-
20312	4800	9661	1741	-
23317	5938	9661	1741	-
6114	17417	9661	1743	-
14270	8452	9661	1744	portsweep
882	16531	9661	1744	-
16409	21123	9661	1745	-
4800	13412	9661	1745	-
20312	4800	9661	1746	-
23317	5938	9661	1747	-
587	17991	39300	1750	-
12332	23167	39300	1751	-
20312	4800	39300	1752	-
20312	4800	39300	1754	-
20312	4800	39300	1756	-
20312	4800	39300	1761	-
13993	19834	39300	1763	-
20312	4800	39300	1763	-
12985	19834	39300	1764	-
12332	16593	39300	1764	-
6775	3611	39300	1764	-
20312	4800	39300	1765	-
12985	11900	39300	1765	-
10429	15894	39300	1765	-
8048	16531	39300	1765	-
13993	19834	39300	1766	-
13993	19834	39300	1768	-
20312	4800	39300	1770	-
13993	19834	39300	1771	-
20312	4800	39300	1772	-
6775	9554	39300	1772	-
587	17991	39300	1773	-
3957	19531	39300	1773	-
13993	19834	39300	1773	-
19350	3374	39300	1773	-
19350	3374	39300	1773	-
20312	4800	39300	1774	-
23317	5938	39300	1774	-
6775	3611	39300	1774	-
6775	3611	39300	1774	-
6775	3611	39300	1774	-
6775	3611	39300	1774	-
6775	3611	39300	1774	-
6775	3611	39300	1774	-
6775	3611	39300	1774	-
10429	11900	39300	1774	-
6775	3611	39300	1774	-
23317	5938	39300	1775	-
23317	5938	39300	1775	-
13993	19834	39300	1775	-
23317	5938	39300	1775	-
23317	5938	39300	1775	-
23317	5938	39300	1775	-
23317	5938	39300	1775	-
23317	5938	39300	1775	-
23317	5938	39300	1775	-
10429	15667	39300	1776	-
20312	4800	39300	1779	-
23317	5938	39300	1779	-
13993	19834	39300	1779	-
13993	19834	39300	1780	-
13993	19834	39300	1780	-
13993	19834	39300	1780	-
13993	19834	39300	1780	-
13993	19834	39300	1780	-
13993	19834	39300	1780	-
13993	19834	39300	1780	-
13993	19834	39300	1780	-
13993	19834	39300	1780	-
13993	19834	39300	1780	-
13993	19834	39300	1780	-
13993	19834	39300	1780	-
13993	19834	39300	1780	-
10429	21708	39300	1780	-
6775	3611	39300	1781	-
13993	19834	39300	1781	-
13993	19834	39300	1781	-
14270	8452	39300	1783	portsweep
20312	4800	39300	1784	-
23317	5938	39300	1784	-
16409	21123	39300	1785	-
14547	10425	39300	1787	-
6114	15647	39300	1787	-
10429	12550	39300	1787	-
3957	15394	39300	1788	-
3957	15894	39300	1788	-
20312	4800	39300	1789	-
23317	5938	39300	1789	-
10429	12550	39300	1790	-
13993	1633	39300	1791	-
13993	1633	39300	1793	-
20312	4800	39300	1795	-
23317	5938	39300	1795	-
11001	19834	39300	1795	-
13993	1633	39300	1795	-
11001	21708	39300	1795	-
6114	15647	39300	1797	-
13993	1633	39300	1798	-
