7782	5938	43239	0	-
7782	15894	43239	1	-
23317	12431	43239	2	snmpgetattack
5376	4800	43239	2	snmpgetattack
7215	18125	4293	6	-
7215	18125	4293	6	-
5376	4800	4293	7	snmpgetattack
23317	12431	4293	7	snmpgetattack
11001	6124	4293	8	-
11001	6124	4293	8	-
11001	6124	4293	8	-
11001	6124	4293	8	-
11001	11223	4293	9	-
11001	6124	4293	9	-
15737	8318	4293	11	-
5376	4800	4293	12	snmpgetattack
23317	12431	4293	12	snmpgetattack
20367	19350	4293	15	-
3957	15394	4293	15	-
23317	12431	4293	17	snmpgetattack
5376	4800	4293	17	snmpgetattack
23317	12431	4293	22	snmpgetattack
5376	4800	4293	22	snmpgetattack
15737	21663	4293	23	-
3076	8452	4293	25	portsweep
23317	12431	4293	28	snmpgetattack
5376	4800	4293	28	snmpgetattack
8294	11780	4293	31	nmap
23317	12431	4293	33	snmpgetattack
5376	4800	4293	33	snmpgetattack
4800	6149	4293	35	-
4800	6149	4293	35	-
4800	6149	4293	35	-
4800	6149	4293	35	-
5376	4800	4293	38	snmpgetattack
23317	12431	4293	38	snmpgetattack
19531	15667	4293	38	-
17624	14437	4293	40	-
17624	14437	4293	42	-
3297	15894	4293	42	-
5376	4800	4293	43	snmpgetattack
23317	12431	4293	43	snmpgetattack
3297	19531	4293	43	-
17624	14437	4293	44	-
3957	15394	4293	45	-
20367	19350	4293	45	-
17624	14437	4293	46	-
5376	4800	4293	48	snmpgetattack
23317	12431	4293	48	snmpgetattack
17624	14437	4293	50	-
17624	14437	4293	50	-
16409	21287	4293	51	-
12985	1633	4293	51	-
16409	21287	4293	51	-
16409	21287	4293	51	-
16409	21287	4293	51	-
16409	21287	4293	51	-
16409	21287	4293	52	-
16409	21287	4293	52	-
16409	21287	4293	52	-
16409	21287	4293	52	-
16409	21287	4293	52	-
16409	21287	4293	52	-
16409	21287	4293	52	-
4800	3694	4293	53	-
4800	3694	4293	53	-
4800	3694	4293	53	-
5376	4800	4293	53	snmpgetattack
23317	12431	4293	53	snmpgetattack
4800	3694	4293	53	-
4800	3694	4293	53	-
4800	3694	4293	53	-
3957	1633	4293	53	-
20367	19350	4293	53	-
4800	3694	4293	53	-
4800	3694	4293	53	-
7215	9118	4293	55	-
20367	19350	4293	55	-
10571	3461	4293	55	-
4800	9627	4293	57	-
4800	9627	4293	57	-
4800	9627	4293	57	-
4800	9627	4293	57	-
4800	9627	4293	57	-
4800	9627	4293	57	-
4800	9627	4293	57	-
4800	9627	4293	57	-
4800	9627	4293	57	-
4800	9627	4293	57	-
4800	9627	4293	57	-
4800	9627	4293	57	-
4800	12463	4293	57	-
4800	9627	4293	57	-
4800	9627	4293	58	-
5376	4800	4293	58	snmpgetattack
23317	12431	4293	58	snmpgetattack
4800	9627	4293	58	-
4800	6149	4293	61	-
4800	6149	4293	63	-
4800	6149	4293	63	-
4800	6149	4293	63	-
4800	6149	4293	63	-
3076	8452	4293	63	portsweep
4800	6149	4293	63	-
4800	6149	4293	64	-
4800	6149	4293	64	-
4800	6149	4293	64	-
4800	6149	4293	64	-
18246	3374	10115	66	-
18246	3374	10115	66	-
18246	3374	10115	66	-
18246	3374	10115	66	-
18246	3374	10115	66	-
18246	3374	10115	66	-
18246	3374	10115	66	-
16409	21287	10115	67	-
16409	21287	10115	67	-
16409	21287	10115	67	-
16409	21287	10115	67	-
16409	21287	10115	67	-
16409	21287	10115	67	-
16409	21287	10115	67	-
5376	4800	10115	68	snmpgetattack
23317	12431	10115	68	snmpgetattack
3957	15394	10115	69	-
8048	16531	10115	69	-
5376	4800	10115	73	snmpgetattack
23317	12431	10115	73	snmpgetattack
5376	4800	10115	78	snmpgetattack
23317	12431	10115	78	snmpgetattack
5376	4800	10115	83	snmpgetattack
23317	12431	10115	83	snmpgetattack
5376	4800	10115	88	snmpgetattack
23317	12431	10115	88	snmpgetattack
7215	12818	10115	92	-
7215	12818	10115	92	-
23317	12431	10115	93	snmpgetattack
5376	4800	10115	93	snmpgetattack
23317	12431	10115	98	snmpgetattack
5376	4800	10115	98	snmpgetattack
5376	4800	10115	103	snmpgetattack
23317	12431	10115	103	snmpgetattack
3076	8452	10115	104	portsweep
4800	21287	10115	105	-
4800	21287	10115	105	-
4800	21287	10115	105	-
4800	21287	10115	105	-
4800	21287	10115	105	-
4800	21287	10115	105	-
4800	21287	10115	105	-
4800	21287	10115	105	-
4800	21287	10115	105	-
4800	21287	10115	105	-
4800	21287	10115	105	-
4800	21287	10115	105	-
4800	21287	10115	105	-
4800	21287	10115	105	-
4800	21287	10115	105	-
4800	21287	10115	105	-
19531	21708	10115	107	-
7215	18125	10115	108	-
5376	4800	10115	108	snmpgetattack
23317	12431	10115	108	snmpgetattack
7215	3324	10115	108	-
3957	11900	10115	112	-
5376	4800	10115	113	snmpgetattack
23317	12431	10115	113	snmpgetattack
5376	4800	10115	118	snmpgetattack
23317	12431	10115	118	snmpgetattack
5376	4800	10115	123	snmpgetattack
23317	12431	10115	123	snmpgetattack
7215	9118	10115	124	-
18246	3374	33613	127	-
18246	3374	33613	127	-
18246	3374	33613	127	-
23317	12431	33613	128	snmpgetattack
5376	4800	33613	128	snmpgetattack
4800	6149	33613	130	-
4800	6149	33613	131	-
4800	6149	33613	131	-
4800	6149	33613	131	-
4800	6149	33613	131	-
4800	6149	33613	131	-
4800	6149	33613	131	-
4800	6149	33613	131	-
4800	6149	33613	131	-
4800	6149	33613	131	-
4800	6149	33613	131	-
4800	6149	33613	131	-
4800	6149	33613	131	-
23317	12431	33613	133	snmpgetattack
5376	4800	33613	133	snmpgetattack
15737	5081	33613	133	-
20367	19350	33613	135	-
4800	6149	33613	135	-
5376	4800	33613	138	snmpgetattack
23317	12431	33613	138	snmpgetattack
12985	1633	33613	140	-
3076	8452	33613	142	portsweep
12985	15667	33613	142	-
12985	11900	33613	142	-
5376	4800	33613	143	snmpgetattack
23317	12431	33613	143	snmpgetattack
5376	4800	33613	148	snmpgetattack
23317	12431	33613	148	snmpgetattack
7215	9118	33613	151	-
7215	9118	33613	151	-
7215	9118	33613	151	-
7215	9118	33613	152	-
7215	9118	33613	152	-
7215	9118	33613	152	-
7215	9118	33613	152	-
7215	9118	33613	152	-
7215	9118	33613	152	-
7215	9118	33613	152	-
7215	9118	33613	152	-
7215	9118	33613	152	-
7215	9118	33613	152	-
7215	9118	33613	152	-
7215	9118	33613	152	-
7215	9118	33613	152	-
7215	9118	33613	152	-
5376	4800	33613	154	snmpgetattack
23317	12431	33613	154	snmpgetattack
7215	9118	33613	154	-
7215	9118	33613	154	-
16409	17355	33613	156	-
16409	17355	33613	156	-
16409	5145	33613	156	-
16409	17355	33613	156	-
23317	12431	33613	159	snmpgetattack
5376	4800	33613	159	snmpgetattack
5376	4800	33613	164	snmpgetattack
23317	12431	33613	164	snmpgetattack
3957	15394	33613	165	-
3957	15394	33613	165	-
3957	15394	33613	165	-
7215	3324	33613	167	-
7215	18125	33613	167	-
5376	4800	33613	169	snmpgetattack
23317	12431	33613	169	snmpgetattack
5376	4800	33613	174	snmpgetattack
23317	12431	33613	174	snmpgetattack
15737	18125	33613	178	-
15737	18125	33613	178	-
5376	4800	33613	179	snmpgetattack
23317	12431	33613	179	snmpgetattack
3076	8452	33613	181	portsweep
8294	11780	33613	182	nmap
8294	11780	33613	182	nmap
5376	4800	33613	184	snmpgetattack
23317	12431	33613	184	snmpgetattack
5376	4800	28279	189	snmpgetattack
23317	12431	28279	189	snmpgetattack
16409	17355	28279	193	-
16409	17355	28279	193	-
16409	5145	28279	193	-
5376	4800	28279	194	snmpgetattack
23317	12431	28279	194	snmpgetattack
5376	4800	28279	199	snmpgetattack
23317	12431	28279	199	snmpgetattack
5376	4800	28279	204	snmpgetattack
23317	12431	28279	204	snmpgetattack
5376	4800	28279	209	snmpgetattack
23317	12431	28279	209	snmpgetattack
5376	4800	28279	214	snmpgetattack
23317	12431	28279	214	snmpgetattack
18246	3157	28279	215	-
3076	8452	28279	219	portsweep
7215	3324	28279	221	-
7215	18125	28279	221	-
5376	4800	28279	224	snmpgetattack
23317	12431	28279	224	snmpgetattack
5376	4800	28279	229	snmpgetattack
23317	12431	28279	229	snmpgetattack
15737	3324	28279	233	-
15737	18125	28279	233	-
23317	12431	28279	234	snmpgetattack
5376	4800	28279	234	snmpgetattack
5376	4800	28279	239	snmpgetattack
23317	12431	28279	239	snmpgetattack
7215	9118	28279	240	-
7215	9118	28279	240	-
7215	9118	28279	240	-
7215	9118	28279	240	-
7215	9118	28279	240	-
7215	9118	28279	241	-
7215	9118	28279	241	-
7215	9118	28279	241	-
7215	9118	28279	241	-
7215	9118	28279	241	-
7215	9118	28279	241	-
7215	9118	28279	241	-
7215	9118	28279	241	-
7215	9118	28279	241	-
7215	9118	28279	241	-
7215	9118	28279	241	-
7215	9118	28279	241	-
23317	12431	28279	244	snmpgetattack
5376	4800	28279	244	snmpgetattack
5376	4800	9109	249	snmpgetattack
23317	12431	9109	249	snmpgetattack
5376	4800	9109	254	snmpgetattack
23317	12431	9109	254	snmpgetattack
18246	3157	9109	254	-
3076	8452	9109	257	portsweep
18246	3157	9109	258	-
18246	3157	9109	258	-
18246	3157	9109	258	-
18246	3157	9109	258	-
18246	3157	9109	258	-
18246	3157	9109	258	-
18246	3157	9109	258	-
18246	3157	9109	258	-
18246	3157	9109	258	-
23317	12431	9109	259	snmpgetattack
5376	4800	9109	259	snmpgetattack
23317	12431	9109	264	snmpgetattack
5376	4800	9109	264	snmpgetattack
5376	4800	9109	269	snmpgetattack
23317	12431	9109	269	snmpgetattack
15737	18125	9109	273	-
15737	3324	9109	273	-
5376	4800	9109	274	snmpgetattack
23317	12431	9109	274	snmpgetattack
7215	3324	9109	278	-
7215	18125	9109	278	-
15737	3324	9109	279	-
15737	18125	9109	279	-
5376	4800	9109	280	snmpgetattack
23317	12431	9109	280	snmpgetattack
7215	9118	9109	282	-
5376	4800	9109	285	snmpgetattack
23317	12431	9109	285	snmpgetattack
5376	4800	9109	290	snmpgetattack
23317	12431	9109	290	snmpgetattack
15737	3324	9109	292	-
15737	18125	9109	292	-
3076	8452	9109	295	portsweep
5376	4800	9109	300	snmpgetattack
23317	12431	9109	300	snmpgetattack
7215	6149	9109	303	-
7215	6149	9109	303	-
7215	6149	9109	303	-
7215	6149	9109	303	-
7215	6149	9109	303	-
7215	6149	9109	303	-
7215	6149	9109	303	-
7215	6149	9109	304	-
18246	3157	9109	304	-
18246	3157	9109	304	-
18246	3157	9109	304	-
18246	3157	9109	304	-
18246	3157	9109	304	-
18246	3157	9109	304	-
18246	3157	9109	304	-
18246	3157	9109	304	-
18246	3157	9109	304	-
18246	3157	9109	304	-
18246	3157	9109	304	-
5376	4800	9109	305	snmpgetattack
23317	12431	9109	305	snmpgetattack
5376	4800	12099	310	snmpgetattack
23317	12431	12099	310	snmpgetattack
18246	3157	12099	314	-
5376	4800	12099	315	snmpgetattack
23317	12431	12099	315	snmpgetattack
5376	4800	12099	320	snmpgetattack
23317	12431	12099	320	snmpgetattack
5376	4800	12099	325	snmpgetattack
23317	12431	12099	325	snmpgetattack
7215	9118	12099	327	-
7215	9118	12099	327	-
7215	9118	12099	327	-
7215	9118	12099	327	-
7215	9118	12099	327	-
7215	9118	12099	327	-
7215	9118	12099	327	-
7215	9118	12099	327	-
7215	9118	12099	327	-
7215	9118	12099	327	-
7215	9118	12099	327	-
7215	9118	12099	327	-
7215	9118	12099	327	-
7215	9118	12099	327	-
7215	9118	12099	327	-
7215	9118	12099	327	-
7215	9118	12099	327	-
16409	10645	12099	328	-
16409	10645	12099	328	-
16409	10645	12099	328	-
5376	4800	12099	330	snmpgetattack
23317	12431	12099	330	snmpgetattack
16409	10645	12099	331	-
7215	6149	12099	332	-
7215	6149	12099	332	-
7215	6149	12099	332	-
3076	8452	12099	333	portsweep
8294	11780	12099	333	nmap
5376	4800	12099	335	snmpgetattack
23317	12431	12099	335	snmpgetattack
5376	4800	12099	340	snmpgetattack
23317	12431	12099	340	snmpgetattack
5376	4800	12099	345	snmpgetattack
23317	12431	12099	345	snmpgetattack
5376	4800	12099	350	snmpgetattack
23317	12431	12099	350	snmpgetattack
7215	6149	12099	352	-
7215	6149	12099	353	-
7215	6149	12099	353	-
7215	6149	12099	353	-
7215	6149	12099	353	-
7215	6149	12099	353	-
7215	6149	12099	353	-
7215	6149	12099	353	-
7215	6149	12099	354	-
5376	4800	12099	355	snmpgetattack
23317	12431	12099	355	snmpgetattack
4800	21287	12099	357	-
4800	21287	12099	357	-
4800	21287	12099	357	-
4800	21287	12099	357	-
4800	21287	12099	357	-
4800	21287	12099	357	-
4800	21287	12099	357	-
5376	4800	12099	360	snmpgetattack
23317	12431	12099	360	snmpgetattack
4800	21287	12099	361	-
6114	9118	12099	361	-
4800	6149	12099	364	-
6114	9118	12099	364	-
6114	9118	12099	364	-
5376	4800	12099	365	snmpgetattack
23317	12431	12099	365	snmpgetattack
6114	9118	12099	365	-
6114	9118	12099	365	-
6114	9118	12099	365	-
6114	9118	12099	365	-
6114	9118	12099	365	-
6114	9118	12099	365	-
6114	9118	12099	365	-
6114	9118	12099	365	-
6114	9118	12099	365	-
6114	9118	12099	365	-
6114	9118	12099	365	-
6114	9118	12099	365	-
6114	9118	12099	365	-
6114	9118	12099	365	-
23317	12431	30093	370	snmpgetattack
5376	4800	30093	370	snmpgetattack
7215	6149	30093	371	-
3076	8452	30093	371	portsweep
7215	6149	30093	372	-
7215	6149	30093	372	-
7215	6149	30093	372	-
7215	6149	30093	372	-
7215	6149	30093	372	-
7215	6149	30093	372	-
7215	6149	30093	372	-
7215	6149	30093	372	-
7215	6149	30093	372	-
7215	6149	30093	372	-
7215	6149	30093	372	-
5376	4800	30093	375	snmpgetattack
23317	12431	30093	375	snmpgetattack
16409	13936	30093	375	-
5376	4800	30093	380	snmpgetattack
23317	12431	30093	380	snmpgetattack
16409	10645	30093	383	-
16409	10645	30093	383	-
16409	10645	30093	383	-
5376	4800	30093	385	snmpgetattack
23317	12431	30093	385	snmpgetattack
5376	4800	30093	390	snmpgetattack
23317	12431	30093	390	snmpgetattack
5376	4800	30093	395	snmpgetattack
23317	12431	30093	395	snmpgetattack
7215	4559	30093	395	-
7215	4559	30093	395	-
7215	4559	30093	395	-
7215	4559	30093	395	-
7215	6149	30093	397	-
5376	4800	30093	400	snmpgetattack
23317	12431	30093	400	snmpgetattack
6114	19427	30093	401	-
6114	19523	30093	401	-
16409	10645	30093	403	-
16409	10645	30093	403	-
16409	10645	30093	403	-
16409	10645	30093	403	-
5376	4800	30093	406	snmpgetattack
23317	12431	30093	406	snmpgetattack
3076	8452	30093	409	portsweep
7215	6149	30093	410	-
5376	4800	30093	411	snmpgetattack
23317	12431	30093	411	snmpgetattack
5376	4800	30093	416	snmpgetattack
23317	12431	30093	416	snmpgetattack
5376	4800	30093	421	snmpgetattack
23317	12431	30093	421	snmpgetattack
7215	6149	30093	422	-
7215	6149	30093	422	-
5376	4800	4131	426	snmpgetattack
23317	12431	4131	426	snmpgetattack
5376	4800	4131	431	snmpgetattack
23317	12431	4131	431	snmpgetattack
5376	4800	4131	436	snmpgetattack
23317	12431	4131	436	snmpgetattack
6114	19427	4131	437	-
6114	19427	4131	437	-
6114	19427	4131	437	-
6114	19427	4131	437	-
6114	19523	4131	437	-
6114	19427	4131	437	-
5376	4800	4131	441	snmpgetattack
23317	12431	4131	441	snmpgetattack
18246	20857	4131	444	-
5376	4800	4131	446	snmpgetattack
23317	12431	4131	446	snmpgetattack
3076	8452	4131	447	portsweep
6114	10176	4131	450	-
6114	10176	4131	450	-
6114	10176	4131	450	-
6114	10176	4131	450	-
6114	2463	4131	450	-
6114	10176	4131	450	-
6114	10176	4131	450	-
6114	10176	4131	450	-
6114	10176	4131	450	-
5376	4800	4131	451	snmpgetattack
23317	12431	4131	451	snmpgetattack
18246	15394	4131	454	-
20367	587	4131	454	-
5376	4800	4131	456	snmpgetattack
23317	12431	4131	456	snmpgetattack
5376	4800	4131	461	snmpgetattack
23317	12431	4131	461	snmpgetattack
16671	22986	4131	462	-
16671	15894	4131	463	-
20367	19350	4131	464	-
882	3461	4131	464	-
16671	19834	4131	464	-
16671	11900	4131	464	-
3957	15394	4131	465	-
20367	19350	4131	465	-
3957	15394	4131	465	-
5376	4800	4131	466	snmpgetattack
23317	12431	4131	466	snmpgetattack
14547	11900	4131	468	-
4800	6149	4131	468	-
4800	6149	4131	468	-
14547	21708	4131	468	-
23317	12431	4131	471	snmpgetattack
5376	4800	4131	471	snmpgetattack
4800	6149	4131	474	-
4800	6149	4131	474	-
4800	6149	4131	474	-
4800	6149	4131	474	-
4800	6149	4131	474	-
4800	6149	4131	474	-
4800	6149	4131	474	-
23317	882	4131	474	-
15394	4800	4131	474	-
4800	6149	4131	474	-
4800	6149	4131	474	-
4800	6149	4131	474	-
5376	4800	4131	476	snmpgetattack
23317	12431	4131	476	snmpgetattack
5376	4800	4131	481	snmpgetattack
23317	12431	4131	481	snmpgetattack
8294	11780	4131	484	nmap
8294	11780	4131	484	nmap
5376	4800	7836	486	snmpgetattack
23317	12431	7836	486	snmpgetattack
3076	8452	7836	488	portsweep
5376	4800	7836	491	snmpgetattack
23317	12431	7836	491	snmpgetattack
3957	15394	7836	495	-
20367	19350	7836	495	-
23317	12431	7836	496	snmpgetattack
5376	4800	7836	496	snmpgetattack
6114	10176	7836	499	-
23317	12431	7836	501	snmpgetattack
5376	4800	7836	501	snmpgetattack
4800	4066	7836	502	-
4800	4066	7836	502	-
23317	12431	7836	506	snmpgetattack
5376	4800	7836	506	snmpgetattack
882	9554	7836	508	-
20367	19350	7836	508	-
7782	19834	7836	508	-
16671	19834	7836	510	-
882	3461	7836	510	-
3957	15394	7836	510	-
23317	12431	7836	511	snmpgetattack
5376	4800	7836	511	snmpgetattack
15737	6149	7836	516	-
15737	6149	7836	516	-
15737	6149	7836	516	-
15737	6149	7836	516	-
15737	6149	7836	516	-
15737	6149	7836	516	-
15737	6149	7836	516	-
15737	6149	7836	516	-
15737	6149	7836	516	-
15737	6149	7836	516	-
5376	4800	7836	517	snmpgetattack
23317	12431	7836	517	snmpgetattack
15737	6149	7836	520	-
15737	6149	7836	520	-
15737	6149	7836	520	-
15737	6149	7836	521	-
5376	4800	7836	522	snmpgetattack
23317	12431	7836	522	snmpgetattack
7215	6149	7836	522	-
7215	6149	7836	522	-
7215	6149	7836	522	-
7215	6149	7836	523	-
7215	6149	7836	523	-
7215	6149	7836	523	-
7215	6149	7836	523	-
7215	6149	7836	523	-
18246	15394	7836	525	-
23317	12431	7836	527	snmpgetattack
5376	4800	7836	527	snmpgetattack
23317	12431	7836	532	snmpgetattack
5376	4800	7836	532	snmpgetattack
3076	8452	7836	537	portsweep
19603	8452	7836	537	warez
12985	19531	7836	538	warez
12985	19531	7836	538	warez
23317	12431	7836	542	snmpgetattack
5376	4800	7836	542	snmpgetattack
3076	3461	7836	545	-
3957	15394	7836	545	-
5376	4800	21236	547	snmpgetattack
23317	12431	21236	547	snmpgetattack
10571	3297	21236	549	-
10571	3297	21236	552	-
5376	4800	21236	552	snmpgetattack
23317	12431	21236	552	snmpgetattack
20367	19350	21236	552	-
20367	19350	21236	553	-
12332	2843	21236	553	-
12332	16593	21236	554	-
3957	15394	21236	556	-
12332	16531	21236	556	-
23317	12431	21236	557	snmpgetattack
5376	4800	21236	557	snmpgetattack
20367	19350	21236	559	-
12332	16332	21236	559	-
20367	19350	21236	561	-
4800	21287	21236	562	-
5376	4800	21236	562	snmpgetattack
23317	12431	21236	562	snmpgetattack
4800	21287	21236	562	-
4800	21287	21236	562	-
4800	21287	21236	562	-
4800	21287	21236	563	-
4800	21287	21236	563	-
4800	21287	21236	563	-
4800	21287	21236	563	-
4800	21287	21236	563	-
4800	21287	21236	563	-
5376	4800	21236	567	snmpgetattack
23317	12431	21236	567	snmpgetattack
14547	15894	21236	569	-
14547	11900	21236	570	-
14547	15667	21236	571	-
23317	12431	21236	572	snmpgetattack
5376	4800	21236	572	snmpgetattack
4800	21287	21236	575	-
4800	21287	21236	575	-
4800	21287	21236	575	-
4800	21287	21236	575	-
4800	21287	21236	575	-
4800	21287	21236	575	-
4800	21287	21236	575	-
5376	4800	21236	577	snmpgetattack
23317	12431	21236	577	snmpgetattack
3076	8452	21236	578	portsweep
5376	4800	21236	582	snmpgetattack
23317	12431	21236	582	snmpgetattack
3957	587	21236	585	-
20367	19350	21236	585	-
20367	19350	21236	585	-
3957	15394	21236	585	-
4800	21287	21236	585	-
4800	21287	21236	585	-
4800	21287	21236	585	-
4800	21287	21236	585	-
4800	21287	21236	585	-
4800	21287	21236	586	-
4800	21287	21236	586	-
4800	21287	21236	586	-
4800	21287	21236	586	-
4800	21287	21236	586	-
4800	21287	21236	586	-
4800	21287	21236	586	-
4800	21287	21236	586	-
4800	21287	21236	586	-
4800	21287	21236	586	-
4800	21287	21236	586	-
4800	21287	21236	586	-
4800	21287	21236	586	-
4800	21287	21236	586	-
4800	21287	21236	586	-
23317	12431	21236	587	snmpgetattack
5376	4800	21236	587	snmpgetattack
11001	11900	21236	587	-
11001	21708	21236	588	-
20367	19350	21236	591	-
14547	13122	21236	591	-
12332	3297	21236	591	-
14547	19834	21236	591	-
882	3297	21236	591	-
5376	4800	21236	592	snmpgetattack
20367	19350	21236	592	-
23317	12431	21236	592	snmpgetattack
7215	18719	21236	593	-
7215	18719	21236	593	-
7215	18719	21236	593	-
7215	18719	21236	593	-
15737	6149	21236	593	-
7215	18719	21236	593	-
7215	18719	21236	593	-
7215	18719	21236	593	-
7215	18719	21236	593	-
7215	4559	21236	594	-
7215	18719	21236	594	-
7215	18719	21236	594	-
7215	18719	21236	594	-
7215	18719	21236	594	-
15737	6149	21236	595	-
15737	6149	21236	595	-
15737	6149	21236	595	-
15737	6149	21236	595	-
15737	6149	21236	595	-
15737	6149	21236	595	-
15737	6149	21236	595	-
15737	6149	21236	595	-
15737	6149	21236	595	-
23317	12431	21236	597	snmpgetattack
5376	4800	21236	597	snmpgetattack
5376	4800	21236	602	snmpgetattack
23317	12431	21236	602	snmpgetattack
20367	19350	21236	602	-
10571	3297	21236	602	-
5376	4800	44393	607	snmpgetattack
23317	12431	44393	607	snmpgetattack
23317	12431	44393	612	snmpgetattack
5376	4800	44393	612	snmpgetattack
16409	17005	44393	615	-
20367	19350	44393	615	-
20367	19350	44393	615	-
3957	15394	44393	615	-
3076	8452	44393	616	portsweep
16409	13936	44393	617	-
5376	4800	44393	617	snmpgetattack
23317	12431	44393	617	snmpgetattack
16409	13936	44393	617	-
20367	19350	44393	617	-
16409	13936	44393	617	-
16409	13936	44393	617	-
882	16593	44393	617	-
11001	19834	44393	617	-
7215	18719	44393	621	-
7215	18719	44393	621	-
7215	18719	44393	621	-
7215	18719	44393	621	-
5376	4800	44393	622	snmpgetattack
23317	12431	44393	622	snmpgetattack
3957	19531	44393	623	-
17624	16332	44393	623	-
20367	19350	44393	624	-
19531	1633	44393	625	-
5376	4800	44393	627	snmpgetattack
23317	12431	44393	627	snmpgetattack
7215	4061	44393	632	-
5376	4800	44393	632	snmpgetattack
23317	12431	44393	632	snmpgetattack
7215	4061	44393	632	-
7215	4061	44393	632	-
7215	4061	44393	632	-
7215	15581	44393	632	-
7215	4061	44393	632	-
7215	4061	44393	632	-
7215	4061	44393	632	-
7215	4061	44393	632	-
7215	4061	44393	632	-
7215	4061	44393	632	-
7215	4061	44393	632	-
7215	4061	44393	632	-
7215	4061	44393	632	-
7215	4061	44393	632	-
7215	4061	44393	632	-
7215	4061	44393	633	-
7215	4061	44393	633	-
7215	4061	44393	633	-
7215	4061	44393	633	-
7215	4061	44393	633	-
7215	4061	44393	633	-
7215	4061	44393	633	-
7215	4061	44393	633	-
8294	11780	44393	635	nmap
5376	4800	44393	637	snmpgetattack
23317	12431	44393	637	snmpgetattack
4800	21287	44393	639	-
4800	21287	44393	639	-
4800	21287	44393	639	-
4800	21287	44393	639	-
4800	21287	44393	639	-
4800	21287	44393	639	-
4800	21287	44393	639	-
4800	21287	44393	639	-
4800	21287	44393	639	-
4800	21287	44393	639	-
4800	21287	44393	639	-
4800	21287	44393	639	-
4800	21287	44393	639	-
4800	21287	44393	640	-
4800	21287	44393	640	-
4800	21287	44393	640	-
4800	21287	44393	640	-
4800	21287	44393	640	-
4800	21287	44393	641	-
4800	21287	44393	641	-
4800	21287	44393	641	-
5376	4800	44393	643	snmpgetattack
23317	12431	44393	643	snmpgetattack
7215	15690	44393	645	-
7215	15690	44393	645	-
7215	15690	44393	645	-
7215	15690	44393	645	-
7215	15690	44393	645	-
7215	15690	44393	645	-
7215	15690	44393	645	-
7215	15690	44393	645	-
7215	15690	44393	645	-
7215	15690	44393	645	-
7215	15690	44393	645	-
7215	15690	44393	645	-
7215	15690	44393	645	-
7215	15690	44393	645	-
7215	15690	44393	645	-
3957	15394	44393	645	-
7215	15690	44393	645	-
7215	15690	44393	645	-
7215	15690	44393	645	-
7215	15690	44393	645	-
7215	15690	44393	645	-
7215	15690	44393	645	-
7215	15690	44393	645	-
7215	15690	44393	645	-
7215	15690	44393	645	-
7215	15690	44393	645	-
7215	15690	44393	646	-
7215	15690	44393	646	-
7215	15690	44393	646	-
7215	15690	44393	646	-
7215	15690	44393	646	-
7215	15690	44393	646	-
7215	15690	44393	646	-
7215	15690	44393	646	-
7215	15690	44393	646	-
7215	15690	44393	646	-
7215	15690	44393	646	-
5376	4800	44393	648	snmpgetattack
23317	12431	44393	648	snmpgetattack
5376	4800	44393	653	snmpgetattack
23317	12431	44393	653	snmpgetattack
3076	8452	44393	654	portsweep
23317	12431	44393	658	snmpgetattack
15737	6149	44393	658	-
15737	6149	44393	658	-
5376	4800	44393	658	snmpgetattack
15737	6149	44393	658	-
15737	6149	44393	659	-
15737	6149	44393	659	-
15737	6149	44393	659	-
15737	6149	44393	659	-
15737	6149	44393	659	-
15737	6149	44393	659	-
15737	6149	44393	659	-
15737	6149	44393	659	-
15737	6149	44393	659	-
15737	6149	44393	659	-
6775	16531	44393	659	-
12985	19834	44393	661	-
882	8452	44393	661	-
5376	4800	44393	663	snmpgetattack
23317	12431	44393	663	snmpgetattack
6775	16531	44393	663	-
3957	19834	44393	664	-
882	1837	44393	664	-
12985	19834	44393	664	-
882	8452	44393	664	-
5376	4800	29488	668	snmpgetattack
882	23185	29488	668	-
23317	12431	29488	668	snmpgetattack
4800	17355	29488	669	-
4800	5145	29488	669	-
4800	17355	29488	669	-
4800	17355	29488	669	-
8048	14437	29488	669	-
3957	15394	29488	671	-
8048	2843	29488	671	-
882	13539	29488	672	-
5376	4800	29488	673	snmpgetattack
23317	12431	29488	673	snmpgetattack
3957	15394	29488	673	-
3957	15394	29488	673	-
882	7247	29488	676	-
5376	4800	29488	678	snmpgetattack
23317	12431	29488	678	snmpgetattack
882	6947	29488	680	-
19839	5938	29488	680	-
20312	3611	29488	680	-
20312	2843	29488	680	-
3957	15394	29488	681	-
23317	12431	29488	683	snmpgetattack
5376	4800	29488	683	snmpgetattack
882	22928	29488	684	-
3957	5938	29488	687	-
5376	4800	29488	688	snmpgetattack
23317	12431	29488	688	snmpgetattack
882	9950	29488	688	-
882	22878	29488	692	-
3076	8452	29488	692	portsweep
23317	12431	29488	693	snmpgetattack
5376	4800	29488	693	snmpgetattack
882	14940	29488	696	-
23317	12431	29488	698	snmpgetattack
5376	4800	29488	698	snmpgetattack
882	21061	29488	700	-
15737	6149	29488	700	-
23317	12431	29488	703	snmpgetattack
5376	4800	29488	703	snmpgetattack
882	20119	29488	704	-
5376	4800	29488	708	snmpgetattack
23317	12431	29488	708	snmpgetattack
882	7765	29488	708	-
882	16044	29488	712	-
23317	12431	29488	713	snmpgetattack
5376	4800	29488	713	snmpgetattack
7215	18519	29488	718	-
7215	18519	29488	718	-
7215	18519	29488	718	-
7215	18519	29488	718	-
7215	18519	29488	718	-
7215	18519	29488	718	-
7215	18519	29488	718	-
7215	18519	29488	718	-
7215	18519	29488	718	-
7215	18519	29488	718	-
7215	18519	29488	718	-
7215	18519	29488	718	-
7215	18519	29488	718	-
7215	18519	29488	718	-
7215	18519	29488	718	-
7215	18519	29488	718	-
5376	4800	29488	718	snmpgetattack
23317	12431	29488	718	snmpgetattack
7215	18519	29488	718	-
7215	18519	29488	718	-
7215	18519	29488	719	-
7215	18519	29488	719	-
7215	18519	29488	719	-
7215	18519	29488	719	-
7215	18519	29488	719	-
7215	18519	29488	719	-
7215	18519	29488	719	-
7215	18519	29488	719	-
7215	18519	29488	719	-
7215	18519	29488	719	-
7215	18519	29488	719	-
7215	18519	29488	719	-
7215	18519	29488	719	-
7215	18519	29488	719	-
7215	18519	29488	719	-
23317	12431	29488	723	snmpgetattack
5376	4800	29488	723	snmpgetattack
16409	9118	29488	724	-
16409	9118	29488	724	-
16409	9118	29488	724	-
16409	9118	29488	724	-
16409	9118	29488	724	-
16409	9118	29488	724	-
16409	9118	29488	725	-
16409	9118	29488	725	-
16409	9118	29488	725	-
16409	9118	29488	725	-
16409	9118	29488	725	-
16409	9118	29488	725	-
16409	9118	29488	725	-
16409	9118	29488	725	-
16409	9118	29488	725	-
16409	9118	29488	725	-
16409	9118	29488	725	-
23317	12431	44316	728	snmpgetattack
5376	4800	44316	728	snmpgetattack
15737	6149	44316	731	-
3076	8452	44316	731	portsweep
7179	3297	44316	733	-
5376	4800	44316	733	snmpgetattack
23317	12431	44316	733	snmpgetattack
3957	15394	44316	736	-
7179	3297	44316	736	-
3957	15394	44316	736	-
5376	4800	44316	738	snmpgetattack
23317	12431	44316	738	snmpgetattack
5376	4800	44316	743	snmpgetattack
23317	12431	44316	743	snmpgetattack
20312	3611	44316	744	-
19839	5938	44316	744	-
20367	19350	44316	744	-
20312	16531	44316	744	-
7215	18519	44316	747	-
7215	18519	44316	747	-
5376	4800	44316	748	snmpgetattack
23317	12431	44316	748	snmpgetattack
15737	6149	44316	753	-
15737	6149	44316	753	-
5376	4800	44316	753	snmpgetattack
23317	12431	44316	753	snmpgetattack
15737	6149	44316	755	-
15737	6149	44316	755	-
15737	6149	44316	755	-
15737	6149	44316	755	-
15737	6149	44316	755	-
15737	6149	44316	755	-
15737	6149	44316	755	-
15737	6149	44316	755	-
15737	6149	44316	755	-
15737	6149	44316	755	-
18246	626	44316	757	-
18246	3157	44316	757	-
5376	4800	44316	758	snmpgetattack
23317	12431	44316	758	snmpgetattack
23317	12431	44316	763	snmpgetattack
5376	4800	44316	763	snmpgetattack
5376	4800	44316	769	snmpgetattack
23317	12431	44316	769	snmpgetattack
3076	8452	44316	770	portsweep
5376	4800	44316	774	snmpgetattack
23317	12431	44316	774	snmpgetattack
5376	4800	44316	779	snmpgetattack
23317	12431	44316	779	snmpgetattack
23317	12431	44316	784	snmpgetattack
5376	4800	44316	784	snmpgetattack
8294	11780	12141	786	nmap
8294	11780	12141	786	nmap
5376	4800	12141	789	snmpgetattack
23317	12431	12141	789	snmpgetattack
5376	4800	12141	794	snmpgetattack
23317	12431	12141	794	snmpgetattack
5376	4800	12141	799	snmpgetattack
23317	12431	12141	799	snmpgetattack
5376	4800	12141	804	snmpgetattack
23317	12431	12141	804	snmpgetattack
5376	4800	12141	809	snmpgetattack
23317	12431	12141	809	snmpgetattack
18246	14751	12141	810	-
18246	14751	12141	810	-
23317	12431	12141	814	snmpgetattack
5376	4800	12141	814	snmpgetattack
7215	2528	12141	815	-
7215	2528	12141	815	-
7215	2528	12141	815	-
7215	2528	12141	815	-
7215	2528	12141	815	-
7215	2528	12141	815	-
7215	2528	12141	815	-
7215	2528	12141	815	-
7215	2528	12141	815	-
7215	2528	12141	815	-
7215	2528	12141	815	-
7215	2528	12141	815	-
7215	2528	12141	815	-
7215	2528	12141	815	-
7215	2528	12141	815	-
7215	2528	12141	815	-
7215	2528	12141	815	-
7215	2528	12141	815	-
7215	2528	12141	815	-
7215	2528	12141	815	-
7215	2528	12141	815	-
7215	2528	12141	815	-
7215	2528	12141	815	-
7215	2528	12141	815	-
7215	2528	12141	816	-
7215	2528	12141	816	-
7215	2528	12141	816	-
7215	2528	12141	816	-
7215	2528	12141	816	-
18246	14267	12141	819	-
18246	10211	12141	819	-
18246	10211	12141	819	-
18246	14267	12141	819	-
18246	14267	12141	819	-
18246	10211	12141	819	-
18246	10211	12141	819	-
3076	8452	12141	819	portsweep
3957	15394	12141	821	-
6775	16531	12141	821	-
13993	13122	12141	823	-
5376	4800	12141	824	snmpgetattack
23317	12431	12141	824	snmpgetattack
13993	13122	12141	825	-
7215	1509	12141	825	-
7179	3611	12141	827	-
7179	3611	12141	827	-
13993	13122	12141	827	-
23317	12431	12141	829	snmpgetattack
5376	4800	12141	829	snmpgetattack
13993	13122	12141	831	-
5376	4800	12141	834	snmpgetattack
23317	12431	12141	834	snmpgetattack
5376	4800	12141	839	snmpgetattack
23317	12431	12141	839	snmpgetattack
23317	12431	12141	844	snmpgetattack
5376	4800	12141	844	snmpgetattack
16671	22986	11671	846	-
5376	4800	11671	849	snmpgetattack
23317	12431	11671	849	snmpgetattack
5376	4800	11671	854	snmpgetattack
23317	12431	11671	854	snmpgetattack
18246	14751	11671	854	-
18246	17923	11671	854	-
18246	17923	11671	855	-
18246	17923	11671	855	-
18246	17923	11671	855	-
18246	8524	11671	855	-
16409	9118	11671	855	-
18246	17923	11671	855	-
16409	9118	11671	855	-
18246	17923	11671	855	-
16409	9118	11671	855	-
16409	9118	11671	855	-
16409	9118	11671	855	-
16409	9118	11671	855	-
20367	19350	11671	855	-
16409	9118	11671	855	-
16409	9118	11671	855	-
16409	9118	11671	855	-
16409	9118	11671	855	-
16409	9118	11671	855	-
16409	9118	11671	855	-
16409	9118	11671	855	-
16409	9118	11671	855	-
16409	9118	11671	855	-
16409	9118	11671	856	-
16409	9118	11671	856	-
7215	15394	11671	856	-
5376	4800	11671	859	snmpgetattack
23317	12431	11671	859	snmpgetattack
3076	8452	11671	860	portsweep
3297	15894	11671	860	-
3297	15667	11671	861	-
23317	12431	11671	865	snmpgetattack
5376	4800	11671	865	snmpgetattack
17624	23167	11671	866	-
17624	23167	11671	869	-
20367	19350	11671	869	-
5376	4800	11671	870	snmpgetattack
23317	12431	11671	870	snmpgetattack
3297	1001	11671	874	-
23317	12431	11671	875	snmpgetattack
5376	4800	11671	875	snmpgetattack
16671	15894	11671	876	-
13993	15667	11671	877	-
23317	12431	11671	880	snmpgetattack
17624	16531	11671	880	-
5376	4800	11671	880	snmpgetattack
17624	16531	11671	882	-
17624	16531	11671	884	-
5376	4800	11671	885	snmpgetattack
23317	12431	11671	885	snmpgetattack
3957	15394	11671	885	-
3957	15394	11671	885	-
20367	19350	11671	885	-
17624	16531	11671	888	-
19531	21708	11671	888	-
5376	4800	11671	890	snmpgetattack
23317	12431	11671	890	snmpgetattack
23317	12431	11671	895	snmpgetattack
5376	4800	11671	895	snmpgetattack
18246	3901	11671	898	-
5376	4800	11671	900	snmpgetattack
23317	12431	11671	900	snmpgetattack
18246	2723	11671	901	-
18246	12981	11671	904	-
18246	12981	11671	904	-
18246	2723	11671	904	-
18246	2723	11671	904	-
18246	2723	11671	904	-
18246	2723	11671	904	-
18246	2723	11671	904	-
18246	2723	11671	904	-
18246	2723	11671	904	-
18246	2723	11671	904	-
18246	2723	11671	904	-
18246	2723	11671	904	-
18246	2723	11671	904	-
18246	2723	11671	904	-
18246	2723	11671	904	-
18246	2723	11671	904	-
18246	2723	11671	904	-
18246	2723	11671	904	-
18246	2723	11671	904	-
18246	2723	11671	904	-
18246	2723	11671	904	-
18246	2723	11671	904	-
23317	12431	11671	905	snmpgetattack
5376	4800	11671	905	snmpgetattack
18246	2723	26458	907	-
18246	2723	26458	907	-
18246	2723	26458	907	-
18246	2723	26458	907	-
18246	2723	26458	907	-
5376	4800	26458	910	snmpgetattack
23317	12431	26458	910	snmpgetattack
5376	4800	26458	915	snmpgetattack
3957	15394	26458	915	-
23317	12431	26458	915	snmpgetattack
23317	12431	26458	920	snmpgetattack
5376	4800	26458	920	snmpgetattack
5376	4800	26458	925	snmpgetattack
23317	12431	26458	925	snmpgetattack
17624	3297	26458	925	-
20367	19350	26458	925	-
4800	17355	26458	925	-
4800	17355	26458	925	-
4800	5145	26458	925	-
3076	8452	26458	925	portsweep
5376	4800	26458	930	snmpgetattack
23317	12431	26458	930	snmpgetattack
18246	17923	26458	934	-
18246	17923	26458	934	-
18246	17923	26458	934	-
18246	17923	26458	934	-
18246	17923	26458	934	-
23317	12431	26458	935	snmpgetattack
18246	17923	26458	935	-
18246	17923	26458	935	-
5376	4800	26458	935	snmpgetattack
8294	11780	26458	937	nmap
5376	4800	26458	940	snmpgetattack
23317	12431	26458	940	snmpgetattack
5376	4800	26458	945	snmpgetattack
23317	12431	26458	945	snmpgetattack
5376	4800	26458	950	snmpgetattack
23317	12431	26458	950	snmpgetattack
5376	4800	26458	956	snmpgetattack
23317	12431	26458	956	snmpgetattack
18246	17923	26458	957	-
23317	12431	26458	961	snmpgetattack
5376	4800	26458	961	snmpgetattack
4800	10645	26458	962	-
7215	21720	26458	962	-
4800	10645	26458	962	-
4800	10645	26458	962	-
3076	8452	26458	963	portsweep
5376	4800	14087	966	snmpgetattack
23317	12431	14087	966	snmpgetattack
4800	10645	14087	967	-
18246	17005	14087	971	-
5376	4800	14087	971	snmpgetattack
23317	12431	14087	971	snmpgetattack
18246	11638	14087	971	-
18246	17005	14087	971	-
18246	17005	14087	971	-
18246	17005	14087	971	-
18246	17005	14087	971	-
18246	17005	14087	971	-
18246	17005	14087	971	-
18246	17005	14087	971	-
18246	17005	14087	971	-
18246	17005	14087	971	-
18246	17005	14087	971	-
18246	17005	14087	971	-
18246	17005	14087	971	-
18246	17005	14087	971	-
7215	18332	14087	972	-
20367	19350	14087	972	-
7179	23167	14087	972	-
23317	12431	14087	976	snmpgetattack
5376	4800	14087	976	snmpgetattack
18246	2723	14087	981	-
5376	4800	14087	981	snmpgetattack
23317	12431	14087	981	snmpgetattack
18246	2723	14087	981	-
18246	2723	14087	981	-
18246	2723	14087	981	-
10571	3611	14087	982	-
10571	3611	14087	982	-
16409	9118	14087	984	-
5376	4800	14087	986	snmpgetattack
23317	12431	14087	986	snmpgetattack
23317	12431	14087	991	snmpgetattack
5376	4800	14087	991	snmpgetattack
23317	12431	14087	996	snmpgetattack
5376	4800	14087	996	snmpgetattack
7215	772	14087	999	-
3297	5938	14087	1000	-
5376	4800	14087	1001	snmpgetattack
23317	12431	14087	1001	snmpgetattack
7215	772	14087	1002	-
7215	772	14087	1003	-
7215	772	14087	1003	-
7215	772	14087	1003	-
7215	772	14087	1003	-
7215	772	14087	1003	-
3076	8452	14087	1005	portsweep
3957	15394	14087	1005	-
20367	19350	14087	1005	-
12332	3461	14087	1005	-
5376	4800	14087	1006	snmpgetattack
23317	12431	14087	1006	snmpgetattack
3957	15394	14087	1008	-
23317	12431	14087	1011	snmpgetattack
5376	4800	14087	1011	snmpgetattack
18246	3209	14087	1016	-
5376	4800	14087	1016	snmpgetattack
23317	12431	14087	1016	snmpgetattack
18246	3209	14087	1016	-
18246	3209	14087	1016	-
18246	3209	14087	1016	-
18246	3209	14087	1016	-
18246	3209	14087	1016	-
18246	3209	14087	1016	-
18246	3209	14087	1016	-
18246	3209	14087	1016	-
18246	3209	14087	1016	-
18246	3209	14087	1016	-
4800	10645	14087	1018	-
4800	10645	14087	1018	-
4800	10645	14087	1018	-
7547	8452	14087	1019	warez
16671	5938	14087	1020	-
5376	4800	14087	1021	snmpgetattack
23317	12431	14087	1021	snmpgetattack
12985	17729	14087	1021	warez
16671	13122	14087	1021	-
12985	17729	14087	1021	warez
16671	19834	14087	1023	-
882	3461	14087	1023	-
3957	15394	14087	1024	-
16671	11900	14087	1024	-
16671	21708	14087	1024	-
5376	4800	2279	1026	snmpgetattack
23317	12431	2279	1026	snmpgetattack
5376	4800	2279	1031	snmpgetattack
23317	12431	2279	1031	snmpgetattack
3957	15394	2279	1034	-
8048	23167	2279	1034	-
20367	19350	2279	1035	-
3957	15394	2279	1035	-
20367	19350	2279	1035	-
3957	15394	2279	1035	-
8048	4981	2279	1035	-
5376	4800	2279	1036	snmpgetattack
23317	12431	2279	1036	snmpgetattack
20367	19350	2279	1036	-
16409	3548	2279	1036	-
16409	3548	2279	1037	-
16409	3548	2279	1037	-
16409	3548	2279	1037	-
16409	3548	2279	1037	-
16409	3548	2279	1037	-
16409	3548	2279	1037	-
16409	3548	2279	1037	-
16409	3548	2279	1037	-
16409	3548	2279	1037	-
16409	3548	2279	1037	-
5376	4800	2279	1041	snmpgetattack
23317	12431	2279	1041	snmpgetattack
4800	10645	2279	1042	-
4800	10645	2279	1042	-
4800	10645	2279	1042	-
4800	10645	2279	1042	-
7215	1544	2279	1043	-
7215	1544	2279	1043	-
7215	1544	2279	1043	-
7215	1544	2279	1043	-
7215	1544	2279	1043	-
7215	1544	2279	1043	-
7215	1544	2279	1043	-
7215	1544	2279	1043	-
7215	1544	2279	1043	-
7215	1544	2279	1043	-
7215	1544	2279	1043	-
7215	1544	2279	1043	-
7215	1544	2279	1043	-
7215	1544	2279	1043	-
7215	1544	2279	1043	-
7215	1544	2279	1043	-
7215	1544	2279	1043	-
7215	1544	2279	1043	-
7215	1544	2279	1043	-
7215	1544	2279	1043	-
3076	8452	2279	1045	portsweep
3957	15394	2279	1045	-
3957	15394	2279	1045	-
8048	16531	2279	1045	-
5376	4800	2279	1046	snmpgetattack
23317	12431	2279	1046	snmpgetattack
7215	1544	2279	1047	-
7215	1544	2279	1047	-
7215	1544	2279	1047	-
7215	1544	2279	1047	-
7215	1544	2279	1047	-
10571	3611	2279	1047	-
10571	3611	2279	1047	-
10571	3611	2279	1047	-
10571	3611	2279	1047	-
10571	3611	2279	1047	-
10571	3611	2279	1047	-
10571	3611	2279	1047	-
5376	4800	2279	1051	snmpgetattack
23317	12431	2279	1051	snmpgetattack
18246	21931	2279	1053	-
18246	21931	2279	1053	-
18246	21931	2279	1053	-
18246	21931	2279	1053	-
13993	11900	2279	1053	-
13993	1633	2279	1053	-
18246	21931	2279	1053	-
13993	21708	2279	1054	-
23317	12431	2279	1056	snmpgetattack
5376	4800	2279	1056	snmpgetattack
23317	12431	2279	1061	snmpgetattack
5376	4800	2279	1061	snmpgetattack
3957	15394	2279	1062	-
6775	3461	2279	1062	-
3957	15394	2279	1062	-
7179	3611	2279	1063	-
7179	3611	2279	1063	-
7179	3611	2279	1063	-
7179	3611	2279	1063	-
7179	3611	2279	1063	-
7179	3611	2279	1063	-
7179	3611	2279	1063	-
7179	3611	2279	1063	-
20367	19350	2279	1065	-
20367	19350	2279	1065	-
3957	15394	2279	1066	-
3957	15394	2279	1066	-
23317	12431	2279	1067	snmpgetattack
5376	4800	2279	1067	snmpgetattack
23317	12431	2279	1072	snmpgetattack
5376	4800	2279	1072	snmpgetattack
23317	882	2279	1074	-
15394	4800	2279	1074	-
5376	4800	2279	1077	snmpgetattack
23317	12431	2279	1077	snmpgetattack
5376	4800	2279	1082	snmpgetattack
23317	12431	2279	1082	snmpgetattack
12332	3461	2279	1084	-
3076	8452	2279	1084	portsweep
20367	19350	2279	1084	-
5376	4800	2676	1087	snmpgetattack
23317	12431	2676	1087	snmpgetattack
8294	11780	2676	1088	nmap
8294	11780	2676	1088	nmap
16409	9118	2676	1091	-
5376	4800	2676	1092	snmpgetattack
23317	12431	2676	1092	snmpgetattack
5376	4800	2676	1097	snmpgetattack
23317	12431	2676	1097	snmpgetattack
23317	12431	2676	1102	snmpgetattack
18246	3209	2676	1102	-
5376	4800	2676	1102	snmpgetattack
5376	4800	2676	1107	snmpgetattack
23317	12431	2676	1107	snmpgetattack
23317	12431	2676	1112	snmpgetattack
5376	4800	2676	1112	snmpgetattack
5376	4800	2676	1117	snmpgetattack
23317	12431	2676	1117	snmpgetattack
10571	3611	2676	1117	-
10571	3611	2676	1117	-
23317	12431	2676	1122	snmpgetattack
5376	4800	2676	1122	snmpgetattack
3076	8452	2676	1124	portsweep
5376	4800	2676	1127	snmpgetattack
23317	12431	2676	1127	snmpgetattack
5376	4800	2676	1132	snmpgetattack
23317	12431	2676	1132	snmpgetattack
16409	17005	2676	1137	-
23317	12431	2676	1137	snmpgetattack
5376	4800	2676	1137	snmpgetattack
23317	12431	2676	1142	snmpgetattack
5376	4800	2676	1142	snmpgetattack
23317	12431	15524	1147	snmpgetattack
5376	4800	15524	1147	snmpgetattack
5376	4800	15524	1152	snmpgetattack
23317	12431	15524	1152	snmpgetattack
10571	3461	15524	1155	-
5376	4800	15524	1157	snmpgetattack
23317	12431	15524	1157	snmpgetattack
10571	2843	15524	1159	-
20367	19350	15524	1159	-
10571	3461	15524	1159	-
3957	15394	15524	1161	-
23317	12431	15524	1163	snmpgetattack
5376	4800	15524	1163	snmpgetattack
3076	8452	15524	1164	portsweep
5376	4800	15524	1168	snmpgetattack
23317	12431	15524	1168	snmpgetattack
5376	4800	15524	1173	snmpgetattack
23317	12431	15524	1173	snmpgetattack
23317	12431	15524	1178	snmpgetattack
5376	4800	15524	1178	snmpgetattack
23317	12431	15524	1183	snmpgetattack
5376	4800	15524	1183	snmpgetattack
18246	10211	15524	1184	-
18246	14267	15524	1184	-
18246	10211	15524	1184	-
18246	14267	15524	1184	-
18246	10211	15524	1184	-
18246	14267	15524	1184	-
18246	10211	15524	1184	-
23317	12431	15524	1188	snmpgetattack
5376	4800	15524	1188	snmpgetattack
20367	19350	15524	1192	-
17624	9554	15524	1192	-
18246	14267	15524	1193	-
18246	14267	15524	1193	-
18246	14267	15524	1193	-
18246	14267	15524	1193	-
18246	14267	15524	1193	-
18246	14267	15524	1193	-
18246	14267	15524	1193	-
18246	14267	15524	1193	-
18246	3901	15524	1193	-
18246	14267	15524	1193	-
23317	12431	15524	1193	snmpgetattack
5376	4800	15524	1193	snmpgetattack
12332	16593	15524	1197	-
23317	12431	15524	1198	snmpgetattack
5376	4800	15524	1198	snmpgetattack
3957	15394	15524	1201	-
12332	16593	15524	1201	-
3076	8452	15524	1202	portsweep
23317	12431	15524	1203	snmpgetattack
5376	4800	15524	1203	snmpgetattack
23317	12431	24929	1208	snmpgetattack
5376	4800	24929	1208	snmpgetattack
7215	16800	24929	1209	-
7215	16800	24929	1210	-
7215	16800	24929	1210	-
7215	16800	24929	1210	-
16409	13479	24929	1211	-
20367	19350	24929	1211	-
16409	13479	24929	1211	-
6775	16531	24929	1211	-
13993	13122	24929	1212	-
23317	12431	24929	1213	snmpgetattack
5376	4800	24929	1213	snmpgetattack
13993	13122	24929	1215	-
13993	13122	24929	1217	-
23317	12431	24929	1218	snmpgetattack
5376	4800	24929	1218	snmpgetattack
20367	19350	24929	1220	-
8048	3297	24929	1220	-
13993	13122	24929	1221	-
5376	4800	24929	1223	snmpgetattack
23317	12431	24929	1223	snmpgetattack
16409	9118	24929	1225	-
16409	9118	24929	1225	-
16409	9118	24929	1225	-
16409	9118	24929	1225	-
16409	9118	24929	1225	-
16409	9118	24929	1225	-
16409	9118	24929	1225	-
16409	9118	24929	1225	-
16409	9118	24929	1225	-
16409	9118	24929	1225	-
16409	9118	24929	1225	-
16409	9118	24929	1225	-
16409	9118	24929	1225	-
16409	9118	24929	1225	-
16409	9118	24929	1225	-
16409	9118	24929	1225	-
16409	9118	24929	1225	-
23317	12431	24929	1228	snmpgetattack
20367	19350	24929	1228	-
20312	3461	24929	1228	-
5376	4800	24929	1228	snmpgetattack
5376	4800	24929	1233	snmpgetattack
23317	12431	24929	1233	snmpgetattack
5376	4800	24929	1238	snmpgetattack
23317	12431	24929	1238	snmpgetattack
8294	11780	24929	1239	nmap
3076	8452	24929	1241	portsweep
23317	12431	24929	1243	snmpgetattack
5376	4800	24929	1243	snmpgetattack
23317	12431	24929	1248	snmpgetattack
5376	4800	24929	1248	snmpgetattack
5376	4800	24929	1253	snmpgetattack
23317	12431	24929	1253	snmpgetattack
16671	21708	24929	1256	-
5376	4800	24929	1258	snmpgetattack
23317	12431	24929	1258	snmpgetattack
17624	3297	24929	1261	-
3957	15394	24929	1261	-
5376	4800	24929	1263	snmpgetattack
23317	12431	24929	1263	snmpgetattack
6775	16531	24929	1264	-
5376	4800	10498	1268	snmpgetattack
23317	12431	10498	1268	snmpgetattack
20367	19350	10498	1268	-
6775	16531	10498	1268	-
5376	4800	10498	1273	snmpgetattack
23317	12431	10498	1273	snmpgetattack
20367	19350	10498	1275	-
5376	4800	10498	1278	snmpgetattack
23317	12431	10498	1278	snmpgetattack
5376	4800	10498	1283	snmpgetattack
23317	12431	10498	1283	snmpgetattack
882	16332	10498	1283	-
3957	15394	10498	1283	-
10429	19834	10498	1283	-
5376	4800	10498	1289	snmpgetattack
23317	12431	10498	1289	snmpgetattack
16409	11850	10498	1290	-
5376	4800	10498	1294	snmpgetattack
23317	12431	10498	1294	snmpgetattack
16409	9118	10498	1298	-
5376	4800	10498	1299	snmpgetattack
23317	12431	10498	1299	snmpgetattack
3076	8452	10498	1302	portsweep
5376	4800	10498	1304	snmpgetattack
23317	12431	10498	1304	snmpgetattack
5376	4800	10498	1309	snmpgetattack
23317	12431	10498	1309	snmpgetattack
7179	3611	10498	1313	-
7179	3611	10498	1313	-
7179	3611	10498	1313	-
7179	3611	10498	1313	-
7179	3611	10498	1313	-
7179	3611	10498	1313	-
7179	19350	10498	1313	-
7179	3611	10498	1313	-
7179	3611	10498	1313	-
7179	3611	10498	1313	-
5376	4800	10498	1314	snmpgetattack
23317	12431	10498	1314	snmpgetattack
10571	3611	10498	1315	-
10571	19350	10498	1316	-
10571	3611	10498	1316	-
5376	4800	10498	1319	snmpgetattack
23317	12431	10498	1319	snmpgetattack
18246	3901	10498	1320	-
18246	3795	10498	1323	-
5376	4800	10498	1324	snmpgetattack
23317	12431	10498	1324	snmpgetattack
18246	3795	10498	1324	-
18246	10211	10498	1324	-
18246	3795	10498	1324	-
18246	3795	10498	1324	-
18246	3795	10498	1324	-
18246	3795	10498	1324	-
5376	4800	9289	1329	snmpgetattack
23317	12431	9289	1329	snmpgetattack
5376	4800	9289	1334	snmpgetattack
23317	12431	9289	1334	snmpgetattack
19350	3548	9289	1338	-
19350	3548	9289	1338	-
19350	3548	9289	1338	-
19350	3548	9289	1338	-
19350	3548	9289	1338	-
19350	3548	9289	1338	-
19350	3548	9289	1338	-
19350	3548	9289	1338	-
19350	3548	9289	1338	-
19350	3548	9289	1338	-
19350	3548	9289	1338	-
5376	4800	9289	1339	snmpgetattack
23317	12431	9289	1339	snmpgetattack
5376	4800	9289	1344	snmpgetattack
23317	12431	9289	1344	snmpgetattack
5376	4800	9289	1349	snmpgetattack
23317	12431	9289	1349	snmpgetattack
3076	8452	9289	1354	portsweep
7215	1633	9289	1355	-
19350	3548	9289	1358	-
19350	15795	9289	1358	-
19350	15795	9289	1358	-
19350	15795	9289	1358	-
19350	15795	9289	1358	-
19350	15795	9289	1358	-
5376	4800	9289	1359	snmpgetattack
23317	12431	9289	1359	snmpgetattack
19350	15795	9289	1359	-
19350	15795	9289	1359	-
19350	15795	9289	1359	-
19350	15795	9289	1359	-
5376	4800	9289	1364	snmpgetattack
23317	12431	9289	1364	snmpgetattack
20367	587	9289	1365	-
20367	19350	9289	1365	-
19350	3699	9289	1366	-
19350	3699	9289	1366	-
19350	3699	9289	1366	-
19350	3699	9289	1366	-
19350	3699	9289	1366	-
19350	3699	9289	1366	-
19350	3699	9289	1366	-
19350	3699	9289	1366	-
19350	3699	9289	1366	-
7215	4075	9289	1367	-
7215	4075	9289	1367	-
5376	4800	9289	1369	snmpgetattack
23317	12431	9289	1369	snmpgetattack
7215	445	9289	1370	-
7215	445	9289	1370	-
7215	445	9289	1370	-
7215	445	9289	1370	-
7215	445	9289	1370	-
7215	445	9289	1370	-
7215	445	9289	1370	-
7215	445	9289	1370	-
7215	445	9289	1370	-
7215	445	9289	1370	-
7215	445	9289	1370	-
7215	445	9289	1370	-
7215	445	9289	1370	-
7215	445	9289	1370	-
7215	445	9289	1370	-
5376	4800	9289	1374	snmpgetattack
23317	12431	9289	1374	snmpgetattack
5376	4800	9289	1379	snmpgetattack
23317	12431	9289	1379	snmpgetattack
5376	4800	9289	1384	snmpgetattack
23317	12431	9289	1384	snmpgetattack
5376	4800	27398	1389	snmpgetattack
23317	12431	27398	1389	snmpgetattack
8294	11780	27398	1390	nmap
8294	11780	27398	1390	nmap
5376	4800	27398	1394	snmpgetattack
23317	12431	27398	1394	snmpgetattack
18246	11220	27398	1398	-
5376	4800	27398	1399	snmpgetattack
23317	12431	27398	1399	snmpgetattack
5376	4800	27398	1404	snmpgetattack
23317	12431	27398	1404	snmpgetattack
5376	4800	27398	1409	snmpgetattack
23317	12431	27398	1409	snmpgetattack
5376	4800	27398	1415	snmpgetattack
23317	12431	27398	1415	snmpgetattack
3076	8452	27398	1417	portsweep
7215	445	27398	1418	-
7215	445	27398	1418	-
7215	445	27398	1418	-
7215	445	27398	1418	-
7215	445	27398	1418	-
7215	445	27398	1418	-
7215	445	27398	1418	-
7215	445	27398	1418	-
7215	445	27398	1418	-
7215	445	27398	1418	-
7215	445	27398	1418	-
7215	445	27398	1418	-
5376	4800	27398	1420	snmpgetattack
23317	12431	27398	1420	snmpgetattack
5376	4800	27398	1425	snmpgetattack
23317	12431	27398	1425	snmpgetattack
5376	4800	27398	1430	snmpgetattack
23317	12431	27398	1430	snmpgetattack
5376	4800	27398	1435	snmpgetattack
23317	12431	27398	1435	snmpgetattack
3957	15394	27398	1437	-
3076	16531	27398	1437	-
13993	22986	27398	1439	-
7215	22437	27398	1440	-
7215	22437	27398	1440	-
5376	4800	27398	1440	snmpgetattack
23317	12431	27398	1440	snmpgetattack
7215	22437	27398	1440	-
7215	22437	27398	1440	-
7215	22437	27398	1440	-
7215	22437	27398	1440	-
7215	22437	27398	1440	-
7215	22437	27398	1440	-
7215	22437	27398	1440	-
7215	22437	27398	1440	-
7215	22437	27398	1440	-
7215	22437	27398	1440	-
7215	22437	27398	1440	-
7215	22437	27398	1440	-
7215	22437	27398	1440	-
7215	22437	27398	1440	-
7215	22437	27398	1440	-
7215	22437	27398	1441	-
13993	22986	27398	1441	-
13993	22986	27398	1443	-
23317	12431	27398	1445	snmpgetattack
5376	4800	27398	1445	snmpgetattack
13993	22986	36251	1446	-
23317	12431	36251	1450	snmpgetattack
5376	4800	36251	1450	snmpgetattack
5376	4800	36251	1455	snmpgetattack
23317	12431	36251	1455	snmpgetattack
19350	3699	36251	1458	-
19350	3699	36251	1458	-
19350	3699	36251	1458	-
19350	3699	36251	1458	-
19350	3699	36251	1458	-
19350	3699	36251	1458	-
19350	3699	36251	1458	-
19350	3699	36251	1458	-
19350	3699	36251	1458	-
19350	3699	36251	1458	-
3076	8452	36251	1458	portsweep
19350	3699	36251	1458	-
19350	3699	36251	1458	-
23317	12431	36251	1460	snmpgetattack
5376	4800	36251	1460	snmpgetattack
5376	4800	36251	1465	snmpgetattack
23317	12431	36251	1465	snmpgetattack
18246	21931	36251	1466	-
18246	21931	36251	1466	-
19350	3699	36251	1469	-
19350	3699	36251	1469	-
19350	3699	36251	1469	-
19350	3699	36251	1469	-
19350	3699	36251	1469	-
19350	3699	36251	1469	-
19350	3699	36251	1469	-
19350	3699	36251	1469	-
19350	3699	36251	1469	-
19350	3699	36251	1469	-
5376	4800	36251	1470	snmpgetattack
23317	12431	36251	1470	snmpgetattack
19350	3699	36251	1475	-
5376	4800	36251	1475	snmpgetattack
23317	12431	36251	1475	snmpgetattack
19350	3699	36251	1475	-
19350	3699	36251	1476	-
19350	3699	36251	1476	-
19350	3699	36251	1476	-
19350	3699	36251	1476	-
19350	3699	36251	1476	-
19350	3699	36251	1476	-
19350	3699	36251	1476	-
19350	3699	36251	1476	-
19350	3699	36251	1476	-
19350	3699	36251	1476	-
5376	4800	36251	1480	snmpgetattack
23317	12431	36251	1480	snmpgetattack
23317	12431	36251	1485	snmpgetattack
5376	4800	36251	1485	snmpgetattack
7215	22437	36251	1486	-
7215	22437	36251	1486	-
7215	22437	36251	1486	-
18246	5424	36251	1489	-
18246	5424	36251	1490	-
5376	4800	36251	1490	snmpgetattack
23317	12431	36251	1490	snmpgetattack
18246	5424	36251	1490	-
18246	5424	36251	1491	-
18246	5424	36251	1491	-
18246	5424	36251	1491	-
18246	5424	36251	1491	-
18246	5424	36251	1491	-
18246	5424	36251	1491	-
18246	5424	36251	1491	-
18246	5424	36251	1491	-
18246	5424	36251	1491	-
18246	5424	36251	1491	-
18246	5424	36251	1491	-
18246	5424	36251	1491	-
18246	5424	36251	1491	-
18246	5424	36251	1491	-
18246	5424	36251	1491	-
18246	5424	36251	1491	-
18246	5424	36251	1491	-
18246	5424	36251	1491	-
18246	5424	36251	1491	-
18246	5424	36251	1491	-
18246	5424	36251	1491	-
18246	5424	36251	1491	-
18246	5424	36251	1491	-
18246	5424	36251	1491	-
23317	12431	36251	1495	snmpgetattack
19350	17923	36251	1495	-
5376	4800	36251	1495	snmpgetattack
16409	16340	36251	1496	-
3076	8452	36251	1496	portsweep
19350	17923	36251	1496	-
19350	17923	36251	1496	-
16409	16340	36251	1497	-
16409	16340	36251	1497	-
16409	16340	36251	1497	-
16409	16340	36251	1497	-
16409	16340	36251	1497	-
16409	16340	36251	1497	-
16409	16340	36251	1497	-
16409	16340	36251	1497	-
16409	16340	36251	1497	-
16409	16340	36251	1497	-
16409	16340	36251	1497	-
16409	16340	36251	1500	-
16409	16340	36251	1500	-
16409	16340	36251	1500	-
5376	4800	36251	1500	snmpgetattack
23317	12431	36251	1500	snmpgetattack
16409	13635	36251	1500	-
16409	13635	36251	1500	-
16409	16340	36251	1500	-
16409	16340	36251	1500	-
16409	16340	36251	1500	-
16409	16340	36251	1500	-
16409	16340	36251	1500	-
16409	10211	36251	1500	-
16409	16340	36251	1500	-
23317	12431	36251	1505	snmpgetattack
5376	4800	36251	1505	snmpgetattack
16409	16340	33828	1506	-
16409	16340	33828	1510	-
5376	4800	33828	1510	snmpgetattack
23317	12431	33828	1510	snmpgetattack
16409	16340	33828	1510	-
16409	16340	33828	1510	-
16409	16340	33828	1510	-
16409	16340	33828	1510	-
16409	16340	33828	1510	-
16409	16340	33828	1510	-
16409	16340	33828	1510	-
16409	16340	33828	1510	-
16409	16340	33828	1510	-
16409	16340	33828	1510	-
16409	10211	33828	1510	-
16409	16340	33828	1510	-
16409	16340	33828	1510	-
5376	4800	33828	1515	snmpgetattack
23317	12431	33828	1515	snmpgetattack
10571	3611	33828	1520	-
3957	587	33828	1520	-
10571	3611	33828	1520	-
10571	3611	33828	1520	-
10571	3611	33828	1520	-
10571	3611	33828	1520	-
10571	3611	33828	1520	-
10571	3611	33828	1520	-
5376	4800	33828	1521	snmpgetattack
23317	12431	33828	1521	snmpgetattack
5376	4800	33828	1526	snmpgetattack
23317	12431	33828	1526	snmpgetattack
5376	4800	33828	1531	snmpgetattack
23317	12431	33828	1531	snmpgetattack
3076	2843	33828	1532	-
20367	19350	33828	1532	-
3076	7268	33828	1532	-
5376	4800	33828	1536	snmpgetattack
23317	12431	33828	1536	snmpgetattack
7215	22437	33828	1536	-
7215	22437	33828	1537	-
7215	22437	33828	1537	-
10571	16593	33828	1539	-
3076	8452	33828	1539	portsweep
20367	19350	33828	1539	-
8294	11780	33828	1541	nmap
5376	4800	33828	1546	snmpgetattack
23317	12431	33828	1546	snmpgetattack
5376	4800	33828	1551	snmpgetattack
23317	12431	33828	1551	snmpgetattack
16409	8661	33828	1553	-
16409	8661	33828	1553	-
12332	3461	33828	1553	-
20367	19350	33828	1553	-
12332	16531	33828	1553	-
20367	19350	33828	1555	-
5376	4800	33828	1556	snmpgetattack
23317	12431	33828	1556	snmpgetattack
10571	3461	33828	1557	-
3957	15394	33828	1558	-
7215	15394	33828	1558	-
5376	4800	33828	1561	snmpgetattack
23317	12431	33828	1561	snmpgetattack
16409	14135	33828	1565	-
5376	4800	26370	1566	snmpgetattack
23317	12431	26370	1566	snmpgetattack
16409	14135	26370	1566	-
16409	14135	26370	1566	-
5376	4800	26370	1571	snmpgetattack
23317	12431	26370	1571	snmpgetattack
5376	4800	26370	1576	snmpgetattack
23317	12431	26370	1576	snmpgetattack
16671	22986	26370	1576	-
882	3461	26370	1577	-
20367	19350	26370	1577	-
16671	19834	26370	1577	-
16671	11900	26370	1578	-
3076	8452	26370	1578	portsweep
16671	1633	26370	1578	-
7179	3611	26370	1579	-
7179	3611	26370	1579	-
16671	21708	26370	1579	-
7179	3611	26370	1579	-
5376	4800	26370	1581	snmpgetattack
23317	12431	26370	1581	snmpgetattack
19350	17923	26370	1582	-
5376	4800	26370	1586	snmpgetattack
23317	12431	26370	1586	snmpgetattack
5376	4800	26370	1591	snmpgetattack
23317	12431	26370	1591	snmpgetattack
5376	4800	26370	1596	snmpgetattack
23317	12431	26370	1596	snmpgetattack
5376	4800	26370	1601	snmpgetattack
23317	12431	26370	1601	snmpgetattack
3374	6157	26370	1603	-
3374	6157	26370	1605	-
3374	6157	26370	1606	-
3374	6157	26370	1606	-
3374	6157	26370	1606	-
3374	3858	26370	1606	-
3374	6157	26370	1606	-
3374	6157	26370	1606	-
3957	15394	26370	1606	-
3374	6157	26370	1606	-
3374	14263	26370	1606	-
3374	6157	26370	1606	-
3957	15394	26370	1606	-
3957	15394	26370	1606	-
23317	12431	26370	1606	snmpgetattack
5376	4800	26370	1606	snmpgetattack
3374	6157	26370	1606	-
3374	6157	26370	1606	-
3374	6157	26370	1606	-
20367	19350	26370	1606	-
3374	6157	26370	1606	-
3374	14263	26370	1606	-
3374	6157	26370	1606	-
3374	6157	26370	1606	-
3374	6157	26370	1606	-
3374	6157	26370	1606	-
3374	6157	26370	1606	-
3374	6157	26370	1606	-
3374	6157	26370	1606	-
3374	6157	26370	1606	-
3374	6157	26370	1606	-
3374	6157	26370	1606	-
3374	6157	26370	1606	-
3374	6157	26370	1606	-
3374	6157	26370	1606	-
3374	6157	26370	1606	-
3374	14263	26370	1606	-
3374	6157	26370	1606	-
3374	14263	26370	1606	-
3374	6157	26370	1606	-
23317	12431	26370	1611	snmpgetattack
5376	4800	26370	1611	snmpgetattack
10571	3611	26370	1612	-
16409	14135	26370	1614	-
16409	14135	26370	1614	-
16409	14135	26370	1614	-
16409	14135	26370	1614	-
16409	14135	26370	1614	-
16409	14135	26370	1614	-
16409	14135	26370	1614	-
16409	14135	26370	1614	-
16409	14135	26370	1614	-
16409	14135	26370	1614	-
16409	14135	26370	1614	-
16409	14135	26370	1614	-
16409	14135	26370	1614	-
16409	14135	26370	1614	-
16409	14135	26370	1614	-
16409	14135	26370	1614	-
19350	9118	26370	1615	-
19350	9118	26370	1615	-
19350	9118	26370	1615	-
19350	9118	26370	1615	-
19350	9118	26370	1615	-
19350	9118	26370	1615	-
19350	9118	26370	1615	-
19350	9118	26370	1615	-
19350	9118	26370	1615	-
19350	9118	26370	1615	-
19350	9118	26370	1615	-
19350	9118	26370	1615	-
19350	9118	26370	1615	-
19350	9118	26370	1615	-
19350	9118	26370	1615	-
19350	9118	26370	1615	-
19350	9118	26370	1615	-
5376	4800	26370	1616	snmpgetattack
23317	12431	26370	1616	snmpgetattack
23317	12431	26370	1621	snmpgetattack
5376	4800	26370	1621	snmpgetattack
23317	12431	35942	1627	snmpgetattack
5376	4800	35942	1627	snmpgetattack
19350	9118	35942	1630	-
19350	9118	35942	1630	-
19350	9118	35942	1630	-
19350	9118	35942	1630	-
19350	9118	35942	1630	-
19350	9118	35942	1630	-
19350	9118	35942	1630	-
19350	9118	35942	1630	-
19350	9118	35942	1630	-
19350	9118	35942	1630	-
19350	9118	35942	1630	-
19350	9118	35942	1630	-
19350	9118	35942	1630	-
19350	9118	35942	1630	-
19350	9118	35942	1630	-
19350	9118	35942	1630	-
19350	9118	35942	1630	-
19350	9118	35942	1630	-
19350	9118	35942	1630	-
19350	9118	35942	1630	-
19350	9118	35942	1630	-
19350	9118	35942	1630	-
23317	12431	35942	1632	snmpgetattack
5376	4800	35942	1632	snmpgetattack
20367	19350	35942	1635	-
3076	8452	35942	1635	portsweep
3076	3461	35942	1635	-
5376	4800	35942	1637	snmpgetattack
23317	12431	35942	1637	snmpgetattack
7215	15394	35942	1638	-
8328	8452	35942	1639	warez
12985	12678	35942	1640	warez
12985	12678	35942	1640	warez
5376	4800	35942	1642	snmpgetattack
23317	12431	35942	1642	snmpgetattack
5376	4800	35942	1647	snmpgetattack
23317	12431	35942	1647	snmpgetattack
3611	22986	35942	1650	-
18246	5424	35942	1652	-
5376	4800	35942	1652	snmpgetattack
23317	12431	35942	1652	snmpgetattack
18246	5424	35942	1652	-
18246	5424	35942	1652	-
18246	5424	35942	1652	-
18246	5424	35942	1652	-
18246	5424	35942	1652	-
18246	5424	35942	1653	-
18246	5424	35942	1653	-
18246	15394	35942	1656	-
18246	5424	35942	1656	-
18246	5424	35942	1656	-
18246	5424	35942	1656	-
18246	5424	35942	1656	-
18246	19186	35942	1656	-
18246	5424	35942	1656	-
23317	12431	35942	1657	snmpgetattack
5376	4800	35942	1657	snmpgetattack
16409	14135	35942	1659	-
5376	4800	35942	1662	snmpgetattack
23317	12431	35942	1662	snmpgetattack
16409	406	35942	1662	-
3957	15394	35942	1665	-
23317	12431	35942	1667	snmpgetattack
5376	4800	35942	1667	snmpgetattack
23317	12431	35942	1672	snmpgetattack
5376	4800	35942	1672	snmpgetattack
23317	882	35942	1674	-
15394	4800	35942	1674	-
3076	8452	35942	1675	portsweep
23317	12431	35942	1677	snmpgetattack
5376	4800	35942	1677	snmpgetattack
23317	12431	35942	1682	snmpgetattack
5376	4800	35942	1682	snmpgetattack
3374	6157	35942	1683	-
3374	10812	35942	1683	-
3374	6157	35942	1684	-
3374	6157	35942	1684	-
3374	6157	35942	1684	-
3374	14263	35942	1684	-
3374	18682	35942	1684	-
3374	6157	35942	1684	-
3374	6157	35942	1684	-
3374	6157	35942	1684	-
3374	6157	35942	1684	-
3374	18682	35942	1684	-
3374	3858	35942	1684	-
3374	6157	35942	1685	-
3374	18682	35942	1685	-
3374	6157	35942	1685	-
3374	6157	35942	1685	-
3374	6157	35942	1685	-
3374	6157	35942	1685	-
3374	6157	35942	1685	-
3374	6157	35942	1685	-
3374	6157	35942	1685	-
3374	14263	35942	1685	-
3374	6157	35942	1685	-
3374	6157	35942	1685	-
3374	6157	35942	1685	-
3374	6157	35942	1685	-
5376	4800	43055	1687	snmpgetattack
23317	12431	43055	1687	snmpgetattack
3957	21708	43055	1689	-
20367	19350	43055	1689	-
8294	11780	43055	1692	nmap
8294	11780	43055	1692	nmap
5376	4800	43055	1697	snmpgetattack
23317	12431	43055	1697	snmpgetattack
5376	4800	43055	1702	snmpgetattack
23317	12431	43055	1702	snmpgetattack
5376	4800	43055	1707	snmpgetattack
23317	12431	43055	1707	snmpgetattack
16409	14135	43055	1708	-
16409	14135	43055	1708	-
16409	14135	43055	1708	-
16409	14135	43055	1708	-
16409	14135	43055	1708	-
16409	14135	43055	1709	-
16409	14135	43055	1709	-
16409	14135	43055	1709	-
16409	14135	43055	1709	-
16409	14135	43055	1709	-
16409	14135	43055	1709	-
16409	14135	43055	1709	-
16409	14135	43055	1709	-
16409	14135	43055	1709	-
16409	14135	43055	1709	-
5376	4800	43055	1712	snmpgetattack
23317	12431	43055	1712	snmpgetattack
3076	8452	43055	1713	portsweep
18246	15394	43055	1716	-
5376	4800	43055	1717	snmpgetattack
23317	12431	43055	1717	snmpgetattack
882	19350	43055	1717	-
882	1837	43055	1717	-
3957	15894	43055	1717	-
882	23185	43055	1721	-
5376	4800	43055	1722	snmpgetattack
23317	12431	43055	1722	snmpgetattack
882	13539	43055	1725	-
5376	4800	43055	1727	snmpgetattack
23317	12431	43055	1727	snmpgetattack
882	7247	43055	1729	-
5376	4800	43055	1732	snmpgetattack
23317	12431	43055	1732	snmpgetattack
882	6947	43055	1733	-
3297	15894	43055	1733	-
3297	11900	43055	1734	-
882	22928	43055	1737	-
23317	12431	43055	1737	snmpgetattack
5376	4800	43055	1737	snmpgetattack
7179	3611	43055	1740	-
7179	3611	43055	1740	-
882	9950	43055	1741	-
5376	4800	43055	1742	snmpgetattack
23317	12431	43055	1742	snmpgetattack
7179	8452	43055	1742	-
882	22878	43055	1745	-
3957	22986	20607	1746	-
5376	4800	20607	1748	snmpgetattack
23317	12431	20607	1748	snmpgetattack
882	14940	20607	1749	-
3076	8452	20607	1751	portsweep
5376	4800	20607	1753	snmpgetattack
23317	12431	20607	1753	snmpgetattack
882	21061	20607	1753	-
3957	15394	20607	1756	-
20367	19350	20607	1756	-
882	20119	20607	1757	-
5376	4800	20607	1758	snmpgetattack
23317	12431	20607	1758	snmpgetattack
882	7765	20607	1761	-
5376	4800	20607	1763	snmpgetattack
23317	12431	20607	1763	snmpgetattack
882	16044	20607	1765	-
5376	4800	20607	1768	snmpgetattack
23317	12431	20607	1768	snmpgetattack
10571	3611	20607	1772	-
10571	3611	20607	1772	-
10571	3611	20607	1772	-
5376	4800	20607	1773	snmpgetattack
23317	12431	20607	1773	snmpgetattack
18246	5424	20607	1776	-
18246	5424	20607	1776	-
12985	21708	20607	1776	-
18246	5424	20607	1776	-
18246	5424	20607	1776	-
18246	5424	20607	1776	-
18246	5424	20607	1776	-
5376	4800	20607	1778	snmpgetattack
23317	12431	20607	1778	snmpgetattack
882	8452	20607	1781	-
12985	19834	20607	1781	-
5376	4800	20607	1783	snmpgetattack
23317	12431	20607	1783	snmpgetattack
12985	15894	20607	1784	-
3957	15394	20607	1785	-
20367	19350	20607	1786	-
8048	3461	20607	1787	-
23317	12431	20607	1788	snmpgetattack
5376	4800	20607	1788	snmpgetattack
12985	22986	20607	1788	-
3076	8452	20607	1790	portsweep
20367	19350	20607	1790	-
5376	4800	20607	1793	snmpgetattack
23317	12431	20607	1793	snmpgetattack
7215	15394	20607	1793	-
20367	19350	20607	1793	-
10571	23167	20607	1793	-
