23317	12431	26730	0	snmpgetattack
20312	4800	26730	0	-
23317	5938	26730	0	-
5376	4800	26730	0	snmpgetattack
5376	4800	3757	5	snmpgetattack
23317	12431	3757	5	snmpgetattack
20312	4800	3757	5	-
23317	5938	3757	5	-
5376	4800	3757	10	snmpgetattack
23317	12431	3757	10	snmpgetattack
23317	5938	3757	10	-
20312	4800	3757	10	-
23317	12431	3757	15	snmpgetattack
20312	4800	3757	15	-
23317	5938	3757	15	-
5376	4800	3757	15	snmpgetattack
5376	4800	3757	20	snmpgetattack
23317	12431	3757	20	snmpgetattack
23317	5938	3757	20	-
20312	4800	3757	20	-
23317	12431	3757	25	snmpgetattack
20312	4800	3757	25	-
23317	5938	3757	25	-
5376	4800	3757	25	snmpgetattack
5376	4800	3757	30	snmpgetattack
23317	12431	3757	30	snmpgetattack
19350	4752	3757	30	-
19350	18219	3757	30	-
19350	18219	3757	30	-
19350	18219	3757	30	-
19350	18219	3757	30	-
19350	18219	3757	30	-
23317	5938	3757	31	-
20312	4800	3757	31	-
5376	4800	3757	35	snmpgetattack
23317	12431	3757	35	snmpgetattack
20312	4800	3757	36	-
23317	5938	3757	36	-
5376	4800	3757	40	snmpgetattack
23317	12431	3757	40	snmpgetattack
23317	5938	3757	41	-
20312	4800	3757	41	-
5376	4800	3757	45	snmpgetattack
23317	12431	3757	45	snmpgetattack
23317	5938	3757	46	-
20312	4800	3757	46	-
5376	4800	3757	51	snmpgetattack
23317	12431	3757	51	snmpgetattack
20312	4800	3757	51	-
23317	5938	3757	51	-
5376	4800	3757	56	snmpgetattack
23317	12431	3757	56	snmpgetattack
20312	4800	3757	56	-
23317	5938	3757	56	-
5376	4800	3757	61	snmpgetattack
23317	12431	3757	61	snmpgetattack
20312	4800	3757	61	-
23317	5938	3757	61	-
23317	12431	3258	66	snmpgetattack
20312	4800	3258	66	-
23317	5938	3258	66	-
5376	4800	3258	66	snmpgetattack
5376	4800	3258	71	snmpgetattack
23317	12431	3258	71	snmpgetattack
20312	4800	3258	71	-
23317	5938	3258	71	-
5376	4800	3258	76	snmpgetattack
20312	4800	3258	76	-
23317	5938	3258	76	-
23317	12431	3258	76	snmpgetattack
19350	4752	3258	79	-
19350	18219	3258	80	-
19350	18219	3258	80	-
5376	4800	3258	81	snmpgetattack
23317	12431	3258	81	snmpgetattack
20312	4800	3258	81	-
23317	5938	3258	81	-
5376	4800	3258	86	snmpgetattack
23317	12431	3258	86	snmpgetattack
20312	4800	3258	86	-
23317	5938	3258	86	-
5376	4800	3258	91	snmpgetattack
20312	4800	3258	91	-
23317	5938	3258	91	-
23317	12431	3258	91	snmpgetattack
5376	4800	3258	96	snmpgetattack
23317	12431	3258	96	snmpgetattack
20312	4800	3258	96	-
23317	5938	3258	96	-
5376	4800	3258	101	snmpgetattack
23317	12431	3258	101	snmpgetattack
20312	4800	3258	101	-
23317	5938	3258	101	-
23317	5938	3258	106	-
5376	4800	3258	106	snmpgetattack
23317	12431	3258	106	snmpgetattack
20312	4800	3258	106	-
23317	12431	3258	111	snmpgetattack
5376	4800	3258	111	snmpgetattack
23317	5938	3258	111	-
20312	4800	3258	111	-
5376	4800	3258	116	snmpgetattack
20312	4800	3258	116	-
23317	5938	3258	116	-
23317	12431	3258	116	snmpgetattack
23317	12431	3258	121	snmpgetattack
20312	4800	3258	121	-
23317	5938	3258	121	-
5376	4800	3258	121	snmpgetattack
5376	4800	5606	126	snmpgetattack
23317	12431	5606	126	snmpgetattack
20312	4800	5606	126	-
23317	5938	5606	126	-
23317	12431	5606	131	snmpgetattack
20312	4800	5606	131	-
23317	5938	5606	131	-
5376	4800	5606	131	snmpgetattack
23317	12431	5606	136	snmpgetattack
5376	4800	5606	136	snmpgetattack
23317	5938	5606	136	-
20312	4800	5606	136	-
23317	12431	5606	141	snmpgetattack
20312	4800	5606	141	-
23317	5938	5606	141	-
5376	4800	5606	141	snmpgetattack
5376	4800	5606	146	snmpgetattack
23317	12431	5606	146	snmpgetattack
20312	4800	5606	146	-
23317	5938	5606	146	-
5376	4800	5606	151	snmpgetattack
23317	12431	5606	151	snmpgetattack
23317	5938	5606	151	-
20312	4800	5606	151	-
23317	12431	5606	156	snmpgetattack
5376	4800	5606	156	snmpgetattack
20312	4800	5606	157	-
23317	5938	5606	157	-
19350	18219	5606	157	-
19350	18219	5606	157	-
19350	18219	5606	157	-
19350	18219	5606	157	-
19350	18219	5606	157	-
5376	4800	5606	161	snmpgetattack
23317	12431	5606	161	snmpgetattack
20312	4800	5606	162	-
23317	5938	5606	162	-
23317	12431	5606	166	snmpgetattack
5376	4800	5606	166	snmpgetattack
20312	4800	5606	167	-
23317	5938	5606	167	-
5376	4800	5606	171	snmpgetattack
23317	12431	5606	171	snmpgetattack
20312	4800	5606	172	-
23317	5938	5606	172	-
23317	12431	5606	177	snmpgetattack
20312	4800	5606	177	-
23317	5938	5606	177	-
5376	4800	5606	177	snmpgetattack
23317	12431	5606	182	snmpgetattack
20312	4800	5606	182	-
23317	5938	5606	182	-
5376	4800	5606	182	snmpgetattack
23317	12431	6809	187	snmpgetattack
20312	4800	6809	187	-
23317	5938	6809	187	-
5376	4800	6809	187	snmpgetattack
19350	14267	6809	189	-
19350	3499	6809	189	-
19350	3499	6809	189	-
19350	14267	6809	189	-
19350	3499	6809	189	-
19350	14267	6809	189	-
19350	3499	6809	189	-
5376	4800	6809	192	snmpgetattack
20312	4800	6809	192	-
23317	5938	6809	192	-
23317	12431	6809	192	snmpgetattack
23317	12431	6809	197	snmpgetattack
20312	4800	6809	197	-
23317	5938	6809	197	-
5376	4800	6809	197	snmpgetattack
5376	4800	6809	202	snmpgetattack
23317	12431	6809	202	snmpgetattack
23317	5938	6809	202	-
20312	4800	6809	202	-
23317	12431	6809	207	snmpgetattack
20312	4800	6809	207	-
23317	5938	6809	207	-
5376	4800	6809	207	snmpgetattack
5376	4800	6809	212	snmpgetattack
23317	12431	6809	212	snmpgetattack
20312	4800	6809	212	-
23317	5938	6809	212	-
5376	4800	6809	217	snmpgetattack
23317	12431	6809	217	snmpgetattack
20312	4800	6809	217	-
23317	5938	6809	217	-
5376	4800	6809	222	snmpgetattack
20312	4800	6809	222	-
23317	5938	6809	222	-
23317	12431	6809	222	snmpgetattack
23317	12431	6809	227	snmpgetattack
20312	4800	6809	227	-
23317	5938	6809	227	-
5376	4800	6809	227	snmpgetattack
5376	4800	6809	232	snmpgetattack
23317	12431	6809	232	snmpgetattack
20312	4800	6809	232	-
23317	5938	6809	232	-
23317	5938	6809	237	-
20312	4800	6809	237	-
23317	12431	6809	237	snmpgetattack
5376	4800	6809	237	snmpgetattack
19350	3499	6809	238	-
19350	3901	6809	241	-
5376	4800	6809	242	snmpgetattack
23317	12431	6809	242	snmpgetattack
20312	4800	6809	242	-
23317	5938	6809	242	-
15394	4800	16406	244	-
23317	882	16406	244	-
19350	19164	16406	244	-
5376	4800	16406	247	snmpgetattack
23317	12431	16406	247	snmpgetattack
20312	4800	16406	247	-
23317	5938	16406	247	-
5376	4800	16406	252	snmpgetattack
23317	12431	16406	252	snmpgetattack
20312	4800	16406	252	-
23317	5938	16406	252	-
5376	4800	16406	257	snmpgetattack
23317	12431	16406	257	snmpgetattack
20312	4800	16406	257	-
23317	5938	16406	257	-
5376	4800	16406	262	snmpgetattack
23317	12431	16406	262	snmpgetattack
20312	4800	16406	262	-
23317	5938	16406	262	-
5376	4800	16406	267	snmpgetattack
23317	12431	16406	267	snmpgetattack
20312	4800	16406	267	-
23317	5938	16406	267	-
5376	4800	16406	272	snmpgetattack
23317	12431	16406	272	snmpgetattack
20312	4800	16406	272	-
23317	5938	16406	272	-
5376	4800	16406	277	snmpgetattack
23317	12431	16406	277	snmpgetattack
20312	4800	16406	277	-
23317	5938	16406	277	-
5376	4800	16406	282	snmpgetattack
23317	12431	16406	282	snmpgetattack
20312	4800	16406	283	-
23317	5938	16406	283	-
5376	4800	16406	287	snmpgetattack
23317	12431	16406	287	snmpgetattack
20312	4800	16406	288	-
23317	5938	16406	288	-
19350	3548	16406	290	-
19350	3548	16406	291	-
19350	3548	16406	291	-
19350	3548	16406	291	-
19350	3548	16406	291	-
19350	3548	16406	291	-
19350	3548	16406	291	-
19350	3548	16406	291	-
19350	3548	16406	291	-
19350	3548	16406	291	-
19350	3548	16406	291	-
19350	3548	16406	291	-
19350	3548	16406	291	-
19350	3548	16406	291	-
19350	3548	16406	291	-
19350	3548	16406	291	-
19350	3548	16406	291	-
19350	3548	16406	291	-
5376	4800	16406	292	snmpgetattack
23317	12431	16406	292	snmpgetattack
19350	3548	16406	292	-
19350	3548	16406	292	-
19350	3548	16406	292	-
19350	3548	16406	292	-
19350	3548	16406	292	-
19350	3548	16406	292	-
19350	3548	16406	292	-
20312	4800	16406	293	-
23317	5938	16406	293	-
5376	4800	16406	297	snmpgetattack
23317	12431	16406	297	snmpgetattack
20312	4800	16406	298	-
23317	5938	16406	298	-
5376	4800	16406	303	snmpgetattack
23317	12431	16406	303	snmpgetattack
20312	4800	16406	303	-
23317	5938	16406	303	-
5376	4800	34216	308	snmpgetattack
23317	12431	34216	308	snmpgetattack
20312	4800	34216	308	-
23317	5938	34216	308	-
5376	4800	34216	313	snmpgetattack
23317	12431	34216	313	snmpgetattack
20312	4800	34216	313	-
23317	5938	34216	313	-
5376	4800	34216	318	snmpgetattack
23317	12431	34216	318	snmpgetattack
20312	4800	34216	318	-
23317	5938	34216	318	-
5376	4800	34216	323	snmpgetattack
23317	12431	34216	323	snmpgetattack
20312	4800	34216	323	-
23317	5938	34216	323	-
5376	4800	34216	328	snmpgetattack
23317	12431	34216	328	snmpgetattack
20312	4800	34216	328	-
23317	5938	34216	328	-
5376	4800	34216	333	snmpgetattack
23317	12431	34216	333	snmpgetattack
20312	4800	34216	333	-
23317	5938	34216	333	-
5376	4800	34216	338	snmpgetattack
23317	12431	34216	338	snmpgetattack
20312	4800	34216	338	-
23317	5938	34216	338	-
23317	5938	34216	343	-
20312	4800	34216	343	-
23317	12431	34216	343	snmpgetattack
5376	4800	34216	343	snmpgetattack
5376	4800	34216	348	snmpgetattack
23317	12431	34216	348	snmpgetattack
20312	4800	34216	348	-
23317	5938	34216	348	-
5376	4800	34216	353	snmpgetattack
23317	12431	34216	353	snmpgetattack
20312	4800	34216	353	-
23317	5938	34216	353	-
19350	3548	34216	355	-
19350	3548	34216	356	-
19350	3548	34216	356	-
19350	3548	34216	356	-
19350	3548	34216	356	-
19350	3548	34216	356	-
19350	3548	34216	356	-
19350	3548	34216	356	-
19350	3548	34216	356	-
19350	3548	34216	356	-
19350	3548	34216	356	-
19350	3548	34216	356	-
19350	3548	34216	356	-
19350	3548	34216	356	-
19350	3548	34216	356	-
19350	3548	34216	356	-
19350	3548	34216	356	-
5376	4800	34216	358	snmpgetattack
23317	12431	34216	358	snmpgetattack
20312	4800	34216	358	-
23317	5938	34216	358	-
5376	4800	34216	363	snmpgetattack
23317	12431	34216	363	snmpgetattack
20312	4800	34216	363	-
23317	5938	34216	363	-
5376	4800	26308	368	snmpgetattack
23317	12431	26308	368	snmpgetattack
20312	4800	26308	368	-
23317	5938	26308	368	-
5376	4800	26308	373	snmpgetattack
23317	12431	26308	373	snmpgetattack
20312	4800	26308	373	-
23317	5938	26308	373	-
5376	4800	26308	378	snmpgetattack
23317	12431	26308	378	snmpgetattack
20312	4800	26308	378	-
23317	5938	26308	378	-
5376	4800	26308	383	snmpgetattack
23317	12431	26308	383	snmpgetattack
20312	4800	26308	383	-
23317	5938	26308	383	-
5376	4800	26308	388	snmpgetattack
23317	12431	26308	388	snmpgetattack
20312	4800	26308	388	-
23317	5938	26308	388	-
5376	4800	26308	393	snmpgetattack
23317	12431	26308	393	snmpgetattack
20312	4800	26308	393	-
23317	5938	26308	393	-
5376	4800	26308	398	snmpgetattack
23317	12431	26308	398	snmpgetattack
20312	4800	26308	398	-
23317	5938	26308	398	-
5376	4800	26308	403	snmpgetattack
23317	12431	26308	403	snmpgetattack
20312	4800	26308	403	-
23317	5938	26308	403	-
19350	14267	26308	404	-
19350	3499	26308	404	-
19350	14267	26308	404	-
19350	3499	26308	404	-
19350	3499	26308	404	-
19350	3499	26308	404	-
19350	14267	26308	404	-
5376	4800	26308	408	snmpgetattack
23317	12431	26308	408	snmpgetattack
20312	4800	26308	409	-
23317	5938	26308	409	-
5376	4800	26308	413	snmpgetattack
23317	12431	26308	413	snmpgetattack
20312	4800	26308	414	-
23317	5938	26308	414	-
5376	4800	26308	418	snmpgetattack
23317	12431	26308	418	snmpgetattack
20312	4800	26308	419	-
23317	5938	26308	419	-
5376	4800	26308	423	snmpgetattack
23317	12431	26308	423	snmpgetattack
20312	4800	10550	424	-
23317	5938	10550	424	-
5376	4800	10550	429	snmpgetattack
23317	12431	10550	429	snmpgetattack
20312	4800	10550	429	-
23317	5938	10550	429	-
5376	4800	10550	434	snmpgetattack
23317	12431	10550	434	snmpgetattack
20312	4800	10550	434	-
23317	5938	10550	434	-
5376	4800	10550	439	snmpgetattack
23317	12431	10550	439	snmpgetattack
20312	4800	10550	439	-
23317	5938	10550	439	-
5376	4800	10550	444	snmpgetattack
23317	12431	10550	444	snmpgetattack
20312	4800	10550	444	-
23317	5938	10550	444	-
5376	4800	10550	449	snmpgetattack
23317	12431	10550	449	snmpgetattack
20312	4800	10550	449	-
23317	5938	10550	449	-
23317	5938	10550	454	-
23317	12431	10550	454	snmpgetattack
20312	4800	10550	454	-
5376	4800	10550	454	snmpgetattack
5376	4800	10550	459	snmpgetattack
23317	12431	10550	459	snmpgetattack
20312	4800	10550	459	-
23317	5938	10550	459	-
5376	4800	10550	464	snmpgetattack
23317	12431	10550	464	snmpgetattack
20312	4800	10550	464	-
23317	5938	10550	464	-
5376	4800	10550	469	snmpgetattack
23317	12431	10550	469	snmpgetattack
20312	4800	10550	469	-
23317	5938	10550	469	-
5376	4800	10550	474	snmpgetattack
23317	12431	10550	474	snmpgetattack
20312	4800	10550	474	-
23317	5938	10550	474	-
5376	4800	10550	479	snmpgetattack
23317	12431	10550	479	snmpgetattack
20312	4800	10550	479	-
23317	5938	10550	479	-
5376	4800	9563	484	snmpgetattack
23317	12431	9563	484	snmpgetattack
20312	4800	9563	484	-
23317	5938	9563	484	-
5376	4800	9563	489	snmpgetattack
23317	12431	9563	489	snmpgetattack
20312	4800	9563	489	-
23317	5938	9563	489	-
5376	4800	9563	494	snmpgetattack
23317	12431	9563	494	snmpgetattack
20312	4800	9563	494	-
23317	5938	9563	494	-
5376	4800	9563	499	snmpgetattack
23317	12431	9563	499	snmpgetattack
20312	4800	9563	499	-
23317	5938	9563	499	-
12032	8452	9563	504	warez
12985	15197	9563	506	warez
12985	15197	9563	506	warez
5376	4800	9563	509	snmpgetattack
23317	12431	9563	509	snmpgetattack
20312	4800	9563	509	-
23317	5938	9563	509	-
5376	4800	9563	514	snmpgetattack
23317	12431	9563	514	snmpgetattack
20312	4800	9563	514	-
23317	5938	9563	514	-
5376	4800	9563	519	snmpgetattack
23317	12431	9563	519	snmpgetattack
20312	4800	9563	519	-
23317	5938	9563	519	-
5376	4800	9563	524	snmpgetattack
23317	12431	9563	524	snmpgetattack
20312	4800	9563	524	-
23317	5938	9563	524	-
5376	4800	9563	529	snmpgetattack
23317	12431	9563	529	snmpgetattack
20312	4800	9563	530	-
23317	5938	9563	530	-
5376	4800	9563	534	snmpgetattack
23317	12431	9563	534	snmpgetattack
20312	4800	9563	535	-
23317	5938	9563	535	-
5376	4800	9563	539	snmpgetattack
23317	12431	9563	539	snmpgetattack
20312	4800	9563	540	-
23317	5938	9563	540	-
5376	4800	16807	544	snmpgetattack
23317	12431	16807	544	snmpgetattack
20312	4800	16807	545	-
23317	5938	16807	545	-
3957	15394	16807	547	-
5376	4800	16807	549	snmpgetattack
23317	12431	16807	549	snmpgetattack
20312	4800	16807	550	-
23317	5938	16807	550	-
5376	4800	16807	555	snmpgetattack
23317	12431	16807	555	snmpgetattack
20312	4800	16807	555	-
23317	5938	16807	555	-
5376	4800	16807	560	snmpgetattack
23317	12431	16807	560	snmpgetattack
20312	4800	16807	560	-
23317	5938	16807	560	-
5376	4800	16807	565	snmpgetattack
23317	12431	16807	565	snmpgetattack
20312	4800	16807	565	-
23317	5938	16807	565	-
5376	4800	16807	570	snmpgetattack
23317	12431	16807	570	snmpgetattack
20312	4800	16807	570	-
23317	5938	16807	570	-
5376	4800	16807	575	snmpgetattack
23317	12431	16807	575	snmpgetattack
20312	4800	16807	575	-
23317	5938	16807	575	-
5376	4800	16807	580	snmpgetattack
23317	12431	16807	580	snmpgetattack
20312	4800	16807	580	-
23317	5938	16807	580	-
5376	4800	16807	585	snmpgetattack
23317	12431	16807	585	snmpgetattack
20312	4800	16807	585	-
23317	5938	16807	585	-
5376	4800	16807	590	snmpgetattack
23317	12431	16807	590	snmpgetattack
20312	4800	16807	590	-
23317	5938	16807	590	-
5376	4800	16807	595	snmpgetattack
23317	12431	16807	595	snmpgetattack
20312	4800	16807	595	-
23317	5938	16807	595	-
5376	4800	16807	600	snmpgetattack
23317	12431	16807	600	snmpgetattack
20312	4800	16807	600	-
23317	5938	16807	600	-
5376	4800	45693	605	snmpgetattack
23317	12431	45693	605	snmpgetattack
20312	4800	45693	605	-
23317	5938	45693	605	-
5376	4800	45693	610	snmpgetattack
23317	12431	45693	610	snmpgetattack
20312	4800	45693	610	-
23317	5938	45693	610	-
5376	4800	45693	615	snmpgetattack
23317	12431	45693	615	snmpgetattack
20312	4800	45693	615	-
23317	5938	45693	615	-
5376	4800	45693	620	snmpgetattack
23317	12431	45693	620	snmpgetattack
20312	4800	45693	620	-
23317	5938	45693	620	-
5376	4800	45693	625	snmpgetattack
23317	12431	45693	625	snmpgetattack
20312	4800	45693	625	-
23317	5938	45693	625	-
5376	4800	45693	630	snmpgetattack
23317	12431	45693	630	snmpgetattack
20312	4800	45693	630	-
23317	5938	45693	630	-
5376	4800	45693	635	snmpgetattack
23317	12431	45693	635	snmpgetattack
20312	4800	45693	635	-
23317	5938	45693	635	-
5376	4800	45693	640	snmpgetattack
23317	12431	45693	640	snmpgetattack
20312	4800	45693	640	-
23317	5938	45693	640	-
5376	4800	45693	645	snmpgetattack
23317	12431	45693	645	snmpgetattack
20312	4800	45693	645	-
23317	5938	45693	645	-
5376	4800	45693	650	snmpgetattack
23317	12431	45693	650	snmpgetattack
20312	4800	45693	650	-
23317	5938	45693	650	-
5376	4800	45693	655	snmpgetattack
23317	12431	45693	655	snmpgetattack
20312	4800	45693	656	-
23317	5938	45693	656	-
5376	4800	45693	660	snmpgetattack
23317	12431	45693	660	snmpgetattack
20312	4800	45693	661	-
23317	5938	45693	661	-
5376	4800	27896	665	snmpgetattack
23317	12431	27896	665	snmpgetattack
20312	4800	27896	666	-
23317	5938	27896	666	-
5376	4800	27896	670	snmpgetattack
23317	12431	27896	670	snmpgetattack
20312	4800	27896	671	-
23317	5938	27896	671	-
5376	4800	27896	675	snmpgetattack
23317	12431	27896	675	snmpgetattack
20312	4800	27896	676	-
23317	5938	27896	676	-
5376	4800	27896	681	snmpgetattack
23317	12431	27896	681	snmpgetattack
20312	4800	27896	681	-
23317	5938	27896	681	-
5376	4800	27896	686	snmpgetattack
23317	12431	27896	686	snmpgetattack
20312	4800	27896	686	-
23317	5938	27896	686	-
5376	4800	27896	691	snmpgetattack
23317	12431	27896	691	snmpgetattack
20312	4800	27896	691	-
23317	5938	27896	691	-
5376	4800	27896	696	snmpgetattack
23317	12431	27896	696	snmpgetattack
20312	4800	27896	696	-
23317	5938	27896	696	-
5376	4800	27896	701	snmpgetattack
23317	12431	27896	701	snmpgetattack
20312	4800	27896	701	-
23317	5938	27896	701	-
5376	4800	27896	706	snmpgetattack
23317	12431	27896	706	snmpgetattack
20312	4800	27896	706	-
23317	5938	27896	706	-
5376	4800	27896	711	snmpgetattack
23317	12431	27896	711	snmpgetattack
20312	4800	27896	711	-
23317	5938	27896	711	-
23317	5938	27896	716	-
5376	4800	27896	716	snmpgetattack
23317	12431	27896	716	snmpgetattack
20312	4800	27896	716	-
5376	4800	27896	721	snmpgetattack
23317	12431	27896	721	snmpgetattack
20312	4800	27896	721	-
23317	5938	27896	721	-
5376	4800	44154	726	snmpgetattack
23317	12431	44154	726	snmpgetattack
20312	4800	44154	726	-
23317	5938	44154	726	-
23317	5938	44154	731	-
5376	4800	44154	731	snmpgetattack
23317	12431	44154	731	snmpgetattack
20312	4800	44154	731	-
23317	12431	44154	736	snmpgetattack
23317	5938	44154	736	-
20312	4800	44154	736	-
5376	4800	44154	736	snmpgetattack
5376	4800	44154	741	snmpgetattack
23317	12431	44154	741	snmpgetattack
20312	4800	44154	741	-
23317	5938	44154	741	-
23317	5938	44154	746	-
5376	4800	44154	746	snmpgetattack
23317	12431	44154	746	snmpgetattack
20312	4800	44154	746	-
23317	5938	44154	751	-
20312	4800	44154	751	-
5376	4800	44154	751	snmpgetattack
23317	12431	44154	751	snmpgetattack
20312	4800	44154	756	-
5376	4800	44154	756	snmpgetattack
23317	12431	44154	756	snmpgetattack
23317	5938	44154	756	-
23317	5938	44154	761	-
20312	4800	44154	761	-
5376	4800	44154	761	snmpgetattack
23317	12431	44154	761	snmpgetattack
20312	4800	44154	766	-
5376	4800	44154	766	snmpgetattack
23317	12431	44154	766	snmpgetattack
23317	5938	44154	766	-
5376	4800	44154	771	snmpgetattack
23317	12431	44154	771	snmpgetattack
20312	4800	44154	771	-
23317	5938	44154	771	-
5376	4800	44154	776	snmpgetattack
23317	12431	44154	776	snmpgetattack
20312	4800	44154	776	-
23317	5938	44154	776	-
23317	12431	44154	781	snmpgetattack
5376	4800	44154	781	snmpgetattack
23317	5938	44154	782	-
20312	4800	44154	782	-
5376	4800	36391	786	snmpgetattack
23317	12431	36391	786	snmpgetattack
23317	5938	36391	787	-
20312	4800	36391	787	-
5376	4800	36391	791	snmpgetattack
23317	12431	36391	791	snmpgetattack
20312	4800	36391	792	-
23317	5938	36391	792	-
5376	4800	36391	796	snmpgetattack
23317	12431	36391	796	snmpgetattack
20312	4800	36391	797	-
23317	5938	36391	797	-
5376	4800	36391	801	snmpgetattack
23317	12431	36391	801	snmpgetattack
20312	4800	36391	802	-
23317	5938	36391	802	-
5376	4800	36391	807	snmpgetattack
23317	12431	36391	807	snmpgetattack
20312	4800	36391	807	-
23317	5938	36391	807	-
23317	5938	36391	812	-
5376	4800	36391	812	snmpgetattack
23317	12431	36391	812	snmpgetattack
20312	4800	36391	812	-
23317	12431	36391	817	snmpgetattack
5376	4800	36391	817	snmpgetattack
20312	4800	36391	817	-
23317	5938	36391	817	-
5376	4800	36391	822	snmpgetattack
23317	12431	36391	822	snmpgetattack
20312	4800	36391	822	-
23317	5938	36391	822	-
23317	5938	36391	827	-
5376	4800	36391	827	snmpgetattack
23317	12431	36391	827	snmpgetattack
20312	4800	36391	827	-
20312	4800	36391	832	-
23317	5938	36391	832	-
5376	4800	36391	832	snmpgetattack
23317	12431	36391	832	snmpgetattack
20312	4800	36391	837	-
5376	4800	36391	837	snmpgetattack
23317	12431	36391	837	snmpgetattack
23317	5938	36391	837	-
5376	4800	36391	842	snmpgetattack
23317	12431	36391	842	snmpgetattack
20312	4800	36391	842	-
23317	5938	36391	842	-
23317	882	24367	844	-
15394	4800	24367	844	-
20312	4800	24367	847	-
23317	12431	24367	847	snmpgetattack
23317	5938	24367	847	-
5376	4800	24367	847	snmpgetattack
23317	5938	24367	852	-
5376	4800	24367	852	snmpgetattack
23317	12431	24367	852	snmpgetattack
20312	4800	24367	852	-
5376	4800	24367	857	snmpgetattack
23317	12431	24367	857	snmpgetattack
20312	4800	24367	857	-
23317	5938	24367	857	-
23317	5938	24367	862	-
5376	4800	24367	862	snmpgetattack
23317	12431	24367	862	snmpgetattack
20312	4800	24367	862	-
20312	4800	24367	867	-
23317	12431	24367	867	snmpgetattack
23317	5938	24367	867	-
5376	4800	24367	867	snmpgetattack
23317	5938	24367	872	-
5376	4800	24367	872	snmpgetattack
23317	12431	24367	872	snmpgetattack
20312	4800	24367	872	-
23317	5938	24367	877	-
20312	4800	24367	877	-
5376	4800	24367	877	snmpgetattack
23317	12431	24367	877	snmpgetattack
20312	4800	24367	882	-
5376	4800	24367	882	snmpgetattack
23317	12431	24367	882	snmpgetattack
23317	5938	24367	882	-
5376	4800	24367	887	snmpgetattack
23317	12431	24367	887	snmpgetattack
20312	4800	24367	887	-
23317	5938	24367	887	-
23317	5938	24367	892	-
5376	4800	24367	892	snmpgetattack
23317	12431	24367	892	snmpgetattack
20312	4800	24367	892	-
20312	4800	24367	897	-
23317	5938	24367	897	-
23317	12431	24367	897	snmpgetattack
5376	4800	24367	897	snmpgetattack
23317	12431	24367	902	snmpgetattack
5376	4800	24367	902	snmpgetattack
20312	4800	24367	902	-
23317	5938	24367	902	-
5376	4800	1848	907	snmpgetattack
23317	12431	1848	907	snmpgetattack
20312	4800	1848	908	-
23317	5938	1848	908	-
23317	12431	1848	912	snmpgetattack
5376	4800	1848	912	snmpgetattack
20312	4800	1848	913	-
23317	5938	1848	913	-
23317	12431	1848	917	snmpgetattack
5376	4800	1848	917	snmpgetattack
20312	4800	1848	918	-
23317	5938	1848	918	-
5376	4800	1848	922	snmpgetattack
23317	12431	1848	922	snmpgetattack
20312	4800	1848	923	-
23317	5938	1848	923	-
5376	4800	1848	927	snmpgetattack
23317	12431	1848	927	snmpgetattack
23317	5938	1848	928	-
20312	4800	1848	928	-
23317	5938	1848	933	-
20312	4800	1848	933	-
5376	4800	1848	933	snmpgetattack
23317	12431	1848	933	snmpgetattack
23317	5938	1848	938	-
23317	12431	1848	938	snmpgetattack
20312	4800	1848	938	-
5376	4800	1848	938	snmpgetattack
5376	4800	1848	943	snmpgetattack
23317	12431	1848	943	snmpgetattack
20312	4800	1848	943	-
23317	5938	1848	943	-
5376	4800	1848	948	snmpgetattack
23317	12431	1848	948	snmpgetattack
20312	4800	1848	948	-
23317	5938	1848	948	-
5376	4800	1848	953	snmpgetattack
23317	12431	1848	953	snmpgetattack
20312	4800	1848	953	-
23317	5938	1848	953	-
5376	4800	1848	958	snmpgetattack
23317	12431	1848	958	snmpgetattack
20312	4800	1848	958	-
23317	5938	1848	958	-
5376	4800	1848	963	snmpgetattack
23317	12431	1848	963	snmpgetattack
20312	4800	1848	963	-
23317	5938	1848	963	-
5376	4800	4925	968	snmpgetattack
23317	12431	4925	968	snmpgetattack
20312	4800	4925	968	-
23317	5938	4925	968	-
5376	4800	4925	973	snmpgetattack
23317	12431	4925	973	snmpgetattack
20312	4800	4925	973	-
23317	5938	4925	973	-
23317	5938	4925	978	-
20312	4800	4925	978	-
23317	12431	4925	978	snmpgetattack
5376	4800	4925	978	snmpgetattack
20312	4800	4925	983	-
23317	12431	4925	983	snmpgetattack
23317	5938	4925	983	-
5376	4800	4925	983	snmpgetattack
4390	8452	4925	986	warez
3957	587	4925	987	-
12985	22715	4925	987	warez
12985	22715	4925	987	warez
23317	12431	4925	988	snmpgetattack
20312	4800	4925	988	-
23317	5938	4925	988	-
5376	4800	4925	988	snmpgetattack
5376	4800	4925	993	snmpgetattack
23317	12431	4925	993	snmpgetattack
23317	5938	4925	993	-
20312	4800	4925	993	-
23317	12431	4925	998	snmpgetattack
20312	4800	4925	998	-
23317	5938	4925	998	-
5376	4800	4925	998	snmpgetattack
5376	4800	4925	1003	snmpgetattack
23317	12431	4925	1003	snmpgetattack
20312	4800	4925	1003	-
23317	5938	4925	1003	-
23317	12431	4925	1008	snmpgetattack
20312	4800	4925	1008	-
23317	5938	4925	1008	-
5376	4800	4925	1008	snmpgetattack
23317	12431	4925	1013	snmpgetattack
23317	5938	4925	1013	-
5376	4800	4925	1013	snmpgetattack
20312	4800	4925	1013	-
5376	4800	4925	1018	snmpgetattack
23317	12431	4925	1018	snmpgetattack
20312	4800	4925	1018	-
23317	5938	4925	1018	-
5376	4800	4925	1023	snmpgetattack
23317	12431	4925	1023	snmpgetattack
20312	4800	4925	1023	-
23317	5938	4925	1023	-
5376	4800	42190	1028	snmpgetattack
23317	12431	42190	1028	snmpgetattack
20312	4800	42190	1028	-
23317	5938	42190	1028	-
5376	4800	42190	1033	snmpgetattack
23317	12431	42190	1033	snmpgetattack
20312	4800	42190	1034	-
23317	5938	42190	1034	-
5376	4800	42190	1038	snmpgetattack
23317	12431	42190	1038	snmpgetattack
20312	4800	42190	1039	-
23317	5938	42190	1039	-
5376	4800	42190	1043	snmpgetattack
23317	12431	42190	1043	snmpgetattack
20312	4800	42190	1044	-
23317	5938	42190	1044	-
5376	4800	42190	1048	snmpgetattack
23317	12431	42190	1048	snmpgetattack
20312	4800	42190	1049	-
23317	5938	42190	1049	-
5376	4800	42190	1053	snmpgetattack
23317	12431	42190	1053	snmpgetattack
20312	4800	42190	1054	-
23317	5938	42190	1054	-
5376	4800	42190	1059	snmpgetattack
23317	12431	42190	1059	snmpgetattack
20312	4800	42190	1059	-
23317	5938	42190	1059	-
5376	4800	42190	1064	snmpgetattack
23317	12431	42190	1064	snmpgetattack
20312	4800	42190	1064	-
23317	5938	42190	1064	-
5376	4800	42190	1069	snmpgetattack
23317	12431	42190	1069	snmpgetattack
20312	4800	42190	1069	-
23317	5938	42190	1069	-
5376	4800	42190	1074	snmpgetattack
23317	12431	42190	1074	snmpgetattack
20312	4800	42190	1074	-
23317	5938	42190	1074	-
5376	4800	42190	1079	snmpgetattack
23317	12431	42190	1079	snmpgetattack
20312	4800	42190	1079	-
23317	5938	42190	1079	-
5376	4800	2084	1084	snmpgetattack
23317	12431	2084	1084	snmpgetattack
20312	4800	2084	1084	-
23317	5938	2084	1084	-
5376	4800	2084	1089	snmpgetattack
23317	12431	2084	1089	snmpgetattack
20312	4800	2084	1089	-
23317	5938	2084	1089	-
5376	4800	2084	1094	snmpgetattack
23317	12431	2084	1094	snmpgetattack
20312	4800	2084	1094	-
23317	5938	2084	1094	-
5376	4800	2084	1099	snmpgetattack
23317	12431	2084	1099	snmpgetattack
20312	4800	2084	1099	-
23317	5938	2084	1099	-
5376	4800	2084	1104	snmpgetattack
23317	12431	2084	1104	snmpgetattack
20312	4800	2084	1104	-
23317	5938	2084	1104	-
5376	4800	2084	1109	snmpgetattack
23317	12431	2084	1109	snmpgetattack
20312	4800	2084	1109	-
23317	5938	2084	1109	-
5376	4800	2084	1114	snmpgetattack
23317	12431	2084	1114	snmpgetattack
20312	4800	2084	1114	-
23317	5938	2084	1114	-
23317	5938	2084	1119	-
20312	4800	2084	1119	-
23317	12431	2084	1119	snmpgetattack
5376	4800	2084	1119	snmpgetattack
23317	12431	2084	1124	snmpgetattack
20312	4800	2084	1124	-
23317	5938	2084	1124	-
5376	4800	2084	1124	snmpgetattack
23317	12431	2084	1129	snmpgetattack
20312	4800	2084	1129	-
23317	5938	2084	1129	-
5376	4800	2084	1129	snmpgetattack
5376	4800	2084	1134	snmpgetattack
23317	12431	2084	1134	snmpgetattack
20312	4800	2084	1134	-
23317	5938	2084	1134	-
5376	4800	2084	1139	snmpgetattack
23317	12431	2084	1139	snmpgetattack
23317	5938	2084	1139	-
20312	4800	2084	1139	-
23317	12431	7187	1144	snmpgetattack
20312	4800	7187	1144	-
23317	5938	7187	1144	-
5376	4800	7187	1144	snmpgetattack
5376	4800	7187	1149	snmpgetattack
23317	12431	7187	1149	snmpgetattack
20312	4800	7187	1149	-
23317	5938	7187	1149	-
23317	12431	7187	1154	snmpgetattack
20312	4800	7187	1154	-
23317	5938	7187	1154	-
5376	4800	7187	1154	snmpgetattack
5376	4800	7187	1159	snmpgetattack
23317	12431	7187	1159	snmpgetattack
20312	4800	7187	1160	-
23317	5938	7187	1160	-
5376	4800	7187	1164	snmpgetattack
23317	12431	7187	1164	snmpgetattack
23317	5938	7187	1165	-
20312	4800	7187	1165	-
5376	4800	7187	1169	snmpgetattack
23317	12431	7187	1169	snmpgetattack
20312	4800	7187	1170	-
23317	5938	7187	1170	-
23317	12431	7187	1174	snmpgetattack
5376	4800	7187	1174	snmpgetattack
23317	5938	7187	1175	-
20312	4800	7187	1175	-
23317	12431	7187	1179	snmpgetattack
5376	4800	7187	1179	snmpgetattack
23317	5938	7187	1180	-
20312	4800	7187	1180	-
5376	4800	7187	1185	snmpgetattack
23317	12431	7187	1185	snmpgetattack
20312	4800	7187	1185	-
23317	5938	7187	1185	-
5376	4800	7187	1190	snmpgetattack
23317	12431	7187	1190	snmpgetattack
20312	4800	7187	1190	-
23317	5938	7187	1190	-
23317	12431	7187	1195	snmpgetattack
20312	4800	7187	1195	-
23317	5938	7187	1195	-
5376	4800	7187	1195	snmpgetattack
5376	4800	7187	1200	snmpgetattack
23317	12431	7187	1200	snmpgetattack
23317	5938	7187	1200	-
20312	4800	7187	1200	-
5376	4800	436	1205	snmpgetattack
23317	12431	436	1205	snmpgetattack
20312	4800	436	1205	-
23317	5938	436	1205	-
5376	4800	436	1210	snmpgetattack
23317	12431	436	1210	snmpgetattack
20312	4800	436	1210	-
23317	5938	436	1210	-
23317	12431	436	1215	snmpgetattack
20312	4800	436	1215	-
23317	5938	436	1215	-
5376	4800	436	1215	snmpgetattack
20312	4800	436	1220	-
23317	5938	436	1220	-
5376	4800	436	1220	snmpgetattack
23317	12431	436	1220	snmpgetattack
5376	4800	436	1225	snmpgetattack
23317	12431	436	1225	snmpgetattack
20312	4800	436	1225	-
23317	5938	436	1225	-
20312	4800	436	1230	-
5376	4800	436	1230	snmpgetattack
23317	12431	436	1230	snmpgetattack
23317	5938	436	1230	-
23317	5938	436	1235	-
20312	4800	436	1235	-
23317	12431	436	1235	snmpgetattack
5376	4800	436	1235	snmpgetattack
23317	5938	436	1240	-
5376	4800	436	1240	snmpgetattack
23317	12431	436	1240	snmpgetattack
20312	4800	436	1240	-
5376	4800	436	1245	snmpgetattack
23317	12431	436	1245	snmpgetattack
23317	5938	436	1245	-
20312	4800	436	1245	-
23317	12431	436	1250	snmpgetattack
23317	5938	436	1250	-
20312	4800	436	1250	-
5376	4800	436	1250	snmpgetattack
23317	12431	436	1255	snmpgetattack
5376	4800	436	1255	snmpgetattack
20312	4800	436	1255	-
23317	5938	436	1255	-
5376	4800	436	1260	snmpgetattack
23317	12431	436	1260	snmpgetattack
20312	4800	436	1260	-
23317	5938	436	1260	-
23317	5938	4456	1265	-
20312	4800	4456	1265	-
5376	4800	4456	1265	snmpgetattack
23317	12431	4456	1265	snmpgetattack
5376	4800	4456	1270	snmpgetattack
23317	12431	4456	1270	snmpgetattack
23317	5938	4456	1271	-
20312	4800	4456	1271	-
5376	4800	4456	1275	snmpgetattack
23317	12431	4456	1275	snmpgetattack
23317	5938	4456	1276	-
20312	4800	4456	1276	-
23317	12431	4456	1280	snmpgetattack
5376	4800	4456	1280	snmpgetattack
20312	4800	4456	1281	-
23317	5938	4456	1281	-
5376	4800	4456	1285	snmpgetattack
23317	12431	4456	1285	snmpgetattack
20312	4800	4456	1286	-
23317	5938	4456	1286	-
5376	4800	4456	1290	snmpgetattack
23317	12431	4456	1290	snmpgetattack
23317	5938	4456	1291	-
20312	4800	4456	1291	-
23317	12431	4456	1295	snmpgetattack
5376	4800	4456	1295	snmpgetattack
20312	4800	4456	1296	-
23317	5938	4456	1296	-
5376	4800	4456	1301	snmpgetattack
23317	12431	4456	1301	snmpgetattack
20312	4800	4456	1301	-
23317	5938	4456	1301	-
23317	5938	4456	1306	-
5376	4800	4456	1306	snmpgetattack
23317	12431	4456	1306	snmpgetattack
20312	4800	4456	1306	-
23317	12431	4456	1311	snmpgetattack
20312	4800	4456	1311	-
23317	5938	4456	1311	-
5376	4800	4456	1311	snmpgetattack
23317	5938	4456	1316	-
5376	4800	4456	1316	snmpgetattack
23317	12431	4456	1316	snmpgetattack
20312	4800	4456	1316	-
23317	5938	4456	1321	-
20312	4800	4456	1321	-
23317	12431	4456	1321	snmpgetattack
5376	4800	4456	1321	snmpgetattack
23317	5938	15697	1326	-
20312	4800	15697	1326	-
23317	12431	15697	1326	snmpgetattack
5376	4800	15697	1326	snmpgetattack
20312	4800	15697	1331	-
23317	5938	15697	1331	-
23317	12431	15697	1331	snmpgetattack
5376	4800	15697	1331	snmpgetattack
5376	4800	15697	1336	snmpgetattack
23317	12431	15697	1336	snmpgetattack
20312	4800	15697	1336	-
23317	5938	15697	1336	-
23317	5938	15697	1341	-
5376	4800	15697	1341	snmpgetattack
23317	12431	15697	1341	snmpgetattack
20312	4800	15697	1341	-
23317	12431	15697	1346	snmpgetattack
20312	4800	15697	1346	-
23317	5938	15697	1346	-
5376	4800	15697	1346	snmpgetattack
23317	5938	15697	1351	-
20312	4800	15697	1351	-
5376	4800	15697	1351	snmpgetattack
23317	12431	15697	1351	snmpgetattack
23317	5938	15697	1356	-
20312	4800	15697	1356	-
23317	12431	15697	1356	snmpgetattack
5376	4800	15697	1356	snmpgetattack
23317	5938	15697	1361	-
20312	4800	15697	1361	-
5376	4800	15697	1361	snmpgetattack
23317	12431	15697	1361	snmpgetattack
9708	8452	15697	1365	warez
12985	21075	15697	1366	warez
12985	21075	15697	1366	warez
23317	5938	15697	1371	-
20312	4800	15697	1371	-
5376	4800	15697	1371	snmpgetattack
23317	12431	15697	1371	snmpgetattack
5376	4800	15697	1376	snmpgetattack
23317	12431	15697	1376	snmpgetattack
20312	4800	15697	1376	-
23317	5938	15697	1376	-
5376	4800	15697	1381	snmpgetattack
23317	12431	15697	1381	snmpgetattack
20312	4800	15697	1381	-
23317	5938	15697	1381	-
23317	12431	11967	1386	snmpgetattack
5376	4800	11967	1386	snmpgetattack
23317	5938	11967	1387	-
20312	4800	11967	1387	-
5376	4800	11967	1391	snmpgetattack
23317	12431	11967	1391	snmpgetattack
20312	4800	11967	1392	-
23317	5938	11967	1392	-
5376	4800	11967	1396	snmpgetattack
23317	12431	11967	1396	snmpgetattack
20312	4800	11967	1397	-
23317	5938	11967	1397	-
23317	12431	11967	1401	snmpgetattack
5376	4800	11967	1401	snmpgetattack
23317	5938	11967	1402	-
20312	4800	11967	1402	-
23317	12431	11967	1406	snmpgetattack
5376	4800	11967	1406	snmpgetattack
20312	4800	11967	1407	-
23317	5938	11967	1407	-
5376	4800	11967	1411	snmpgetattack
23317	12431	11967	1411	snmpgetattack
20312	4800	11967	1412	-
23317	5938	11967	1412	-
5376	4800	11967	1416	snmpgetattack
23317	12431	11967	1416	snmpgetattack
23317	5938	11967	1417	-
20312	4800	11967	1417	-
23317	5938	11967	1422	-
20312	4800	11967	1422	-
5376	4800	11967	1422	snmpgetattack
23317	12431	11967	1422	snmpgetattack
20312	4800	11967	1427	-
23317	12431	11967	1427	snmpgetattack
23317	5938	11967	1427	-
5376	4800	11967	1427	snmpgetattack
23317	5938	11967	1432	-
5376	4800	11967	1432	snmpgetattack
23317	12431	11967	1432	snmpgetattack
20312	4800	11967	1432	-
23317	5938	11967	1437	-
20312	4800	11967	1437	-
5376	4800	11967	1437	snmpgetattack
23317	12431	11967	1437	snmpgetattack
20312	4800	11967	1442	-
23317	12431	11967	1442	snmpgetattack
5376	4800	11967	1442	snmpgetattack
23317	5938	11967	1442	-
23317	882	6029	1444	-
15394	4800	6029	1444	-
5376	4800	6029	1447	snmpgetattack
23317	12431	6029	1447	snmpgetattack
20312	4800	6029	1447	-
23317	5938	6029	1447	-
23317	5938	6029	1452	-
5376	4800	6029	1452	snmpgetattack
23317	12431	6029	1452	snmpgetattack
20312	4800	6029	1452	-
20312	4800	6029	1457	-
23317	12431	6029	1457	snmpgetattack
23317	5938	6029	1457	-
5376	4800	6029	1457	snmpgetattack
5376	4800	6029	1462	snmpgetattack
23317	12431	6029	1462	snmpgetattack
20312	4800	6029	1462	-
23317	5938	6029	1462	-
5376	4800	6029	1467	snmpgetattack
23317	12431	6029	1467	snmpgetattack
20312	4800	6029	1467	-
23317	5938	6029	1467	-
20312	4800	6029	1472	-
23317	5938	6029	1472	-
23317	12431	6029	1472	snmpgetattack
5376	4800	6029	1472	snmpgetattack
5376	4800	6029	1477	snmpgetattack
23317	12431	6029	1477	snmpgetattack
20312	4800	6029	1477	-
23317	5938	6029	1477	-
5376	4800	6029	1482	snmpgetattack
23317	12431	6029	1482	snmpgetattack
20312	4800	6029	1482	-
23317	5938	6029	1482	-
23317	5938	6029	1487	-
20312	4800	6029	1487	-
5376	4800	6029	1487	snmpgetattack
23317	12431	6029	1487	snmpgetattack
23317	5938	6029	1492	-
20312	4800	6029	1492	-
5376	4800	6029	1492	snmpgetattack
23317	12431	6029	1492	snmpgetattack
23317	5938	6029	1497	-
23317	12431	6029	1497	snmpgetattack
20312	4800	6029	1497	-
5376	4800	6029	1497	snmpgetattack
23317	5938	6029	1502	-
5376	4800	6029	1502	snmpgetattack
23317	12431	6029	1502	snmpgetattack
20312	4800	6029	1502	-
23317	12431	30252	1507	snmpgetattack
20312	4800	30252	1507	-
23317	5938	30252	1507	-
5376	4800	30252	1507	snmpgetattack
5376	4800	30252	1512	snmpgetattack
23317	12431	30252	1512	snmpgetattack
23317	5938	30252	1513	-
20312	4800	30252	1513	-
23317	12431	30252	1517	snmpgetattack
5376	4800	30252	1517	snmpgetattack
20312	4800	30252	1518	-
23317	5938	30252	1518	-
23317	12431	30252	1522	snmpgetattack
5376	4800	30252	1522	snmpgetattack
20312	4800	30252	1523	-
23317	5938	30252	1523	-
23317	12431	30252	1527	snmpgetattack
5376	4800	30252	1527	snmpgetattack
20312	4800	30252	1528	-
23317	5938	30252	1528	-
5376	4800	30252	1532	snmpgetattack
23317	12431	30252	1532	snmpgetattack
20312	4800	30252	1533	-
23317	5938	30252	1533	-
23317	12431	30252	1537	snmpgetattack
5376	4800	30252	1537	snmpgetattack
20312	4800	30252	1538	-
23317	5938	30252	1538	-
5376	4800	30252	1542	snmpgetattack
23317	12431	30252	1542	snmpgetattack
20312	4800	30252	1543	-
23317	5938	30252	1543	-
3957	15394	30252	1547	-
23317	5938	30252	1548	-
20312	4800	30252	1548	-
5376	4800	30252	1548	snmpgetattack
23317	12431	30252	1548	snmpgetattack
23317	12431	30252	1553	snmpgetattack
23317	5938	30252	1553	-
5376	4800	30252	1553	snmpgetattack
20312	4800	30252	1553	-
20312	4800	30252	1558	-
5376	4800	30252	1558	snmpgetattack
23317	12431	30252	1558	snmpgetattack
23317	5938	30252	1558	-
5376	4800	30252	1563	snmpgetattack
23317	12431	30252	1563	snmpgetattack
20312	4800	30252	1563	-
23317	5938	30252	1563	-
20312	4800	15402	1568	-
23317	5938	15402	1568	-
5376	4800	15402	1568	snmpgetattack
23317	12431	15402	1568	snmpgetattack
23317	5938	15402	1573	-
5376	4800	15402	1573	snmpgetattack
23317	12431	15402	1573	snmpgetattack
20312	4800	15402	1573	-
23317	5938	15402	1578	-
5376	4800	15402	1578	snmpgetattack
23317	12431	15402	1578	snmpgetattack
20312	4800	15402	1578	-
20312	4800	15402	1583	-
23317	12431	15402	1583	snmpgetattack
5376	4800	15402	1583	snmpgetattack
23317	5938	15402	1583	-
5376	4800	15402	1588	snmpgetattack
23317	12431	15402	1588	snmpgetattack
20312	4800	15402	1588	-
23317	5938	15402	1588	-
23317	5938	15402	1593	-
5376	4800	15402	1593	snmpgetattack
23317	12431	15402	1593	snmpgetattack
20312	4800	15402	1593	-
20312	4800	15402	1598	-
23317	5938	15402	1598	-
5376	4800	15402	1598	snmpgetattack
23317	12431	15402	1598	snmpgetattack
20312	4800	15402	1603	-
5376	4800	15402	1603	snmpgetattack
23317	12431	15402	1603	snmpgetattack
23317	5938	15402	1603	-
5376	4800	15402	1608	snmpgetattack
23317	12431	15402	1608	snmpgetattack
20312	4800	15402	1608	-
23317	5938	15402	1608	-
23317	5938	15402	1613	-
20312	4800	15402	1613	-
5376	4800	15402	1613	snmpgetattack
23317	12431	15402	1613	snmpgetattack
23317	5938	15402	1618	-
20312	4800	15402	1618	-
5376	4800	15402	1618	snmpgetattack
23317	12431	15402	1618	snmpgetattack
23317	5938	15402	1623	-
20312	4800	15402	1623	-
23317	12431	15402	1623	snmpgetattack
5376	4800	15402	1623	snmpgetattack
5376	4800	16429	1628	snmpgetattack
23317	12431	16429	1628	snmpgetattack
20312	4800	16429	1628	-
23317	5938	16429	1628	-
5376	4800	16429	1633	snmpgetattack
23317	12431	16429	1633	snmpgetattack
20312	4800	16429	1633	-
23317	5938	16429	1633	-
5376	4800	16429	1638	snmpgetattack
23317	12431	16429	1638	snmpgetattack
20312	4800	16429	1639	-
23317	5938	16429	1639	-
23317	12431	16429	1643	snmpgetattack
5376	4800	16429	1643	snmpgetattack
20312	4800	16429	1644	-
23317	5938	16429	1644	-
23317	12431	16429	1648	snmpgetattack
5376	4800	16429	1648	snmpgetattack
23317	5938	16429	1649	-
20312	4800	16429	1649	-
23317	12431	16429	1653	snmpgetattack
5376	4800	16429	1653	snmpgetattack
20312	4800	16429	1654	-
23317	5938	16429	1654	-
5376	4800	16429	1658	snmpgetattack
23317	12431	16429	1658	snmpgetattack
20312	4800	16429	1659	-
23317	5938	16429	1659	-
23317	12431	16429	1663	snmpgetattack
5376	4800	16429	1663	snmpgetattack
20312	4800	16429	1664	-
23317	5938	16429	1664	-
23317	12431	16429	1668	snmpgetattack
5376	4800	16429	1668	snmpgetattack
20312	4800	16429	1669	-
23317	5938	16429	1669	-
23317	12431	16429	1674	snmpgetattack
5376	4800	16429	1674	snmpgetattack
20312	4800	16429	1674	-
23317	5938	16429	1674	-
23317	5938	16429	1679	-
20312	4800	16429	1679	-
5376	4800	16429	1679	snmpgetattack
23317	12431	16429	1679	snmpgetattack
23317	5938	11991	1684	-
5376	4800	11991	1684	snmpgetattack
23317	12431	11991	1684	snmpgetattack
20312	4800	11991	1684	-
5376	4800	11991	1689	snmpgetattack
23317	12431	11991	1689	snmpgetattack
20312	4800	11991	1689	-
23317	5938	11991	1689	-
23317	5938	11991	1694	-
20312	4800	11991	1694	-
5376	4800	11991	1694	snmpgetattack
23317	12431	11991	1694	snmpgetattack
23317	5938	11991	1699	-
20312	4800	11991	1699	-
5376	4800	11991	1699	snmpgetattack
23317	12431	11991	1699	snmpgetattack
23317	5938	11991	1704	-
23317	12431	11991	1704	snmpgetattack
20312	4800	11991	1704	-
5376	4800	11991	1704	snmpgetattack
5376	4800	11991	1709	snmpgetattack
23317	12431	11991	1709	snmpgetattack
20312	4800	11991	1709	-
23317	5938	11991	1709	-
5376	4800	11991	1714	snmpgetattack
23317	12431	11991	1714	snmpgetattack
20312	4800	11991	1714	-
23317	5938	11991	1714	-
5376	4800	11991	1719	snmpgetattack
23317	12431	11991	1719	snmpgetattack
20312	4800	11991	1719	-
23317	5938	11991	1719	-
5376	4800	11991	1724	snmpgetattack
23317	12431	11991	1724	snmpgetattack
20312	4800	11991	1724	-
23317	5938	11991	1724	-
23317	12431	11991	1729	snmpgetattack
5376	4800	11991	1729	snmpgetattack
20312	4800	11991	1729	-
23317	5938	11991	1729	-
5376	4800	11991	1734	snmpgetattack
23317	12431	11991	1734	snmpgetattack
20312	4800	11991	1734	-
23317	5938	11991	1734	-
5376	4800	11991	1739	snmpgetattack
23317	12431	11991	1739	snmpgetattack
20312	4800	11991	1739	-
23317	5938	11991	1739	-
5376	4800	41673	1744	snmpgetattack
23317	12431	41673	1744	snmpgetattack
20312	4800	41673	1744	-
23317	5938	41673	1744	-
20312	4800	41673	1749	-
23317	5938	41673	1749	-
23317	12431	41673	1749	snmpgetattack
5376	4800	41673	1749	snmpgetattack
5376	4800	41673	1754	snmpgetattack
23317	12431	41673	1754	snmpgetattack
20312	4800	41673	1754	-
23317	5938	41673	1754	-
5376	4800	41673	1759	snmpgetattack
23317	12431	41673	1759	snmpgetattack
20312	4800	41673	1759	-
23317	5938	41673	1759	-
5376	4800	41673	1764	snmpgetattack
23317	12431	41673	1764	snmpgetattack
20312	4800	41673	1765	-
23317	5938	41673	1765	-
5376	4800	41673	1769	snmpgetattack
23317	12431	41673	1769	snmpgetattack
20312	4800	41673	1770	-
23317	5938	41673	1770	-
5376	4800	41673	1774	snmpgetattack
23317	12431	41673	1774	snmpgetattack
20312	4800	41673	1775	-
23317	5938	41673	1775	-
5376	4800	41673	1779	snmpgetattack
23317	12431	41673	1779	snmpgetattack
20312	4800	41673	1780	-
23317	5938	41673	1780	-
5376	4800	41673	1784	snmpgetattack
23317	12431	41673	1784	snmpgetattack
20312	4800	41673	1785	-
23317	5938	41673	1785	-
5376	4800	41673	1789	snmpgetattack
23317	12431	41673	1789	snmpgetattack
23317	5938	41673	1790	-
20312	4800	41673	1790	-
23317	12431	41673	1794	snmpgetattack
5376	4800	41673	1794	snmpgetattack
20312	4800	41673	1795	-
23317	5938	41673	1795	-
