4800	445	7619	0	-
4800	445	7619	0	-
19350	17696	7619	0	-
19350	17696	7619	0	-
19350	17696	7619	0	-
4800	445	7619	0	-
4800	445	7619	0	-
19350	17696	7619	0	-
4800	445	7619	0	-
19350	17696	7619	0	-
19350	17696	7619	0	-
4800	445	7619	0	-
19350	17696	7619	0	-
4800	445	7619	0	-
19350	17696	7619	0	-
4800	445	7619	0	-
19350	17696	7619	0	-
4800	445	7619	0	-
4800	445	7619	0	-
19350	17696	7619	0	-
4800	445	7619	0	-
4800	445	7619	0	-
19350	17696	7619	0	-
19350	17696	7619	0	-
19350	17696	7619	1	-
19350	17696	7619	1	-
19350	17696	7619	1	-
19350	17696	7619	1	-
19350	17696	7619	1	-
19350	17696	7619	1	-
19350	17696	7619	1	-
19350	17696	7619	1	-
19350	17696	7619	1	-
19350	17696	7619	1	-
19350	17696	7619	1	-
19350	17696	7619	1	-
4800	445	7619	1	-
4800	445	7619	1	-
19350	17696	7619	1	-
7179	2843	24191	7	-
3611	15894	24191	9	-
3611	15667	24191	10	-
7179	4981	24191	17	-
7179	16531	24191	27	-
7215	15894	24191	29	-
13993	16409	24191	29	-
19350	22710	24191	33	-
19350	10553	24191	33	-
19350	22710	24191	33	-
19350	22710	24191	33	-
7179	7268	24191	35	-
7179	9554	24191	36	-
20367	587	24191	37	-
7782	15005	24191	39	-
12332	16531	24191	39	-
4800	445	24191	43	-
4800	445	24191	43	-
4800	445	24191	43	-
4800	445	24191	43	-
4800	445	24191	43	-
4800	445	24191	43	-
4800	445	24191	43	-
4800	445	24191	43	-
4800	445	24191	43	-
4800	445	24191	43	-
4800	445	24191	43	-
4800	445	24191	43	-
4800	445	24191	43	-
4800	445	24191	43	-
7179	16332	24191	45	-
13993	16409	24191	47	-
19350	1613	24191	47	-
19350	1613	24191	48	-
19350	1613	24191	48	-
19350	1613	24191	48	-
14547	16409	8951	66	-
14547	16409	8951	66	-
14547	16409	8951	66	-
14547	16409	8951	66	-
13993	21708	8951	76	-
4800	445	8951	77	-
13993	21708	8951	79	-
4800	445	8951	79	-
4800	445	8951	80	-
4800	445	8951	80	-
4800	445	8951	80	-
4800	445	8951	80	-
4800	445	8951	80	-
4800	445	8951	80	-
4800	445	8951	80	-
4800	445	8951	80	-
4800	445	8951	80	-
4800	445	8951	80	-
4800	445	8951	80	-
13993	21708	8951	81	-
13993	21708	8951	83	-
7782	22030	8951	83	-
19603	3611	8951	84	-
19603	3611	8951	85	-
19603	3611	8951	85	-
19603	3611	8951	85	-
19603	3611	8951	85	-
7179	3611	8951	86	-
7179	3611	8951	86	-
7179	3611	8951	86	-
13993	21708	8951	86	-
7179	3611	8951	86	-
7179	3611	8951	86	-
7179	3611	8951	87	-
7179	3611	8951	87	-
13993	21708	8951	87	-
7179	3297	8951	89	-
3611	19227	8951	90	-
3611	10465	8951	90	-
3611	19227	8951	90	-
3611	19227	8951	90	-
13993	22986	8951	90	-
14547	16652	8951	94	-
14547	16652	8951	94	-
14547	1215	8951	94	-
14547	16652	8951	94	-
17624	3611	8951	100	-
17624	3611	8951	100	-
3957	15394	8951	101	-
7215	13122	8951	109	-
14547	9987	8951	111	-
14547	9987	8951	111	-
12332	16531	8951	111	-
14547	9987	8951	112	-
14547	9987	8951	112	-
14547	9987	8951	112	-
14547	9987	8951	112	-
14547	9987	8951	112	-
14547	9987	8951	112	-
14547	9987	8951	112	-
14547	9987	8951	112	-
14547	10172	8951	112	-
14547	1215	8951	112	-
14547	9987	8951	117	-
14547	9987	8951	117	-
14547	9987	8951	117	-
14547	9987	8951	117	-
14547	9987	8951	117	-
14547	9987	8951	117	-
14547	10172	8951	117	-
19603	3611	8951	117	-
14547	9987	8951	117	-
14547	9987	8951	117	-
14547	1215	8951	117	-
19603	3611	8951	117	-
19603	3611	8951	117	-
19603	3611	8951	117	-
19603	3611	8951	117	-
19603	3611	8951	117	-
19603	3611	8951	117	-
10571	3611	8951	124	-
10571	3611	8951	125	-
14547	20201	8951	125	-
14547	23317	8951	125	-
10571	3611	8951	125	-
10571	3611	8951	125	-
10571	3611	8951	125	-
10571	3611	8951	125	-
10571	3611	8951	125	-
7782	6775	41646	129	-
7782	6775	41646	129	-
7782	6775	41646	129	-
7782	6775	41646	130	-
3611	16409	41646	143	-
3611	16409	41646	143	-
3611	16409	41646	143	-
3611	16409	41646	143	-
14547	20201	41646	148	-
14547	23317	41646	148	-
14547	23317	41646	148	-
14547	20201	41646	148	-
14547	20201	41646	148	-
14547	23317	41646	148	-
14547	20201	41646	148	-
14547	23317	41646	148	-
14547	20201	41646	148	-
14547	20201	41646	148	-
19531	15894	41646	152	-
7782	22030	41646	156	-
3297	11900	41646	168	-
12332	3611	41646	171	-
12332	3611	41646	171	-
12332	3611	41646	171	-
12332	3611	41646	171	-
12332	3611	41646	171	-
12332	3611	41646	172	-
12332	3611	41646	172	-
12332	3611	41646	172	-
12332	3611	41646	172	-
13993	5938	41646	180	-
13993	21708	41646	180	-
3076	16531	41646	181	-
7179	2843	33020	186	-
7179	16332	33020	186	-
13993	17005	33020	191	-
7215	21708	33020	197	-
19603	9554	33020	199	-
7179	4981	33020	200	-
20312	16593	33020	205	-
7179	23167	33020	207	-
16409	9332	33020	207	-
7179	9554	33020	207	-
16409	3957	33020	208	-
16409	9332	33020	208	-
16409	3957	33020	208	-
16409	9332	33020	208	-
16409	3957	33020	208	-
16409	9332	33020	208	-
16409	9332	33020	208	-
16409	9332	33020	208	-
16409	9332	33020	208	-
16409	9332	33020	209	-
16409	9332	33020	209	-
16409	9332	33020	209	-
16409	9332	33020	209	-
16409	9332	33020	209	-
16409	3957	33020	209	-
16409	9332	33020	209	-
16409	9332	33020	209	-
16409	9332	33020	209	-
16409	9332	33020	209	-
16409	9332	33020	209	-
16409	9332	33020	209	-
3611	16409	33020	211	-
3611	16409	33020	212	-
3611	16409	33020	212	-
3611	16409	33020	212	-
3611	16409	33020	212	-
3611	16409	33020	212	-
3611	16409	33020	212	-
3611	16409	33020	212	-
3611	16409	33020	212	-
3611	16409	33020	212	-
3611	16409	33020	212	-
3611	16409	33020	212	-
3611	16409	33020	212	-
10429	5938	33020	214	-
10429	15894	33020	214	-
10429	19531	33020	216	-
14547	10553	33020	220	-
14547	22710	33020	221	-
14547	22710	33020	221	-
14547	22710	33020	221	-
14547	1215	33020	221	-
16409	6195	33020	223	-
16409	9332	33020	223	-
16409	9332	33020	223	-
16409	9332	33020	223	-
16409	9332	33020	223	-
16409	9332	33020	223	-
16409	9332	33020	223	-
16409	9332	33020	223	-
16409	9332	33020	223	-
16409	9332	33020	223	-
10571	14437	33020	226	-
3076	14437	33020	234	-
3076	16531	33020	234	-
7179	3611	33020	235	-
3957	587	33020	235	-
7179	3611	33020	235	-
7179	3611	33020	235	-
7179	3611	33020	235	-
7179	3611	33020	235	-
7179	3611	33020	235	-
7179	3611	33020	235	-
12332	4981	33020	242	-
3297	1001	34600	254	-
3611	17005	34600	256	-
12332	3611	34600	259	-
12332	3611	34600	259	-
12332	3611	34600	259	-
12332	3611	34600	259	-
12332	3611	34600	259	-
12332	3611	34600	259	-
12332	3611	34600	259	-
3611	16409	34600	266	-
3611	16409	34600	266	-
3611	16409	34600	266	-
3611	16409	34600	266	-
3611	16409	34600	266	-
3611	16409	34600	266	-
3611	16409	34600	266	-
3611	16409	34600	266	-
3611	16409	34600	267	-
3611	16409	34600	267	-
3611	16409	34600	267	-
3611	16409	34600	267	-
3611	16409	34600	267	-
17624	23167	34600	273	-
17624	4981	34600	274	-
19603	3611	34600	275	-
17624	7268	34600	276	-
19603	3297	34600	291	-
19603	7268	34600	291	-
19603	16332	34600	292	-
14547	10553	34600	296	-
14547	10553	34600	296	-
14547	10553	34600	296	-
14547	22710	34600	296	-
14547	22710	34600	296	-
14547	22710	34600	296	-
14547	22710	34600	296	-
14547	22710	34600	296	-
14547	22710	34600	296	-
14547	22710	34600	296	-
14547	22710	34600	296	-
14547	22710	34600	296	-
14547	22710	34600	297	-
14547	22710	34600	297	-
14547	22710	34600	297	-
14547	1215	34600	297	-
14547	22710	34600	297	-
4800	445	34600	302	-
4800	445	34600	302	-
4800	445	34600	302	-
4800	445	34600	302	-
4800	445	34600	302	-
4800	445	34600	302	-
4800	445	34600	302	-
4800	445	34600	302	-
4800	445	34600	302	-
16409	20312	34600	303	-
4800	445	34600	303	-
4800	445	34600	303	-
4800	445	34600	303	-
16409	20312	34600	304	-
16409	20312	34600	304	-
16409	20312	34600	304	-
16409	20312	34600	304	-
16409	20312	34600	304	-
16409	20312	34600	304	-
16409	20312	34600	304	-
16409	20312	34600	304	-
16409	20312	34600	304	-
16409	20312	34600	304	-
16409	20312	34600	304	-
16409	20312	34600	304	-
16409	20312	34600	304	-
16409	20312	34600	304	-
16409	20312	34600	304	-
16409	20312	34600	304	-
16409	20312	34600	304	-
16409	20312	34600	304	-
16409	20312	34600	305	-
16409	20312	34600	305	-
16409	20312	34600	305	-
16409	20312	34600	305	-
16409	20312	34600	305	-
16409	20312	34600	305	-
16409	20312	34600	305	-
16409	20312	34600	305	-
16409	20312	34600	305	-
16409	20312	34600	305	-
16409	20312	34600	305	-
16409	20312	34600	305	-
16409	20312	34600	305	-
16409	20312	34600	305	-
16409	20312	34600	305	-
16409	20312	34600	305	-
16409	20312	34600	305	-
16409	20312	34600	305	-
16409	20312	34600	305	-
16409	20312	34600	305	-
16409	20312	34600	305	-
16409	20312	34600	305	-
16409	20312	34600	305	-
16409	20312	34600	305	-
16409	20312	34600	305	-
16409	20312	34600	305	-
17624	3611	11850	306	-
7782	17923	11850	306	-
17624	3611	11850	306	-
7215	15667	11850	312	-
7782	12644	11850	314	-
10571	16531	11850	314	-
7782	12644	11850	314	-
14547	10553	11850	315	-
10571	16531	11850	317	-
14547	9173	11850	318	-
14547	1215	11850	319	-
14547	9173	11850	319	-
13993	1633	11850	320	-
7179	3611	11850	355	-
17624	3611	11850	357	-
882	4981	11850	357	-
13993	16409	11850	360	-
16409	20312	11850	360	-
7782	19603	11850	360	-
3611	20961	11850	360	-
7179	3611	11850	360	-
16409	20312	11850	360	-
16409	20312	11850	360	-
16409	20312	11850	360	-
17624	3611	11850	360	-
16409	20312	11850	360	-
16409	20312	11850	360	-
16409	20312	11850	360	-
3611	20961	11850	360	-
17624	3611	11850	360	-
3297	15667	11850	360	-
3611	20961	11850	360	-
16409	20312	11850	360	-
16409	20312	11850	361	-
16409	20312	11850	361	-
3611	20961	11850	361	-
17624	3611	11850	361	-
16409	20312	11850	361	-
3611	20961	11850	361	-
16409	20312	11850	361	-
3611	20961	11850	361	-
3611	20961	11850	361	-
16409	20312	11850	361	-
3611	20961	11850	361	-
16409	20312	11850	361	-
3611	20961	11850	361	-
16409	20312	11850	361	-
3611	20961	11850	361	-
17624	3611	11850	361	-
16409	20312	11850	361	-
3611	20961	11850	361	-
3611	20961	11850	361	-
3611	20961	11850	361	-
16409	20312	11850	361	-
17624	3611	11850	361	-
3611	20961	11850	361	-
16409	20312	11850	361	-
3611	20961	11850	361	-
16409	20312	11850	361	-
17624	3611	11850	361	-
16409	20312	11850	361	-
882	16531	11850	361	-
3611	20961	11850	362	-
3611	20961	11850	362	-
3611	20961	11850	362	-
3611	20961	11850	362	-
3611	20961	11850	362	-
3611	20961	11850	362	-
3611	20961	11850	362	-
3611	20961	11850	362	-
3611	20961	11850	362	-
3611	20961	11850	362	-
3611	20961	11850	362	-
3611	20961	11850	362	-
3611	20961	11850	362	-
3611	20961	11850	362	-
3611	20961	11850	362	-
3611	20961	11850	362	-
3611	20961	11850	362	-
3611	20961	11850	362	-
3611	20961	11850	362	-
14547	21409	7848	370	-
14547	20201	7848	370	-
4800	445	7848	379	-
4800	445	7848	379	-
4800	445	7848	379	-
4800	445	7848	379	-
4800	445	7848	379	-
4800	445	7848	379	-
4800	445	7848	379	-
4800	445	7848	379	-
4800	445	7848	379	-
4800	445	7848	379	-
4800	445	7848	379	-
4800	445	7848	379	-
14547	15988	7848	389	-
14547	15988	7848	389	-
14547	15988	7848	389	-
14547	15988	7848	389	-
14547	15988	7848	389	-
14547	15988	7848	389	-
10429	19531	7848	392	-
14547	1215	7848	392	-
16409	20312	7848	404	-
6775	16531	7848	404	-
16409	20312	7848	405	-
16409	20312	7848	405	-
16409	20312	7848	405	-
16409	20312	7848	405	-
16409	20312	7848	405	-
16409	20312	7848	405	-
16409	20312	7848	405	-
16409	20312	7848	405	-
16409	20312	7848	405	-
16409	20312	7848	405	-
16409	20312	7848	405	-
16409	20312	7848	405	-
16409	20312	7848	405	-
16409	20312	7848	405	-
16409	20312	7848	405	-
16409	20312	7848	405	-
16409	20312	7848	405	-
16409	20312	7848	405	-
16409	20312	7848	405	-
16409	20312	7848	405	-
16409	20312	7848	406	-
16409	20312	7848	406	-
16409	20312	7848	406	-
16409	20312	7848	406	-
16409	20312	7848	406	-
16409	20312	7848	406	-
16409	20312	7848	406	-
13993	7215	7848	407	-
13993	7215	7848	407	-
13993	7215	7848	407	-
13993	7215	7848	407	-
13993	7215	7848	407	-
13993	7215	7848	407	-
13993	7215	7848	407	-
13993	7215	7848	407	-
13993	7215	7848	407	-
16409	20312	7848	407	-
13993	7215	7848	407	-
13993	7215	7848	407	-
16409	20312	7848	408	-
16409	20312	7848	408	-
16409	20312	7848	408	-
16409	20312	7848	408	-
16409	20312	7848	408	-
16409	20312	7848	408	-
16409	20312	7848	408	-
16409	20312	7848	408	-
16409	20312	7848	408	-
16409	20312	7848	408	-
16409	20312	7848	408	-
16409	20312	7848	408	-
16409	20312	7848	408	-
16409	20312	7848	408	-
16409	20312	7848	408	-
16409	20312	7848	408	-
16409	20312	7848	409	-
16409	20312	7848	409	-
16409	20312	7848	409	-
16409	20312	7848	409	-
16409	20312	7848	409	-
16409	20312	7848	409	-
16409	20312	7848	409	-
16409	20312	7848	409	-
16409	20312	7848	409	-
16409	20312	7848	409	-
16409	20312	7848	409	-
16409	20312	7848	409	-
16409	20312	7848	409	-
16409	20312	7848	409	-
16409	20312	7848	409	-
16409	20312	7848	409	-
16409	20312	7848	409	-
16409	20312	7848	409	-
16409	20312	7848	409	-
16409	20312	7848	409	-
16409	20312	7848	409	-
16409	20312	7848	409	-
16409	20312	7848	409	-
16409	20312	7848	409	-
16409	20312	7848	409	-
16409	20312	7848	409	-
16409	20312	7848	409	-
16409	20312	7848	409	-
13993	13122	7848	412	-
13993	13122	7848	415	-
13993	13122	7848	417	-
13993	13122	7848	420	-
14547	20201	7848	421	-
14547	23317	7848	421	-
7179	3611	21505	445	-
3611	17923	21505	450	-
4800	445	21505	450	-
3611	17923	21505	450	-
3611	17923	21505	450	-
7782	19603	21505	452	-
3957	22986	21505	459	-
3957	15667	21505	459	-
4800	445	21505	460	-
4800	445	21505	460	-
4800	445	21505	460	-
4800	445	21505	460	-
4800	445	21505	460	-
4800	445	21505	460	-
4800	445	21505	460	-
4800	445	21505	460	-
4800	445	21505	460	-
4800	445	21505	460	-
4800	445	21505	460	-
13993	7215	21505	462	-
4800	2973	21505	466	-
4800	2973	21505	466	-
4800	2973	21505	466	-
4800	2973	21505	466	-
4800	2973	21505	466	-
4800	2973	21505	466	-
4800	2973	21505	466	-
4800	2973	21505	467	-
4800	2973	21505	467	-
4800	2973	21505	467	-
4800	2973	21505	467	-
11001	5938	21505	469	-
11001	22986	21505	469	-
19603	3611	21505	471	-
11001	15894	21505	472	-
11001	19834	21505	475	-
12332	3611	21505	476	-
12332	3611	21505	476	-
12332	3611	21505	477	-
12332	3611	21505	477	-
12332	3611	21505	477	-
12332	3611	21505	477	-
12332	3611	21505	477	-
11001	15667	21505	478	-
14547	12550	21505	479	-
14547	12550	21505	479	-
14547	12550	21505	479	-
14547	12550	21505	480	-
14547	12550	21505	480	-
14547	12550	21505	480	-
14547	12550	21505	480	-
14547	12550	21505	480	-
14547	12550	21505	480	-
14547	12550	21505	480	-
14547	12550	21505	480	-
14547	12550	21505	480	-
14547	12550	21505	480	-
14547	12550	21505	480	-
14547	12550	21505	480	-
14547	12550	21505	480	-
14547	12550	21505	480	-
11001	21708	21505	480	-
14547	20201	21505	482	-
14547	23317	21505	482	-
12332	16593	22361	489	-
19839	15894	22361	504	-
3611	6687	22361	504	-
20312	16593	22361	507	-
3611	22030	22361	507	-
3611	22030	22361	508	-
3611	22030	22361	508	-
3611	22030	22361	508	-
3611	22030	22361	508	-
7179	3611	22361	517	-
7215	5938	22361	520	-
7179	3611	22361	523	-
7179	3611	22361	523	-
7179	3611	22361	533	-
7179	3611	22361	533	-
7179	3611	22361	533	-
7179	3611	22361	533	-
7179	3611	22361	533	-
7179	3611	22361	533	-
7179	3611	22361	533	-
7179	3611	22361	533	-
7179	3611	22361	533	-
882	16531	22361	539	-
12332	16593	22361	541	-
7215	15894	22361	542	-
13993	19834	4933	546	-
13993	19834	4933	548	-
13993	7215	4933	548	-
16409	20312	4933	549	-
16409	20312	4933	549	-
16409	20312	4933	549	-
16409	20312	4933	549	-
16409	20312	4933	550	-
16409	20312	4933	550	-
16409	20312	4933	550	-
16409	20312	4933	550	-
16409	20312	4933	550	-
16409	20312	4933	550	-
16409	20312	4933	550	-
16409	20312	4933	550	-
16409	20312	4933	550	-
16409	20312	4933	550	-
16409	20312	4933	550	-
13993	19834	4933	550	-
16409	20312	4933	550	-
13993	19834	4933	552	-
3611	17410	4933	554	-
13993	19834	4933	554	-
13993	19834	4933	557	-
13993	19834	4933	560	-
13993	19834	4933	560	-
13993	19834	4933	560	-
13993	19834	4933	560	-
13993	19834	4933	560	-
13993	19834	4933	560	-
13993	19834	4933	560	-
13993	19834	4933	560	-
13993	19834	4933	560	-
13993	19834	4933	560	-
13993	19834	4933	560	-
13993	19834	4933	560	-
13993	19834	4933	560	-
3611	15894	4933	564	-
13993	3076	4933	567	-
13993	3076	4933	567	-
13993	3076	4933	567	-
13993	3076	4933	567	-
13993	3076	4933	567	-
13993	3076	4933	567	-
14547	6075	4933	567	-
14547	1215	4933	567	-
13993	3076	4933	567	-
13993	3076	4933	567	-
13993	3076	4933	567	-
13993	3076	4933	567	-
13993	3076	4933	567	-
13993	3076	4933	568	-
13993	3076	4933	568	-
13993	3076	4933	568	-
3611	11900	4933	568	-
13993	3076	4933	568	-
13993	3076	4933	568	-
13993	3076	4933	568	-
13993	3076	4933	568	-
13993	3076	4933	568	-
13993	3076	4933	568	-
13993	3076	4933	568	-
13993	3076	4933	568	-
13993	3076	4933	568	-
15394	4800	4933	570	-
23317	882	4933	570	-
3076	16531	4933	572	-
4800	2973	4933	575	-
4800	2973	4933	575	-
4800	2973	4933	575	-
13993	15894	4933	575	-
4800	2973	4933	576	-
20312	14437	4933	582	-
13993	3076	4933	589	-
13993	3076	4933	589	-
13993	3076	4933	589	-
13993	3076	4933	589	-
13993	3076	4933	589	-
13993	3076	4933	589	-
13993	3076	4933	590	-
13993	3076	4933	590	-
13993	3076	4933	590	-
13993	3076	4933	590	-
13993	3076	4933	590	-
13993	3076	4933	590	-
13993	3076	4933	590	-
13993	3076	4933	590	-
13993	3076	4933	590	-
13993	3076	4933	590	-
13993	3076	4933	590	-
13993	3076	4933	590	-
13993	3076	4933	590	-
13993	3076	4933	590	-
13993	3076	4933	590	-
13993	3076	4933	590	-
13993	3076	4933	590	-
13993	3076	4933	590	-
13993	3076	4933	590	-
13993	3076	4933	590	-
13993	3076	4933	590	-
13993	3076	4933	590	-
13993	3076	4933	590	-
13993	3076	4933	590	-
13993	3076	4933	590	-
13993	3076	4933	590	-
13993	3076	4933	590	-
13993	3076	4933	590	-
13993	3076	4933	590	-
3611	17410	4933	595	-
7179	3611	27408	611	-
7179	3611	27408	611	-
7179	3611	27408	611	-
7179	3611	27408	611	-
7179	3611	27408	611	-
7179	3611	27408	611	-
7179	3611	27408	611	-
882	16531	27408	625	-
12332	3611	27408	625	-
882	8452	27408	625	-
12332	3611	27408	626	-
12332	3611	27408	626	-
12332	3611	27408	626	-
12332	3611	27408	626	-
12332	3611	27408	626	-
12332	3611	27408	626	-
13993	3076	27408	629	-
13993	3076	27408	629	-
13993	3076	27408	629	-
13993	3076	27408	629	-
13993	3076	27408	629	-
13993	3076	27408	629	-
13993	3076	27408	629	-
13993	3076	27408	629	-
13993	3076	27408	629	-
13993	3076	27408	629	-
13993	3076	27408	629	-
13993	3076	27408	629	-
13993	3076	27408	629	-
13993	3076	27408	629	-
14547	23317	27408	630	-
13993	3076	27408	630	-
13993	3076	27408	630	-
13993	3076	27408	630	-
13993	3076	27408	630	-
14547	20201	27408	630	-
13993	3076	27408	630	-
14547	23317	27408	630	-
13993	3076	27408	630	-
14547	23317	27408	630	-
13993	3076	27408	630	-
14547	20201	27408	630	-
14547	20201	27408	630	-
13993	3076	27408	630	-
14547	23317	27408	630	-
13993	3076	27408	630	-
14547	20201	27408	630	-
13993	3076	27408	630	-
13993	3076	27408	630	-
13993	3076	27408	630	-
13993	3076	27408	630	-
13993	3076	27408	630	-
13993	3076	27408	630	-
13993	3076	27408	630	-
14547	20201	27408	630	-
13993	3076	27408	630	-
13993	3076	27408	630	-
13993	3076	27408	630	-
13993	3076	27408	630	-
13993	3076	27408	631	-
17624	3611	27408	631	-
13993	3076	27408	631	-
13993	3076	27408	631	-
13993	3076	27408	631	-
8048	16531	27408	631	-
17624	3611	27408	631	-
15506	19350	27408	632	-
17624	3611	27408	632	-
17624	3611	27408	632	-
17624	3611	27408	632	-
17624	3611	27408	632	-
17624	3611	27408	632	-
17624	23167	27408	632	-
13993	3076	27408	633	-
13993	3076	27408	633	-
13993	3076	27408	635	-
13993	3076	27408	635	-
13993	3076	27408	635	-
13993	3076	27408	635	-
13993	3076	27408	635	-
882	9554	27408	635	-
13993	3076	27408	636	-
13993	3076	27408	636	-
13993	3076	27408	636	-
13993	3076	27408	636	-
13993	3076	27408	636	-
13993	3076	27408	636	-
13993	3076	27408	636	-
13993	3076	27408	636	-
13993	3076	27408	636	-
13993	3076	27408	636	-
13993	3076	27408	636	-
13993	3076	27408	636	-
13993	3076	27408	636	-
13993	3076	27408	637	-
13993	3076	27408	637	-
13993	3076	27408	637	-
13993	3076	27408	637	-
13993	3076	27408	637	-
13993	3076	27408	637	-
13993	3076	27408	637	-
13993	3076	27408	637	-
13993	3076	27408	637	-
13993	3076	27408	637	-
13993	3076	27408	637	-
13993	3076	27408	637	-
13993	3076	27408	637	-
13993	3076	27408	637	-
13993	3076	27408	637	-
13993	3076	27408	637	-
13993	3076	27408	637	-
13993	3076	27408	637	-
13993	3076	27408	637	-
13993	3076	27408	637	-
13993	3076	27408	637	-
13993	3076	27408	637	-
12985	15894	27408	641	-
882	23167	27408	641	-
12985	15894	27408	644	-
882	23167	27408	648	-
3611	17410	27408	648	-
3611	17410	27408	649	-
3611	17410	27408	649	-
3611	17410	27408	649	-
3611	17410	27408	649	-
3611	17410	27408	649	-
3611	17410	27408	649	-
3611	17410	27408	649	-
3611	19834	27408	651	-
3611	1633	27408	651	-
3611	21708	27408	654	-
7782	15894	27408	655	-
7782	11900	27408	659	-
3076	23167	27408	664	-
4800	2973	45312	668	-
4800	2973	45312	668	-
4800	2973	45312	668	-
4800	2973	45312	668	-
3957	19531	45312	669	-
3957	1633	45312	669	-
16409	20312	45312	673	-
16409	20312	45312	674	-
16409	20312	45312	674	-
16409	20312	45312	674	-
16409	20312	45312	674	-
16409	20312	45312	674	-
16409	20312	45312	674	-
16409	20312	45312	674	-
16409	20312	45312	674	-
16409	20312	45312	674	-
16409	20312	45312	674	-
16409	20312	45312	674	-
16409	20312	45312	674	-
16409	20312	45312	674	-
16409	20312	45312	674	-
16409	20312	45312	674	-
16409	20312	45312	674	-
16409	20312	45312	674	-
16409	20312	45312	674	-
16409	20312	45312	674	-
16409	20312	45312	674	-
16409	20312	45312	674	-
16409	20312	45312	674	-
16409	20312	45312	674	-
16409	20312	45312	674	-
16409	20312	45312	674	-
16409	20312	45312	675	-
16409	20312	45312	675	-
16409	20312	45312	675	-
16409	20312	45312	675	-
16409	20312	45312	675	-
16409	20312	45312	675	-
16409	20312	45312	675	-
16409	20312	45312	675	-
16409	20312	45312	675	-
16409	20312	45312	675	-
16409	20312	45312	675	-
16409	20312	45312	675	-
16409	20312	45312	675	-
16409	20312	45312	675	-
16409	20312	45312	675	-
16409	20312	45312	675	-
16409	20312	45312	675	-
16409	20312	45312	675	-
16409	20312	45312	675	-
19531	1633	45312	676	-
7782	5938	45312	681	-
7782	15667	45312	681	-
13993	20312	45312	682	-
13993	20312	45312	682	-
13993	20312	45312	682	-
13993	20312	45312	682	-
13993	20312	45312	683	-
13993	20312	45312	683	-
13993	20312	45312	683	-
13993	20312	45312	683	-
13993	20312	45312	683	-
13993	20312	45312	683	-
13993	20312	45312	683	-
13993	20312	45312	683	-
13993	20312	45312	683	-
13993	20312	45312	683	-
13993	20312	45312	683	-
13993	20312	45312	683	-
13993	20312	45312	683	-
13993	20312	45312	683	-
13993	20312	45312	683	-
13993	20312	45312	683	-
13993	20312	45312	683	-
13993	20312	45312	683	-
13993	20312	45312	683	-
13993	20312	45312	683	-
13993	20312	45312	683	-
13993	20312	45312	683	-
13993	20312	45312	683	-
13993	20312	45312	683	-
13993	20312	45312	683	-
13993	20312	45312	683	-
13993	20312	45312	683	-
13993	20312	45312	683	-
13993	20312	45312	683	-
13993	20312	45312	683	-
13993	20312	45312	683	-
13993	20312	45312	683	-
13993	20312	45312	684	-
13993	20312	45312	684	-
13993	20312	45312	684	-
13993	20312	45312	684	-
13993	20312	45312	684	-
13993	20312	45312	684	-
13993	20312	45312	684	-
13993	20312	45312	684	-
13993	20312	45312	684	-
19603	3611	45312	689	-
19603	3611	45312	689	-
19603	3611	45312	689	-
19603	3611	45312	689	-
19603	3611	45312	689	-
19603	3611	45312	689	-
19603	3611	45312	689	-
3076	16593	45312	689	-
3076	16332	45312	693	-
14547	23317	45312	695	-
14547	20201	45312	695	-
14547	19531	45312	706	-
7179	3611	45312	715	-
7179	3611	45312	715	-
7179	3611	45312	715	-
7179	3611	45312	715	-
7179	3611	45312	715	-
7179	3611	45312	715	-
7179	3611	45312	715	-
19603	3611	45312	717	-
19603	3611	45312	717	-
19603	3611	45312	718	-
19603	3611	45312	718	-
19603	3611	45312	718	-
19603	3611	45312	718	-
19603	3611	45312	718	-
587	445	45312	720	-
587	445	45312	723	-
587	445	45312	723	-
587	445	45312	723	-
587	445	45312	723	-
587	445	45312	723	-
587	445	45312	723	-
587	445	45312	724	-
587	445	45312	724	-
587	445	45312	724	-
587	445	45312	724	-
587	445	45312	724	-
587	445	45312	724	-
587	445	45312	724	-
14547	14656	33036	726	-
14547	14656	33036	726	-
14547	1215	33036	726	-
14547	14656	33036	726	-
7782	19834	33036	727	-
16409	20312	33036	729	-
16409	20312	33036	729	-
16409	20312	33036	729	-
16409	20312	33036	729	-
16409	20312	33036	729	-
16409	20312	33036	730	-
16409	20312	33036	730	-
16409	20312	33036	730	-
16409	20312	33036	730	-
16409	20312	33036	730	-
16409	20312	33036	730	-
16409	20312	33036	730	-
16409	20312	33036	730	-
16409	20312	33036	730	-
16409	20312	33036	730	-
16409	20312	33036	730	-
16671	15894	33036	748	-
3611	17410	33036	767	-
3611	17410	33036	767	-
3611	17410	33036	767	-
3611	17410	33036	767	-
3611	17410	33036	767	-
3611	17410	33036	767	-
3611	17410	33036	767	-
3611	17410	33036	767	-
17624	3611	33036	777	-
17624	3611	33036	777	-
17624	3611	33036	777	-
17624	3611	33036	777	-
882	16593	33036	779	-
882	16593	33036	782	-
7179	3611	33036	783	-
7179	3611	33036	785	-
7179	3611	33036	785	-
7179	3611	33036	785	-
7179	3611	33036	785	-
7179	3611	33036	785	-
7179	3611	33036	785	-
7179	3611	33036	785	-
13993	20312	21757	786	-
13993	20312	21757	786	-
13993	20312	21757	786	-
13993	20312	21757	786	-
13993	20312	21757	786	-
4800	2973	21757	804	-
4800	2973	21757	804	-
4800	2973	21757	804	-
4800	2973	21757	804	-
13993	20312	21757	810	-
13993	3882	21757	810	-
13993	20312	21757	810	-
13993	20312	21757	810	-
13993	20312	21757	810	-
13993	3882	21757	810	-
13993	3882	21757	810	-
13993	3882	21757	810	-
13993	20312	21757	810	-
13993	20312	21757	810	-
13993	20312	21757	810	-
13993	20312	21757	810	-
587	445	21757	810	-
13993	20312	21757	810	-
16409	9332	21757	815	-
16409	9332	21757	815	-
16409	9332	21757	815	-
16409	9332	21757	815	-
19531	22986	21757	815	-
16409	9332	21757	815	-
16409	9332	21757	815	-
16409	9332	21757	816	-
16409	9332	21757	816	-
16409	9332	21757	816	-
16409	3957	21757	816	-
16409	9332	21757	816	-
16409	9332	21757	816	-
16409	9332	21757	816	-
16409	9332	21757	816	-
16409	3957	21757	816	-
16409	9332	21757	816	-
16409	3957	21757	816	-
16409	9332	21757	816	-
16409	9332	21757	816	-
16409	9332	21757	816	-
16409	9332	21757	816	-
16409	3957	21757	816	-
6775	3297	21757	819	-
6775	3461	21757	819	-
6775	9554	21757	821	-
3611	17410	21757	825	-
882	2843	21757	832	-
3611	17410	21757	832	-
3611	17410	21757	832	-
3611	17410	21757	832	-
3611	17410	21757	832	-
3611	17410	21757	832	-
3611	17410	21757	832	-
3611	17410	21757	832	-
3611	17410	21757	832	-
882	23167	21757	835	-
882	3297	21757	836	-
882	4981	21757	838	-
12985	19834	21757	840	-
882	16593	21757	840	-
3957	19834	21757	843	-
3957	15394	21757	843	-
14547	20201	21757	845	-
14547	23317	21757	845	-
587	1215	21757	845	-
14547	20201	21757	845	-
14547	20201	21757	845	-
14547	20201	21757	845	-
14547	20201	21757	845	-
14547	23317	21757	845	-
14547	20201	21757	845	-
587	1215	24891	847	-
587	1215	24891	847	-
587	1215	24891	847	-
587	1215	24891	847	-
587	1215	24891	847	-
587	1215	24891	847	-
587	1215	24891	847	-
587	1215	24891	847	-
587	1215	24891	847	-
587	1215	24891	847	-
587	1215	24891	847	-
587	1215	24891	847	-
587	1215	24891	847	-
587	1215	24891	847	-
587	1215	24891	847	-
587	1215	24891	847	-
587	1215	24891	847	-
587	1215	24891	847	-
587	1215	24891	847	-
587	1215	24891	847	-
587	1215	24891	847	-
587	1215	24891	847	-
587	1215	24891	847	-
587	1215	24891	847	-
587	1215	24891	848	-
18246	21708	24891	853	-
14547	14656	24891	855	-
14547	14656	24891	855	-
14547	1215	24891	855	-
14547	14656	24891	855	-
7179	4981	24891	867	-
7179	16593	24891	867	-
12985	19834	24891	871	-
8048	3297	24891	888	-
7179	3611	24891	889	-
882	3297	24891	898	-
13993	20312	24891	900	-
16409	6195	24891	900	-
13993	20312	24891	900	-
14547	20201	24891	900	-
14547	20201	24891	900	-
13993	20312	24891	900	-
14547	20201	24891	900	-
14547	20201	24891	900	-
13993	20312	24891	900	-
13993	20312	24891	900	-
882	16531	24891	900	-
13993	20312	24891	901	-
14547	23317	24891	901	-
13993	20312	24891	901	-
14547	20201	24891	901	-
13993	20312	24891	901	-
14547	20201	24891	901	-
13993	20312	24891	901	-
14547	20201	24891	901	-
13993	20312	24891	901	-
13993	20312	24891	901	-
13993	20312	24891	901	-
14547	20201	24891	901	-
13993	20312	24891	901	-
14547	20201	24891	901	-
13993	20312	24891	902	-
13993	20312	24891	902	-
13993	20312	24891	902	-
13993	20312	24891	902	-
13993	20312	24891	902	-
8048	2843	24891	902	-
16409	4807	24891	903	-
16409	4807	24891	903	-
16409	4807	24891	903	-
16409	4807	24891	903	-
16409	4807	24891	903	-
16409	4807	24891	903	-
16409	4807	24891	903	-
16409	3957	24891	903	-
16409	4807	24891	903	-
16409	4807	24891	903	-
16409	4807	24891	904	-
16409	4807	24891	904	-
16409	4807	24891	904	-
16409	4807	24891	904	-
16409	4807	24891	904	-
16409	4807	24891	904	-
16409	4807	24891	904	-
16409	4807	24891	904	-
16409	4807	24891	904	-
16409	4807	24891	904	-
16409	4807	24891	904	-
12332	3611	8955	906	-
12332	3611	8955	906	-
12332	3611	8955	906	-
12332	3611	8955	907	-
12332	3611	8955	907	-
8048	3461	8955	908	-
14547	10359	8955	909	-
14547	10359	8955	910	-
14547	10359	8955	910	-
14547	10359	8955	910	-
14547	10359	8955	910	-
14547	10359	8955	910	-
14547	10359	8955	910	-
14547	10359	8955	910	-
14547	10359	8955	910	-
14547	1215	8955	910	-
14547	10359	8955	910	-
14547	10359	8955	910	-
14547	10359	8955	910	-
14547	10359	8955	910	-
14547	10359	8955	910	-
8048	16531	8955	911	-
8048	7268	8955	914	-
13993	20312	8955	918	-
13993	20312	8955	918	-
13993	20312	8955	919	-
13993	20312	8955	919	-
13993	20312	8955	919	-
13993	20312	8955	919	-
13993	20312	8955	919	-
13993	20312	8955	919	-
13993	20312	8955	919	-
13993	20312	8955	919	-
13993	20312	8955	919	-
13993	20312	8955	919	-
13993	20312	8955	919	-
13993	20312	8955	919	-
13993	20312	8955	919	-
13993	20312	8955	919	-
3611	13122	8955	920	-
7215	19834	8955	922	-
4800	17005	8955	925	-
3611	19834	8955	926	-
3611	1633	8955	926	-
3611	19531	8955	929	-
13993	18701	8955	930	-
13993	18701	8955	930	-
13993	18701	8955	930	-
13993	18701	8955	930	-
3611	15667	8955	931	-
14547	19834	8955	931	-
3611	21708	8955	934	-
3076	16593	8955	935	-
14547	19834	8955	939	-
14547	9987	8955	943	-
14547	9987	8955	943	-
14547	9987	8955	943	-
14547	10172	8955	943	-
14547	9987	8955	943	-
14547	9987	8955	943	-
14547	9987	8955	943	-
14547	9987	8955	943	-
14547	9987	8955	943	-
14547	9987	8955	943	-
14547	9987	8955	943	-
3957	11900	8955	943	-
3957	1633	8955	944	-
6775	2843	8955	945	-
14547	13122	8955	946	-
14547	19834	8955	949	-
7782	13122	8955	951	-
14547	1633	8955	957	-
7782	11900	8955	959	-
14547	14656	8955	961	-
14547	14656	8955	961	-
14547	1215	8955	961	-
14547	14656	8955	961	-
7782	19531	8955	963	-
12985	19834	8955	965	-
16671	1633	5404	970	-
12985	11900	5404	971	-
12985	15667	5404	977	-
17624	8452	5404	980	-
17624	8452	5404	982	-
17624	8452	5404	984	-
17624	8452	5404	986	-
587	1215	5404	988	-
17624	3611	5404	989	-
19603	3611	5404	989	-
4800	445	5404	990	-
4800	445	5404	990	-
19603	3611	5404	990	-
4800	445	5404	990	-
4800	445	5404	990	-
4800	445	5404	990	-
17624	8452	5404	990	-
4800	445	5404	990	-
3611	17410	5404	990	-
4800	445	5404	990	-
4800	445	5404	990	-
4800	445	5404	990	-
587	1215	5404	990	-
3611	17410	5404	990	-
17624	8452	5404	990	-
4800	445	5404	990	-
12985	5938	5404	990	-
4800	445	5404	991	-
4800	445	5404	991	-
4800	445	5404	991	-
4800	445	5404	991	-
13993	9869	5404	993	-
13993	9869	5404	993	-
20312	16593	5404	993	-
13993	9869	5404	996	-
13993	9869	5404	996	-
13993	904	5404	996	-
13993	9869	5404	996	-
13993	5604	5404	999	-
13993	9869	5404	999	-
13993	9869	5404	999	-
13993	9869	5404	999	-
13993	9869	5404	999	-
13993	9869	5404	999	-
13993	9869	5404	999	-
13993	9869	5404	1000	-
19603	3611	5404	1002	-
19603	3611	5404	1002	-
13993	1633	5404	1007	-
13993	1633	5404	1012	-
13993	9869	5404	1014	-
13993	9869	5404	1014	-
13993	9869	5404	1014	-
13993	9869	5404	1014	-
13993	9869	5404	1015	-
13993	9869	5404	1015	-
14547	6180	5404	1018	-
14547	9987	5404	1021	-
14547	9987	5404	1021	-
14547	9987	5404	1021	-
14547	9987	5404	1021	-
14547	10172	5404	1021	-
14547	9987	5404	1021	-
14547	9987	5404	1021	-
14547	9987	5404	1021	-
14547	9987	5404	1021	-
3611	17410	5404	1022	-
13993	9869	18646	1027	-
13993	9869	18646	1027	-
13993	9869	18646	1027	-
13993	9869	18646	1027	-
13993	9869	18646	1027	-
13993	9869	18646	1027	-
13993	9869	18646	1027	-
3957	13122	18646	1033	-
16409	4807	18646	1039	-
16409	4807	18646	1039	-
16409	4807	18646	1039	-
16409	4807	18646	1039	-
16409	4807	18646	1039	-
16409	4807	18646	1039	-
16409	4807	18646	1039	-
16409	4807	18646	1040	-
16409	4807	18646	1040	-
16409	4807	18646	1040	-
16409	3957	18646	1040	-
16409	4807	18646	1040	-
16409	4807	18646	1040	-
16409	4807	18646	1040	-
16409	4807	18646	1040	-
16409	4807	18646	1040	-
16409	4807	18646	1040	-
16409	4807	18646	1040	-
16409	4807	18646	1040	-
16409	4807	18646	1040	-
16409	4807	18646	1040	-
3076	16531	18646	1044	-
13993	9869	18646	1047	-
3957	15394	18646	1061	-
20367	587	18646	1061	-
4800	15394	18646	1061	-
16409	4807	18646	1074	-
16409	4807	18646	1074	-
16409	4807	18646	1074	-
16409	4807	18646	1074	-
16409	4807	18646	1074	-
16409	3957	18646	1074	-
16409	4807	18646	1074	-
16409	4807	18646	1074	-
16409	4807	18646	1074	-
16409	4807	18646	1074	-
16409	4807	18646	1074	-
16409	4807	18646	1074	-
16409	4807	18646	1074	-
16409	4807	18646	1074	-
16409	4807	18646	1074	-
16409	4807	18646	1074	-
16409	4807	18646	1074	-
16409	4807	18646	1074	-
16409	4807	18646	1074	-
16409	4807	18646	1074	-
16409	4807	18646	1074	-
16409	4807	18646	1075	-
16409	4807	18646	1075	-
16409	4807	18646	1075	-
16409	4807	18646	1075	-
16409	4807	18646	1075	-
882	23167	18646	1077	-
882	2843	18646	1077	-
4800	18332	18646	1080	-
3611	137	18646	1080	-
3611	137	18646	1080	-
3611	137	18646	1080	-
3611	137	18646	1080	-
3611	137	18646	1080	-
3611	137	18646	1080	-
3611	137	18646	1080	-
3611	137	18646	1080	-
3611	137	18646	1080	-
3611	137	18646	1080	-
3611	137	18646	1080	-
3611	137	18646	1080	-
3611	137	18646	1080	-
3611	137	18646	1080	-
3611	137	18646	1080	-
3611	137	18646	1080	-
3611	137	18646	1080	-
3611	137	18646	1081	-
3611	137	18646	1081	-
3611	137	18646	1081	-
3611	137	18646	1081	-
3611	137	18646	1081	-
3611	137	18646	1081	-
3611	137	18646	1081	-
3611	137	18646	1081	-
3611	137	18646	1081	-
3611	137	18646	1081	-
3611	137	18646	1081	-
3611	137	18646	1081	-
3611	137	18646	1081	-
13993	10090	18646	1083	-
13993	10090	18646	1083	-
13993	3076	18646	1083	-
13993	3076	18646	1083	-
13993	10090	18646	1083	-
13993	3076	18646	1083	-
13993	3076	18646	1083	-
13993	3076	18646	1083	-
13993	10090	18646	1083	-
13993	3076	18646	1083	-
13993	3076	18646	1083	-
13993	3076	18646	1083	-
13993	10090	18646	1083	-
13993	3076	18646	1084	-
16671	13122	18646	1085	-
10571	16531	45249	1089	-
4800	445	45249	1093	-
4800	2422	45249	1098	-
4800	2422	45249	1098	-
4800	2422	45249	1098	-
4800	2422	45249	1098	-
4800	2422	45249	1098	-
4800	2422	45249	1098	-
4800	2422	45249	1098	-
4800	2422	45249	1098	-
4800	2422	45249	1098	-
4800	2422	45249	1098	-
4800	2422	45249	1098	-
4800	2422	45249	1099	-
4800	2422	45249	1099	-
4800	2422	45249	1099	-
4800	2422	45249	1099	-
4800	2422	45249	1099	-
4800	2422	45249	1099	-
4800	2422	45249	1099	-
4800	2422	45249	1099	-
7215	15667	45249	1105	-
587	1215	45249	1107	-
587	12149	45249	1107	-
587	12149	45249	1108	-
587	12149	45249	1108	-
587	12149	45249	1108	-
587	12149	45249	1108	-
587	12149	45249	1108	-
587	12149	45249	1108	-
587	12149	45249	1108	-
587	12149	45249	1108	-
587	12149	45249	1108	-
17624	4981	45249	1108	-
587	12149	45249	1108	-
587	12149	45249	1108	-
587	12149	45249	1108	-
587	12149	45249	1108	-
587	12149	45249	1108	-
587	12149	45249	1108	-
587	12149	45249	1108	-
587	12149	45249	1108	-
587	12149	45249	1108	-
587	12149	45249	1108	-
3611	22620	45249	1109	-
3611	22620	45249	1109	-
3611	22620	45249	1109	-
3611	22620	45249	1109	-
3611	22620	45249	1109	-
3611	22620	45249	1109	-
3611	22620	45249	1109	-
3611	22620	45249	1109	-
3611	22620	45249	1109	-
3611	22620	45249	1109	-
3611	22620	45249	1109	-
3611	22620	45249	1109	-
3611	9169	45249	1109	-
3611	22620	45249	1109	-
3611	22620	45249	1109	-
3611	22620	45249	1109	-
3611	22620	45249	1109	-
3611	22620	45249	1109	-
17624	4981	45249	1110	-
17624	4981	45249	1112	-
587	12149	45249	1114	-
587	12149	45249	1114	-
587	12149	45249	1114	-
587	12149	45249	1114	-
587	12149	45249	1114	-
587	12149	45249	1114	-
587	12149	45249	1114	-
587	12149	45249	1114	-
587	12149	45249	1114	-
587	12149	45249	1114	-
587	12149	45249	1115	-
587	12149	45249	1115	-
587	12149	45249	1115	-
587	12149	45249	1115	-
587	12149	45249	1115	-
17624	4981	45249	1116	-
882	9554	45249	1118	-
7179	3611	45249	1121	-
13993	15667	45249	1121	-
17624	16531	45249	1123	-
17624	16531	45249	1125	-
17624	16531	45249	1127	-
17624	16531	45249	1129	-
13993	3076	45249	1131	-
13993	3076	45249	1132	-
13993	3076	45249	1132	-
13993	3076	45249	1132	-
13993	3076	45249	1132	-
13993	3076	45249	1132	-
13993	3076	45249	1132	-
13993	3076	45249	1132	-
13993	3076	45249	1132	-
13993	3076	45249	1132	-
13993	3076	45249	1132	-
13993	3076	45249	1132	-
13993	3076	45249	1132	-
13993	3076	45249	1132	-
13993	3076	45249	1132	-
13993	3076	45249	1132	-
13993	3076	45249	1132	-
13993	3076	45249	1132	-
13993	3076	45249	1132	-
13993	3076	45249	1132	-
13993	3076	45249	1132	-
13993	3076	45249	1132	-
13993	3076	45249	1132	-
3076	14437	45249	1133	-
17624	16531	45249	1133	-
17624	16531	45249	1133	-
17624	3611	45249	1135	-
17624	3611	45249	1135	-
17624	3611	45249	1135	-
17624	3611	45249	1135	-
3611	22620	40654	1146	-
3611	22620	40654	1146	-
3611	9169	40654	1146	-
3611	22620	40654	1146	-
3611	22620	40654	1146	-
3611	22620	40654	1146	-
3611	22620	40654	1147	-
3611	22620	40654	1147	-
3611	22620	40654	1147	-
3611	22620	40654	1147	-
3611	22620	40654	1147	-
3611	22620	40654	1147	-
3611	22620	40654	1147	-
3611	22620	40654	1147	-
3957	587	40654	1162	-
3611	22620	40654	1166	-
587	3957	40654	1170	-
15394	4800	40654	1170	-
587	9332	40654	1170	-
16409	20961	40654	1170	-
587	9332	40654	1170	-
23317	882	40654	1170	-
587	9332	40654	1170	-
587	3957	40654	1170	-
587	3957	40654	1171	-
16409	20961	40654	1171	-
587	9332	40654	1171	-
16409	20961	40654	1171	-
587	9332	40654	1171	-
16409	20961	40654	1171	-
587	9332	40654	1171	-
16409	20961	40654	1171	-
587	9332	40654	1171	-
16409	20961	40654	1171	-
587	9332	40654	1171	-
16409	20961	40654	1171	-
587	9332	40654	1171	-
16409	20961	40654	1171	-
587	9332	40654	1171	-
16409	20961	40654	1171	-
587	9332	40654	1171	-
16409	20961	40654	1171	-
587	9332	40654	1171	-
16409	20961	40654	1171	-
587	9332	40654	1171	-
16409	20961	40654	1171	-
587	9332	40654	1171	-
16409	20961	40654	1171	-
587	9332	40654	1171	-
16409	20961	40654	1171	-
587	3957	40654	1171	-
587	9332	40654	1171	-
16409	20961	40654	1171	-
587	9332	40654	1171	-
16409	20961	40654	1171	-
587	9332	40654	1171	-
16409	20961	40654	1171	-
587	9332	40654	1171	-
16409	20961	40654	1171	-
16409	20961	40654	1171	-
16409	20961	40654	1171	-
16409	20961	40654	1172	-
16409	20961	40654	1172	-
16409	20961	40654	1172	-
16409	20961	40654	1172	-
16409	20961	40654	1172	-
16409	20961	40654	1172	-
16409	20961	40654	1172	-
16409	20961	40654	1172	-
16409	20961	40654	1172	-
16409	20961	40654	1172	-
16409	20961	40654	1172	-
16409	20961	40654	1172	-
16409	20961	40654	1172	-
16409	20961	40654	1172	-
6775	2843	40654	1173	-
13993	3076	40654	1178	-
13993	3076	40654	1179	-
13993	3076	40654	1179	-
13993	3076	40654	1179	-
13993	3076	40654	1179	-
13993	3076	40654	1179	-
13993	3076	40654	1179	-
13993	3076	40654	1179	-
13993	3076	40654	1179	-
13993	3076	40654	1179	-
13993	3076	40654	1179	-
13993	3076	40654	1179	-
13993	3076	40654	1179	-
13993	3076	40654	1179	-
13993	3076	40654	1179	-
13993	3076	40654	1179	-
13993	3076	40654	1179	-
13993	3076	40654	1179	-
13993	3076	40654	1179	-
13993	3076	40654	1179	-
13993	3076	40654	1179	-
13993	3076	40654	1179	-
13993	3076	40654	1179	-
13993	3076	40654	1179	-
13993	3076	40654	1179	-
13993	3076	40654	1180	-
13993	3076	40654	1180	-
13993	3076	40654	1180	-
13993	3076	40654	1180	-
13993	3076	40654	1180	-
13993	3076	40654	1180	-
13993	3076	40654	1180	-
13993	3076	40654	1180	-
13993	3076	40654	1180	-
13993	3076	40654	1180	-
4800	8967	40654	1183	-
4800	8967	40654	1183	-
4800	8967	40654	1183	-
4800	8967	40654	1183	-
4800	8967	40654	1183	-
4800	8967	40654	1183	-
4800	8967	40654	1183	-
4800	8967	40654	1183	-
4800	8967	40654	1183	-
4800	8967	40654	1183	-
4800	8967	40654	1183	-
4800	8967	40654	1183	-
4800	8967	40654	1183	-
4800	8967	40654	1183	-
19603	3611	40654	1187	-
19603	3611	40654	1187	-
587	6195	40654	1187	-
587	9332	40654	1187	-
19603	3611	40654	1187	-
19603	3611	40654	1187	-
19603	3611	40654	1187	-
19603	3611	40654	1187	-
19603	3611	40654	1187	-
19603	3611	40654	1187	-
14547	14656	40654	1187	-
14547	14656	40654	1187	-
14547	14656	40654	1187	-
7179	3611	40654	1195	-
7179	3611	40654	1195	-
7179	3611	40654	1195	-
7179	3611	40654	1195	-
7179	3611	40654	1195	-
7179	3611	40654	1195	-
587	9332	40654	1202	-
587	9332	40654	1202	-
587	3957	40654	1202	-
587	9332	40654	1202	-
587	9332	40654	1202	-
587	3957	40654	1202	-
587	9332	40654	1202	-
587	3957	40654	1202	-
587	3957	40654	1202	-
587	9332	40654	1202	-
587	9332	40654	1202	-
587	9332	40654	1202	-
587	9332	40654	1202	-
587	9332	40654	1202	-
587	9332	40654	1202	-
587	9332	40654	1202	-
587	9332	40654	1202	-
587	9332	40654	1202	-
587	9332	40654	1202	-
587	9332	40654	1202	-
587	9332	40654	1202	-
587	9332	40654	1202	-
19603	2843	40654	1205	-
19603	23167	17214	1209	-
19603	2843	17214	1210	-
17624	3611	17214	1219	-
17624	3611	17214	1219	-
17624	3611	17214	1219	-
17624	3611	17214	1219	-
17624	3611	17214	1219	-
17624	3611	17214	1219	-
17624	3611	17214	1219	-
20312	16531	17214	1220	-
3611	22620	17214	1224	-
3611	22620	17214	1224	-
3611	22620	17214	1224	-
3611	22620	17214	1224	-
3611	22620	17214	1224	-
3611	22620	17214	1224	-
3611	9169	17214	1224	-
3611	22620	17214	1224	-
13993	5938	17214	1225	-
3611	22620	17214	1225	-
3611	22620	17214	1225	-
3611	22620	17214	1225	-
3611	22620	17214	1225	-
3611	22620	17214	1225	-
3611	22620	17214	1225	-
3611	22620	17214	1225	-
3611	22620	17214	1225	-
3611	22620	17214	1225	-
3611	22620	17214	1225	-
13993	5938	17214	1227	-
13993	5938	17214	1229	-
13993	5938	17214	1233	-
3611	22620	17214	1241	-
12332	2843	17214	1248	-
8048	9554	17214	1252	-
7782	19834	17214	1260	-
12985	19834	17214	1260	-
882	3461	40289	1269	-
882	8452	40289	1269	-
587	6195	40289	1273	-
587	5298	40289	1273	-
587	5298	40289	1273	-
587	5298	40289	1273	-
587	5298	40289	1274	-
587	5298	40289	1274	-
587	5298	40289	1274	-
587	5298	40289	1274	-
587	5298	40289	1274	-
587	5298	40289	1274	-
587	5298	40289	1274	-
587	5298	40289	1274	-
587	5298	40289	1274	-
587	5298	40289	1274	-
587	5298	40289	1274	-
587	5298	40289	1274	-
587	5298	40289	1274	-
587	5298	40289	1274	-
882	8452	40289	1274	-
587	5298	40289	1275	-
587	5298	40289	1275	-
587	5298	40289	1275	-
587	5298	40289	1275	-
587	5298	40289	1275	-
587	5298	40289	1275	-
587	5298	40289	1275	-
13993	3076	40289	1279	-
13993	3076	40289	1279	-
13993	3076	40289	1280	-
13993	3076	40289	1280	-
13993	3076	40289	1280	-
13993	3076	40289	1280	-
13993	3076	40289	1280	-
13993	3076	40289	1280	-
13993	3076	40289	1280	-
13993	3076	40289	1280	-
13993	3076	40289	1280	-
13993	3076	40289	1280	-
13993	3076	40289	1280	-
13993	3076	40289	1280	-
13993	3076	40289	1280	-
13993	3076	40289	1280	-
13993	3076	40289	1280	-
13993	3076	40289	1280	-
13993	3076	40289	1280	-
13993	3076	40289	1280	-
13993	3076	40289	1280	-
13993	3076	40289	1280	-
13993	3076	40289	1280	-
13993	3076	40289	1280	-
13993	3076	40289	1280	-
13993	3076	40289	1280	-
13993	3076	40289	1280	-
13993	3076	40289	1280	-
13993	3076	40289	1280	-
13993	3076	40289	1280	-
13993	3076	40289	1280	-
13993	3076	40289	1280	-
13993	3076	40289	1280	-
13993	3076	40289	1280	-
13993	3076	40289	1280	-
13993	3076	40289	1281	-
4800	5167	40289	1313	-
3611	22620	40289	1315	-
4800	5167	40289	1316	-
4800	5167	40289	1316	-
4800	5167	40289	1316	-
4800	5167	40289	1316	-
4800	5167	40289	1316	-
4800	5167	40289	1316	-
4800	5167	40289	1316	-
4800	5167	40289	1317	-
4800	5167	40289	1317	-
4800	5167	40289	1317	-
4800	5167	40289	1317	-
4800	5167	40289	1317	-
4800	5167	40289	1317	-
4800	5167	40289	1317	-
4800	5167	40289	1317	-
4800	5167	40289	1317	-
4800	5167	40289	1317	-
4800	5167	40289	1317	-
4800	5167	40289	1317	-
4800	5167	40289	1317	-
14547	14656	40289	1317	-
4800	5167	40289	1317	-
4800	5167	40289	1317	-
4800	5167	40289	1317	-
4800	5167	40289	1317	-
14547	20668	40289	1320	-
14547	20668	40289	1320	-
14547	20668	40289	1320	-
14547	20668	40289	1320	-
14547	20668	40289	1320	-
14547	20668	40289	1320	-
14547	20668	40289	1320	-
14547	20668	40289	1320	-
14547	20668	40289	1321	-
14547	20668	40289	1321	-
14547	20668	40289	1321	-
14547	20668	40289	1321	-
14547	20668	40289	1321	-
14547	20668	40289	1321	-
14547	20668	40289	1321	-
14547	20668	40289	1321	-
14547	20668	40289	1321	-
14547	20668	40289	1321	-
14547	20668	40289	1321	-
14547	20668	40289	1321	-
14547	20668	40289	1321	-
14547	20668	40289	1321	-
14547	20668	20354	1348	-
14547	20668	20354	1348	-
14547	20668	20354	1348	-
14547	20668	20354	1348	-
14547	20668	20354	1348	-
14547	20668	20354	1348	-
14547	20668	20354	1348	-
14547	20668	20354	1350	-
14547	20668	20354	1350	-
14547	20668	20354	1350	-
587	5298	20354	1350	-
587	5298	20354	1350	-
14547	20668	20354	1350	-
14547	20668	20354	1350	-
14547	20668	20354	1350	-
14547	20668	20354	1350	-
14547	20495	20354	1350	-
587	5298	20354	1350	-
14547	20668	20354	1350	-
16409	23226	20354	1355	-
4800	5167	20354	1357	-
13993	3076	20354	1359	-
13993	3076	20354	1359	-
13993	3076	20354	1359	-
13993	3076	20354	1360	-
13993	3076	20354	1360	-
13993	3076	20354	1360	-
13993	3076	20354	1360	-
13993	3076	20354	1360	-
13993	3076	20354	1360	-
13993	3076	20354	1360	-
13993	3076	20354	1360	-
13993	3076	20354	1360	-
13993	3076	20354	1360	-
13993	3076	20354	1360	-
13993	3076	20354	1360	-
13993	3076	20354	1360	-
13993	3076	20354	1360	-
13993	3076	20354	1360	-
13993	3076	20354	1360	-
13993	3076	20354	1360	-
13993	3076	20354	1360	-
13993	3076	20354	1360	-
13993	3076	20354	1360	-
13993	3076	20354	1360	-
13993	3076	20354	1360	-
13993	3076	20354	1360	-
13993	3076	20354	1360	-
13993	3076	20354	1360	-
13993	3076	20354	1360	-
13993	3076	20354	1360	-
13993	3076	20354	1360	-
13993	3076	20354	1360	-
13993	3076	20354	1360	-
13993	3076	20354	1360	-
13993	3076	20354	1361	-
13993	3076	20354	1361	-
13993	3076	20354	1361	-
13993	3076	20354	1361	-
14547	9572	20354	1362	-
14547	9572	20354	1362	-
3611	22620	20354	1362	-
4800	5167	20354	1364	-
4800	5167	20354	1364	-
4800	5167	20354	1364	-
4800	5167	20354	1364	-
4800	5167	20354	1364	-
4800	5167	20354	1364	-
4800	5167	20354	1364	-
4800	5167	20354	1364	-
4800	5167	20354	1364	-
4800	5167	20354	1364	-
4800	5167	20354	1364	-
4800	5167	20354	1364	-
4800	5167	20354	1364	-
4800	5167	20354	1364	-
4800	5167	20354	1365	-
4800	5167	20354	1365	-
4800	5167	20354	1365	-
4800	5167	20354	1365	-
4800	5167	20354	1365	-
4800	5167	20354	1365	-
4800	5167	20354	1365	-
4800	5167	20354	1365	-
4800	5167	20354	1365	-
4800	5167	20354	1365	-
4800	5167	20354	1365	-
7782	1633	20354	1368	-
14547	20668	20354	1368	-
14547	20668	20354	1368	-
14547	20668	20354	1368	-
14547	20495	20354	1368	-
14547	20668	20354	1368	-
14547	20668	20354	1368	-
14547	20668	20354	1368	-
14547	20668	20354	1368	-
14547	20668	20354	1368	-
14547	20668	20354	1369	-
14547	20668	20354	1369	-
14547	14656	20354	1369	-
14547	20668	20354	1369	-
14547	20668	20354	1369	-
14547	20668	20354	1369	-
14547	20668	20354	1369	-
14547	20668	20354	1369	-
19603	3611	20354	1372	-
14547	21017	20354	1372	-
19603	3611	20354	1373	-
19603	3611	20354	1373	-
19603	3611	20354	1373	-
19603	3611	20354	1373	-
19603	3611	20354	1373	-
19603	3611	20354	1373	-
14547	21017	20354	1373	-
14547	21017	20354	1373	-
14547	21017	20354	1373	-
19603	3611	20354	1373	-
14547	21017	20354	1373	-
17624	3611	20354	1381	-
17624	3611	20354	1381	-
17624	3611	20354	1381	-
17624	3611	20354	1381	-
17624	3611	20354	1381	-
17624	3611	20354	1381	-
17624	3611	20354	1381	-
17624	3611	20354	1381	-
3611	19471	25767	1386	-
3611	19471	25767	1386	-
3611	19471	25767	1386	-
3611	19471	25767	1386	-
3611	19471	25767	1386	-
3611	19471	25767	1386	-
4800	5167	25767	1398	-
882	14437	25767	1402	-
882	16332	25767	1403	-
13993	20700	25767	1407	-
13993	20700	25767	1407	-
13993	20700	25767	1407	-
13993	20700	25767	1407	-
13993	20700	25767	1407	-
13993	20700	25767	1407	-
13993	20700	25767	1407	-
13993	20700	25767	1407	-
13993	20700	25767	1408	-
13993	20700	25767	1408	-
13993	20700	25767	1408	-
13993	20700	25767	1408	-
13993	20700	25767	1408	-
13993	20700	25767	1408	-
13993	20700	25767	1408	-
13993	20700	25767	1408	-
16409	23226	25767	1412	-
16409	23226	25767	1428	-
7179	3611	25767	1436	-
3076	16593	25767	1436	-
7179	3611	25767	1440	-
7179	3611	25767	1440	-
7179	3611	25767	1440	-
7179	3611	25767	1440	-
3611	12474	25767	1444	-
3611	12474	25767	1444	-
3076	14437	37876	1448	-
3076	23167	37876	1448	-
7179	2843	37876	1449	-
3076	2843	37876	1450	-
3297	1001	37876	1455	-
7179	3297	37876	1455	-
3611	6228	37876	1456	-
3611	6228	37876	1456	-
3611	6228	37876	1456	-
3611	6228	37876	1456	-
3611	6228	37876	1456	-
3611	6228	37876	1456	-
3611	6228	37876	1456	-
3611	6228	37876	1456	-
3611	6228	37876	1456	-
3611	6228	37876	1456	-
3611	6228	37876	1456	-
3611	6228	37876	1456	-
3076	3297	37876	1456	-
3611	6228	37876	1457	-
3611	6228	37876	1457	-
3611	6228	37876	1457	-
3611	6228	37876	1457	-
3611	6228	37876	1457	-
3611	6228	37876	1457	-
3611	6228	37876	1457	-
3611	6228	37876	1457	-
3611	6228	37876	1457	-
3611	6228	37876	1457	-
3611	6228	37876	1457	-
3611	6228	37876	1457	-
3611	6228	37876	1457	-
3611	6228	37876	1457	-
3611	6228	37876	1457	-
3611	6228	37876	1457	-
3611	6228	37876	1457	-
3611	6228	37876	1457	-
3611	6228	37876	1457	-
3611	6228	37876	1457	-
3611	6228	37876	1457	-
3611	6228	37876	1457	-
13993	20700	37876	1459	-
13993	20700	37876	1459	-
13993	20700	37876	1460	-
13993	20700	37876	1460	-
14547	14656	37876	1462	-
14547	14656	37876	1462	-
14547	14656	37876	1462	-
7179	3461	37876	1463	-
3076	3461	37876	1465	-
13993	13428	37876	1466	-
13993	20991	37876	1467	-
13993	20991	37876	1467	-
13993	20991	37876	1467	-
13993	20991	37876	1467	-
13993	20991	37876	1467	-
7179	4981	37876	1469	-
3076	16593	37876	1469	-
587	1215	37876	1470	-
587	1215	37876	1471	-
587	1215	37876	1471	-
587	1215	37876	1471	-
587	1215	37876	1471	-
587	1215	37876	1471	-
587	1215	37876	1471	-
587	1215	37876	1471	-
587	1215	37876	1471	-
587	1215	37876	1472	-
587	1215	37876	1472	-
587	1215	37876	1472	-
587	1215	37876	1472	-
587	1215	37876	1472	-
587	1215	37876	1472	-
587	1215	37876	1472	-
587	1215	37876	1472	-
587	1215	37876	1472	-
587	1215	37876	1472	-
587	1215	37876	1472	-
587	1215	37876	1472	-
587	1215	37876	1472	-
587	1215	37876	1472	-
587	1215	37876	1472	-
587	1215	37876	1473	-
587	1215	37876	1473	-
7179	16593	37876	1476	-
14547	20668	37876	1478	-
14547	20668	37876	1478	-
14547	20668	37876	1478	-
14547	20668	37876	1478	-
14547	20668	37876	1478	-
14547	20668	37876	1478	-
14547	20668	37876	1478	-
14547	20668	37876	1478	-
14547	20668	37876	1478	-
14547	20668	37876	1478	-
14547	20668	37876	1479	-
14547	20668	37876	1479	-
14547	20668	37876	1479	-
14547	20668	37876	1479	-
14547	20668	37876	1479	-
14547	20668	37876	1479	-
14547	20668	37876	1479	-
3076	9554	37876	1479	-
7179	16332	37876	1481	-
587	1215	37876	1503	-
16671	15894	16435	1508	-
11001	22986	16435	1529	-
14547	14656	16435	1530	-
14547	14656	16435	1530	-
14547	14656	16435	1530	-
14547	14656	16435	1530	-
14547	14656	16435	1530	-
14547	14656	16435	1530	-
14547	14656	16435	1530	-
14547	1059	16435	1530	-
14547	14656	16435	1530	-
16671	15667	16435	1530	-
16671	19531	16435	1531	-
13993	15811	16435	1532	-
13993	521	16435	1535	-
13993	521	16435	1535	-
13993	521	16435	1535	-
13993	15811	16435	1535	-
13993	521	16435	1535	-
13993	521	16435	1535	-
13993	521	16435	1535	-
13993	521	16435	1535	-
13993	521	16435	1535	-
13993	521	16435	1535	-
13993	15811	16435	1536	-
14547	9211	16435	1538	-
14547	9211	16435	1538	-
14547	9211	16435	1538	-
14547	9211	16435	1538	-
14547	9211	16435	1538	-
14547	9211	16435	1538	-
14547	17807	16435	1538	-
14547	9211	16435	1538	-
14547	9211	16435	1538	-
14547	9211	16435	1538	-
14547	9211	16435	1538	-
14547	9211	16435	1538	-
14547	9169	16435	1538	-
14547	9211	16435	1538	-
14547	17807	16435	1538	-
14547	9211	16435	1538	-
14547	17807	16435	1538	-
14547	9211	16435	1539	-
14547	9211	16435	1539	-
14547	9211	16435	1539	-
14547	9211	16435	1539	-
13993	8160	16435	1544	-
4800	5167	16435	1556	-
4800	5167	16435	1557	-
4800	5167	16435	1557	-
4800	5167	16435	1557	-
4800	5167	16435	1557	-
4800	5167	16435	1557	-
4800	5167	16435	1557	-
4800	5167	16435	1557	-
4800	5167	16435	1557	-
4800	5167	16435	1557	-
4800	5167	16435	1557	-
4800	5167	16435	1557	-
4800	5167	16435	1557	-
4800	5167	16435	1557	-
4800	5167	16435	1557	-
4800	5167	16435	1557	-
4800	5167	16435	1558	-
4800	5167	16435	1558	-
4800	5167	16435	1558	-
4800	5167	16435	1558	-
4800	5167	16435	1558	-
4800	5167	16435	1558	-
4800	5167	16435	1558	-
4800	5167	16435	1558	-
4800	5167	16435	1558	-
17624	2843	44532	1572	-
14547	17807	44532	1576	-
14547	17807	44532	1576	-
14547	17807	44532	1576	-
14547	17807	44532	1576	-
14547	17807	44532	1576	-
14547	17807	44532	1576	-
14547	17807	44532	1576	-
14547	17807	44532	1576	-
14547	17807	44532	1576	-
14547	17807	44532	1576	-
14547	17807	44532	1576	-
14547	9169	44532	1576	-
14547	17807	44532	1576	-
14547	17807	44532	1576	-
14547	17807	44532	1576	-
14547	17807	44532	1576	-
14547	14656	44532	1577	-
14547	17807	44532	1577	-
587	3374	44532	1579	-
587	3374	44532	1579	-
587	3374	44532	1579	-
587	3374	44532	1580	-
587	3374	44532	1580	-
587	3374	44532	1580	-
587	3374	44532	1580	-
10571	16531	44532	1581	-
13993	521	44532	1603	-
13993	521	44532	1603	-
13993	521	44532	1603	-
13993	15811	44532	1603	-
13993	521	44532	1603	-
13993	521	44532	1603	-
13993	521	44532	1603	-
13993	521	44532	1603	-
13993	521	44532	1603	-
13993	521	44532	1603	-
13993	521	44532	1603	-
13993	521	44532	1603	-
19603	3611	44532	1618	-
7179	4981	44532	1619	-
4800	445	44532	1620	-
4800	445	44532	1620	-
19603	3611	44532	1620	-
4800	445	44532	1620	-
4800	445	44532	1620	-
4800	445	44532	1620	-
19603	3611	44532	1620	-
4800	445	44532	1620	-
19603	3611	44532	1620	-
19603	3611	44532	1620	-
4800	445	44532	1620	-
19603	3611	44532	1620	-
4800	445	44532	1620	-
19603	3611	44532	1620	-
4800	445	44532	1620	-
4800	445	44532	1620	-
4800	445	44532	1620	-
4800	445	44532	1620	-
4800	445	44532	1620	-
4800	445	44532	1620	-
4800	445	44532	1621	-
14547	11816	44532	1622	-
10429	15667	44532	1624	-
3611	6228	44532	1625	-
3611	6228	44532	1625	-
3611	6228	44532	1625	-
3611	6228	44532	1625	-
3611	6228	44532	1625	-
3611	6228	44532	1625	-
3611	6228	44532	1625	-
3611	6228	44532	1625	-
3611	6228	44532	1625	-
3611	6228	44532	1625	-
3611	6228	44532	1625	-
3611	6228	44532	1625	-
3611	6228	44532	1625	-
3611	6228	44532	1625	-
3611	6228	44532	1625	-
3611	6228	44532	1625	-
3611	6228	44532	1625	-
3611	6228	44532	1625	-
3611	6228	44532	1625	-
3611	6228	44532	1625	-
3611	6228	44532	1625	-
3611	6228	44532	1625	-
3611	6228	44532	1625	-
3611	6228	42244	1626	-
3611	6228	42244	1626	-
3611	6228	42244	1626	-
17624	16332	42244	1626	-
3611	6228	42244	1626	-
3611	6228	42244	1626	-
3611	6228	42244	1626	-
3611	6228	42244	1626	-
3611	6228	42244	1626	-
3611	6228	42244	1626	-
3611	6228	42244	1626	-
3611	6228	42244	1626	-
3611	6228	42244	1626	-
3611	6228	42244	1626	-
3611	6228	42244	1626	-
3611	6228	42244	1626	-
3611	6228	42244	1626	-
17624	16332	42244	1628	-
17624	16332	42244	1630	-
17624	16332	42244	1632	-
17624	16332	42244	1635	-
17624	16332	42244	1637	-
3611	15581	42244	1637	-
3611	15581	42244	1637	-
3611	15581	42244	1637	-
3611	15581	42244	1638	-
3611	15581	42244	1638	-
3611	15581	42244	1638	-
3611	15581	42244	1638	-
3611	15581	42244	1638	-
3611	15581	42244	1638	-
3611	15581	42244	1638	-
3611	15581	42244	1638	-
3611	15581	42244	1638	-
3611	15581	42244	1638	-
3611	15581	42244	1638	-
3611	15581	42244	1638	-
3611	15581	42244	1638	-
3611	15581	42244	1638	-
3611	15581	42244	1638	-
3611	15581	42244	1638	-
3611	15581	42244	1638	-
3611	15581	42244	1638	-
3611	15581	42244	1638	-
3611	15581	42244	1638	-
3611	15581	42244	1638	-
17624	16332	42244	1640	-
17624	16332	42244	1640	-
17624	16332	42244	1640	-
17624	16332	42244	1640	-
17624	16332	42244	1640	-
17624	16332	42244	1640	-
17624	16332	42244	1640	-
17624	16332	42244	1640	-
17624	16332	42244	1640	-
17624	16332	42244	1640	-
17624	16332	42244	1640	-
17624	16332	42244	1640	-
17624	16332	42244	1640	-
17624	16332	42244	1640	-
17624	16332	42244	1640	-
17624	16332	42244	1640	-
17624	16332	42244	1640	-
17624	16332	42244	1640	-
17624	16332	42244	1640	-
17624	16332	42244	1640	-
17624	16332	42244	1640	-
17624	16332	42244	1640	-
17624	16332	42244	1640	-
17624	16332	42244	1641	-
15506	19350	42244	1643	-
4800	2422	42244	1649	-
4800	2422	42244	1649	-
4800	2422	42244	1649	-
4800	2422	42244	1649	-
4800	2422	42244	1649	-
4800	2422	42244	1649	-
4800	2422	42244	1649	-
4800	2422	42244	1649	-
4800	2422	42244	1649	-
4800	2422	42244	1649	-
4800	2422	42244	1649	-
4800	2422	42244	1649	-
4800	2422	42244	1649	-
4800	2422	42244	1649	-
19531	22986	42244	1649	-
4800	2422	42244	1649	-
4800	2422	42244	1649	-
4800	2422	42244	1649	-
4800	2422	42244	1649	-
4800	2422	42244	1649	-
19531	13122	42244	1649	-
587	5260	42244	1650	-
587	5260	42244	1650	-
587	5260	42244	1650	-
587	5260	42244	1650	-
587	5260	42244	1650	-
587	5260	42244	1650	-
587	5260	42244	1650	-
587	5260	42244	1650	-
587	5260	42244	1650	-
587	5260	42244	1650	-
587	5260	42244	1650	-
587	5260	42244	1651	-
587	5260	42244	1651	-
587	5260	42244	1651	-
587	5260	42244	1651	-
587	5260	42244	1651	-
587	5260	42244	1651	-
587	5260	42244	1651	-
587	5260	42244	1651	-
587	5260	42244	1651	-
587	5260	42244	1651	-
587	5260	42244	1651	-
587	5260	42244	1651	-
587	5260	42244	1651	-
587	5260	42244	1651	-
587	5260	42244	1651	-
587	5260	42244	1651	-
7179	3611	42244	1657	-
7179	3611	42244	1657	-
14547	17807	42244	1659	-
14547	17807	42244	1659	-
14547	17807	42244	1659	-
8048	3611	42244	1659	-
14547	17807	42244	1659	-
14547	17807	42244	1659	-
14547	17807	42244	1659	-
14547	17807	42244	1659	-
14547	17807	42244	1659	-
14547	9169	42244	1659	-
14547	9169	42244	1659	-
14547	17807	42244	1659	-
14547	17807	42244	1659	-
14547	9169	42244	1659	-
14547	17807	42244	1659	-
3076	16531	42244	1665	-
13993	22986	42244	1669	-
13993	22986	42244	1672	-
3076	16531	42244	1672	-
13993	22986	42244	1674	-
13993	521	42244	1676	-
13993	20986	42244	1676	-
13993	22986	42244	1676	-
13993	521	42244	1676	-
13993	22986	42244	1677	-
13993	521	42244	1677	-
13993	521	42244	1677	-
13993	521	42244	1677	-
13993	521	42244	1677	-
13993	22986	42244	1679	-
13993	22986	42244	1679	-
16409	23226	42244	1680	-
13993	22986	42244	1681	-
13993	22986	42244	1685	-
14547	17807	12259	1692	-
14547	17807	12259	1692	-
14547	17807	12259	1692	-
14547	17807	12259	1692	-
14547	17807	12259	1692	-
14547	17807	12259	1692	-
14547	9169	12259	1692	-
14547	17807	12259	1692	-
14547	9169	12259	1692	-
14547	17807	12259	1692	-
14547	17807	12259	1692	-
14547	11816	12259	1710	-
14547	15113	12259	1710	-
14547	15113	12259	1710	-
14547	16067	12259	1710	-
14547	11816	12259	1710	-
14547	11816	12259	1710	-
14547	15113	12259	1710	-
14547	11816	12259	1710	-
14547	11816	12259	1710	-
14547	11816	12259	1710	-
14547	11816	12259	1710	-
14547	19063	12259	1710	-
14547	11816	12259	1710	-
14547	11816	12259	1710	-
14547	11816	12259	1710	-
14547	11816	12259	1710	-
14547	11816	12259	1710	-
13993	521	12259	1722	-
13993	521	12259	1722	-
13993	4962	12259	1722	-
13993	15811	12259	1722	-
16409	17712	12259	1722	-
16409	23226	12259	1722	-
13993	521	12259	1722	-
13993	521	12259	1722	-
13993	15811	12259	1722	-
13993	521	12259	1722	-
13993	521	12259	1722	-
13993	521	12259	1722	-
13993	15811	12259	1722	-
2576	13122	12259	1729	-
8048	3611	12259	1730	-
8048	3611	12259	1731	-
2576	13122	12259	1735	-
2576	13122	12259	1735	-
2576	13122	12259	1735	-
2576	13122	12259	1735	-
3076	3461	12259	1737	-
3076	14437	12259	1738	-
7179	3611	12259	1739	-
7179	3611	12259	1739	-
7179	3611	12259	1739	-
7179	3611	12259	1739	-
7179	3611	12259	1740	-
7179	3611	12259	1740	-
7179	3611	12259	1740	-
3076	23167	12259	1741	-
14547	17807	12259	1743	-
14547	17807	12259	1743	-
14547	17807	12259	1743	-
14547	9169	12259	1743	-
14547	17807	12259	1743	-
14547	9169	12259	1743	-
14547	17807	12259	1743	-
14547	17807	12259	1743	-
14547	9169	12259	1743	-
14547	17807	12259	1744	-
14547	17807	12259	1744	-
14547	17807	12259	1744	-
14547	17807	12259	1744	-
3076	3297	12259	1744	-
19603	3611	32004	1746	-
4800	2422	32004	1747	-
4800	2422	32004	1747	-
3076	2843	32004	1747	-
4800	2422	32004	1748	-
4800	2422	32004	1748	-
4800	2422	32004	1748	-
4800	2422	32004	1748	-
4800	2422	32004	1748	-
4800	2422	32004	1748	-
4800	2422	32004	1748	-
4800	2422	32004	1748	-
4800	2422	32004	1748	-
4800	2422	32004	1748	-
4800	2422	32004	1748	-
4800	2422	32004	1748	-
19531	22986	32004	1748	-
3076	4981	32004	1750	-
3076	16531	32004	1753	-
3076	16332	32004	1757	-
12332	16593	32004	1769	-
15394	4800	32004	1770	-
23317	882	32004	1770	-
2576	13122	32004	1780	-
17624	23167	32004	1793	-
