23317	12431	32338	0	snmpgetattack
20312	4800	32338	0	-
5376	4800	32338	0	snmpgetattack
23317	5938	32338	0	-
23317	12431	37720	5	snmpgetattack
23317	5938	37720	5	-
5376	4800	37720	5	snmpgetattack
20312	4800	37720	5	-
10429	14547	37720	6	-
10429	14547	37720	7	-
10429	14547	37720	7	-
10429	14547	37720	7	-
10429	14547	37720	10	-
20312	4800	37720	10	-
10429	14547	37720	10	-
10429	14547	37720	10	-
10429	14547	37720	10	-
10429	14547	37720	10	-
10429	14547	37720	10	-
10429	14547	37720	10	-
10429	14547	37720	10	-
23317	5938	37720	10	-
10429	14547	37720	10	-
10429	8524	37720	10	-
10429	8524	37720	10	-
10429	8524	37720	10	-
10429	8524	37720	10	-
23317	12431	37720	10	snmpgetattack
5376	4800	37720	10	snmpgetattack
20312	4800	37720	15	-
23317	12431	37720	15	snmpgetattack
5376	4800	37720	15	snmpgetattack
23317	5938	37720	15	-
23317	5938	37720	20	-
5376	4800	37720	20	snmpgetattack
23317	12431	37720	20	snmpgetattack
20312	4800	37720	20	-
5376	4800	37720	25	snmpgetattack
23317	5938	37720	25	-
20312	4800	37720	25	-
23317	12431	37720	25	snmpgetattack
23317	5938	37720	30	-
5376	4800	37720	30	snmpgetattack
20312	4800	37720	30	-
23317	12431	37720	30	snmpgetattack
23317	5938	37720	35	-
5376	4800	37720	35	snmpgetattack
23317	12431	37720	35	snmpgetattack
20312	4800	37720	35	-
23317	5938	37720	40	-
5376	4800	37720	40	snmpgetattack
23317	12431	37720	40	snmpgetattack
20312	4800	37720	40	-
5376	4800	37720	45	snmpgetattack
23317	5938	37720	45	-
23317	12431	37720	45	snmpgetattack
20312	4800	37720	45	-
23317	5938	37720	50	-
20312	4800	37720	50	-
23317	12431	37720	50	snmpgetattack
5376	4800	37720	50	snmpgetattack
23317	5938	37720	55	-
5376	4800	37720	55	snmpgetattack
20312	4800	37720	55	-
23317	12431	37720	55	snmpgetattack
20312	4800	37720	60	-
23317	5938	37720	60	-
23317	12431	37720	60	snmpgetattack
5376	4800	37720	60	snmpgetattack
23317	5938	46094	65	-
20312	4800	46094	65	-
5376	4800	46094	65	snmpgetattack
23317	12431	46094	65	snmpgetattack
23317	12431	46094	70	snmpgetattack
5376	4800	46094	70	snmpgetattack
20312	4800	46094	70	-
23317	5938	46094	70	-
23317	12431	46094	75	snmpgetattack
5376	4800	46094	75	snmpgetattack
20312	4800	46094	75	-
23317	5938	46094	75	-
10429	17540	46094	80	-
10429	17540	46094	80	-
20312	4800	46094	80	-
10429	17540	46094	80	-
10429	17540	46094	80	-
10429	17540	46094	80	-
10429	17540	46094	80	-
10429	17540	46094	80	-
10429	17540	46094	80	-
10429	17540	46094	80	-
10429	17540	46094	80	-
10429	17540	46094	80	-
10429	17540	46094	80	-
23317	5938	46094	80	-
5376	4800	46094	81	snmpgetattack
23317	12431	46094	81	snmpgetattack
20312	4800	46094	85	-
23317	5938	46094	85	-
23317	12431	46094	86	snmpgetattack
5376	4800	46094	86	snmpgetattack
23317	5938	46094	90	-
20312	4800	46094	90	-
23317	12431	46094	91	snmpgetattack
5376	4800	46094	91	snmpgetattack
10429	18129	46094	93	-
10429	18129	46094	93	-
10429	18129	46094	93	-
10429	18129	46094	93	-
10429	18129	46094	93	-
10429	18129	46094	93	-
10429	18129	46094	93	-
10429	18129	46094	93	-
10429	18129	46094	93	-
10429	18129	46094	93	-
10429	18129	46094	93	-
10429	18129	46094	93	-
10429	18129	46094	93	-
10429	18129	46094	93	-
10429	18129	46094	93	-
10429	18129	46094	93	-
10429	18129	46094	93	-
10429	18129	46094	93	-
10429	18129	46094	93	-
10429	18129	46094	93	-
10429	18129	46094	93	-
10429	18129	46094	93	-
10429	18129	46094	93	-
10429	18129	46094	93	-
10429	18129	46094	93	-
10429	18129	46094	93	-
10429	18129	46094	93	-
10429	18129	46094	93	-
10429	18129	46094	93	-
10429	18129	46094	93	-
10429	18129	46094	93	-
10429	18129	46094	93	-
10429	18129	46094	93	-
23317	12431	46094	96	snmpgetattack
20312	4800	46094	96	-
23317	5938	46094	96	-
5376	4800	46094	96	snmpgetattack
23317	12431	46094	101	snmpgetattack
5376	4800	46094	101	snmpgetattack
23317	5938	46094	101	-
20312	4800	46094	101	-
20312	4800	46094	106	-
23317	5938	46094	106	-
5376	4800	46094	106	snmpgetattack
23317	12431	46094	106	snmpgetattack
23317	12431	46094	111	snmpgetattack
5376	4800	46094	111	snmpgetattack
23317	5938	46094	111	-
20312	4800	46094	111	-
23317	12431	46094	116	snmpgetattack
5376	4800	46094	116	snmpgetattack
23317	5938	46094	116	-
20312	4800	46094	116	-
5376	4800	46094	121	snmpgetattack
20312	4800	46094	121	-
23317	5938	46094	121	-
23317	12431	46094	121	snmpgetattack
23317	12431	10476	126	snmpgetattack
20312	4800	10476	126	-
23317	5938	10476	126	-
5376	4800	10476	126	snmpgetattack
20312	4800	10476	131	-
23317	5938	10476	131	-
5376	4800	10476	131	snmpgetattack
23317	12431	10476	131	snmpgetattack
23317	12431	10476	136	snmpgetattack
5376	4800	10476	136	snmpgetattack
20312	4800	10476	136	-
23317	5938	10476	136	-
23317	5938	10476	141	-
5376	4800	10476	141	snmpgetattack
23317	12431	10476	141	snmpgetattack
20312	4800	10476	141	-
23317	12431	10476	146	snmpgetattack
5376	4800	10476	146	snmpgetattack
23317	5938	10476	146	-
20312	4800	10476	146	-
23317	12431	10476	151	snmpgetattack
23317	5938	10476	151	-
5376	4800	10476	151	snmpgetattack
20312	4800	10476	151	-
20312	4800	10476	156	-
23317	12431	10476	156	snmpgetattack
5376	4800	10476	156	snmpgetattack
23317	5938	10476	156	-
20312	4800	10476	161	-
23317	12431	10476	161	snmpgetattack
5376	4800	10476	161	snmpgetattack
23317	5938	10476	161	-
23317	882	10476	165	-
15394	4800	10476	165	-
23317	5938	10476	166	-
23317	12431	10476	166	snmpgetattack
5376	4800	10476	166	snmpgetattack
20312	4800	10476	166	-
5376	4800	10476	171	snmpgetattack
23317	5938	10476	171	-
20312	4800	10476	171	-
23317	12431	10476	171	snmpgetattack
20312	4800	10476	176	-
5376	4800	10476	176	snmpgetattack
23317	5938	10476	176	-
23317	12431	10476	176	snmpgetattack
23317	12431	10476	181	snmpgetattack
20312	4800	10476	181	-
23317	5938	10476	181	-
5376	4800	10476	181	snmpgetattack
23317	5938	41731	186	-
20312	4800	41731	186	-
23317	12431	41731	186	snmpgetattack
5376	4800	41731	186	snmpgetattack
5376	4800	41731	191	snmpgetattack
23317	12431	41731	191	snmpgetattack
23317	5938	41731	191	-
20312	4800	41731	191	-
23317	5938	41731	196	-
23317	12431	41731	196	snmpgetattack
5376	4800	41731	196	snmpgetattack
20312	4800	41731	196	-
5376	4800	41731	201	snmpgetattack
23317	12431	41731	201	snmpgetattack
20312	4800	41731	201	-
23317	5938	41731	201	-
20312	4800	41731	206	-
23317	5938	41731	206	-
5376	4800	41731	207	snmpgetattack
23317	12431	41731	207	snmpgetattack
23317	5938	41731	211	-
20312	4800	41731	211	-
23317	12431	41731	212	snmpgetattack
5376	4800	41731	212	snmpgetattack
23317	12431	41731	217	snmpgetattack
23317	5938	41731	217	-
20312	4800	41731	217	-
5376	4800	41731	217	snmpgetattack
23317	12431	41731	222	snmpgetattack
5376	4800	41731	222	snmpgetattack
20312	4800	41731	222	-
23317	5938	41731	222	-
23317	5938	41731	227	-
23317	12431	41731	227	snmpgetattack
5376	4800	41731	227	snmpgetattack
20312	4800	41731	227	-
20312	4800	41731	232	-
5376	4800	41731	232	snmpgetattack
23317	12431	41731	232	snmpgetattack
23317	5938	41731	232	-
5376	4800	41731	237	snmpgetattack
23317	5938	41731	237	-
23317	12431	41731	237	snmpgetattack
20312	4800	41731	237	-
20312	4800	41731	242	-
23317	12431	41731	242	snmpgetattack
23317	5938	41731	242	-
5376	4800	41731	242	snmpgetattack
23317	5938	36690	247	-
20312	4800	36690	247	-
23317	12431	36690	247	snmpgetattack
5376	4800	36690	247	snmpgetattack
23317	5938	36690	252	-
5376	4800	36690	252	snmpgetattack
23317	12431	36690	252	snmpgetattack
20312	4800	36690	252	-
20312	4800	36690	257	-
23317	5938	36690	257	-
5376	4800	36690	257	snmpgetattack
23317	12431	36690	257	snmpgetattack
23317	5938	36690	262	-
5376	4800	36690	262	snmpgetattack
23317	12431	36690	262	snmpgetattack
20312	4800	36690	262	-
23317	5938	36690	267	-
5376	4800	36690	267	snmpgetattack
23317	12431	36690	267	snmpgetattack
20312	4800	36690	267	-
23317	12431	36690	272	snmpgetattack
20312	4800	36690	272	-
23317	5938	36690	272	-
5376	4800	36690	272	snmpgetattack
5376	4800	36690	277	snmpgetattack
20312	4800	36690	277	-
23317	5938	36690	277	-
23317	12431	36690	277	snmpgetattack
23317	5938	36690	282	-
5376	4800	36690	282	snmpgetattack
23317	12431	36690	282	snmpgetattack
20312	4800	36690	282	-
23317	5938	36690	287	-
20312	4800	36690	287	-
5376	4800	36690	287	snmpgetattack
23317	12431	36690	287	snmpgetattack
20312	4800	36690	292	-
23317	5938	36690	292	-
5376	4800	36690	292	snmpgetattack
23317	12431	36690	292	snmpgetattack
23317	12431	36690	297	snmpgetattack
20312	4800	36690	297	-
23317	5938	36690	297	-
5376	4800	36690	297	snmpgetattack
23317	5938	36690	302	-
20312	4800	36690	302	-
23317	12431	36690	302	snmpgetattack
5376	4800	36690	302	snmpgetattack
20977	8452	18504	304	warez
12985	12258	18504	305	warez
12985	12258	18504	305	warez
23317	12431	18504	307	snmpgetattack
20312	4800	18504	307	-
23317	5938	18504	307	-
5376	4800	18504	307	snmpgetattack
5376	4800	18504	312	snmpgetattack
23317	5938	18504	312	-
20312	4800	18504	312	-
23317	12431	18504	312	snmpgetattack
23317	5938	18504	317	-
5376	4800	18504	317	snmpgetattack
23317	12431	18504	317	snmpgetattack
20312	4800	18504	317	-
20312	4800	18504	322	-
23317	5938	18504	322	-
5376	4800	18504	322	snmpgetattack
23317	12431	18504	322	snmpgetattack
23317	5938	18504	327	-
20312	4800	18504	327	-
5376	4800	18504	327	snmpgetattack
23317	12431	18504	327	snmpgetattack
23317	5938	18504	332	-
20312	4800	18504	332	-
23317	12431	18504	333	snmpgetattack
5376	4800	18504	333	snmpgetattack
23317	5938	18504	337	-
20312	4800	18504	337	-
23317	12431	18504	338	snmpgetattack
5376	4800	18504	338	snmpgetattack
23317	12431	18504	343	snmpgetattack
20312	4800	18504	343	-
23317	5938	18504	343	-
5376	4800	18504	343	snmpgetattack
23317	5938	18504	348	-
5376	4800	18504	348	snmpgetattack
23317	12431	18504	348	snmpgetattack
20312	4800	18504	348	-
23317	5938	18504	353	-
5376	4800	18504	353	snmpgetattack
23317	12431	18504	353	snmpgetattack
20312	4800	18504	353	-
20312	4800	18504	358	-
23317	5938	18504	358	-
5376	4800	18504	358	snmpgetattack
23317	12431	18504	358	snmpgetattack
23317	12431	18504	363	snmpgetattack
20312	4800	18504	363	-
23317	5938	18504	363	-
5376	4800	18504	363	snmpgetattack
20312	4800	15769	368	-
5376	4800	15769	368	snmpgetattack
23317	12431	15769	368	snmpgetattack
23317	5938	15769	368	-
20312	4800	15769	373	-
23317	5938	15769	373	-
5376	4800	15769	373	snmpgetattack
23317	12431	15769	373	snmpgetattack
23317	5938	15769	378	-
5376	4800	15769	378	snmpgetattack
20312	4800	15769	378	-
23317	12431	15769	378	snmpgetattack
23317	5938	15769	383	-
5376	4800	15769	383	snmpgetattack
23317	12431	15769	383	snmpgetattack
20312	4800	15769	383	-
23317	5938	15769	388	-
5376	4800	15769	388	snmpgetattack
23317	12431	15769	388	snmpgetattack
20312	4800	15769	388	-
23317	5938	15769	393	-
5376	4800	15769	393	snmpgetattack
23317	12431	15769	393	snmpgetattack
20312	4800	15769	393	-
23317	5938	15769	398	-
5376	4800	15769	398	snmpgetattack
23317	12431	15769	398	snmpgetattack
20312	4800	15769	398	-
23317	5938	15769	403	-
5376	4800	15769	403	snmpgetattack
23317	12431	15769	403	snmpgetattack
20312	4800	15769	403	-
20312	4800	15769	408	-
23317	5938	15769	408	-
5376	4800	15769	408	snmpgetattack
23317	12431	15769	408	snmpgetattack
20312	4800	15769	413	-
23317	5938	15769	413	-
23317	12431	15769	413	snmpgetattack
5376	4800	15769	413	snmpgetattack
23317	5938	15769	418	-
5376	4800	15769	418	snmpgetattack
23317	12431	15769	418	snmpgetattack
20312	4800	15769	418	-
20312	4800	15769	423	-
23317	5938	15769	423	-
23317	12431	15769	423	snmpgetattack
5376	4800	15769	423	snmpgetattack
23317	5938	41388	428	-
5376	4800	41388	428	snmpgetattack
23317	12431	41388	428	snmpgetattack
20312	4800	41388	428	-
20312	4800	41388	433	-
23317	5938	41388	433	-
5376	4800	41388	433	snmpgetattack
23317	12431	41388	433	snmpgetattack
20312	4800	41388	438	-
23317	5938	41388	438	-
23317	12431	41388	438	snmpgetattack
5376	4800	41388	438	snmpgetattack
23317	5938	41388	443	-
5376	4800	41388	443	snmpgetattack
23317	12431	41388	443	snmpgetattack
20312	4800	41388	443	-
20312	4800	41388	448	-
23317	5938	41388	448	-
5376	4800	41388	448	snmpgetattack
23317	12431	41388	448	snmpgetattack
23317	5938	41388	453	-
20312	4800	41388	453	-
23317	12431	41388	453	snmpgetattack
5376	4800	41388	453	snmpgetattack
23317	5938	41388	458	-
20312	4800	41388	458	-
23317	12431	41388	459	snmpgetattack
5376	4800	41388	459	snmpgetattack
23317	5938	41388	463	-
20312	4800	41388	463	-
23317	12431	41388	464	snmpgetattack
5376	4800	41388	464	snmpgetattack
20312	4800	41388	469	-
23317	5938	41388	469	-
5376	4800	41388	469	snmpgetattack
23317	12431	41388	469	snmpgetattack
20312	4800	41388	474	-
23317	5938	41388	474	-
23317	12431	41388	474	snmpgetattack
5376	4800	41388	474	snmpgetattack
5376	4800	41388	479	snmpgetattack
23317	12431	41388	479	snmpgetattack
20312	4800	41388	479	-
23317	5938	41388	479	-
5376	4800	10385	484	snmpgetattack
23317	12431	10385	484	snmpgetattack
20312	4800	10385	484	-
23317	5938	10385	484	-
20312	4800	10385	489	-
5376	4800	10385	489	snmpgetattack
23317	12431	10385	489	snmpgetattack
23317	5938	10385	489	-
20312	4800	10385	494	-
23317	5938	10385	494	-
5376	4800	10385	494	snmpgetattack
23317	12431	10385	494	snmpgetattack
20312	4800	10385	499	-
23317	5938	10385	499	-
5376	4800	10385	499	snmpgetattack
23317	12431	10385	499	snmpgetattack
5376	4800	10385	504	snmpgetattack
20312	4800	10385	504	-
23317	5938	10385	504	-
23317	12431	10385	504	snmpgetattack
23317	12431	10385	509	snmpgetattack
20312	4800	10385	509	-
23317	5938	10385	509	-
5376	4800	10385	509	snmpgetattack
5376	4800	10385	514	snmpgetattack
23317	12431	10385	514	snmpgetattack
20312	4800	10385	514	-
23317	5938	10385	514	-
23317	5938	10385	520	-
20312	4800	10385	520	-
23317	12431	10385	520	snmpgetattack
5376	4800	10385	520	snmpgetattack
23317	5938	10385	525	-
20312	4800	10385	525	-
5376	4800	10385	525	snmpgetattack
23317	12431	10385	525	snmpgetattack
5376	4800	10385	530	snmpgetattack
23317	12431	10385	530	snmpgetattack
20312	4800	10385	530	-
23317	5938	10385	530	-
5376	4800	10385	535	snmpgetattack
23317	12431	10385	535	snmpgetattack
20312	4800	10385	535	-
23317	5938	10385	535	-
5376	4800	10385	540	snmpgetattack
23317	12431	10385	540	snmpgetattack
20312	4800	10385	540	-
23317	5938	10385	540	-
5376	4800	29569	545	snmpgetattack
23317	12431	29569	545	snmpgetattack
20312	4800	29569	545	-
23317	5938	29569	545	-
5376	4800	29569	550	snmpgetattack
23317	12431	29569	550	snmpgetattack
20312	4800	29569	550	-
23317	5938	29569	550	-
20312	4800	29569	555	-
23317	5938	29569	555	-
5376	4800	29569	555	snmpgetattack
23317	12431	29569	555	snmpgetattack
5376	4800	29569	560	snmpgetattack
23317	12431	29569	560	snmpgetattack
20312	4800	29569	560	-
23317	5938	29569	560	-
20312	4800	29569	565	-
23317	5938	29569	565	-
5376	4800	29569	565	snmpgetattack
23317	12431	29569	565	snmpgetattack
5376	4800	29569	570	snmpgetattack
23317	12431	29569	570	snmpgetattack
20312	4800	29569	570	-
23317	5938	29569	570	-
5376	4800	29569	575	snmpgetattack
23317	12431	29569	575	snmpgetattack
20312	4800	29569	575	-
23317	5938	29569	575	-
5376	4800	29569	580	snmpgetattack
23317	12431	29569	580	snmpgetattack
20312	4800	29569	580	-
23317	5938	29569	580	-
5376	4800	29569	586	snmpgetattack
23317	12431	29569	586	snmpgetattack
20312	4800	29569	586	-
23317	5938	29569	586	-
5376	4800	29569	591	snmpgetattack
23317	12431	29569	591	snmpgetattack
20312	4800	29569	591	-
23317	5938	29569	591	-
5376	4800	29569	596	snmpgetattack
23317	12431	29569	596	snmpgetattack
20312	4800	29569	596	-
23317	5938	29569	596	-
20312	4800	29569	601	-
23317	5938	29569	601	-
5376	4800	29569	601	snmpgetattack
23317	12431	29569	601	snmpgetattack
20312	4800	38318	606	-
23317	5938	38318	606	-
5376	4800	38318	606	snmpgetattack
23317	12431	38318	606	snmpgetattack
20312	4800	38318	611	-
23317	5938	38318	611	-
5376	4800	38318	611	snmpgetattack
23317	12431	38318	611	snmpgetattack
5376	4800	38318	616	snmpgetattack
23317	12431	38318	616	snmpgetattack
20312	4800	38318	616	-
23317	5938	38318	616	-
20312	4800	38318	621	-
23317	5938	38318	621	-
5376	4800	38318	621	snmpgetattack
23317	12431	38318	621	snmpgetattack
5376	4800	38318	626	snmpgetattack
23317	12431	38318	626	snmpgetattack
20312	4800	38318	626	-
23317	5938	38318	626	-
5376	4800	38318	631	snmpgetattack
23317	12431	38318	631	snmpgetattack
20312	4800	38318	631	-
23317	5938	38318	631	-
5376	4800	38318	636	snmpgetattack
23317	12431	38318	636	snmpgetattack
20312	4800	38318	636	-
23317	5938	38318	636	-
5376	4800	38318	641	snmpgetattack
23317	12431	38318	641	snmpgetattack
20312	4800	38318	641	-
23317	5938	38318	641	-
5376	4800	38318	646	snmpgetattack
23317	12431	38318	646	snmpgetattack
20312	4800	38318	646	-
23317	5938	38318	646	-
5376	4800	38318	651	snmpgetattack
23317	12431	38318	651	snmpgetattack
20312	4800	38318	651	-
23317	5938	38318	651	-
20312	4800	38318	656	-
23317	5938	38318	656	-
5376	4800	38318	656	snmpgetattack
23317	12431	38318	656	snmpgetattack
5376	4800	38318	661	snmpgetattack
23317	12431	38318	661	snmpgetattack
20312	4800	38318	661	-
23317	5938	38318	661	-
5376	4800	3375	667	snmpgetattack
23317	12431	3375	667	snmpgetattack
20312	4800	3375	667	-
23317	5938	3375	667	-
5376	4800	3375	672	snmpgetattack
23317	12431	3375	672	snmpgetattack
20312	4800	3375	672	-
23317	5938	3375	672	-
20312	4800	3375	677	-
23317	5938	3375	677	-
5376	4800	3375	677	snmpgetattack
23317	12431	3375	677	snmpgetattack
5376	4800	3375	682	snmpgetattack
23317	12431	3375	682	snmpgetattack
20312	4800	3375	682	-
23317	5938	3375	682	-
20312	4800	3375	687	-
23317	5938	3375	687	-
5376	4800	3375	687	snmpgetattack
23317	12431	3375	687	snmpgetattack
20312	4800	3375	692	-
23317	5938	3375	692	-
5376	4800	3375	692	snmpgetattack
23317	12431	3375	692	snmpgetattack
5376	4800	3375	697	snmpgetattack
23317	12431	3375	697	snmpgetattack
20312	4800	3375	697	-
23317	5938	3375	697	-
5376	4800	3375	702	snmpgetattack
23317	12431	3375	702	snmpgetattack
20312	4800	3375	702	-
23317	5938	3375	702	-
5376	4800	3375	707	snmpgetattack
23317	12431	3375	707	snmpgetattack
20312	4800	3375	707	-
23317	5938	3375	707	-
5376	4800	3375	712	snmpgetattack
23317	12431	3375	712	snmpgetattack
20312	4800	3375	712	-
23317	5938	3375	712	-
20312	4800	3375	717	-
23317	5938	3375	717	-
5376	4800	3375	717	snmpgetattack
23317	12431	3375	717	snmpgetattack
20312	4800	3375	722	-
23317	5938	3375	722	-
5376	4800	3375	722	snmpgetattack
23317	12431	3375	722	snmpgetattack
5376	4800	6055	727	snmpgetattack
23317	12431	6055	727	snmpgetattack
20312	4800	6055	727	-
23317	5938	6055	727	-
5376	4800	6055	732	snmpgetattack
23317	12431	6055	732	snmpgetattack
20312	4800	6055	732	-
23317	5938	6055	732	-
5376	4800	6055	737	snmpgetattack
23317	12431	6055	737	snmpgetattack
20312	4800	6055	737	-
23317	5938	6055	737	-
20312	4800	6055	742	-
23317	5938	6055	742	-
5376	4800	6055	742	snmpgetattack
23317	12431	6055	742	snmpgetattack
20312	4800	6055	748	-
23317	5938	6055	748	-
5376	4800	6055	748	snmpgetattack
23317	12431	6055	748	snmpgetattack
5376	4800	6055	753	snmpgetattack
23317	12431	6055	753	snmpgetattack
20312	4800	6055	753	-
23317	5938	6055	753	-
5376	4800	6055	758	snmpgetattack
23317	12431	6055	758	snmpgetattack
20312	4800	6055	758	-
23317	5938	6055	758	-
5376	4800	6055	763	snmpgetattack
23317	12431	6055	763	snmpgetattack
20312	4800	6055	763	-
23317	5938	6055	763	-
15394	4800	6055	765	-
23317	882	6055	765	-
5376	4800	6055	768	snmpgetattack
23317	12431	6055	768	snmpgetattack
20312	4800	6055	768	-
23317	5938	6055	768	-
5376	4800	6055	773	snmpgetattack
23317	12431	6055	773	snmpgetattack
20312	4800	6055	773	-
23317	5938	6055	773	-
20312	4800	6055	778	-
23317	5938	6055	778	-
5376	4800	6055	778	snmpgetattack
23317	12431	6055	778	snmpgetattack
20312	4800	6055	783	-
23317	5938	6055	783	-
5376	4800	6055	783	snmpgetattack
23317	12431	6055	783	snmpgetattack
20312	4800	12016	788	-
23317	5938	12016	788	-
5376	4800	12016	788	snmpgetattack
23317	12431	12016	788	snmpgetattack
20312	4800	12016	793	-
23317	5938	12016	793	-
5376	4800	12016	793	snmpgetattack
23317	12431	12016	793	snmpgetattack
20312	4800	12016	798	-
23317	5938	12016	798	-
23317	12431	12016	798	snmpgetattack
5376	4800	12016	798	snmpgetattack
20312	4800	12016	803	-
23317	5938	12016	803	-
5376	4800	12016	803	snmpgetattack
23317	12431	12016	803	snmpgetattack
5376	4800	12016	808	snmpgetattack
23317	12431	12016	808	snmpgetattack
20312	4800	12016	808	-
23317	5938	12016	808	-
5376	4800	12016	813	snmpgetattack
23317	12431	12016	813	snmpgetattack
20312	4800	12016	813	-
23317	5938	12016	813	-
20312	4800	12016	818	-
23317	5938	12016	818	-
5376	4800	12016	818	snmpgetattack
23317	12431	12016	818	snmpgetattack
3957	15394	12016	822	-
5376	4800	12016	823	snmpgetattack
23317	12431	12016	823	snmpgetattack
20312	4800	12016	823	-
23317	5938	12016	823	-
20312	4800	12016	829	-
23317	5938	12016	829	-
5376	4800	12016	829	snmpgetattack
23317	12431	12016	829	snmpgetattack
5376	4800	12016	834	snmpgetattack
23317	12431	12016	834	snmpgetattack
20312	4800	12016	834	-
23317	5938	12016	834	-
23317	5938	12016	839	-
5376	4800	12016	839	snmpgetattack
23317	12431	12016	839	snmpgetattack
20312	4800	12016	839	-
23317	5938	10223	844	-
5376	4800	10223	844	snmpgetattack
23317	12431	10223	844	snmpgetattack
20312	4800	10223	844	-
23317	5938	10223	849	-
5376	4800	10223	849	snmpgetattack
23317	12431	10223	849	snmpgetattack
20312	4800	10223	849	-
23317	5938	10223	854	-
5376	4800	10223	854	snmpgetattack
23317	12431	10223	854	snmpgetattack
20312	4800	10223	854	-
23317	12431	10223	859	snmpgetattack
20312	4800	10223	859	-
23317	5938	10223	859	-
5376	4800	10223	859	snmpgetattack
5376	4800	10223	864	snmpgetattack
20312	4800	10223	864	-
23317	5938	10223	864	-
23317	12431	10223	864	snmpgetattack
23317	5938	10223	869	-
5376	4800	10223	869	snmpgetattack
23317	12431	10223	869	snmpgetattack
20312	4800	10223	869	-
5376	4800	10223	874	snmpgetattack
23317	12431	10223	874	snmpgetattack
20312	4800	10223	874	-
23317	5938	10223	874	-
23317	12431	10223	879	snmpgetattack
20312	4800	10223	879	-
23317	5938	10223	879	-
5376	4800	10223	879	snmpgetattack
23317	12431	10223	884	snmpgetattack
5376	4800	10223	884	snmpgetattack
20312	4800	10223	884	-
23317	5938	10223	884	-
5376	4800	10223	889	snmpgetattack
23317	12431	10223	889	snmpgetattack
20312	4800	10223	889	-
23317	5938	10223	889	-
5376	4800	10223	894	snmpgetattack
23317	12431	10223	894	snmpgetattack
20312	4800	10223	894	-
23317	5938	10223	894	-
23317	5938	10223	900	-
20312	4800	10223	900	-
23317	12431	10223	900	snmpgetattack
5376	4800	10223	900	snmpgetattack
23317	5938	15164	905	-
5376	4800	15164	905	snmpgetattack
23317	12431	15164	905	snmpgetattack
20312	4800	15164	905	-
20312	4800	15164	910	-
5376	4800	15164	910	snmpgetattack
23317	12431	15164	910	snmpgetattack
23317	5938	15164	910	-
5376	4800	15164	915	snmpgetattack
23317	12431	15164	915	snmpgetattack
20312	4800	15164	915	-
23317	5938	15164	915	-
23317	5938	15164	920	-
5376	4800	15164	920	snmpgetattack
23317	12431	15164	920	snmpgetattack
20312	4800	15164	920	-
5376	4800	15164	925	snmpgetattack
23317	12431	15164	925	snmpgetattack
20312	4800	15164	925	-
23317	5938	15164	925	-
23317	5938	15164	930	-
5376	4800	15164	930	snmpgetattack
23317	12431	15164	930	snmpgetattack
20312	4800	15164	930	-
23317	12431	15164	935	snmpgetattack
20312	4800	15164	935	-
23317	5938	15164	935	-
5376	4800	15164	935	snmpgetattack
20312	4800	15164	940	-
23317	5938	15164	940	-
5376	4800	15164	940	snmpgetattack
23317	12431	15164	940	snmpgetattack
23317	12431	15164	945	snmpgetattack
20312	4800	15164	945	-
23317	5938	15164	945	-
5376	4800	15164	945	snmpgetattack
5376	4800	15164	950	snmpgetattack
23317	12431	15164	950	snmpgetattack
20312	4800	15164	950	-
23317	5938	15164	950	-
5376	4800	15164	955	snmpgetattack
23317	12431	15164	955	snmpgetattack
20312	4800	15164	955	-
23317	5938	15164	955	-
23317	5938	15164	960	-
5376	4800	15164	960	snmpgetattack
23317	12431	15164	960	snmpgetattack
20312	4800	15164	960	-
23317	5938	41043	965	-
5376	4800	41043	965	snmpgetattack
23317	12431	41043	965	snmpgetattack
20312	4800	41043	965	-
23317	12431	41043	970	snmpgetattack
5376	4800	41043	970	snmpgetattack
20312	4800	41043	970	-
23317	5938	41043	970	-
20312	4800	41043	976	-
23317	5938	41043	976	-
5376	4800	41043	976	snmpgetattack
23317	12431	41043	976	snmpgetattack
23317	12431	41043	981	snmpgetattack
20312	4800	41043	981	-
23317	5938	41043	981	-
5376	4800	41043	981	snmpgetattack
3957	587	41043	986	-
9708	8452	41043	986	warez
12985	21075	41043	988	warez
12985	21075	41043	988	warez
23317	12431	41043	991	snmpgetattack
20312	4800	41043	991	-
23317	5938	41043	991	-
5376	4800	41043	991	snmpgetattack
23317	12431	41043	996	snmpgetattack
20312	4800	41043	996	-
23317	5938	41043	996	-
5376	4800	41043	996	snmpgetattack
20312	4800	41043	1001	-
23317	12431	41043	1001	snmpgetattack
23317	5938	41043	1001	-
5376	4800	41043	1001	snmpgetattack
23317	12431	41043	1006	snmpgetattack
20312	4800	41043	1006	-
23317	5938	41043	1006	-
5376	4800	41043	1006	snmpgetattack
20312	4800	41043	1011	-
23317	5938	41043	1011	-
5376	4800	41043	1011	snmpgetattack
23317	12431	41043	1011	snmpgetattack
20312	4800	41043	1016	-
23317	5938	41043	1016	-
5376	4800	41043	1016	snmpgetattack
23317	12431	41043	1016	snmpgetattack
20312	4800	41043	1021	-
23317	5938	41043	1021	-
5376	4800	41043	1021	snmpgetattack
23317	12431	41043	1021	snmpgetattack
23317	5938	27592	1026	-
5376	4800	27592	1026	snmpgetattack
23317	12431	27592	1026	snmpgetattack
20312	4800	27592	1026	-
20312	4800	27592	1031	-
23317	5938	27592	1031	-
5376	4800	27592	1031	snmpgetattack
23317	12431	27592	1031	snmpgetattack
20312	4800	27592	1036	-
5376	4800	27592	1036	snmpgetattack
23317	5938	27592	1036	-
23317	12431	27592	1036	snmpgetattack
20312	4800	27592	1041	-
23317	5938	27592	1041	-
5376	4800	27592	1041	snmpgetattack
23317	12431	27592	1041	snmpgetattack
20312	4800	27592	1046	-
23317	5938	27592	1046	-
5376	4800	27592	1046	snmpgetattack
23317	12431	27592	1046	snmpgetattack
23317	5938	27592	1052	-
20312	4800	27592	1052	-
5376	4800	27592	1052	snmpgetattack
23317	12431	27592	1052	snmpgetattack
20312	4800	27592	1057	-
23317	5938	27592	1057	-
5376	4800	27592	1057	snmpgetattack
23317	12431	27592	1057	snmpgetattack
20312	4800	27592	1062	-
23317	5938	27592	1062	-
5376	4800	27592	1062	snmpgetattack
23317	12431	27592	1062	snmpgetattack
20312	4800	27592	1067	-
23317	5938	27592	1067	-
5376	4800	27592	1067	snmpgetattack
23317	12431	27592	1067	snmpgetattack
23317	12431	27592	1072	snmpgetattack
20312	4800	27592	1072	-
23317	5938	27592	1072	-
5376	4800	27592	1072	snmpgetattack
20312	4800	27592	1077	-
5376	4800	27592	1077	snmpgetattack
23317	5938	27592	1077	-
23317	12431	27592	1077	snmpgetattack
23317	12431	27592	1082	snmpgetattack
20312	4800	27592	1082	-
23317	5938	27592	1082	-
5376	4800	27592	1082	snmpgetattack
23317	5938	6641	1087	-
20312	4800	6641	1087	-
5376	4800	6641	1087	snmpgetattack
23317	12431	6641	1087	snmpgetattack
20312	4800	6641	1092	-
23317	5938	6641	1092	-
5376	4800	6641	1092	snmpgetattack
23317	12431	6641	1092	snmpgetattack
23317	12431	6641	1097	snmpgetattack
20312	4800	6641	1097	-
23317	5938	6641	1097	-
5376	4800	6641	1097	snmpgetattack
5376	4800	6641	1102	snmpgetattack
20312	4800	6641	1102	-
23317	12431	6641	1102	snmpgetattack
23317	5938	6641	1102	-
23317	5938	6641	1107	-
5376	4800	6641	1107	snmpgetattack
23317	12431	6641	1107	snmpgetattack
20312	4800	6641	1107	-
23317	5938	6641	1112	-
5376	4800	6641	1112	snmpgetattack
23317	12431	6641	1112	snmpgetattack
20312	4800	6641	1112	-
5376	4800	6641	1118	snmpgetattack
23317	12431	6641	1118	snmpgetattack
20312	4800	6641	1118	-
23317	5938	6641	1118	-
23317	12431	6641	1123	snmpgetattack
20312	4800	6641	1123	-
23317	5938	6641	1123	-
5376	4800	6641	1123	snmpgetattack
5376	4800	6641	1128	snmpgetattack
23317	12431	6641	1128	snmpgetattack
20312	4800	6641	1128	-
23317	5938	6641	1128	-
5376	4800	6641	1133	snmpgetattack
23317	12431	6641	1133	snmpgetattack
20312	4800	6641	1133	-
23317	5938	6641	1133	-
5376	4800	6641	1138	snmpgetattack
23317	12431	6641	1138	snmpgetattack
23317	5938	6641	1138	-
20312	4800	6641	1138	-
23317	5938	6641	1143	-
20312	4800	6641	1143	-
23317	12431	6641	1143	snmpgetattack
5376	4800	6641	1143	snmpgetattack
23317	5938	448	1148	-
20312	4800	448	1148	-
5376	4800	448	1148	snmpgetattack
23317	12431	448	1148	snmpgetattack
5376	4800	448	1153	snmpgetattack
23317	12431	448	1153	snmpgetattack
20312	4800	448	1153	-
23317	5938	448	1153	-
5376	4800	448	1158	snmpgetattack
23317	12431	448	1158	snmpgetattack
20312	4800	448	1158	-
23317	5938	448	1158	-
23317	5938	448	1163	-
5376	4800	448	1163	snmpgetattack
23317	12431	448	1163	snmpgetattack
20312	4800	448	1163	-
20312	4800	448	1169	-
23317	5938	448	1169	-
5376	4800	448	1169	snmpgetattack
23317	12431	448	1169	snmpgetattack
5376	4800	448	1174	snmpgetattack
23317	12431	448	1174	snmpgetattack
20312	4800	448	1174	-
23317	5938	448	1174	-
5376	4800	448	1179	snmpgetattack
23317	12431	448	1179	snmpgetattack
20312	4800	448	1179	-
23317	5938	448	1179	-
23317	5938	448	1184	-
20312	4800	448	1184	-
5376	4800	448	1184	snmpgetattack
23317	12431	448	1184	snmpgetattack
23317	5938	448	1189	-
20312	4800	448	1189	-
5376	4800	448	1189	snmpgetattack
23317	12431	448	1189	snmpgetattack
20312	4800	448	1194	-
23317	5938	448	1194	-
5376	4800	448	1194	snmpgetattack
23317	12431	448	1194	snmpgetattack
23317	5938	448	1199	-
5376	4800	448	1199	snmpgetattack
23317	12431	448	1199	snmpgetattack
20312	4800	448	1199	-
23317	5938	16065	1204	-
20312	4800	16065	1204	-
5376	4800	16065	1204	snmpgetattack
23317	12431	16065	1204	snmpgetattack
23317	5938	16065	1209	-
5376	4800	16065	1209	snmpgetattack
20312	4800	16065	1209	-
23317	12431	16065	1209	snmpgetattack
5376	4800	16065	1214	snmpgetattack
23317	12431	16065	1214	snmpgetattack
20312	4800	16065	1214	-
23317	5938	16065	1214	-
5376	4800	16065	1219	snmpgetattack
23317	12431	16065	1219	snmpgetattack
20312	4800	16065	1219	-
23317	5938	16065	1219	-
5376	4800	16065	1224	snmpgetattack
23317	12431	16065	1224	snmpgetattack
20312	4800	16065	1224	-
23317	5938	16065	1224	-
5376	4800	16065	1230	snmpgetattack
23317	12431	16065	1230	snmpgetattack
20312	4800	16065	1230	-
23317	5938	16065	1230	-
5376	4800	16065	1235	snmpgetattack
23317	12431	16065	1235	snmpgetattack
20312	4800	16065	1235	-
23317	5938	16065	1235	-
5376	4800	16065	1240	snmpgetattack
23317	12431	16065	1240	snmpgetattack
20312	4800	16065	1240	-
23317	5938	16065	1240	-
5376	4800	16065	1245	snmpgetattack
23317	12431	16065	1245	snmpgetattack
20312	4800	16065	1245	-
23317	5938	16065	1245	-
5376	4800	16065	1250	snmpgetattack
23317	12431	16065	1250	snmpgetattack
20312	4800	16065	1250	-
23317	5938	16065	1250	-
5376	4800	16065	1255	snmpgetattack
23317	12431	16065	1255	snmpgetattack
20312	4800	16065	1255	-
23317	5938	16065	1255	-
20312	4800	16065	1260	-
23317	5938	16065	1260	-
5376	4800	16065	1260	snmpgetattack
23317	12431	16065	1260	snmpgetattack
20312	4800	21110	1265	-
23317	5938	21110	1265	-
5376	4800	21110	1265	snmpgetattack
23317	12431	21110	1265	snmpgetattack
20312	4800	21110	1270	-
23317	5938	21110	1270	-
5376	4800	21110	1270	snmpgetattack
23317	12431	21110	1270	snmpgetattack
20312	4800	21110	1275	-
23317	5938	21110	1275	-
5376	4800	21110	1275	snmpgetattack
23317	12431	21110	1275	snmpgetattack
23317	5938	21110	1280	-
20312	4800	21110	1280	-
23317	12431	21110	1280	snmpgetattack
5376	4800	21110	1280	snmpgetattack
23317	12431	21110	1285	snmpgetattack
20312	4800	21110	1285	-
23317	5938	21110	1285	-
5376	4800	21110	1285	snmpgetattack
23317	12431	21110	1290	snmpgetattack
20312	4800	21110	1290	-
23317	5938	21110	1290	-
5376	4800	21110	1290	snmpgetattack
23317	12431	21110	1295	snmpgetattack
5376	4800	21110	1295	snmpgetattack
20312	4800	21110	1295	-
23317	5938	21110	1295	-
23317	5938	21110	1300	-
5376	4800	21110	1300	snmpgetattack
23317	12431	21110	1300	snmpgetattack
20312	4800	21110	1300	-
23317	12431	21110	1306	snmpgetattack
5376	4800	21110	1306	snmpgetattack
23317	5938	21110	1306	-
20312	4800	21110	1306	-
23317	5938	21110	1311	-
5376	4800	21110	1311	snmpgetattack
23317	12431	21110	1311	snmpgetattack
20312	4800	21110	1311	-
23317	5938	21110	1316	-
5376	4800	21110	1316	snmpgetattack
23317	12431	21110	1316	snmpgetattack
20312	4800	21110	1316	-
5376	4800	21110	1321	snmpgetattack
23317	12431	21110	1321	snmpgetattack
20312	4800	21110	1321	-
23317	5938	21110	1321	-
23317	12431	9621	1326	snmpgetattack
20312	4800	9621	1326	-
23317	5938	9621	1326	-
5376	4800	9621	1326	snmpgetattack
23317	12431	9621	1331	snmpgetattack
20312	4800	9621	1331	-
23317	5938	9621	1331	-
5376	4800	9621	1331	snmpgetattack
5376	4800	9621	1336	snmpgetattack
23317	12431	9621	1336	snmpgetattack
20312	4800	9621	1336	-
23317	5938	9621	1336	-
23317	5938	9621	1341	-
5376	4800	9621	1341	snmpgetattack
23317	12431	9621	1341	snmpgetattack
20312	4800	9621	1341	-
20312	4800	9621	1346	-
5376	4800	9621	1346	snmpgetattack
23317	5938	9621	1346	-
23317	12431	9621	1346	snmpgetattack
23317	12431	9621	1351	snmpgetattack
20312	4800	9621	1351	-
23317	5938	9621	1351	-
5376	4800	9621	1351	snmpgetattack
23317	5938	9621	1356	-
5376	4800	9621	1356	snmpgetattack
23317	12431	9621	1356	snmpgetattack
20312	4800	9621	1356	-
5376	4800	9621	1361	snmpgetattack
23317	12431	9621	1361	snmpgetattack
20312	4800	9621	1361	-
23317	5938	9621	1361	-
15394	4800	9621	1365	-
23317	882	9621	1365	-
5376	4800	9621	1366	snmpgetattack
20312	4800	9621	1366	-
23317	5938	9621	1366	-
23317	12431	9621	1366	snmpgetattack
20312	4800	9621	1371	-
23317	5938	9621	1371	-
5376	4800	9621	1371	snmpgetattack
23317	12431	9621	1371	snmpgetattack
20312	4800	9621	1376	-
23317	5938	9621	1377	-
5376	4800	9621	1377	snmpgetattack
23317	12431	9621	1377	snmpgetattack
23317	5938	9621	1382	-
20312	4800	9621	1382	-
23317	12431	9621	1382	snmpgetattack
5376	4800	9621	1382	snmpgetattack
20312	4800	30478	1387	-
23317	5938	30478	1387	-
5376	4800	30478	1387	snmpgetattack
23317	12431	30478	1387	snmpgetattack
5376	4800	30478	1392	snmpgetattack
23317	12431	30478	1392	snmpgetattack
20312	4800	30478	1392	-
23317	5938	30478	1392	-
5376	4800	30478	1397	snmpgetattack
23317	12431	30478	1397	snmpgetattack
20312	4800	30478	1397	-
23317	5938	30478	1397	-
5376	4800	30478	1402	snmpgetattack
23317	12431	30478	1402	snmpgetattack
20312	4800	30478	1402	-
23317	5938	30478	1402	-
20312	4800	30478	1407	-
23317	5938	30478	1407	-
5376	4800	30478	1407	snmpgetattack
23317	12431	30478	1407	snmpgetattack
20312	4800	30478	1412	-
23317	5938	30478	1412	-
5376	4800	30478	1412	snmpgetattack
23317	12431	30478	1412	snmpgetattack
5376	4800	30478	1417	snmpgetattack
23317	12431	30478	1417	snmpgetattack
20312	4800	30478	1417	-
23317	5938	30478	1417	-
23317	12431	30478	1422	snmpgetattack
20312	4800	30478	1422	-
23317	5938	30478	1422	-
5376	4800	30478	1422	snmpgetattack
23317	12431	30478	1427	snmpgetattack
20312	4800	30478	1427	-
23317	5938	30478	1427	-
5376	4800	30478	1427	snmpgetattack
23317	12431	30478	1432	snmpgetattack
5376	4800	30478	1432	snmpgetattack
20312	4800	30478	1432	-
23317	5938	30478	1432	-
23317	5938	30478	1437	-
5376	4800	30478	1437	snmpgetattack
23317	12431	30478	1437	snmpgetattack
20312	4800	30478	1437	-
23317	5938	30478	1442	-
20312	4800	30478	1442	-
23317	12431	30478	1442	snmpgetattack
5376	4800	30478	1442	snmpgetattack
20312	4800	39896	1447	-
5376	4800	39896	1447	snmpgetattack
23317	12431	39896	1447	snmpgetattack
23317	5938	39896	1447	-
23317	12431	39896	1452	snmpgetattack
20312	4800	39896	1452	-
23317	5938	39896	1452	-
5376	4800	39896	1452	snmpgetattack
20312	4800	39896	1457	-
23317	5938	39896	1457	-
5376	4800	39896	1457	snmpgetattack
23317	12431	39896	1457	snmpgetattack
23317	12431	39896	1463	snmpgetattack
20312	4800	39896	1463	-
23317	5938	39896	1463	-
5376	4800	39896	1463	snmpgetattack
20312	4800	39896	1468	-
23317	5938	39896	1468	-
5376	4800	39896	1468	snmpgetattack
23317	12431	39896	1468	snmpgetattack
1887	8452	39896	1469	warez
12985	23210	39896	1471	warez
12985	23210	39896	1471	warez
23317	12431	39896	1473	snmpgetattack
20312	4800	39896	1473	-
23317	5938	39896	1473	-
5376	4800	39896	1473	snmpgetattack
20312	4800	39896	1478	-
5376	4800	39896	1478	snmpgetattack
23317	12431	39896	1478	snmpgetattack
23317	5938	39896	1478	-
23317	12431	39896	1483	snmpgetattack
20312	4800	39896	1483	-
23317	5938	39896	1483	-
5376	4800	39896	1483	snmpgetattack
23317	12431	39896	1488	snmpgetattack
20312	4800	39896	1488	-
23317	5938	39896	1488	-
5376	4800	39896	1488	snmpgetattack
23317	5938	39896	1493	-
5376	4800	39896	1493	snmpgetattack
23317	12431	39896	1493	snmpgetattack
20312	4800	39896	1493	-
23317	12431	39896	1498	snmpgetattack
20312	4800	39896	1498	-
5376	4800	39896	1498	snmpgetattack
23317	5938	39896	1498	-
23317	5938	39896	1503	-
5376	4800	39896	1503	snmpgetattack
23317	12431	39896	1503	snmpgetattack
20312	4800	39896	1503	-
23317	5938	13729	1508	-
5376	4800	13729	1508	snmpgetattack
23317	12431	13729	1508	snmpgetattack
20312	4800	13729	1508	-
20312	4800	13729	1513	-
23317	5938	13729	1513	-
5376	4800	13729	1513	snmpgetattack
23317	12431	13729	1513	snmpgetattack
5376	4800	13729	1519	snmpgetattack
23317	5938	13729	1519	-
23317	12431	13729	1519	snmpgetattack
20312	4800	13729	1519	-
23317	5938	13729	1524	-
5376	4800	13729	1524	snmpgetattack
23317	12431	13729	1524	snmpgetattack
20312	4800	13729	1524	-
23317	5938	13729	1529	-
5376	4800	13729	1529	snmpgetattack
23317	12431	13729	1529	snmpgetattack
20312	4800	13729	1529	-
5376	4800	13729	1534	snmpgetattack
23317	12431	13729	1534	snmpgetattack
20312	4800	13729	1534	-
23317	5938	13729	1534	-
23317	5938	13729	1539	-
5376	4800	13729	1539	snmpgetattack
23317	12431	13729	1539	snmpgetattack
20312	4800	13729	1539	-
23317	5938	13729	1544	-
5376	4800	13729	1544	snmpgetattack
23317	12431	13729	1544	snmpgetattack
20312	4800	13729	1544	-
5376	4800	13729	1549	snmpgetattack
23317	5938	13729	1549	-
23317	12431	13729	1549	snmpgetattack
20312	4800	13729	1549	-
23317	5938	13729	1554	-
5376	4800	13729	1554	snmpgetattack
23317	12431	13729	1554	snmpgetattack
20312	4800	13729	1554	-
23317	5938	13729	1559	-
5376	4800	13729	1559	snmpgetattack
23317	12431	13729	1559	snmpgetattack
20312	4800	13729	1559	-
23317	5938	26841	1564	-
5376	4800	26841	1564	snmpgetattack
23317	12431	26841	1564	snmpgetattack
20312	4800	26841	1564	-
5376	4800	26841	1569	snmpgetattack
23317	12431	26841	1569	snmpgetattack
20312	4800	26841	1569	-
23317	5938	26841	1569	-
5376	4800	26841	1574	snmpgetattack
23317	12431	26841	1574	snmpgetattack
23317	5938	26841	1575	-
20312	4800	26841	1575	-
23317	12431	26841	1579	snmpgetattack
5376	4800	26841	1579	snmpgetattack
20312	4800	26841	1580	-
23317	5938	26841	1580	-
5376	4800	26841	1584	snmpgetattack
23317	12431	26841	1584	snmpgetattack
20312	4800	26841	1585	-
23317	5938	26841	1585	-
5376	4800	26841	1589	snmpgetattack
23317	12431	26841	1589	snmpgetattack
23317	5938	26841	1590	-
20312	4800	26841	1590	-
23317	12431	26841	1594	snmpgetattack
5376	4800	26841	1594	snmpgetattack
20312	4800	26841	1595	-
23317	5938	26841	1595	-
23317	12431	26841	1599	snmpgetattack
5376	4800	26841	1599	snmpgetattack
23317	5938	26841	1600	-
20312	4800	26841	1600	-
5376	4800	26841	1605	snmpgetattack
23317	12431	26841	1605	snmpgetattack
20312	4800	26841	1605	-
23317	5938	26841	1605	-
23317	5938	26841	1610	-
5376	4800	26841	1610	snmpgetattack
23317	12431	26841	1610	snmpgetattack
20312	4800	26841	1610	-
5376	4800	26841	1615	snmpgetattack
23317	12431	26841	1615	snmpgetattack
20312	4800	26841	1615	-
23317	5938	26841	1615	-
20312	4800	26841	1620	-
5376	4800	26841	1620	snmpgetattack
23317	12431	26841	1620	snmpgetattack
23317	5938	26841	1620	-
23317	5938	3438	1625	-
5376	4800	3438	1625	snmpgetattack
23317	12431	3438	1625	snmpgetattack
20312	4800	3438	1625	-
20312	4800	3438	1630	-
5376	4800	3438	1630	snmpgetattack
23317	12431	3438	1630	snmpgetattack
23317	5938	3438	1630	-
5376	4800	3438	1635	snmpgetattack
23317	12431	3438	1635	snmpgetattack
20312	4800	3438	1635	-
23317	5938	3438	1635	-
5376	4800	3438	1640	snmpgetattack
23317	12431	3438	1640	snmpgetattack
23317	5938	3438	1641	-
20312	4800	3438	1641	-
23317	12431	3438	1645	snmpgetattack
5376	4800	3438	1645	snmpgetattack
23317	5938	3438	1646	-
20312	4800	3438	1646	-
5376	4800	3438	1650	snmpgetattack
23317	12431	3438	1650	snmpgetattack
20312	4800	3438	1651	-
23317	5938	3438	1651	-
5376	4800	3438	1655	snmpgetattack
23317	12431	3438	1655	snmpgetattack
23317	5938	3438	1656	-
20312	4800	3438	1656	-
5376	4800	3438	1660	snmpgetattack
23317	12431	3438	1660	snmpgetattack
20312	4800	3438	1661	-
23317	5938	3438	1661	-
5376	4800	3438	1665	snmpgetattack
23317	12431	3438	1665	snmpgetattack
20312	4800	3438	1666	-
23317	5938	3438	1666	-
5376	4800	3438	1670	snmpgetattack
23317	12431	3438	1670	snmpgetattack
23317	5938	3438	1671	-
20312	4800	3438	1671	-
23317	12431	3438	1675	snmpgetattack
5376	4800	3438	1675	snmpgetattack
20312	4800	3438	1676	-
23317	5938	3438	1676	-
23317	12431	3438	1680	snmpgetattack
5376	4800	3438	1680	snmpgetattack
23317	5938	3438	1681	-
20312	4800	3438	1681	-
5376	4800	35941	1685	snmpgetattack
23317	12431	35941	1685	snmpgetattack
20312	4800	35941	1686	-
23317	5938	35941	1686	-
5376	4800	35941	1690	snmpgetattack
23317	12431	35941	1690	snmpgetattack
23317	5938	35941	1691	-
20312	4800	35941	1691	-
5376	4800	35941	1695	snmpgetattack
23317	12431	35941	1695	snmpgetattack
20312	4800	35941	1696	-
23317	5938	35941	1696	-
5376	4800	35941	1700	snmpgetattack
23317	12431	35941	1700	snmpgetattack
20312	4800	35941	1701	-
23317	5938	35941	1701	-
5376	4800	35941	1705	snmpgetattack
23317	12431	35941	1705	snmpgetattack
23317	5938	35941	1707	-
20312	4800	35941	1707	-
23317	12431	35941	1710	snmpgetattack
5376	4800	35941	1710	snmpgetattack
23317	5938	35941	1712	-
20312	4800	35941	1712	-
5376	4800	35941	1715	snmpgetattack
23317	12431	35941	1715	snmpgetattack
20312	4800	35941	1717	-
23317	5938	35941	1717	-
5376	4800	35941	1720	snmpgetattack
23317	12431	35941	1720	snmpgetattack
23317	5938	35941	1722	-
20312	4800	35941	1722	-
5376	4800	35941	1725	snmpgetattack
23317	12431	35941	1725	snmpgetattack
20312	4800	35941	1727	-
23317	5938	35941	1727	-
5376	4800	35941	1731	snmpgetattack
23317	12431	35941	1731	snmpgetattack
20312	4800	35941	1732	-
23317	5938	35941	1732	-
5376	4800	35941	1736	snmpgetattack
23317	12431	35941	1736	snmpgetattack
23317	5938	35941	1737	-
20312	4800	35941	1737	-
23317	12431	35941	1741	snmpgetattack
5376	4800	35941	1741	snmpgetattack
20312	4800	35941	1742	-
23317	5938	35941	1742	-
23317	12431	40414	1746	snmpgetattack
5376	4800	40414	1746	snmpgetattack
20312	4800	40414	1747	-
23317	5938	40414	1747	-
23317	12431	40414	1751	snmpgetattack
5376	4800	40414	1751	snmpgetattack
23317	5938	40414	1752	-
20312	4800	40414	1752	-
23317	12431	40414	1756	snmpgetattack
5376	4800	40414	1756	snmpgetattack
23317	5938	40414	1757	-
20312	4800	40414	1757	-
5376	4800	40414	1761	snmpgetattack
23317	12431	40414	1761	snmpgetattack
20312	4800	40414	1762	-
23317	5938	40414	1762	-
5376	4800	40414	1766	snmpgetattack
23317	12431	40414	1766	snmpgetattack
23317	5938	40414	1767	-
20312	4800	40414	1767	-
23317	12431	40414	1771	snmpgetattack
5376	4800	40414	1771	snmpgetattack
20312	4800	40414	1772	-
23317	5938	40414	1772	-
5376	4800	40414	1776	snmpgetattack
23317	12431	40414	1776	snmpgetattack
20312	4800	40414	1778	-
23317	5938	40414	1778	-
5376	4800	40414	1781	snmpgetattack
23317	12431	40414	1781	snmpgetattack
20312	4800	40414	1783	-
23317	5938	40414	1783	-
23317	12431	40414	1786	snmpgetattack
5376	4800	40414	1786	snmpgetattack
20312	4800	40414	1788	-
23317	5938	40414	1788	-
5376	4800	40414	1791	snmpgetattack
23317	12431	40414	1791	snmpgetattack
20312	4800	40414	1793	-
23317	5938	40414	1793	-
