21708	7215	25670	0	-
20312	4800	25670	1	-
23317	5938	25670	1	-
11001	21708	25670	1	-
15737	445	25670	4	-
23317	5938	25670	6	-
20312	4800	25670	6	-
882	3297	25670	6	-
882	3461	25670	6	-
882	8452	44705	9	-
587	9233	44705	9	-
23317	5938	44705	11	-
20312	4800	44705	11	-
11001	13412	44705	12	-
23317	5938	44705	16	-
20312	4800	44705	16	-
17624	16332	44705	21	-
20312	4800	44705	21	-
23317	5938	44705	21	-
15737	1215	44705	22	-
23317	5938	44705	26	-
20312	4800	44705	26	-
3297	7215	44705	26	-
20312	4800	44705	31	-
23317	5938	44705	31	-
23317	5938	44705	37	-
20312	4800	44705	37	-
3957	13122	44705	38	-
23317	5938	44705	42	-
20312	4800	44705	42	-
15737	13936	44705	45	-
23317	5938	44705	47	-
20312	4800	44705	47	-
19603	16593	44705	49	-
21708	7215	44705	52	-
20312	4800	44705	52	-
23317	5938	44705	52	-
20312	4800	44705	57	-
20312	4800	44705	59	-
20312	4800	44705	61	-
20312	4800	44705	66	-
20312	4800	45418	68	-
882	2843	45418	68	-
4800	20961	45418	69	-
4800	20961	45418	69	-
19603	16531	45418	69	-
23317	5938	45418	70	-
20312	4800	45418	70	-
23317	5938	45418	70	-
23317	5938	45418	70	-
23317	5938	45418	70	-
23317	5938	45418	70	-
23317	5938	45418	70	-
20312	4800	45418	70	-
15737	13936	45418	72	-
13993	19531	45418	74	-
20367	19350	45418	74	-
20312	4800	45418	75	-
23317	5938	45418	75	-
4800	20961	45418	76	-
13993	19531	45418	76	-
3297	7215	45418	77	-
13993	19531	45418	78	-
3297	21736	45418	78	-
21708	7215	45418	78	-
11001	21426	45418	78	-
15737	6157	45418	79	-
20312	4800	45418	80	-
23317	5938	45418	80	-
13993	19531	45418	81	-
587	13627	45418	82	-
13993	19531	45418	83	-
23317	5938	45418	85	-
13993	19531	45418	85	-
20312	4800	45418	85	-
13993	19531	45418	88	-
13993	19531	45418	88	-
13993	19531	45418	88	-
13993	19531	45418	88	-
13993	19531	45418	88	-
13993	19531	45418	88	-
13993	19531	45418	88	-
13993	19531	45418	88	-
13993	19531	45418	88	-
13993	19531	45418	88	-
13993	19531	45418	88	-
13993	19531	45418	88	-
13993	19531	45418	88	-
13993	19531	45418	88	-
13993	19531	45418	88	-
13993	19531	45418	88	-
13993	19531	45418	88	-
13993	19531	45418	88	-
23317	5938	45418	90	-
20312	4800	45418	90	-
23317	5938	45418	95	-
3297	9643	45418	95	-
20312	4800	45418	95	-
19531	15894	45418	99	-
587	9233	45418	99	-
19531	19531	45418	99	-
23317	5938	45418	100	-
20312	4800	45418	100	-
19839	15894	45418	102	-
23317	5938	45418	105	-
20312	4800	45418	105	-
21708	7215	45418	109	-
23317	5938	45418	111	-
20312	4800	45418	111	-
23317	5938	45418	116	-
20312	4800	45418	116	-
23317	5938	45418	121	-
20312	4800	45418	121	-
8048	16593	45418	121	-
587	18307	45418	123	-
17624	3297	45418	124	-
20312	4800	45418	126	-
23317	5938	45418	126	-
23317	5938	28793	131	-
20312	4800	28793	131	-
3076	2843	28793	131	-
23317	5938	28793	136	-
20312	4800	28793	136	-
14547	13936	28793	136	-
20312	4800	28793	141	-
23317	5938	28793	141	-
882	14437	28793	143	-
882	16531	28793	144	-
882	8452	28793	145	-
20312	4800	28793	146	-
20312	4800	28793	148	-
20312	4800	28793	150	-
4800	13936	28793	153	-
20312	4800	28793	155	-
12332	3611	28793	156	-
20312	4800	28793	157	-
3297	7471	28793	159	-
20312	4800	28793	159	-
3297	7471	28793	159	-
23317	5938	28793	160	-
23317	5938	28793	160	-
23317	5938	28793	160	-
23317	5938	28793	160	-
23317	5938	28793	160	-
23317	5938	28793	160	-
3297	22986	28793	161	-
21708	17005	28793	163	-
23317	5938	28793	164	-
20312	4800	28793	164	-
13993	19834	28793	164	-
13993	22986	28793	167	-
13993	19834	28793	168	-
23317	5938	28793	170	-
20312	4800	28793	170	-
20312	4800	28793	175	-
23317	5938	28793	175	-
3297	7215	28793	177	-
23317	5938	28793	180	-
20312	4800	28793	180	-
23317	5938	28793	185	-
20312	4800	28793	185	-
15737	10812	28793	186	-
20312	4800	24113	190	-
23317	5938	24113	190	-
4800	13936	24113	195	-
7215	15894	24113	195	-
20312	4800	24113	195	-
23317	5938	24113	195	-
7215	19834	24113	195	-
7215	15667	24113	196	-
7215	19531	24113	198	-
15737	8092	24113	199	-
23317	5938	24113	200	-
4800	5424	24113	200	-
20312	4800	24113	200	-
7215	13122	24113	203	-
7215	19531	24113	203	-
3076	23167	24113	204	-
23317	5938	24113	205	-
20312	4800	24113	205	-
587	18307	24113	206	-
3076	23167	24113	207	-
23317	5938	24113	210	-
20312	4800	24113	210	-
15737	17005	24113	212	-
11001	21426	24113	212	-
14547	1868	24113	213	-
23317	5938	24113	215	-
20312	4800	24113	215	-
11001	21426	24113	220	-
23317	5938	24113	221	-
20312	4800	24113	221	-
15737	16409	24113	221	-
14547	1868	24113	222	-
11001	13122	24113	224	-
20312	4800	24113	226	-
23317	5938	24113	226	-
882	23167	24113	228	-
3297	5356	24113	229	-
882	14437	24113	229	-
23317	5938	24113	231	-
20312	4800	24113	231	-
882	23167	24113	231	-
3957	15894	24113	232	-
882	2843	24113	233	-
7179	14437	24113	235	-
20312	4800	24113	236	-
3297	19531	24113	238	-
20312	4800	24113	238	-
20312	4800	24113	240	-
587	18307	24113	241	-
10571	2843	24113	242	-
20312	4800	24113	245	-
20312	4800	29906	247	-
20312	4800	29906	249	-
23317	5938	29906	250	-
23317	5938	29906	250	-
23317	5938	29906	250	-
23317	5938	29906	250	-
23317	5938	29906	250	-
23317	5938	29906	250	-
21708	7215	29906	250	-
14547	1868	29906	252	-
3297	11666	29906	252	-
20312	4800	29906	254	-
23317	5938	29906	254	-
7179	8452	29906	256	-
7179	3461	29906	258	-
20312	4800	29906	259	-
23317	5938	29906	259	-
11001	1215	29906	260	-
20312	23167	29906	261	-
23317	5938	29906	264	-
20312	4800	29906	264	-
13993	19834	29906	266	-
23317	5938	29906	269	-
20312	4800	29906	269	-
3297	19834	29906	271	-
3297	1633	29906	271	-
23317	5938	29906	274	-
20312	4800	29906	274	-
20312	4800	29906	279	-
23317	5938	29906	279	-
20312	9554	29906	280	-
23317	5938	29906	284	-
20312	4800	29906	284	-
3611	19531	29906	284	-
7179	4981	29906	287	-
14547	1868	29906	288	-
23317	5938	29906	289	-
20312	4800	29906	289	-
11001	1215	29906	290	-
6775	16593	29906	290	-
10571	2843	29906	293	-
12332	3611	29906	294	-
20312	4800	29906	295	-
23317	5938	29906	295	-
23317	5938	29906	300	-
15737	8825	29906	300	-
20312	4800	29906	300	-
23317	5938	29906	305	-
20312	4800	29906	305	-
23317	5938	13766	310	-
3297	19834	13766	310	-
20312	4800	13766	310	-
587	18307	13766	311	-
20312	4800	13766	315	-
23317	5938	13766	315	-
20312	4800	13766	320	-
23317	5938	13766	320	-
21708	9332	13766	321	-
19531	19834	13766	323	-
20312	4800	13766	325	-
15737	8825	13766	325	-
20312	4800	13766	327	-
20312	4800	13766	329	-
20312	4800	13766	334	-
20312	4800	13766	336	-
20312	4800	13766	338	-
21708	18609	13766	339	-
4800	8530	13766	339	-
21708	18609	13766	339	-
23317	5938	13766	340	-
23317	5938	13766	340	-
23317	5938	13766	340	-
23317	5938	13766	340	-
23317	5938	13766	340	-
23317	5938	13766	340	-
23317	5938	13766	343	-
20312	4800	13766	343	-
23317	5938	13766	348	-
20312	4800	13766	348	-
7782	5938	13766	350	-
7782	1633	13766	350	-
23317	5938	13766	353	-
20312	4800	13766	353	-
21708	7861	13766	356	-
14547	1868	13766	357	-
20312	4800	13766	358	-
23317	5938	13766	358	-
15737	1168	13766	361	-
20312	4800	13766	363	-
23317	5938	13766	364	-
20312	4800	34960	369	-
23317	5938	34960	369	-
20312	4800	34960	374	-
11001	1215	34960	374	-
23317	5938	34960	374	-
23317	5938	34960	379	-
19839	21708	34960	379	-
20312	4800	34960	379	-
12332	3611	34960	379	-
12332	2843	34960	380	-
3957	21708	34960	380	-
12332	3461	34960	380	-
12332	9554	34960	381	-
12332	16332	34960	383	-
7782	15667	34960	384	-
23317	5938	34960	384	-
20312	4800	34960	384	-
21708	7215	34960	385	-
3297	10785	34960	386	-
7179	9554	34960	386	-
23317	5938	34960	389	-
20312	4800	34960	389	-
21708	7215	34960	392	-
23317	5938	34960	394	-
20312	4800	34960	394	-
20312	4800	34960	399	-
23317	5938	34960	399	-
3611	15894	34960	399	-
3611	19531	34960	400	-
3611	21708	34960	401	-
14547	1868	34960	403	-
20312	4800	34960	404	-
21708	7215	34960	404	-
3297	5356	34960	404	-
23317	5938	34960	404	-
23317	5938	34960	409	-
20312	4800	34960	409	-
19531	15894	34960	413	-
20312	4800	34960	414	-
20312	4800	34960	416	-
7179	14437	34960	416	-
7179	2843	34960	417	-
20312	4800	34960	418	-
20312	4800	34960	423	-
20312	4800	34960	425	-
17624	4981	34960	426	-
20312	4800	19767	427	-
17624	16332	19767	427	-
3297	10197	19767	429	-
15737	3076	19767	429	-
23317	5938	19767	430	-
23317	5938	19767	430	-
23317	5938	19767	430	-
23317	5938	19767	430	-
23317	5938	19767	430	-
23317	5938	19767	430	-
3297	5356	19767	431	-
23317	5938	19767	432	-
20312	4800	19767	432	-
20312	4800	19767	437	-
7538	15667	19767	437	-
23317	5938	19767	438	-
7538	15667	19767	439	-
3297	5356	19767	441	-
17624	7268	19767	441	-
20312	4800	19767	443	-
23317	5938	19767	443	-
12332	3461	19767	443	-
12332	16531	19767	443	-
17624	7268	19767	444	-
17624	7268	19767	446	-
20312	4800	19767	448	-
23317	5938	19767	448	-
17624	7268	19767	448	-
17624	7268	19767	451	-
20312	4800	19767	453	-
23317	5938	19767	453	-
7782	15894	19767	453	-
17624	7268	19767	453	-
14547	1868	19767	455	-
17624	7268	19767	456	-
17624	7268	19767	456	-
17624	7268	19767	456	-
17624	7268	19767	457	-
17624	7268	19767	457	-
17624	7268	19767	457	-
17624	7268	19767	457	-
17624	7268	19767	457	-
17624	7268	19767	458	-
17624	7268	19767	458	-
20312	4800	19767	458	-
23317	5938	19767	458	-
17624	7268	19767	458	-
17624	7268	19767	458	-
17624	7268	19767	458	-
17624	7268	19767	459	-
17624	7268	19767	459	-
23317	882	19767	459	-
17624	7268	19767	459	-
15394	4800	19767	459	-
17624	7268	19767	459	-
17624	7268	19767	459	-
17624	7268	19767	460	-
17624	7268	19767	460	-
17624	7268	19767	460	-
17624	7268	19767	460	-
17624	7268	19767	460	-
17624	7268	19767	461	-
10429	15667	19767	461	-
4800	8530	19767	462	-
23317	5938	19767	463	-
20312	4800	19767	463	-
3957	15667	19767	463	-
17624	19350	19767	465	-
17624	19350	19767	467	-
15737	3076	19767	468	-
20312	4800	19767	468	-
23317	5938	19767	468	-
19603	2843	19767	468	-
19603	16332	19767	468	-
17624	19350	19767	470	-
17624	19350	19767	472	-
20312	4800	19767	473	-
23317	5938	19767	473	-
17624	19350	19767	475	-
17624	19350	19767	475	-
11001	15856	19767	476	-
587	18307	19767	477	-
23317	5938	19767	478	-
20312	4800	19767	478	-
20312	4800	19767	483	-
23317	5938	19767	483	-
3957	587	19767	483	-
3297	16178	19767	486	-
23317	5938	27170	488	-
20312	4800	27170	488	-
587	18307	27170	490	-
4800	3076	27170	491	-
20312	4800	27170	493	-
23317	5938	27170	493	-
20312	4800	27170	498	-
23317	5938	27170	498	-
20312	4800	27170	504	-
20312	4800	27170	506	-
20312	4800	27170	508	-
20312	4800	27170	513	-
11001	15856	27170	514	-
882	23167	27170	514	-
882	16531	27170	514	-
20312	4800	27170	515	-
882	9554	27170	515	-
20312	4800	27170	517	-
23317	5938	27170	520	-
23317	5938	27170	520	-
23317	5938	27170	520	-
23317	5938	27170	520	-
23317	5938	27170	520	-
23317	5938	27170	520	-
20312	4800	27170	520	-
20312	4800	27170	522	-
23317	5938	27170	522	-
15737	18197	27170	523	-
12332	3611	27170	526	-
587	18307	27170	526	-
20312	4800	27170	527	-
23317	5938	27170	527	-
20312	4800	27170	532	-
23317	5938	27170	532	-
23317	5938	27170	537	-
21708	7215	27170	537	-
20312	4800	27170	537	-
20312	4800	27170	542	-
23317	5938	27170	542	-
20312	4800	40551	547	-
23317	5938	40551	547	-
21708	7215	40551	550	-
20312	4800	40551	552	-
23317	5938	40551	552	-
20312	3461	40551	553	-
20312	16593	40551	553	-
882	3461	40551	554	-
20312	8452	40551	554	-
20312	14437	40551	556	-
19839	5938	40551	556	-
20312	3611	40551	556	-
20312	4800	40551	557	-
23317	5938	40551	557	-
20312	23167	40551	557	-
20312	3297	40551	557	-
882	3461	40551	558	-
20312	2843	40551	559	-
20312	4800	40551	562	-
23317	5938	40551	562	-
14547	1868	40551	562	-
20312	4981	40551	562	-
20312	9554	40551	563	-
21708	445	40551	566	-
23317	5938	40551	567	-
20312	4800	40551	567	-
20312	16332	40551	568	-
23317	5938	40551	572	-
20312	4800	40551	572	-
3611	21708	40551	574	-
23317	5938	40551	578	-
20312	4800	40551	578	-
3957	15394	40551	579	-
6775	16332	40551	581	-
23317	5938	40551	583	-
20312	4800	40551	583	-
882	14437	40551	587	-
882	16593	40551	587	-
20312	4800	40551	588	-
23317	5938	40551	588	-
20312	4800	40551	593	-
20312	4800	40551	595	-
16671	15667	40551	597	-
20312	4800	40551	597	-
14547	1868	40551	598	-
16671	5938	40551	600	-
16671	13122	40551	601	-
20312	4800	40551	602	-
3297	10197	40551	602	-
16671	15667	40551	602	-
16671	21708	40551	603	-
20312	4800	40551	604	-
20312	4800	40551	606	-
23317	5938	46125	610	-
23317	5938	46125	610	-
23317	5938	46125	610	-
23317	5938	46125	610	-
23317	5938	46125	610	-
23317	5938	46125	610	-
20312	4800	46125	611	-
23317	5938	46125	611	-
14547	11309	46125	612	-
20312	4800	46125	616	-
23317	5938	46125	616	-
3297	18718	46125	619	-
20312	4800	46125	621	-
23317	5938	46125	621	-
21708	445	46125	621	-
3297	10812	46125	624	-
20312	4800	46125	626	-
23317	5938	46125	626	-
3297	20418	46125	628	-
20312	4800	46125	631	-
23317	5938	46125	631	-
3957	15394	46125	634	-
3957	5938	46125	634	-
3957	21708	46125	634	-
20312	4800	46125	636	-
23317	5938	46125	636	-
3297	19834	46125	636	-
3297	11900	46125	636	-
20312	4800	46125	641	-
23317	5938	46125	641	-
20312	4800	46125	647	-
23317	5938	46125	647	-
3297	15732	46125	648	-
15737	3076	46125	651	-
20312	4800	46125	652	-
23317	5938	46125	652	-
23317	5938	46125	657	-
20312	4800	46125	657	-
20312	4800	46125	662	-
23317	5938	46125	662	-
10571	16332	46125	662	-
20312	4800	45739	667	-
23317	5938	45739	667	-
16671	21708	45739	672	-
20312	4800	45739	672	-
23317	5938	45739	672	-
16671	21708	45739	674	-
20312	4800	45739	677	-
23317	5938	45739	677	-
20312	4800	45739	682	-
20312	4800	45739	684	-
4800	3076	45739	686	-
20312	4800	45739	686	-
20312	16531	45739	687	-
7215	5938	45739	689	-
20312	4800	45739	691	-
20367	16593	45739	692	-
12332	3611	45739	693	-
20312	4800	45739	693	-
11001	15394	45739	694	-
20312	4800	45739	695	-
11001	15394	45739	696	-
11001	15394	45739	699	-
23317	5938	45739	700	-
23317	5938	45739	700	-
20312	4800	45739	700	-
23317	5938	45739	700	-
23317	5938	45739	700	-
23317	5938	45739	700	-
23317	5938	45739	700	-
23317	5938	45739	700	-
11001	15394	45739	701	-
3297	15444	45739	702	-
11001	15394	45739	704	-
23317	5938	45739	705	-
20312	4800	45739	705	-
6775	3461	45739	707	-
23317	5938	45739	710	-
20312	4800	45739	710	-
23317	5938	45739	715	-
20312	4800	45739	715	-
20312	4800	45739	720	-
14547	5938	45739	721	-
23317	5938	45739	721	-
13993	15894	45739	724	-
23317	5938	45739	726	-
20312	4800	45739	726	-
20312	4800	36746	731	-
23317	5938	36746	731	-
11001	15856	36746	735	-
20312	4800	36746	736	-
23317	5938	36746	736	-
23317	5938	36746	741	-
20312	4800	36746	741	-
20312	4800	36746	746	-
23317	5938	36746	746	-
7215	15894	36746	747	-
7215	19834	36746	747	-
23317	5938	36746	751	-
20312	4800	36746	751	-
20312	4800	36746	756	-
23317	5938	36746	756	-
11001	15856	36746	760	-
20312	4800	36746	761	-
23317	5938	36746	761	-
20312	4800	36746	767	-
23317	5938	36746	767	-
20312	4800	36746	772	-
23317	5938	36746	772	-
21708	5424	36746	776	-
20312	4800	36746	777	-
20312	4800	36746	779	-
20312	4800	36746	781	-
20312	4800	36746	786	-
20312	4800	35624	788	-
20312	4800	35624	790	-
23317	5938	35624	790	-
23317	5938	35624	790	-
23317	5938	35624	790	-
23317	5938	35624	790	-
23317	5938	35624	790	-
23317	5938	35624	790	-
12332	3611	35624	792	-
20312	4800	35624	795	-
23317	5938	35624	795	-
11001	903	35624	797	-
20312	4800	35624	800	-
23317	5938	35624	800	-
4800	3076	35624	801	-
15737	19839	35624	804	-
23317	5938	35624	805	-
20312	4800	35624	805	-
4800	3076	35624	809	-
20312	4800	35624	810	-
23317	5938	35624	810	-
12332	23167	35624	810	-
12332	3297	35624	810	-
12332	3461	35624	811	-
20312	4800	35624	815	-
23317	5938	35624	815	-
20312	4800	35624	820	-
23317	5938	35624	820	-
20312	4800	35624	825	-
23317	5938	35624	825	-
20312	4800	35624	830	-
23317	5938	35624	830	-
20312	4800	35624	835	-
23317	5938	35624	835	-
15737	3076	35624	836	-
20312	4800	35624	840	-
23317	5938	35624	841	-
20312	4800	35624	846	-
23317	5938	35624	846	-
14267	13412	32341	847	-
20312	4800	32341	851	-
23317	5938	32341	851	-
15737	3076	32341	853	-
3297	1001	32341	853	-
20312	4800	32341	856	-
23317	5938	32341	856	-
20312	4800	32341	861	-
23317	5938	32341	861	-
3076	9554	32341	863	-
20312	4800	32341	866	-
20312	4800	32341	868	-
4800	3076	32341	870	-
20312	4800	32341	870	-
20312	4800	32341	875	-
20312	4800	32341	877	-
11001	3076	32341	878	-
20312	4800	32341	879	-
4800	8524	32341	879	-
23317	5938	32341	880	-
23317	5938	32341	880	-
23317	5938	32341	880	-
23317	5938	32341	880	-
23317	5938	32341	880	-
23317	5938	32341	880	-
20312	4800	32341	884	-
23317	5938	32341	884	-
20312	4800	32341	889	-
23317	5938	32341	889	-
14267	13412	32341	890	-
20312	4800	32341	894	-
23317	5938	32341	894	-
13993	15894	32341	895	-
12332	2843	32341	899	-
23317	5938	32341	900	-
20312	4800	32341	900	-
4800	17093	32341	901	-
23317	5938	32341	905	-
20312	4800	32341	905	-
6108	8452	26330	907	pod
6108	8452	26330	907	pod
6108	8452	26330	907	pod
6108	8452	26330	907	pod
6108	8452	26330	907	pod
6108	8452	26330	907	pod
6108	8452	26330	907	pod
6108	8452	26330	907	pod
6108	8452	26330	907	pod
6108	8452	26330	907	pod
6108	8452	26330	907	pod
6108	8452	26330	907	pod
6108	8452	26330	907	pod
6108	8452	26330	907	pod
6108	8452	26330	907	pod
6108	8452	26330	907	pod
6108	8452	26330	907	pod
6108	8452	26330	907	pod
6108	8452	26330	907	pod
6108	8452	26330	907	pod
6108	8452	26330	907	pod
6108	8452	26330	907	pod
6108	8452	26330	907	pod
6108	8452	26330	907	pod
6108	8452	26330	907	pod
6108	8452	26330	907	pod
6108	8452	26330	907	pod
6108	8452	26330	907	pod
6108	8452	26330	907	pod
6108	8452	26330	907	pod
6108	8452	26330	907	pod
6108	8452	26330	907	pod
6108	8452	26330	907	pod
6108	8452	26330	907	pod
6108	8452	26330	907	pod
6108	8452	26330	907	pod
6108	8452	26330	907	pod
6108	8452	26330	907	pod
6108	8452	26330	907	pod
6108	8452	26330	907	pod
6108	8452	26330	907	pod
6108	8452	26330	907	pod
6108	8452	26330	907	pod
6108	8452	26330	907	pod
6108	8452	26330	907	pod
6108	8452	26330	907	pod
6108	8452	26330	907	pod
6108	8452	26330	907	pod
6108	8452	26330	907	pod
6108	8452	26330	907	pod
6108	8452	26330	907	pod
6108	8452	26330	907	pod
6108	8452	26330	907	pod
6108	8452	26330	907	pod
6108	8452	26330	907	pod
6108	8452	26330	907	pod
6108	8452	26330	907	pod
6108	8452	26330	907	pod
6108	8452	26330	907	pod
6108	8452	26330	907	pod
6108	8452	26330	907	pod
6108	8452	26330	907	pod
6108	8452	26330	907	pod
6108	8452	26330	907	pod
6108	8452	26330	907	pod
6108	8452	26330	907	pod
6108	8452	26330	907	pod
6108	8452	26330	907	pod
6108	8452	26330	907	pod
6108	8452	26330	907	pod
6108	8452	26330	907	pod
6108	8452	26330	907	pod
6108	8452	26330	907	pod
6108	8452	26330	907	pod
6108	8452	26330	907	pod
6108	8452	26330	907	pod
6108	8452	26330	907	pod
6108	8452	26330	907	pod
6108	8452	26330	907	pod
6108	8452	26330	907	pod
6108	8452	26330	907	pod
6108	8452	26330	907	pod
6108	8452	26330	907	pod
6108	8452	26330	907	pod
6108	8452	26330	907	pod
6108	8452	26330	907	pod
6108	8452	26330	907	pod
6108	8452	26330	907	pod
6108	8452	26330	907	pod
6108	8452	26330	907	pod
6108	8452	26330	907	pod
6108	8452	26330	907	pod
6108	8452	26330	907	pod
6108	8452	26330	907	pod
6108	8452	26330	907	pod
6108	8452	26330	907	pod
6108	8452	26330	907	pod
6108	8452	26330	907	pod
6108	8452	26330	907	pod
6108	8452	26330	907	pod
6108	8452	26330	907	pod
6108	8452	26330	907	pod
6108	8452	26330	907	pod
6108	8452	26330	907	pod
6108	8452	26330	907	pod
6108	8452	26330	907	pod
6108	8452	26330	907	pod
6108	8452	26330	907	pod
6108	8452	26330	907	pod
6108	8452	26330	907	pod
6108	8452	26330	907	pod
6108	8452	26330	907	pod
6108	8452	26330	907	pod
6108	8452	26330	907	pod
6108	8452	26330	907	pod
6108	8452	26330	907	pod
6108	8452	26330	907	pod
6108	8452	26330	907	pod
6108	8452	26330	907	pod
6108	8452	26330	907	pod
6108	8452	26330	907	pod
6108	8452	26330	907	pod
6108	8452	26330	907	pod
6108	8452	26330	907	pod
6108	8452	26330	907	pod
6108	8452	26330	907	pod
6108	8452	26330	907	pod
6108	8452	26330	907	pod
6108	8452	26330	907	pod
6108	8452	26330	907	pod
6108	8452	26330	907	pod
6108	8452	26330	907	pod
6108	8452	26330	907	pod
6108	8452	26330	907	pod
6108	8452	26330	907	pod
6108	8452	26330	907	pod
6108	8452	26330	907	pod
6108	8452	26330	907	pod
6108	8452	26330	907	pod
6108	8452	26330	907	pod
6108	8452	26330	907	pod
6108	8452	26330	907	pod
6108	8452	26330	907	pod
6108	8452	26330	907	pod
6108	8452	26330	907	pod
6108	8452	26330	907	pod
6108	8452	26330	907	pod
6108	8452	26330	907	pod
6108	8452	26330	907	pod
6108	8452	26330	907	pod
6108	8452	26330	907	pod
6108	8452	26330	907	pod
6108	8452	26330	907	pod
6108	8452	26330	907	pod
6108	8452	26330	907	pod
6108	8452	26330	907	pod
6108	8452	26330	907	pod
6108	8452	26330	907	pod
6108	8452	26330	907	pod
6108	8452	26330	907	pod
6108	8452	26330	907	pod
6108	8452	26330	907	pod
6108	8452	26330	907	pod
6108	8452	26330	907	pod
6108	8452	26330	907	pod
6108	8452	26330	907	pod
6108	8452	26330	907	pod
6108	8452	26330	907	pod
6108	8452	26330	907	pod
6108	8452	26330	907	pod
6108	8452	26330	907	pod
6108	8452	26330	907	pod
6108	8452	26330	907	pod
6108	8452	26330	907	pod
6108	8452	26330	907	pod
6108	8452	26330	907	pod
6108	8452	26330	907	pod
6108	8452	26330	907	pod
6108	8452	26330	907	pod
6108	8452	26330	907	pod
6108	8452	26330	907	pod
6108	8452	26330	907	pod
6108	8452	26330	907	pod
6108	8452	26330	907	pod
6108	8452	26330	907	pod
6108	8452	26330	907	pod
6108	8452	26330	907	pod
6108	8452	26330	907	pod
6108	8452	26330	907	pod
6108	8452	26330	907	pod
6108	8452	26330	907	pod
6108	8452	26330	907	pod
6108	8452	26330	907	pod
6108	8452	26330	907	pod
6108	8452	26330	907	pod
6108	8452	26330	907	pod
6108	8452	26330	907	pod
6108	8452	26330	907	pod
6108	8452	26330	907	pod
6108	8452	26330	907	pod
6108	8452	26330	907	pod
6108	8452	26330	907	pod
6108	8452	26330	907	pod
6108	8452	26330	907	pod
6108	8452	26330	907	pod
6108	8452	26330	907	pod
6108	8452	26330	907	pod
6108	8452	26330	907	pod
6108	8452	26330	907	pod
6108	8452	26330	907	pod
6108	8452	26330	907	pod
6108	8452	26330	907	pod
6108	8452	26330	907	pod
6108	8452	26330	907	pod
6108	8452	26330	907	pod
6108	8452	26330	907	pod
6108	8452	26330	907	pod
6108	8452	26330	907	pod
6108	8452	26330	907	pod
6108	8452	26330	907	pod
6108	8452	26330	907	pod
6108	8452	26330	907	pod
6108	8452	26330	907	pod
6108	8452	26330	907	pod
6108	8452	26330	907	pod
6108	8452	26330	907	pod
6108	8452	26330	907	pod
6108	8452	26330	907	pod
6108	8452	26330	907	pod
6108	8452	26330	907	pod
6108	8452	26330	907	pod
6108	8452	26330	907	pod
6108	8452	26330	907	pod
6108	8452	26330	907	pod
6108	8452	26330	907	pod
6108	8452	26330	907	pod
6108	8452	26330	907	pod
6108	8452	26330	907	pod
6108	8452	26330	907	pod
6108	8452	26330	907	pod
6108	8452	26330	907	pod
6108	8452	26330	907	pod
6108	8452	26330	907	pod
6108	8452	26330	907	pod
6108	8452	26330	907	pod
6108	8452	26330	907	pod
6108	8452	26330	907	pod
6108	8452	26330	907	pod
6108	8452	26330	907	pod
6108	8452	26330	907	pod
6108	8452	26330	907	pod
6108	8452	26330	907	pod
6108	8452	26330	907	pod
6108	8452	26330	907	pod
6108	8452	26330	907	pod
6108	8452	26330	907	pod
6108	8452	26330	907	pod
6108	8452	26330	907	pod
6108	8452	26330	907	pod
6108	8452	26330	907	pod
6108	8452	26330	907	pod
6108	8452	26330	907	pod
6108	8452	26330	907	pod
6108	8452	26330	907	pod
6108	8452	26330	907	pod
6108	8452	26330	907	pod
6108	8452	26330	907	pod
6108	8452	26330	907	pod
6108	8452	26330	907	pod
6108	8452	26330	907	pod
6108	8452	26330	907	pod
6108	8452	26330	907	pod
6108	8452	26330	907	pod
6108	8452	26330	907	pod
6108	8452	26330	907	pod
6108	8452	26330	907	pod
6108	8452	26330	907	pod
6108	8452	26330	907	pod
6108	8452	26330	907	pod
6108	8452	26330	907	pod
6108	8452	26330	907	pod
6108	8452	26330	907	pod
6108	8452	26330	907	pod
6108	8452	26330	907	pod
6108	8452	26330	907	pod
6108	8452	26330	907	pod
6108	8452	26330	907	pod
6108	8452	26330	907	pod
6108	8452	26330	907	pod
6108	8452	26330	907	pod
6108	8452	26330	907	pod
6108	8452	26330	907	pod
6108	8452	26330	907	pod
6108	8452	26330	907	pod
6108	8452	26330	907	pod
6108	8452	26330	907	pod
6108	8452	26330	907	pod
6108	8452	26330	907	pod
6108	8452	26330	907	pod
6108	8452	26330	907	pod
6108	8452	26330	907	pod
6108	8452	26330	907	pod
6108	8452	26330	907	pod
6108	8452	26330	907	pod
6108	8452	26330	907	pod
6108	8452	26330	907	pod
6108	8452	26330	907	pod
6108	8452	26330	907	pod
6108	8452	26330	907	pod
6108	8452	26330	907	pod
6108	8452	26330	907	pod
6108	8452	26330	907	pod
6108	8452	26330	907	pod
6108	8452	26330	907	pod
6108	8452	26330	907	pod
6108	8452	26330	907	pod
6108	8452	26330	908	pod
6108	8452	26330	908	pod
6108	8452	26330	908	pod
6108	8452	26330	908	pod
6108	8452	26330	908	pod
6108	8452	26330	908	pod
6108	8452	26330	908	pod
6108	8452	26330	908	pod
6108	8452	26330	908	pod
6108	8452	26330	908	pod
6108	8452	26330	908	pod
6108	8452	26330	908	pod
6108	8452	26330	908	pod
6108	8452	26330	908	pod
6108	8452	26330	908	pod
6108	8452	26330	908	pod
6108	8452	26330	908	pod
6108	8452	26330	908	pod
6108	8452	26330	908	pod
6108	8452	26330	908	pod
6108	8452	26330	908	pod
6108	8452	26330	908	pod
6108	8452	26330	908	pod
6108	8452	26330	908	pod
6108	8452	26330	908	pod
6108	8452	26330	908	pod
6108	8452	26330	908	pod
6108	8452	26330	908	pod
6108	8452	26330	908	pod
6108	8452	26330	908	pod
6108	8452	26330	908	pod
6108	8452	26330	908	pod
6108	8452	26330	908	pod
6108	8452	26330	908	pod
6108	8452	26330	908	pod
6108	8452	26330	908	pod
6108	8452	26330	908	pod
6108	8452	26330	908	pod
6108	8452	26330	908	pod
6108	8452	26330	908	pod
6108	8452	26330	908	pod
6108	8452	26330	908	pod
6108	8452	26330	908	pod
6108	8452	26330	908	pod
6108	8452	26330	908	pod
6108	8452	26330	908	pod
6108	8452	26330	908	pod
6108	8452	26330	908	pod
6108	8452	26330	908	pod
6108	8452	26330	908	pod
6108	8452	26330	908	pod
6108	8452	26330	908	pod
6108	8452	26330	908	pod
6108	8452	26330	908	pod
6108	8452	26330	908	pod
6108	8452	26330	908	pod
6108	8452	26330	908	pod
6108	8452	26330	908	pod
6108	8452	26330	908	pod
6108	8452	26330	908	pod
6108	8452	26330	908	pod
6108	8452	26330	908	pod
6108	8452	26330	908	pod
6108	8452	26330	908	pod
6108	8452	26330	908	pod
6108	8452	26330	908	pod
6108	8452	26330	908	pod
6108	8452	26330	908	pod
6108	8452	26330	908	pod
6108	8452	26330	908	pod
6108	8452	26330	908	pod
6108	8452	26330	908	pod
6108	8452	26330	908	pod
6108	8452	26330	908	pod
6108	8452	26330	908	pod
6108	8452	26330	908	pod
6108	8452	26330	908	pod
6108	8452	26330	908	pod
6108	8452	26330	908	pod
6108	8452	26330	908	pod
6108	8452	26330	908	pod
6108	8452	26330	908	pod
6108	8452	26330	908	pod
6108	8452	26330	908	pod
6108	8452	26330	908	pod
6108	8452	26330	908	pod
6108	8452	26330	908	pod
6108	8452	26330	908	pod
6108	8452	26330	908	pod
6108	8452	26330	908	pod
6108	8452	26330	908	pod
6108	8452	26330	908	pod
6108	8452	26330	908	pod
6108	8452	26330	908	pod
6108	8452	26330	908	pod
6108	8452	26330	908	pod
6108	8452	26330	908	pod
6108	8452	26330	908	pod
6108	8452	26330	908	pod
6108	8452	26330	908	pod
6108	8452	26330	908	pod
6108	8452	26330	908	pod
6108	8452	26330	908	pod
6108	8452	26330	908	pod
6108	8452	26330	908	pod
6108	8452	26330	908	pod
6108	8452	26330	908	pod
6108	8452	26330	908	pod
6108	8452	26330	908	pod
6108	8452	26330	908	pod
6108	8452	26330	908	pod
6108	8452	26330	908	pod
6108	8452	26330	908	pod
6108	8452	26330	908	pod
6108	8452	26330	908	pod
6108	8452	26330	908	pod
6108	8452	26330	908	pod
6108	8452	26330	908	pod
6108	8452	26330	908	pod
6108	8452	26330	908	pod
6108	8452	26330	908	pod
6108	8452	26330	908	pod
6108	8452	26330	908	pod
6108	8452	26330	908	pod
6108	8452	26330	908	pod
6108	8452	26330	908	pod
6108	8452	26330	908	pod
6108	8452	26330	908	pod
6108	8452	26330	908	pod
6108	8452	26330	908	pod
6108	8452	26330	908	pod
8048	16593	26330	909	-
15737	3076	26330	909	-
20312	4800	26330	910	-
23317	5938	26330	910	-
8048	16593	26330	911	-
4800	16139	26330	911	-
15506	19350	26330	912	-
20312	4800	26330	915	-
23317	5938	26330	915	-
7179	14437	26330	919	-
20312	4800	26330	920	-
23317	5938	26330	920	-
20312	4800	26330	925	-
23317	5938	26330	925	-
17624	14437	26330	927	-
17624	3297	26330	927	-
17624	16593	26330	929	-
20312	3461	26330	929	-
20312	4800	26330	930	-
23317	5938	26330	930	-
17624	16531	26330	932	-
20312	16593	26330	934	-
20312	4800	26330	935	-
23317	5938	26330	935	-
20312	8452	26330	937	-
20312	14437	26330	937	-
20312	23167	26330	939	-
20312	4800	26330	940	-
23317	5938	26330	940	-
4800	16139	26330	940	-
14267	13412	26330	940	-
20312	3297	26330	940	-
20312	16531	26330	942	-
20312	16332	26330	943	-
3297	10812	26330	944	-
23317	5938	26330	945	-
20312	4800	26330	945	-
20312	4800	26330	950	-
23317	5938	26330	950	-
882	2843	26330	950	-
882	3297	26330	950	-
882	16593	26330	951	-
882	9554	26330	953	-
14547	19834	26330	954	-
14547	15667	26330	954	-
20312	4800	26330	955	-
21708	5424	26330	955	-
20312	4800	26330	957	-
7782	13122	26330	958	-
20312	4800	26330	959	-
7782	15667	26330	959	-
7215	13122	26330	961	-
7215	11900	26330	961	-
7215	15667	26330	963	-
7215	19531	26330	963	-
20312	7268	26330	963	-
17624	14437	26330	964	-
7215	1633	26330	964	-
20312	4800	26330	965	-
17624	2843	26330	965	-
7215	21708	26330	966	-
20312	4800	28015	967	-
6775	2843	28015	967	-
17624	3297	28015	967	-
20312	4800	28015	969	-
6775	16593	28015	969	-
23317	5938	28015	970	-
23317	5938	28015	970	-
23317	5938	28015	970	-
23317	5938	28015	970	-
23317	5938	28015	970	-
23317	5938	28015	970	-
20312	4800	28015	970	-
6775	9554	28015	970	-
16671	13122	28015	971	-
14267	6157	28015	971	-
16671	1633	28015	971	-
17624	3461	28015	971	-
20312	4800	28015	974	-
23317	5938	28015	974	-
17624	16593	28015	976	-
17624	8452	28015	977	-
17624	16332	28015	977	-
20312	4800	28015	979	-
23317	5938	28015	979	-
3611	15667	28015	980	-
4800	2463	28015	981	-
11001	1909	28015	982	-
20312	4800	28015	984	-
23317	5938	28015	984	-
3611	15667	28015	984	-
20312	4800	28015	989	-
23317	5938	28015	989	-
12332	3611	28015	992	-
20312	4800	28015	994	-
23317	5938	28015	994	-
20312	4800	28015	999	-
23317	5938	28015	999	-
23317	5938	28015	1004	-
20312	4800	28015	1004	-
20312	4800	28015	1009	-
23317	5938	28015	1009	-
23317	5938	28015	1014	-
20312	4800	28015	1014	-
20312	4800	28015	1019	-
23317	5938	28015	1019	-
20312	4800	28015	1024	-
23317	5938	28015	1024	-
882	23167	28015	1026	-
882	3297	44753	1027	-
882	16593	44753	1028	-
17624	8452	44753	1028	-
23317	5938	44753	1029	-
20312	4800	44753	1029	-
15737	22797	44753	1030	-
20312	4800	44753	1035	-
23317	5938	44753	1035	-
14267	10812	44753	1038	-
20312	4800	44753	1040	-
3297	19019	44753	1040	-
23317	5938	44753	1040	-
8048	23167	44753	1041	-
8048	3297	44753	1041	-
17624	9554	44753	1042	-
20312	4800	44753	1045	-
20312	4800	44753	1047	-
11001	3076	44753	1048	-
7215	5938	44753	1048	-
7215	13122	44753	1048	-
20312	4800	44753	1049	-
7215	15894	44753	1050	-
7215	19834	44753	1051	-
14547	15667	44753	1051	-
7215	15667	44753	1052	-
20312	4800	44753	1054	-
20312	4800	44753	1056	-
20312	4800	44753	1058	-
12332	7268	44753	1058	-
23317	882	44753	1059	-
15394	4800	44753	1059	-
23317	5938	44753	1060	-
23317	5938	44753	1060	-
23317	5938	44753	1060	-
23317	5938	44753	1060	-
23317	5938	44753	1060	-
23317	5938	44753	1060	-
20312	14437	44753	1061	-
20312	4800	44753	1063	-
23317	5938	44753	1063	-
14267	15095	44753	1068	-
20312	4800	44753	1068	-
23317	5938	44753	1068	-
21708	5424	44753	1069	-
15737	113	44753	1069	-
14267	6157	44753	1070	-
23317	5938	44753	1073	-
20312	4800	44753	1073	-
23317	5938	44753	1078	-
20312	4800	44753	1078	-
7215	13122	44753	1081	-
4800	5709	44753	1083	-
23317	5938	44753	1083	-
20312	4800	44753	1083	-
23317	5938	40535	1088	-
20312	4800	40535	1088	-
20312	4800	40535	1093	-
23317	5938	40535	1093	-
15737	17306	40535	1094	-
20312	4800	40535	1098	-
23317	5938	40535	1098	-
20312	4800	40535	1104	-
23317	5938	40535	1104	-
12332	3611	40535	1104	-
10429	5938	40535	1108	-
20312	4800	40535	1109	-
23317	5938	40535	1109	-
3297	6157	40535	1109	-
19603	3297	40535	1112	-
19603	4981	40535	1112	-
15737	8392	40535	1113	-
3076	3297	40535	1113	-
19603	9554	40535	1113	-
20312	4800	40535	1114	-
23317	5938	40535	1114	-
3297	6157	40535	1116	-
10571	14437	40535	1116	-
10571	16593	40535	1118	-
20312	4800	40535	1119	-
23317	5938	40535	1119	-
10571	8452	40535	1119	-
20312	4800	40535	1124	-
23317	5938	40535	1124	-
14547	1633	40535	1124	-
11001	13122	40535	1128	-
20312	4800	40535	1129	-
23317	5938	40535	1129	-
7179	14437	40535	1130	-
11001	13122	40535	1131	-
11001	21708	40535	1132	-
20312	4800	40535	1134	-
3611	13122	40535	1136	-
20312	4800	40535	1136	-
6775	16593	40535	1137	-
20312	4800	40535	1138	-
19531	15894	40535	1140	-
19531	19834	40535	1140	-
20312	4800	40535	1143	-
8048	16593	40535	1145	-
20312	4800	40535	1145	-
20312	4800	22228	1147	-
21708	5424	22228	1148	-
23317	5938	22228	1150	-
23317	5938	22228	1150	-
23317	5938	22228	1150	-
23317	5938	22228	1150	-
23317	5938	22228	1150	-
23317	5938	22228	1150	-
23317	5938	22228	1152	-
20312	4800	22228	1152	-
23317	5938	22228	1158	-
20312	4800	22228	1158	-
20312	4800	22228	1163	-
23317	5938	22228	1163	-
20312	4800	22228	1168	-
23317	5938	22228	1168	-
23317	5938	22228	1173	-
20312	4800	22228	1173	-
15737	8392	22228	1177	-
23317	5938	22228	1178	-
20312	4800	22228	1178	-
3297	10812	22228	1181	-
20312	4800	22228	1183	-
23317	5938	22228	1183	-
20312	4800	22228	1188	-
23317	5938	22228	1188	-
3611	5938	22228	1188	-
20367	587	22228	1192	-
23317	5938	22228	1193	-
20312	4800	22228	1193	-
11001	3076	22228	1195	-
20312	4800	22228	1198	-
23317	5938	22228	1198	-
20312	4800	22228	1203	-
23317	5938	22228	1203	-
4800	1858	1056	1207	-
20312	4800	1056	1208	-
23317	5938	1056	1208	-
11001	11351	1056	1212	-
11001	5938	1056	1213	-
20312	4800	1056	1213	-
11001	19834	1056	1213	-
12332	3611	1056	1214	-
23317	5938	1056	1214	-
20312	4800	1056	1219	-
23317	5938	1056	1219	-
8048	16531	1056	1222	-
20312	4800	1056	1224	-
8048	16531	1056	1225	-
20312	4800	1056	1226	-
20312	4800	1056	1228	-
3297	9643	1056	1229	-
20312	4800	1056	1233	-
17624	3461	1056	1235	-
20312	4800	1056	1235	-
17624	8452	1056	1235	-
17624	7268	1056	1236	-
17624	9554	1056	1236	-
20312	4800	1056	1237	-
23317	5938	1056	1240	-
23317	5938	1056	1240	-
23317	5938	1056	1240	-
15737	8392	1056	1240	-
23317	5938	1056	1240	-
23317	5938	1056	1240	-
23317	5938	1056	1240	-
23317	5938	1056	1242	-
20312	4800	1056	1242	-
23317	5938	1056	1247	-
20312	4800	1056	1247	-
21708	5424	1056	1248	-
20312	4800	1056	1252	-
23317	5938	1056	1252	-
20312	4800	1056	1257	-
23317	5938	1056	1257	-
3297	7471	1056	1260	-
20312	4800	1056	1262	-
23317	5938	1056	1262	-
20312	4800	6467	1267	-
23317	5938	6467	1267	-
23317	5938	6467	1272	-
20312	4800	6467	1272	-
12332	3611	6467	1276	-
23317	5938	6467	1277	-
20312	4800	6467	1277	-
19603	3461	6467	1281	-
20312	4800	6467	1282	-
23317	5938	6467	1282	-
19603	3461	6467	1284	-
21708	5424	6467	1285	-
23317	5938	6467	1287	-
20312	4800	6467	1287	-
3076	14437	6467	1292	-
3076	23167	6467	1292	-
20312	4800	6467	1293	-
23317	5938	6467	1293	-
6775	4981	6467	1295	-
16671	13122	6467	1298	-
20312	4800	6467	1298	-
23317	5938	6467	1298	-
3297	5356	6467	1300	-
23317	5938	6467	1303	-
20312	4800	6467	1303	-
14547	5938	6467	1305	-
882	14437	6467	1306	-
14547	1633	6467	1306	-
882	16593	6467	1306	-
20312	4800	6467	1308	-
23317	5938	6467	1308	-
20312	4800	6467	1313	-
20312	4800	6467	1315	-
20312	4800	6467	1317	-
15737	8392	6467	1317	-
3297	10785	6467	1319	-
15737	8392	6467	1322	-
20312	4800	6467	1322	-
20312	4800	6467	1324	-
20312	4800	6467	1326	-
23317	5938	42049	1330	-
23317	5938	42049	1330	-
23317	5938	42049	1330	-
23317	5938	42049	1330	-
23317	5938	42049	1330	-
23317	5938	42049	1330	-
23317	5938	42049	1331	-
20312	4800	42049	1331	-
11001	19839	42049	1335	-
11001	15667	42049	1335	-
20312	4800	42049	1336	-
21708	5424	42049	1336	-
23317	5938	42049	1336	-
18246	21426	42049	1337	-
3297	5356	42049	1340	-
23317	5938	42049	1341	-
20312	4800	42049	1341	-
18246	16409	42049	1342	-
18225	3611	42049	1343	teardrop
18225	3611	42049	1343	teardrop
18225	3611	42049	1343	teardrop
18225	3611	42049	1343	teardrop
18225	3611	42049	1343	teardrop
18225	3611	42049	1343	teardrop
18225	3611	42049	1343	teardrop
18225	3611	42049	1343	teardrop
18225	3611	42049	1343	teardrop
18225	3611	42049	1343	teardrop
18225	3611	42049	1343	teardrop
18225	3611	42049	1343	teardrop
18225	3611	42049	1343	teardrop
18225	3611	42049	1343	teardrop
18225	3611	42049	1343	teardrop
18225	3611	42049	1343	teardrop
18225	3611	42049	1343	teardrop
18225	3611	42049	1343	teardrop
18225	3611	42049	1343	teardrop
18225	3611	42049	1343	teardrop
18225	3611	42049	1343	teardrop
18225	3611	42049	1343	teardrop
18225	3611	42049	1343	teardrop
18225	3611	42049	1343	teardrop
18225	3611	42049	1343	teardrop
18225	3611	42049	1343	teardrop
18225	3611	42049	1343	teardrop
18225	3611	42049	1343	teardrop
18225	3611	42049	1343	teardrop
18225	3611	42049	1343	teardrop
18225	3611	42049	1343	teardrop
18225	3611	42049	1343	teardrop
18225	3611	42049	1343	teardrop
18225	3611	42049	1343	teardrop
18225	3611	42049	1343	teardrop
18225	3611	42049	1343	teardrop
18225	3611	42049	1343	teardrop
18225	3611	42049	1343	teardrop
18225	3611	42049	1343	teardrop
18225	3611	42049	1343	teardrop
18225	3611	42049	1343	teardrop
18225	3611	42049	1343	teardrop
18225	3611	42049	1343	teardrop
18225	3611	42049	1343	teardrop
18225	3611	42049	1343	teardrop
18225	3611	42049	1343	teardrop
18225	3611	42049	1343	teardrop
18225	3611	42049	1343	teardrop
18225	3611	42049	1343	teardrop
18225	3611	42049	1343	teardrop
18225	3611	42049	1343	teardrop
18225	3611	42049	1343	teardrop
18225	3611	42049	1343	teardrop
18225	3611	42049	1343	teardrop
18225	3611	42049	1343	teardrop
18225	3611	42049	1343	teardrop
18225	3611	42049	1343	teardrop
18225	3611	42049	1343	teardrop
18225	3611	42049	1343	teardrop
18225	3611	42049	1343	teardrop
18225	3611	42049	1343	teardrop
18225	3611	42049	1343	teardrop
18225	3611	42049	1343	teardrop
18225	3611	42049	1343	teardrop
18225	3611	42049	1344	teardrop
18225	3611	42049	1344	teardrop
18225	3611	42049	1344	teardrop
18225	3611	42049	1344	teardrop
18225	3611	42049	1344	teardrop
18225	3611	42049	1344	teardrop
18225	3611	42049	1344	teardrop
18225	3611	42049	1344	teardrop
18225	3611	42049	1344	teardrop
18225	3611	42049	1344	teardrop
18225	3611	42049	1344	teardrop
18225	3611	42049	1344	teardrop
18225	3611	42049	1344	teardrop
18225	3611	42049	1344	teardrop
18225	3611	42049	1344	teardrop
18225	3611	42049	1344	teardrop
18225	3611	42049	1344	teardrop
18225	3611	42049	1344	teardrop
18225	3611	42049	1344	teardrop
18225	3611	42049	1344	teardrop
18225	3611	42049	1344	teardrop
18225	3611	42049	1344	teardrop
18225	3611	42049	1344	teardrop
18225	3611	42049	1344	teardrop
18225	3611	42049	1344	teardrop
18225	3611	42049	1344	teardrop
18225	3611	42049	1344	teardrop
18225	3611	42049	1344	teardrop
18225	3611	42049	1344	teardrop
18225	3611	42049	1344	teardrop
18225	3611	42049	1344	teardrop
18225	3611	42049	1344	teardrop
18225	3611	42049	1344	teardrop
18225	3611	42049	1344	teardrop
18225	3611	42049	1344	teardrop
18225	3611	42049	1344	teardrop
18225	3611	42049	1344	teardrop
18225	3611	42049	1344	teardrop
18225	3611	42049	1344	teardrop
18225	3611	42049	1344	teardrop
18225	3611	42049	1344	teardrop
18225	3611	42049	1344	teardrop
18225	3611	42049	1344	teardrop
18225	3611	42049	1344	teardrop
18225	3611	42049	1344	teardrop
18225	3611	42049	1344	teardrop
18225	3611	42049	1344	teardrop
18225	3611	42049	1344	teardrop
18225	3611	42049	1344	teardrop
18225	3611	42049	1344	teardrop
18225	3611	42049	1344	teardrop
18225	3611	42049	1344	teardrop
18225	3611	42049	1344	teardrop
18225	3611	42049	1344	teardrop
18225	3611	42049	1344	teardrop
18225	3611	42049	1344	teardrop
18225	3611	42049	1344	teardrop
18225	3611	42049	1344	teardrop
18225	3611	42049	1344	teardrop
18225	3611	42049	1344	teardrop
18225	3611	42049	1344	teardrop
18225	3611	42049	1344	teardrop
18225	3611	42049	1344	teardrop
18225	3611	42049	1344	teardrop
18225	3611	42049	1344	teardrop
18225	3611	42049	1344	teardrop
18225	3611	42049	1344	teardrop
18225	3611	42049	1344	teardrop
18225	3611	42049	1344	teardrop
18225	3611	42049	1344	teardrop
18225	3611	42049	1344	teardrop
18225	3611	42049	1344	teardrop
18225	3611	42049	1344	teardrop
18225	3611	42049	1344	teardrop
18225	3611	42049	1344	teardrop
18225	3611	42049	1344	teardrop
18225	3611	42049	1344	teardrop
18225	3611	42049	1344	teardrop
18225	3611	42049	1344	teardrop
18225	3611	42049	1344	teardrop
18225	3611	42049	1344	teardrop
18225	3611	42049	1344	teardrop
18225	3611	42049	1344	teardrop
18225	3611	42049	1344	teardrop
18225	3611	42049	1344	teardrop
18225	3611	42049	1344	teardrop
18225	3611	42049	1344	teardrop
18225	3611	42049	1344	teardrop
18225	3611	42049	1344	teardrop
18225	3611	42049	1344	teardrop
18225	3611	42049	1344	teardrop
18225	3611	42049	1344	teardrop
18225	3611	42049	1344	teardrop
18225	3611	42049	1344	teardrop
18225	3611	42049	1344	teardrop
18225	3611	42049	1344	teardrop
18225	3611	42049	1344	teardrop
18225	3611	42049	1344	teardrop
18225	3611	42049	1344	teardrop
18225	3611	42049	1344	teardrop
18225	3611	42049	1345	teardrop
18225	3611	42049	1345	teardrop
18225	3611	42049	1345	teardrop
18225	3611	42049	1345	teardrop
18225	3611	42049	1345	teardrop
18225	3611	42049	1345	teardrop
18225	3611	42049	1345	teardrop
18225	3611	42049	1345	teardrop
18225	3611	42049	1345	teardrop
18225	3611	42049	1345	teardrop
18225	3611	42049	1345	teardrop
18225	3611	42049	1345	teardrop
18225	3611	42049	1345	teardrop
18225	3611	42049	1345	teardrop
18225	3611	42049	1345	teardrop
18225	3611	42049	1345	teardrop
18225	3611	42049	1345	teardrop
18225	3611	42049	1345	teardrop
18225	3611	42049	1345	teardrop
18225	3611	42049	1345	teardrop
18225	3611	42049	1345	teardrop
18225	3611	42049	1345	teardrop
18225	3611	42049	1345	teardrop
18225	3611	42049	1345	teardrop
18225	3611	42049	1345	teardrop
18225	3611	42049	1345	teardrop
18225	3611	42049	1345	teardrop
18225	3611	42049	1345	teardrop
18225	3611	42049	1345	teardrop
18225	3611	42049	1345	teardrop
18225	3611	42049	1345	teardrop
18225	3611	42049	1345	teardrop
18225	3611	42049	1345	teardrop
18225	3611	42049	1345	teardrop
18225	3611	42049	1345	teardrop
18225	3611	42049	1345	teardrop
20312	4800	42049	1346	-
23317	5938	42049	1346	-
11001	5362	42049	1347	-
11001	5362	42049	1349	-
3957	21708	42049	1351	-
20312	4800	42049	1351	-
23317	5938	42049	1351	-
20367	19350	42049	1351	-
12985	19834	42049	1355	-
20312	4800	42049	1356	-
12985	1633	42049	1356	-
23317	5938	42049	1357	-
12985	5938	42049	1358	-
12985	11900	42049	1358	-
20312	4800	42049	1362	-
23317	5938	42049	1362	-
7215	15894	42049	1363	-
7215	19834	42049	1363	-
18246	16409	42049	1365	-
13993	22986	42049	1367	-
20312	4800	42049	1367	-
23317	5938	42049	1367	-
13993	5938	42049	1367	-
20312	4800	42049	1372	-
23317	5938	42049	1372	-
12985	11900	42049	1375	-
12985	1633	42049	1375	-
20312	4800	42049	1377	-
23317	5938	42049	1377	-
12985	21708	42049	1379	-
12985	5938	42049	1379	-
15737	20964	42049	1381	-
20312	4800	42049	1382	-
23317	5938	42049	1382	-
11001	5362	42049	1384	-
12985	5938	42049	1384	-
15737	20964	42049	1386	-
23317	5938	36388	1387	-
20312	4800	36388	1387	-
23317	5938	36388	1392	-
20312	4800	36388	1392	-
3957	587	36388	1392	-
23317	5938	36388	1397	-
20312	4800	36388	1397	-
882	4981	36388	1398	-
882	8452	36388	1398	-
15737	20964	36388	1399	-
20312	4800	36388	1402	-
20312	4800	36388	1404	-
11001	5362	36388	1404	-
20312	4800	36388	1406	-
20312	4800	36388	1411	-
20312	4800	36388	1413	-
20312	4800	36388	1415	-
23317	5938	36388	1420	-
23317	5938	36388	1420	-
23317	5938	36388	1420	-
23317	5938	36388	1420	-
20312	4800	36388	1420	-
23317	5938	36388	1420	-
20312	4800	36388	1420	-
23317	5938	36388	1420	-
23317	5938	36388	1420	-
23317	5938	36388	1425	-
3957	15667	36388	1425	-
20312	4800	36388	1425	-
20312	4800	36388	1431	-
23317	5938	36388	1431	-
3297	5356	36388	1431	-
15737	4932	36388	1432	-
23317	5938	36388	1436	-
20312	4800	36388	1436	-
23317	5938	36388	1441	-
20312	4800	36388	1441	-
16671	15667	36388	1443	-
23317	5938	36388	1446	-
20312	4800	36388	1446	-
10571	2843	32357	1447	-
10571	8452	32357	1447	-
23317	5938	32357	1451	-
20312	4800	32357	1451	-
8048	8452	32357	1451	-
15737	4932	32357	1452	-
23317	5938	32357	1456	-
20312	4800	32357	1456	-
11001	5362	32357	1458	-
7179	16332	32357	1458	-
23317	5938	32357	1461	-
20312	4800	32357	1461	-
23317	5938	32357	1466	-
20312	4800	32357	1466	-
11001	823	32357	1466	-
15737	4932	32357	1467	-
20312	4800	32357	1471	-
23317	5938	32357	1471	-
23317	5938	32357	1477	-
20312	4800	32357	1477	-
12985	11900	32357	1479	-
20312	4800	32357	1482	-
23317	5938	32357	1482	-
23317	5938	32357	1487	-
20312	4800	32357	1487	-
15737	4932	32357	1490	-
12985	15667	32357	1491	-
23317	5938	32357	1492	-
20312	4800	32357	1492	-
18246	16409	32357	1495	-
20312	4800	32357	1497	-
3297	5356	32357	1497	-
18246	18609	32357	1498	-
20312	4800	32357	1499	-
3957	15394	32357	1499	-
20312	4800	32357	1501	-
20312	14437	32357	1502	-
20312	3297	32357	1502	-
20312	4981	32357	1503	-
20312	16531	32357	1505	-
20312	16531	32357	1505	-
20312	4800	32357	1506	-
20312	4800	42210	1508	-
20312	7268	42210	1508	-
11001	5172	42210	1509	-
3297	18332	42210	1509	-
20312	4800	42210	1510	-
23317	5938	42210	1510	-
23317	5938	42210	1510	-
23317	5938	42210	1510	-
23317	5938	42210	1510	-
23317	5938	42210	1510	-
23317	5938	42210	1510	-
23317	5938	42210	1515	-
12985	15894	42210	1515	-
20312	4800	42210	1515	-
20312	4800	42210	1520	-
3297	16178	42210	1520	-
23317	5938	42210	1520	-
18246	18609	42210	1523	-
7782	19834	42210	1523	-
7782	19531	42210	1523	-
23317	5938	42210	1525	-
20312	4800	42210	1525	-
23317	5938	42210	1530	-
20312	4800	42210	1530	-
20312	4800	42210	1535	-
11001	22513	42210	1535	-
23317	5938	42210	1535	-
15737	4932	42210	1537	-
20312	4800	42210	1540	-
23317	5938	42210	1541	-
14267	17923	42210	1544	-
20312	4800	42210	1546	-
23317	5938	42210	1546	-
19531	11900	42210	1550	-
23317	5938	42210	1551	-
20312	4800	42210	1551	-
20312	4800	42210	1556	-
23317	5938	42210	1556	-
15737	6587	42210	1558	-
23317	5938	42210	1561	-
20312	4800	42210	1561	-
882	23167	42210	1564	-
882	3297	42210	1565	-
20312	4800	42210	1566	-
23317	5938	42210	1566	-
23317	5938	45	1571	-
20312	4800	45	1571	-
20312	8452	45	1575	-
23317	5938	45	1576	-
20312	4800	45	1576	-
11001	5938	45	1576	-
11001	15894	45	1576	-
20312	4800	45	1581	-
23317	5938	45	1582	-
10571	14437	45	1587	-
20312	4800	45	1587	-
20312	4800	45	1589	-
15737	6587	45	1590	-
20312	4800	45	1591	-
20312	4800	45	1596	-
20312	4800	45	1598	-
20312	4800	45	1600	-
23317	5938	45	1600	-
23317	5938	45	1600	-
23317	5938	45	1600	-
23317	5938	45	1600	-
23317	5938	45	1600	-
23317	5938	45	1600	-
3957	13122	45	1603	-
20312	4800	45	1605	-
23317	5938	45	1605	-
23317	5938	45	1610	-
20312	4800	45	1610	-
23317	5938	45	1615	-
20312	4800	45	1615	-
20312	4800	45	1620	-
23317	5938	45	1620	-
18246	6711	45	1623	-
20312	4800	45	1625	-
23317	5938	45	1625	-
23317	5938	32307	1630	-
20312	4800	32307	1630	-
3297	20418	32307	1634	-
23317	5938	32307	1635	-
20312	4800	32307	1635	-
23317	5938	32307	1640	-
20312	4800	32307	1640	-
23317	5938	32307	1645	-
20312	4800	32307	1645	-
23317	5938	32307	1650	-
20312	4800	32307	1650	-
14267	17923	32307	1651	-
20312	4800	32307	1655	-
23317	5938	32307	1656	-
23317	882	32307	1659	-
15394	4800	32307	1659	-
20312	4800	32307	1661	-
23317	5938	32307	1661	-
14267	20961	32307	1665	-
20312	4800	32307	1666	-
23317	5938	32307	1666	-
23317	5938	32307	1671	-
20312	4800	32307	1671	-
7179	16531	32307	1672	-
14267	20961	32307	1673	-
20312	4800	32307	1676	-
11001	22513	32307	1677	-
20367	16593	32307	1677	-
20312	4800	32307	1678	-
11001	15394	32307	1679	-
20312	4800	32307	1680	-
11001	15394	32307	1682	-
11001	15394	32307	1684	-
20312	4800	32307	1685	-
11001	15394	32307	1686	-
20312	4800	19923	1687	-
11001	15394	19923	1689	-
20312	4800	19923	1689	-
23317	5938	19923	1690	-
23317	5938	19923	1690	-
23317	5938	19923	1690	-
23317	5938	19923	1690	-
23317	5938	19923	1690	-
23317	5938	19923	1690	-
14267	445	19923	1692	-
23317	5938	19923	1694	-
20312	4800	19923	1694	-
15737	6587	19923	1695	-
20312	4800	19923	1699	-
18246	18609	19923	1699	-
23317	5938	19923	1699	-
3076	23167	19923	1700	-
3076	16531	19923	1700	-
3076	16593	19923	1702	-
23317	5938	19923	1704	-
20312	4800	19923	1704	-
23317	5938	19923	1709	-
20312	4800	19923	1709	-
3297	16549	19923	1712	-
3297	15732	19923	1713	-
15737	14025	19923	1713	-
14267	445	19923	1714	-
20312	4800	19923	1714	-
23317	5938	19923	1714	-
23317	5938	19923	1719	-
20312	4800	19923	1719	-
20312	4800	19923	1724	-
23317	5938	19923	1726	-
20312	4800	19923	1726	-
23317	5938	19923	1731	-
20312	4800	19923	1731	-
3297	15444	19923	1736	-
23317	5938	19923	1737	-
20312	4800	19923	1737	-
20312	4800	19923	1742	-
23317	5938	19923	1742	-
20312	4800	43644	1747	-
23317	5938	43644	1747	-
11001	22986	43644	1751	-
20312	4800	43644	1752	-
23317	5938	43644	1752	-
3297	15827	43644	1755	-
20312	4800	43644	1757	-
23317	5938	43644	1757	-
3076	16593	43644	1758	-
20312	4800	43644	1762	-
20312	4800	43644	1764	-
20312	4800	43644	1766	-
20312	4800	43644	1771	-
20312	4800	43644	1773	-
20312	4800	43644	1775	-
7179	16332	43644	1777	-
11001	22513	43644	1779	-
11001	22513	43644	1779	-
15737	6587	43644	1779	-
18246	13412	43644	1779	-
23317	5938	43644	1780	-
20312	4800	43644	1780	-
23317	5938	43644	1780	-
23317	5938	43644	1780	-
23317	5938	43644	1780	-
23317	5938	43644	1780	-
23317	5938	43644	1780	-
23317	5938	43644	1780	-
11001	3374	43644	1782	-
20312	14437	43644	1783	-
20312	3297	43644	1784	-
23317	5938	43644	1785	-
20312	4800	43644	1785	-
20312	3461	43644	1785	-
20312	16531	43644	1786	-
20312	4800	43644	1790	-
23317	5938	43644	1790	-
20312	4800	43644	1795	-
23317	5938	43644	1795	-
