10429	14547	7353	0	-
10429	14547	7353	0	-
10429	21025	7353	0	-
10429	14547	7353	0	-
10429	14547	7353	0	-
10429	9188	7353	0	-
10429	14547	7353	0	-
10429	14547	7353	0	-
10429	14547	7353	0	-
10429	14547	7353	0	-
10429	14547	7353	0	-
10429	14547	7353	0	-
10429	9188	7353	0	-
10429	14547	7353	0	-
10429	14547	7353	0	-
10429	14547	7353	0	-
10429	14547	7353	0	-
10429	9188	7353	36	-
10429	9188	7353	36	-
10429	9188	7353	36	-
10429	9188	7353	36	-
10429	9188	7353	36	-
10429	9188	7353	36	-
10429	9188	7353	36	-
10429	9188	7353	36	-
10429	9188	7353	36	-
10429	9188	7353	36	-
10429	9188	7353	36	-
10429	9188	7353	36	-
10429	9188	7353	36	-
10429	9188	7353	36	-
10429	9188	7353	36	-
10429	9188	7353	36	-
3297	12815	7353	39	-
3297	12815	7353	39	-
3297	12815	7353	39	-
3297	12815	7353	39	-
3297	12815	7353	39	-
3297	12815	7353	39	-
3297	12815	7353	39	-
3297	12815	7353	39	-
3297	12815	7353	39	-
3297	12815	7353	39	-
3297	12815	7353	39	-
3297	12815	7353	39	-
3297	12815	7353	39	-
3297	12815	7353	39	-
3297	12815	7353	39	-
3297	12815	7353	39	-
3297	12815	7353	39	-
3297	12815	7353	39	-
3374	3785	7353	43	-
3374	3785	7353	43	-
3374	3785	7353	43	-
3374	3785	7353	43	-
3374	3785	7353	43	-
3374	3785	7353	43	-
3374	3785	7353	43	-
3374	3785	7353	43	-
3374	3785	7353	43	-
3374	3785	7353	43	-
3374	3785	7353	43	-
3374	3785	7353	43	-
3374	3785	7353	44	-
3374	3785	7353	44	-
3374	3785	7353	44	-
3374	3785	7353	44	-
3374	3785	7353	44	-
3374	3785	7353	44	-
3374	3785	7353	44	-
3374	3785	7353	44	-
3374	3785	7353	44	-
3374	3785	7353	44	-
3374	3785	7353	44	-
3374	3785	7353	44	-
3374	3785	7353	44	-
3374	3785	15805	63	-
3374	3785	15805	63	-
16671	22986	15805	94	-
10429	9188	15805	105	-
10429	14547	15805	105	-
10429	14547	15805	105	-
10429	14547	15805	105	-
10429	14547	15805	105	-
10429	14547	15805	105	-
10429	14547	15805	105	-
10429	14547	15805	105	-
10429	14547	15805	105	-
10429	14547	15805	105	-
10429	14547	15805	105	-
10429	9188	15805	106	-
10429	14547	15805	106	-
10429	14547	15805	106	-
10429	14547	15805	106	-
10429	14547	15805	106	-
10429	21025	15805	106	-
10429	15894	20472	121	-
12985	15894	20472	136	-
3957	587	20472	136	-
10429	2782	20472	139	-
10429	17392	20472	141	-
10429	17392	20472	141	-
10429	17392	20472	141	-
10429	17392	20472	141	-
10429	17392	20472	141	-
10429	17392	20472	141	-
10429	17392	20472	141	-
10429	17392	20472	141	-
10429	17392	20472	141	-
10429	17392	20472	141	-
10429	17392	20472	141	-
10429	17392	20472	141	-
10429	17392	20472	141	-
10429	17392	20472	141	-
10429	17392	20472	141	-
10429	17392	20472	141	-
10429	17392	20472	141	-
10429	17392	20472	141	-
10429	17392	20472	141	-
10429	17392	20472	141	-
10429	17392	20472	141	-
10429	17392	20472	142	-
10429	17392	20472	142	-
10429	17392	20472	142	-
10429	17392	20472	142	-
10429	17392	20472	142	-
10429	17392	20472	142	-
10429	17392	20472	142	-
3297	12815	20472	148	-
3297	12815	20472	148	-
3297	12815	20472	148	-
3297	12815	20472	148	-
3297	12815	20472	148	-
3297	12815	20472	148	-
3297	12815	20472	148	-
3297	12815	20472	148	-
3297	12815	20472	148	-
3297	12815	20472	149	-
3297	12815	20472	149	-
3297	12815	20472	149	-
3297	12815	20472	149	-
3297	12815	20472	149	-
3297	12815	20472	149	-
3297	12815	20472	149	-
3297	12815	20472	149	-
3297	12815	20472	149	-
3297	12815	20472	149	-
3297	12815	20472	149	-
3297	12815	20472	149	-
3297	12815	20472	149	-
3297	12815	20472	149	-
3297	12815	20472	149	-
3297	12815	20472	149	-
3297	12815	20472	149	-
3297	12815	20472	149	-
3297	12815	20472	149	-
3297	12815	20472	149	-
3297	12815	20472	149	-
3297	12815	20472	149	-
3297	12815	20472	149	-
3297	12815	20472	149	-
3297	12815	20472	149	-
3297	12815	20472	149	-
3297	12815	20472	149	-
3297	12815	20472	149	-
3297	12815	20472	149	-
3297	12815	20472	149	-
3297	12815	20472	149	-
3297	12815	20472	149	-
3297	12815	20472	149	-
3297	12815	20472	149	-
3297	12815	20472	149	-
3297	12815	20472	149	-
3297	12815	20472	149	-
3297	12815	20472	149	-
3297	12815	20472	149	-
3297	12815	20472	149	-
3297	12815	20472	150	-
16671	22986	20472	153	-
16671	13122	20472	153	-
16671	15667	20472	154	-
3374	3785	20472	164	-
17624	3461	20472	165	-
3957	13122	20472	168	-
19839	13122	20472	168	-
6775	3611	20472	168	-
6775	23167	20472	169	-
3374	16153	2510	181	-
3374	16153	2510	181	-
3374	16153	2510	181	-
3374	16153	2510	181	-
3374	16153	2510	182	-
3374	16153	2510	182	-
19839	13122	2510	196	-
3297	12815	2510	220	-
3297	12815	2510	221	-
3297	12815	2510	221	-
3297	12815	2510	221	-
3297	12815	2510	222	-
3297	12815	2510	222	-
3297	12815	2510	222	-
3297	12815	2510	222	-
3297	12815	2510	222	-
3297	12815	2510	222	-
3297	12815	2510	222	-
3297	12815	2510	222	-
3297	12815	2510	222	-
3297	12815	2510	222	-
3297	12815	2510	222	-
3297	12815	2510	222	-
3297	12815	2510	222	-
10429	17005	2510	223	-
10429	14547	4118	241	-
10429	14547	4118	241	-
10429	19770	4118	244	-
10429	19770	4118	244	-
10429	14547	4118	244	-
10429	14547	4118	244	-
10429	19770	4118	244	-
3611	15894	4118	250	-
3611	13122	4118	254	-
3611	15894	4118	254	-
3611	19834	4118	255	-
7179	9554	4118	263	-
3957	15894	4118	263	-
20367	19350	4118	263	-
7179	14437	4118	266	-
3374	8916	4118	270	-
3374	8916	4118	270	-
3374	8916	4118	270	-
3374	8916	4118	270	-
3374	8916	4118	270	-
3374	8916	4118	270	-
3374	8916	4118	270	-
3374	8916	4118	270	-
3374	8916	4118	270	-
3374	8916	4118	270	-
3374	8916	4118	270	-
3374	8916	4118	270	-
3374	8916	4118	270	-
3374	8916	4118	270	-
3374	8916	4118	270	-
3374	8916	4118	270	-
3374	8916	4118	271	-
3374	8916	4118	271	-
3374	8916	4118	271	-
3374	8916	4118	271	-
3374	8916	4118	271	-
3374	8916	4118	271	-
21708	12332	4118	281	-
21708	12332	4118	282	-
21708	12332	4118	282	-
21708	12332	4118	282	-
21708	12332	4118	282	-
21708	12332	4118	282	-
21708	12332	4118	282	-
21708	12332	4118	282	-
21708	12332	4118	282	-
21708	12332	4118	283	-
21708	12332	4118	283	-
21708	12332	4118	283	-
21708	12332	4118	283	-
21708	12332	4118	283	-
21708	12332	4118	283	-
21708	12332	4118	283	-
21708	12332	4118	283	-
21708	12332	4118	283	-
21708	12332	4118	283	-
21708	12332	4118	283	-
21708	12332	4118	283	-
882	2843	4118	290	-
3957	19834	4118	290	-
3374	8916	4118	291	-
21708	11909	4118	291	-
21708	12332	4118	291	-
3374	8916	4118	291	-
21708	11909	4118	291	-
3374	8916	4118	291	-
21708	11909	4118	291	-
21708	11909	4118	291	-
21708	11909	4118	291	-
21708	11909	4118	292	-
21708	11909	4118	292	-
21708	11909	4118	292	-
21708	11909	4118	292	-
21708	11909	4118	292	-
21708	11909	4118	292	-
21708	11909	4118	292	-
21708	11909	4118	292	-
6775	2843	4118	296	-
10429	14547	12469	300	-
10429	14547	12469	300	-
10429	21025	12469	300	-
10429	14547	12469	300	-
7538	5938	12469	300	-
10429	14547	12469	300	-
10429	14547	12469	300	-
10429	14547	12469	300	-
10429	14547	12469	300	-
10429	9188	12469	300	-
10429	14547	12469	300	-
10429	14547	12469	300	-
10429	14547	12469	300	-
10429	14547	12469	300	-
10429	14547	12469	300	-
10429	14547	12469	300	-
10429	9188	12469	300	-
10429	14547	12469	300	-
12332	3611	12469	305	-
19839	21708	12469	305	-
12332	23167	12469	305	-
12332	2843	12469	305	-
20312	7268	12469	307	-
12332	3297	12469	307	-
10429	20312	12469	309	-
12332	4981	12469	309	-
10429	20312	12469	310	-
10429	20312	12469	310	-
10429	20312	12469	310	-
10429	20312	12469	310	-
10429	20312	12469	310	-
10429	20312	12469	310	-
10429	20312	12469	310	-
10429	20312	12469	310	-
10429	20312	12469	310	-
10429	20312	12469	310	-
10429	20312	12469	310	-
10429	20312	12469	310	-
10429	20312	12469	310	-
10429	20312	12469	310	-
10429	20312	12469	310	-
10429	20312	12469	310	-
10429	20312	12469	310	-
10429	20312	12469	310	-
10429	20312	12469	310	-
882	3297	12469	310	-
10429	20312	12469	311	-
10429	20312	12469	311	-
10429	20312	12469	311	-
10429	20312	12469	311	-
10429	20312	12469	311	-
10429	20312	12469	311	-
10429	20312	12469	311	-
10429	20312	12469	311	-
10429	20312	12469	311	-
10429	20312	12469	311	-
10429	20312	12469	311	-
10429	20312	12469	311	-
10429	20312	12469	311	-
10429	20312	12469	311	-
10429	20312	12469	311	-
10429	20312	12469	311	-
10429	20312	12469	311	-
10429	20312	12469	311	-
10429	20312	12469	311	-
10429	20312	12469	311	-
10429	20312	12469	311	-
12332	16593	12469	311	-
882	3461	12469	312	-
12332	7268	12469	313	-
12332	8452	12469	314	-
12332	9554	12469	314	-
882	16531	12469	316	-
882	8452	12469	318	-
882	7268	12469	319	-
10429	2885	12469	320	-
10429	2885	12469	323	-
10429	7306	12469	323	-
10429	2885	12469	323	-
10429	2885	12469	323	-
10429	2885	12469	323	-
10429	2885	12469	323	-
10429	11179	12469	323	-
3297	12815	12469	326	-
3297	12815	12469	326	-
3297	12815	12469	326	-
3297	12815	12469	326	-
7538	15667	12469	326	-
3297	12815	12469	327	-
3297	12815	12469	327	-
21708	11909	12469	327	-
3297	12815	12469	327	-
3297	12815	12469	327	-
3297	12815	12469	327	-
3297	12815	12469	327	-
3297	12815	12469	327	-
3297	12815	12469	327	-
21708	11909	12469	327	-
3297	12815	12469	327	-
21708	11909	12469	327	-
3297	12815	12469	327	-
3297	12815	12469	327	-
3297	12815	12469	328	-
21708	11909	12469	328	-
3297	12815	12469	328	-
21708	11909	12469	328	-
3297	12815	12469	328	-
3297	12815	12469	328	-
21708	11909	12469	328	-
3297	12815	12469	328	-
3297	12815	12469	328	-
21708	11909	12469	328	-
3297	12815	12469	328	-
21708	11909	12469	328	-
3297	12815	12469	328	-
21708	11909	12469	328	-
3297	12815	12469	328	-
21708	11909	12469	328	-
3297	12815	12469	328	-
21708	11909	12469	328	-
21708	11909	12469	328	-
3297	12815	12469	328	-
21708	11909	12469	328	-
3297	12815	12469	328	-
21708	11909	12469	328	-
3297	12815	12469	328	-
3297	12815	12469	328	-
3297	12815	12469	328	-
3297	12815	12469	328	-
21708	11909	12469	328	-
3297	12815	12469	328	-
21708	11909	12469	328	-
3297	12815	12469	328	-
21708	11909	12469	328	-
3297	12815	12469	328	-
21708	11909	12469	328	-
3297	12815	12469	328	-
3297	12815	12469	328	-
21708	11909	12469	328	-
3297	12815	12469	328	-
21708	11909	12469	328	-
3297	12815	12469	328	-
3297	12815	12469	328	-
21708	11909	12469	328	-
3297	12815	12469	329	-
21708	11909	12469	329	-
3297	12815	12469	329	-
21708	11909	12469	329	-
3297	12815	12469	329	-
21708	11909	12469	329	-
3297	12815	12469	329	-
21708	11909	12469	329	-
3297	12815	12469	329	-
3297	12815	12469	329	-
3297	12815	12469	329	-
3297	12815	12469	329	-
3297	12815	12469	329	-
3297	12815	12469	329	-
3297	12815	12469	329	-
3297	12815	12469	329	-
3297	12815	12469	329	-
3297	12815	12469	329	-
3297	12815	12469	329	-
3297	12815	12469	329	-
3297	12815	12469	329	-
3297	12815	12469	329	-
3297	12815	12469	329	-
3297	12815	12469	329	-
3957	15394	12469	331	-
3957	5938	12469	331	-
3957	13122	12469	331	-
3374	13782	12469	332	-
3374	13782	12469	332	-
3374	13782	12469	332	-
3374	13782	12469	332	-
3374	13782	12469	332	-
3374	13782	12469	332	-
3374	13782	12469	332	-
3297	8274	12469	332	-
3297	8274	12469	332	-
3297	8274	12469	332	-
3297	8274	12469	332	-
3297	8274	12469	332	-
7782	21708	12469	339	-
21708	11909	12469	353	-
21708	11909	12469	353	-
21708	11909	12469	353	-
21708	11909	12469	353	-
21708	11909	12469	353	-
21708	11909	12469	353	-
21708	11909	12469	353	-
21708	11909	12469	353	-
21708	11909	12469	353	-
21708	11909	12469	353	-
21708	11909	12469	353	-
10429	14547	16670	360	-
10429	14547	16670	360	-
10429	14547	16670	360	-
10429	14547	16670	360	-
10429	14547	16670	361	-
10429	9188	16670	361	-
10429	14547	16670	361	-
10429	14547	16670	361	-
10429	14547	16670	361	-
10429	14547	16670	361	-
10429	9188	16670	361	-
10429	14547	16670	361	-
10429	14547	16670	361	-
10429	14547	16670	361	-
10429	14547	16670	361	-
10429	14547	16670	361	-
10429	21025	16670	361	-
6775	7268	16670	365	-
882	16531	16670	365	-
10429	10344	16670	369	-
10429	10344	16670	369	-
10429	10344	16670	369	-
10429	10344	16670	369	-
10429	10344	16670	369	-
10429	10344	16670	369	-
3076	3461	16670	375	-
3957	22986	16670	377	-
3076	14437	16670	377	-
3076	2843	16670	378	-
587	20367	16670	379	-
3374	13782	16670	379	-
3374	13782	16670	379	-
3076	3461	16670	379	-
587	23317	16670	382	-
21708	11909	16670	383	-
21708	11909	16670	384	-
21708	11909	16670	384	-
21708	11909	16670	384	-
21708	11909	16670	384	-
21708	11909	16670	384	-
21708	11909	16670	384	-
21708	11909	16670	384	-
21708	11909	16670	384	-
21708	11909	16670	384	-
3374	15737	16670	393	-
3374	8825	16670	393	-
3374	8825	16670	393	-
3374	8825	16670	393	-
3374	8825	16670	393	-
3374	8825	16670	393	-
3374	8825	16670	393	-
3374	8825	16670	393	-
3374	8825	16670	393	-
3374	8825	16670	393	-
3374	8825	16670	393	-
3374	8825	16670	393	-
3374	22668	16670	393	-
3374	8825	16670	393	-
3374	8825	16670	393	-
3374	8825	16670	393	-
3374	8825	16670	393	-
3374	8825	16670	393	-
3374	8825	16670	393	-
3374	8825	16670	393	-
3374	8825	16670	393	-
3374	8825	16670	393	-
3374	8825	16670	398	-
3374	8825	16670	398	-
3374	8825	16670	398	-
3374	8825	16670	398	-
3374	8825	16670	398	-
3374	8825	16670	398	-
3374	8825	16670	398	-
3374	8825	16670	398	-
3374	8825	16670	398	-
3374	8825	16670	398	-
3374	15737	16670	398	-
3374	8825	16670	398	-
3374	8825	16670	398	-
10429	10344	16670	401	-
10429	10344	16670	401	-
21708	11909	16670	404	-
21708	11909	16670	404	-
21708	11909	16670	404	-
21708	11909	16670	405	-
21708	11909	16670	405	-
21708	11909	16670	405	-
21708	11909	16670	405	-
21708	11909	16670	405	-
21708	11909	16670	405	-
21708	11909	16670	405	-
21708	11909	16670	405	-
21708	11909	16670	405	-
21708	11909	16670	405	-
21708	11909	16670	405	-
21708	11909	16670	405	-
21708	11909	16670	405	-
21708	11909	16670	405	-
21708	11909	16670	405	-
21708	11909	16670	405	-
21708	11909	16670	405	-
21708	11909	16670	405	-
21708	11909	16670	405	-
21708	11909	16670	405	-
21708	11909	16670	405	-
21708	11909	16670	405	-
19531	15894	29274	436	-
10429	20312	29274	442	-
10429	20312	29274	442	-
10429	20312	29274	442	-
10429	20312	29274	442	-
10429	20312	29274	443	-
10429	20312	29274	443	-
10429	20312	29274	443	-
10429	20312	29274	443	-
10429	20312	29274	443	-
10429	20312	29274	443	-
10429	20312	29274	443	-
10429	20312	29274	443	-
10429	20312	29274	443	-
10429	20312	29274	443	-
10429	20312	29274	443	-
3374	23317	29274	447	-
3374	6711	29274	447	-
3374	6711	29274	447	-
3374	23317	29274	447	-
3374	6711	29274	448	-
3374	6711	29274	448	-
3374	6711	29274	448	-
3374	6711	29274	448	-
10429	10344	29274	451	-
10429	10344	29274	451	-
10429	10344	29274	451	-
10429	10344	29274	452	-
10429	10344	29274	452	-
16409	16671	29274	459	-
16409	3957	29274	463	-
16409	3957	29274	463	-
16409	16671	29274	463	-
16409	16671	29274	463	-
16409	16671	29274	463	-
16409	3957	29274	463	-
16409	16671	29274	463	-
16409	16671	29274	463	-
16409	3957	29274	463	-
16409	16671	29274	463	-
16409	16671	29274	463	-
16409	16671	29274	463	-
16409	16671	29274	463	-
16409	16671	29274	463	-
21708	11909	29274	470	-
21708	11909	29274	470	-
21708	11909	29274	470	-
21708	11909	29274	470	-
21708	11909	29274	470	-
21708	11909	29274	470	-
21708	11909	29274	470	-
21708	11909	29274	470	-
21708	11909	29274	470	-
21708	11909	29274	470	-
21708	11909	29274	470	-
21708	11909	29274	470	-
21708	11909	29274	470	-
882	16531	29274	473	-
19839	15667	5985	480	-
10429	733	5985	482	-
10429	733	5985	482	-
10429	733	5985	482	-
10429	733	5985	482	-
10429	733	5985	482	-
10429	733	5985	482	-
10429	733	5985	483	-
10429	733	5985	483	-
10429	733	5985	483	-
10429	20312	5985	484	-
10429	20312	5985	484	-
10429	20312	5985	484	-
10429	20312	5985	484	-
10429	20312	5985	484	-
10429	20312	5985	484	-
10429	20312	5985	485	-
10429	20312	5985	485	-
10429	20312	5985	485	-
10429	20312	5985	485	-
10429	20312	5985	485	-
10429	20312	5985	485	-
10429	20312	5985	485	-
10429	20312	5985	485	-
10429	20312	5985	485	-
10429	20312	5985	485	-
10429	20312	5985	485	-
10429	20312	5985	485	-
10429	20312	5985	485	-
10429	20312	5985	485	-
10429	20312	5985	485	-
10429	20312	5985	485	-
10429	20312	5985	485	-
10429	20312	5985	485	-
10429	20312	5985	485	-
10429	20312	5985	485	-
10429	20312	5985	485	-
10429	20312	5985	485	-
10429	20312	5985	485	-
10429	20312	5985	485	-
10429	20312	5985	485	-
10429	20312	5985	485	-
10429	20312	5985	485	-
10429	20312	5985	485	-
10429	20312	5985	485	-
10429	20312	5985	485	-
10429	20312	5985	485	-
10429	20312	5985	485	-
10429	20312	5985	486	-
10429	20312	5985	486	-
10429	20312	5985	486	-
587	17392	5985	496	-
587	17392	5985	497	-
587	17392	5985	497	-
587	17392	5985	497	-
587	17392	5985	497	-
587	17392	5985	497	-
587	17392	5985	497	-
587	17392	5985	497	-
587	17392	5985	497	-
587	17392	5985	497	-
587	17392	5985	497	-
587	17392	5985	497	-
587	17392	5985	497	-
587	17392	5985	497	-
587	17392	5985	497	-
587	17392	5985	497	-
587	17392	5985	497	-
587	17392	5985	497	-
587	17392	5985	497	-
587	17392	5985	497	-
587	17392	5985	497	-
587	17392	5985	497	-
587	17392	5985	497	-
587	17392	5985	497	-
587	17392	5985	497	-
587	17392	5985	497	-
587	17392	5985	497	-
587	17392	5985	497	-
16409	17624	5985	504	-
16409	16671	5985	504	-
16409	16671	5985	504	-
16409	16671	5985	504	-
16409	16671	5985	504	-
16409	16671	5985	504	-
16409	16671	5985	504	-
16409	16671	5985	504	-
16409	16671	5985	504	-
16409	16671	5985	504	-
16409	16671	5985	504	-
587	17392	5985	508	-
587	17392	5985	508	-
587	17392	5985	508	-
587	17392	5985	508	-
587	17392	5985	508	-
587	17392	5985	509	-
587	17392	5985	509	-
587	17392	5985	509	-
587	17392	5985	509	-
587	17392	5985	509	-
587	17392	5985	509	-
587	17392	5985	509	-
587	17392	5985	509	-
587	17392	5985	509	-
587	17392	5985	509	-
587	17392	5985	509	-
587	17392	5985	509	-
587	17392	5985	509	-
587	17392	5985	509	-
587	17392	5985	509	-
587	17392	5985	509	-
587	17392	5985	509	-
10429	11909	5985	529	-
10429	11909	5985	529	-
10429	11909	5985	529	-
10429	11909	5985	529	-
10429	11909	5985	529	-
10429	11909	5985	529	-
10429	11909	5985	529	-
10429	11909	5985	529	-
10429	11909	5985	529	-
10429	11909	5985	529	-
10429	11909	5985	529	-
10429	11909	5985	529	-
10429	11909	5985	529	-
10429	11909	5985	529	-
10429	11909	5985	529	-
10429	11909	5985	529	-
10429	11909	5985	529	-
10429	11909	5985	529	-
10429	11909	5985	529	-
10429	11909	5985	530	-
10429	11909	5985	530	-
10429	11909	5985	530	-
10429	11909	5985	530	-
10429	11909	5985	530	-
10429	11909	5985	530	-
10429	11909	5985	530	-
10429	11909	5985	530	-
10429	11909	5985	530	-
10429	11909	5985	530	-
10429	11909	5985	530	-
10429	11909	5985	530	-
10429	11909	5985	530	-
10429	11909	5985	530	-
3374	108	5985	531	-
3374	108	5985	531	-
3374	108	5985	531	-
3374	108	5985	531	-
8048	23167	43948	552	-
8048	3297	43948	552	-
8048	16531	43948	553	-
882	3611	43948	554	-
19839	19834	43948	554	-
882	3461	43948	554	-
23317	882	43948	555	-
8048	16332	43948	555	-
882	7268	43948	556	-
587	17392	43948	557	-
587	17392	43948	557	-
587	17392	43948	557	-
587	17392	43948	557	-
587	17392	43948	557	-
587	17392	43948	557	-
587	17392	43948	557	-
587	17392	43948	557	-
587	17392	43948	557	-
587	17392	43948	557	-
587	17392	43948	557	-
587	17392	43948	557	-
587	17392	43948	557	-
587	17392	43948	558	-
587	17392	43948	558	-
587	17392	43948	558	-
587	17392	43948	558	-
587	17392	43948	558	-
10429	11909	43948	565	-
10429	11909	43948	565	-
10429	11909	43948	565	-
10429	11909	43948	565	-
10429	11909	43948	565	-
10429	11909	43948	565	-
10429	11909	43948	565	-
10429	11909	43948	565	-
10429	11909	43948	565	-
10429	11909	43948	565	-
10429	11909	43948	565	-
10429	11909	43948	565	-
10429	11909	43948	566	-
587	17392	43948	567	-
587	17392	43948	567	-
587	17392	43948	567	-
587	17392	43948	567	-
587	17392	43948	567	-
587	17392	43948	567	-
587	17392	43948	567	-
587	17392	43948	567	-
587	17392	43948	567	-
587	17392	43948	567	-
587	17392	43948	567	-
587	17392	43948	568	-
587	17392	43948	568	-
587	17392	43948	568	-
587	17392	43948	568	-
587	17392	43948	568	-
587	17392	43948	568	-
587	17392	43948	568	-
10429	10429	43948	569	-
10429	11909	43948	569	-
10429	11909	43948	569	-
10429	11909	43948	569	-
16409	16671	43948	582	-
16409	3957	43948	582	-
16409	16671	43948	582	-
16409	16671	43948	582	-
16409	16671	43948	582	-
16409	3957	43948	582	-
16409	16671	43948	582	-
16409	3957	43948	582	-
16409	3957	43948	582	-
16409	16671	43948	582	-
16409	16671	43948	582	-
16409	16671	43948	582	-
16409	16671	43948	582	-
16409	16671	43948	582	-
16409	16671	43948	582	-
16409	17624	43948	598	-
16409	16671	43948	598	-
16409	16671	43948	598	-
16409	16671	43948	598	-
16409	16671	43948	598	-
16409	16671	43948	598	-
16409	3957	43948	598	-
16409	3957	43948	598	-
16409	16671	43948	598	-
16409	3957	43948	598	-
16409	16671	43948	598	-
16409	16671	43948	598	-
16409	16671	43948	598	-
16409	16671	43948	598	-
16409	16671	43948	599	-
3957	5938	1801	600	-
20312	14437	1801	600	-
20312	3611	1801	601	-
19839	5938	1801	601	-
20312	7268	1801	601	-
3957	21708	1801	602	-
587	17005	1801	610	-
21708	8109	1801	614	-
21708	8109	1801	614	-
21708	8109	1801	614	-
21708	8109	1801	614	-
21708	8109	1801	614	-
21708	8109	1801	614	-
21708	8109	1801	614	-
21708	8109	1801	614	-
21708	8109	1801	614	-
21708	8109	1801	614	-
21708	8109	1801	614	-
21708	8109	1801	614	-
21708	8109	1801	614	-
21708	8109	1801	614	-
21708	8109	1801	614	-
21708	8109	1801	614	-
21708	8109	1801	614	-
21708	8109	1801	614	-
21708	8109	1801	614	-
21708	8109	1801	615	-
21708	8109	1801	615	-
21708	8109	1801	615	-
21708	8109	1801	615	-
21708	8109	1801	615	-
21708	8109	1801	615	-
21708	8109	1801	615	-
3374	108	1801	623	-
3374	108	1801	623	-
3374	108	1801	623	-
3374	108	1801	623	-
3374	108	1801	623	-
13993	1633	1801	641	-
10429	11909	1801	642	-
10429	11909	1801	643	-
10429	11909	1801	643	-
10429	11909	1801	643	-
10429	11909	1801	643	-
10429	11909	1801	643	-
10429	11909	1801	643	-
10429	10429	1801	644	-
10429	11909	1801	644	-
10429	11909	1801	644	-
10429	11909	1801	644	-
10429	11909	1801	644	-
10429	11909	1801	644	-
10429	11909	1801	644	-
16671	22986	1801	650	-
3374	108	1801	654	-
3374	108	1801	654	-
3374	108	1801	654	-
3374	108	1801	654	-
10429	8109	1801	655	-
10429	8109	1801	655	-
10429	8109	1801	655	-
10429	609	1801	655	-
3374	108	23668	674	-
587	17392	23668	679	-
587	17392	23668	679	-
587	17392	23668	679	-
587	17392	23668	679	-
587	17392	23668	679	-
587	17392	23668	679	-
587	17392	23668	679	-
587	17392	23668	679	-
587	17392	23668	679	-
587	17392	23668	679	-
587	17392	23668	679	-
16409	16671	23668	690	-
587	17005	23668	692	-
16409	16671	23668	697	-
16409	16671	23668	697	-
16409	16671	23668	697	-
16409	16671	23668	697	-
16409	16671	23668	697	-
16409	16671	23668	697	-
16409	16671	23668	697	-
16409	16671	23668	697	-
587	15737	23668	698	-
587	10197	23668	698	-
587	15737	23668	698	-
587	10197	23668	698	-
587	10197	23668	698	-
587	15737	23668	698	-
16409	16671	23668	698	-
587	15737	23668	698	-
587	10197	23668	698	-
16409	16671	23668	698	-
587	10197	23668	702	-
10429	1633	23668	709	-
16409	12815	23668	718	-
16409	12815	23668	718	-
16409	12815	23668	718	-
16409	12815	23668	718	-
16409	12815	23668	718	-
16409	12815	23668	718	-
16409	12815	23668	718	-
16409	12815	23668	718	-
16409	17624	23668	718	-
16409	17624	23668	718	-
587	20312	23668	719	-
16409	12815	23668	719	-
587	20312	23668	719	-
587	20312	23668	719	-
587	20312	23668	719	-
587	20312	23668	719	-
587	20312	23668	719	-
587	20312	23668	719	-
587	20312	23668	719	-
16409	12815	23668	719	-
16409	12815	23668	719	-
16409	12815	23668	719	-
587	20312	23668	719	-
16409	12815	23668	719	-
16409	12815	23668	719	-
16409	12815	23668	719	-
16409	12815	23668	719	-
16409	12815	23668	719	-
16409	12815	23668	719	-
16409	12815	23668	719	-
16409	12815	23668	719	-
16409	12815	23668	719	-
16409	12815	23668	719	-
16409	12815	23668	719	-
16409	12815	23668	719	-
16409	12815	23668	719	-
16409	12815	23668	719	-
16409	12815	23668	719	-
587	20312	1329	720	-
587	20312	1329	720	-
587	20312	1329	720	-
587	20312	1329	720	-
587	20312	1329	720	-
587	20312	1329	720	-
587	20312	1329	720	-
587	20312	1329	720	-
587	20312	1329	720	-
587	20312	1329	720	-
587	20312	1329	720	-
587	20312	1329	720	-
587	20312	1329	720	-
587	20312	1329	720	-
587	20312	1329	720	-
587	20312	1329	720	-
587	20312	1329	720	-
587	20312	1329	720	-
587	20312	1329	720	-
587	20312	1329	720	-
587	20312	1329	720	-
587	20312	1329	720	-
587	20312	1329	720	-
587	20312	1329	720	-
587	20312	1329	720	-
587	20312	1329	720	-
587	20312	1329	720	-
587	20312	1329	720	-
587	20312	1329	720	-
587	20312	1329	720	-
587	20312	1329	720	-
11001	21708	1329	723	-
21708	21862	1329	739	-
10429	12815	1329	739	-
10429	12815	1329	739	-
21708	8109	1329	739	-
10429	12815	1329	740	-
10429	12815	1329	740	-
10429	12815	1329	740	-
10429	12815	1329	740	-
10429	12815	1329	740	-
10429	12815	1329	740	-
10429	12815	1329	740	-
10429	12815	1329	740	-
10429	12815	1329	740	-
10429	12815	1329	740	-
10429	12815	1329	740	-
10429	12815	1329	740	-
10429	12815	1329	740	-
10429	12815	1329	740	-
10429	12815	1329	740	-
10429	12815	1329	740	-
10429	12815	1329	740	-
10429	12815	1329	740	-
10429	12815	1329	740	-
10429	12815	1329	740	-
10429	12815	1329	740	-
10429	12815	1329	740	-
10429	12815	1329	740	-
10429	12815	1329	740	-
10429	12815	1329	740	-
10429	12815	1329	740	-
10429	12815	1329	740	-
10429	12815	1329	740	-
10429	12815	1329	740	-
10429	12815	1329	740	-
10429	12815	1329	740	-
21708	3005	1329	742	-
21708	3005	1329	742	-
21708	3005	1329	742	-
21708	3005	1329	742	-
21708	3005	1329	742	-
21708	3005	1329	742	-
21708	3005	1329	742	-
21708	3005	1329	742	-
14547	1633	1329	743	-
16409	1778	1329	743	-
10429	8109	1329	745	-
10429	8109	1329	745	-
10429	8109	1329	745	-
10429	8109	1329	745	-
10429	8109	1329	745	-
10429	8109	1329	746	-
10429	8109	1329	746	-
10429	8109	1329	746	-
10429	8109	1329	746	-
10429	8109	1329	746	-
16409	10465	1329	746	-
10429	8109	1329	746	-
10429	8109	1329	746	-
10429	8109	1329	746	-
10429	8109	1329	746	-
10429	8109	1329	746	-
16409	1778	1329	746	-
10429	8109	1329	746	-
10429	8109	1329	746	-
16409	1778	1329	746	-
4800	17392	1329	753	-
4800	17392	1329	757	-
4800	17392	1329	757	-
4800	17392	1329	757	-
4800	17392	1329	757	-
4800	17392	1329	757	-
4800	17392	1329	757	-
4800	17392	1329	757	-
4800	17392	1329	757	-
4800	17392	1329	757	-
4800	17392	1329	757	-
4800	17392	1329	757	-
4800	17392	1329	757	-
4800	17392	1329	757	-
4800	17392	1329	757	-
4800	17392	1329	757	-
4800	17392	1329	757	-
4800	17392	1329	757	-
4800	17392	1329	757	-
4800	17392	1329	757	-
4800	17392	1329	757	-
4800	17392	1329	757	-
4800	17392	1329	757	-
4800	17392	1329	757	-
4800	17392	1329	757	-
4800	17392	1329	757	-
4800	17392	1329	757	-
4800	17392	1329	757	-
7179	14437	1329	759	-
7179	23167	1329	759	-
7179	2843	1329	761	-
7179	3461	1329	762	-
7179	4981	1329	764	-
7179	16593	1329	765	-
7179	16332	1329	767	-
587	15506	1329	769	-
19531	5938	1329	779	-
4800	6157	35961	789	-
4800	6157	35961	790	-
4800	6157	35961	790	-
4800	6157	35961	790	-
4800	6157	35961	790	-
4800	3858	35961	790	-
4800	6157	35961	790	-
4800	6157	35961	790	-
4800	18682	35961	790	-
4800	6157	35961	790	-
4800	6157	35961	790	-
4800	6157	35961	790	-
4800	6157	35961	790	-
4800	6157	35961	790	-
4800	6157	35961	790	-
4800	6157	35961	790	-
4800	6157	35961	790	-
4800	6157	35961	790	-
4800	6157	35961	790	-
4800	6157	35961	790	-
4800	6157	35961	790	-
4800	6157	35961	790	-
4800	6157	35961	790	-
4800	6157	35961	790	-
4800	6157	35961	790	-
4800	6157	35961	790	-
4800	6157	35961	790	-
4800	6157	35961	790	-
4800	18718	35961	790	-
4800	6157	35961	791	-
4800	6157	35961	791	-
4800	6157	35961	791	-
4800	6157	35961	791	-
4800	6157	35961	791	-
4800	6157	35961	791	-
4800	6157	35961	791	-
4800	6157	35961	791	-
4800	6157	35961	791	-
4800	6157	35961	791	-
4800	18682	35961	791	-
4800	17392	35961	800	-
4800	17392	35961	800	-
4800	17392	35961	800	-
4800	17392	35961	800	-
4800	17392	35961	800	-
4800	17392	35961	800	-
4800	17392	35961	800	-
4800	17392	35961	800	-
4800	17392	35961	800	-
4800	17392	35961	800	-
4800	17392	35961	800	-
4800	17392	35961	800	-
4800	17392	35961	801	-
4800	17392	35961	801	-
4800	17392	35961	801	-
4800	17392	35961	801	-
4800	17392	35961	801	-
4800	17392	35961	801	-
4800	17392	35961	801	-
4800	17392	35961	801	-
4800	17392	35961	801	-
4800	17392	35961	801	-
4800	17392	35961	801	-
4800	17392	35961	801	-
4800	17392	35961	801	-
4800	17392	35961	801	-
4800	17392	35961	801	-
4800	17392	35961	801	-
3374	108	35961	813	-
3374	108	35961	813	-
3374	108	35961	813	-
3374	108	35961	813	-
19839	21708	35961	813	-
4800	17392	35961	829	-
4800	17392	35961	829	-
4800	17392	35961	829	-
4800	17392	35961	829	-
4800	17392	35961	829	-
4800	17392	35961	829	-
4800	17392	35961	829	-
4800	17392	35961	830	-
10429	15894	35961	830	-
4800	17392	35961	830	-
4800	17392	35961	830	-
4800	17392	35961	830	-
4800	17392	35961	830	-
4800	17392	35961	830	-
4800	17392	35961	830	-
4800	17392	35961	830	-
4800	17392	35961	830	-
3611	19834	35961	830	-
587	7215	35961	830	-
3611	1633	35961	830	-
587	7215	35961	831	-
587	7215	35961	831	-
587	7215	35961	831	-
587	7215	35961	831	-
587	7215	35961	831	-
587	7215	35961	831	-
587	7215	35961	831	-
587	7215	35961	831	-
587	7215	35961	831	-
587	7215	35961	831	-
3611	21708	35961	831	-
10429	15894	35961	834	-
587	10197	29522	841	-
587	15737	29522	844	-
587	15737	29522	844	-
587	15737	29522	844	-
587	10197	29522	844	-
587	10197	29522	844	-
587	10197	29522	844	-
587	15737	29522	844	-
10429	18998	29522	848	-
16409	20367	29522	851	-
16409	23317	29522	851	-
19839	21708	29522	856	-
3374	108	29522	863	-
3374	108	29522	863	-
587	10197	29522	863	-
3374	7626	29522	865	-
3374	7626	29522	865	-
3374	7626	29522	865	-
3374	7626	29522	865	-
3374	7626	29522	865	-
3374	7626	29522	865	-
3374	7626	29522	865	-
3374	7626	29522	865	-
3374	7626	29522	865	-
3374	7626	29522	865	-
3374	7626	29522	865	-
3374	7626	29522	865	-
3374	7626	29522	865	-
3374	7626	29522	865	-
3374	7626	29522	865	-
3374	7626	29522	865	-
3374	7626	29522	865	-
3374	7626	29522	865	-
3374	7626	29522	865	-
3374	7626	29522	865	-
3374	7626	29522	865	-
3374	7626	29522	865	-
3374	7626	29522	865	-
3374	7626	29522	865	-
3374	7626	29522	865	-
3374	7626	29522	865	-
3374	7626	29522	865	-
3374	7626	29522	865	-
10429	8109	29522	868	-
10429	8109	29522	868	-
10429	8109	29522	868	-
10429	8109	29522	868	-
10429	8109	29522	868	-
10429	8109	29522	868	-
10429	8109	29522	868	-
10429	8109	29522	868	-
10429	8109	29522	868	-
10429	8109	29522	868	-
10429	8109	29522	868	-
10429	8109	29522	868	-
10429	8109	29522	868	-
10429	8109	29522	868	-
10429	8109	29522	868	-
19531	22986	29522	872	-
4800	17392	29522	877	-
4800	17392	29522	877	-
4800	17392	29522	877	-
4800	17392	29522	877	-
4800	17392	29522	877	-
4800	17392	29522	877	-
10429	8109	29522	878	-
10429	8109	29522	878	-
10429	8109	29522	878	-
4800	17392	29522	878	-
4800	17392	29522	878	-
4800	17392	29522	878	-
4800	17392	29522	878	-
4800	17392	29522	878	-
4800	17392	29522	878	-
4800	17392	29522	878	-
4800	17392	29522	878	-
4800	17392	29522	878	-
4800	17392	29522	878	-
4800	17392	29522	878	-
19839	21708	29522	878	-
3957	15394	29522	885	-
587	5954	29522	890	-
587	5954	29522	890	-
587	5954	29522	890	-
587	14270	29522	893	-
4800	11909	29522	895	-
4800	11909	29522	896	-
4800	11909	29522	896	-
4800	11909	29522	896	-
4800	11909	29522	896	-
4800	11909	29522	896	-
4800	11909	29522	896	-
4800	11909	29522	896	-
4800	11909	29522	896	-
4800	11909	29522	896	-
4800	11909	29522	896	-
4800	11909	29522	896	-
4800	11909	29522	896	-
4800	11909	29522	896	-
4800	11909	29522	896	-
4800	11909	29522	896	-
4800	11909	29522	896	-
4800	11909	29522	896	-
4800	11909	29522	896	-
4800	11909	29522	896	-
4800	11909	29522	896	-
4800	11909	29522	896	-
4800	11909	29522	896	-
4800	11909	29522	896	-
4800	11909	29522	896	-
4800	11909	29522	896	-
4800	11909	29522	896	-
4800	11909	29522	896	-
4800	11909	29522	896	-
4800	11909	29522	896	-
4800	11909	29522	897	-
4800	11909	29522	897	-
4800	11909	29522	897	-
587	7164	31525	920	-
587	3901	31525	920	-
10429	8109	31525	921	-
10429	8109	31525	921	-
587	7164	31525	921	-
10429	8109	31525	921	-
587	7164	31525	921	-
587	7164	31525	921	-
10429	8109	31525	921	-
587	7164	31525	921	-
10429	8109	31525	921	-
587	7164	31525	921	-
10429	8109	31525	921	-
587	7164	31525	921	-
10429	8109	31525	921	-
587	7164	31525	921	-
10429	8109	31525	921	-
587	7164	31525	921	-
587	7164	31525	921	-
587	7164	31525	921	-
587	7164	31525	921	-
587	7164	31525	921	-
587	7164	31525	921	-
587	7164	31525	921	-
587	7164	31525	921	-
10429	8109	31525	921	-
587	7164	31525	921	-
587	7164	31525	921	-
10429	8109	31525	921	-
587	7164	31525	921	-
10429	8109	31525	921	-
587	7164	31525	921	-
587	7164	31525	921	-
587	7164	31525	921	-
10429	8109	31525	921	-
587	15737	31525	921	-
10429	8109	31525	921	-
587	7164	31525	921	-
10429	8109	31525	921	-
10429	8109	31525	921	-
587	7164	31525	921	-
10429	8109	31525	921	-
587	7164	31525	921	-
587	7164	31525	921	-
10429	8109	31525	921	-
587	5954	31525	925	-
10429	8825	31525	926	-
10429	8825	31525	926	-
10429	8825	31525	926	-
10429	8825	31525	926	-
10429	8825	31525	926	-
10429	8825	31525	926	-
10429	8825	31525	926	-
10429	8825	31525	926	-
10429	8825	31525	926	-
10429	8825	31525	926	-
10429	8825	31525	926	-
10429	8825	31525	926	-
10429	8825	31525	926	-
10429	8825	31525	926	-
10429	8825	31525	926	-
10429	8825	31525	926	-
10429	22668	31525	926	-
10429	8825	31525	926	-
10429	8825	31525	926	-
10429	15737	31525	926	-
10429	8825	31525	926	-
10429	8825	31525	926	-
587	12131	31525	934	-
587	12131	31525	934	-
587	12131	31525	934	-
587	12131	31525	934	-
587	12131	31525	934	-
587	12131	31525	934	-
587	12131	31525	934	-
587	12131	31525	934	-
587	12131	31525	934	-
587	12131	31525	934	-
587	12131	31525	934	-
587	12131	31525	934	-
587	12131	31525	934	-
587	12131	31525	934	-
587	12131	31525	934	-
587	12131	31525	934	-
587	12131	31525	934	-
587	12131	31525	934	-
587	12131	31525	934	-
587	12131	31525	934	-
587	12131	31525	934	-
587	12131	31525	934	-
587	12131	31525	934	-
587	7164	31525	948	-
587	7164	31525	949	-
587	7164	31525	949	-
587	7164	31525	949	-
587	7164	31525	949	-
587	7164	31525	949	-
587	7164	31525	949	-
587	7164	31525	949	-
587	7164	31525	949	-
587	7164	31525	949	-
587	7164	31525	949	-
587	15737	31525	949	-
587	7164	31525	949	-
587	7164	31525	949	-
587	7164	31525	949	-
587	7164	31525	949	-
587	7164	31525	949	-
587	7164	31525	949	-
587	7164	31525	949	-
10429	8825	31525	957	-
3611	15894	31525	957	-
10429	8825	31525	957	-
10429	8825	31525	958	-
10429	8825	31525	958	-
10429	8825	31525	958	-
10429	8825	31525	958	-
10429	8825	31525	958	-
10429	15737	31525	958	-
10429	8825	31525	958	-
10429	8825	31525	958	-
10429	8825	31525	958	-
10429	8825	31525	958	-
10429	8825	31525	958	-
587	7164	489	972	-
587	7164	489	972	-
587	7164	489	972	-
587	7164	489	979	-
587	7164	489	979	-
587	7164	489	979	-
587	7164	489	979	-
587	7164	489	979	-
587	7164	489	979	-
587	7164	489	979	-
587	7164	489	979	-
587	7164	489	979	-
587	7164	489	979	-
21708	3005	489	992	-
21708	11909	489	1001	-
21708	11909	489	1002	-
21708	11909	489	1002	-
21708	11909	489	1002	-
21708	11909	489	1002	-
21708	11909	489	1002	-
21708	11909	489	1002	-
21708	11909	489	1002	-
21708	11909	489	1002	-
21708	11909	489	1002	-
21708	11909	489	1002	-
21708	11909	489	1002	-
21708	11909	489	1002	-
21708	11909	489	1002	-
21708	11909	489	1002	-
21708	11909	489	1002	-
21708	11909	489	1002	-
21708	11909	489	1002	-
21708	11909	489	1002	-
21708	11909	489	1002	-
21708	11909	489	1002	-
21708	11909	489	1002	-
21708	11909	489	1002	-
21708	11909	489	1002	-
21708	11909	489	1002	-
21708	11909	489	1002	-
21708	11909	489	1002	-
21708	11909	489	1002	-
21708	11909	489	1002	-
21708	11909	489	1002	-
21708	11909	489	1002	-
21708	11909	489	1002	-
21708	11909	489	1002	-
21708	10571	489	1009	-
21708	10571	489	1009	-
21708	10571	489	1009	-
21708	10571	489	1009	-
21708	10571	489	1009	-
21708	10571	489	1009	-
21708	10571	489	1009	-
21708	10571	489	1009	-
21708	10571	489	1009	-
21708	10571	489	1009	-
21708	10571	489	1009	-
21708	10571	489	1009	-
21708	10571	489	1009	-
21708	10571	489	1009	-
21708	10571	489	1009	-
21708	10571	489	1009	-
21708	10571	489	1009	-
21708	10571	489	1009	-
587	16772	27566	1028	-
587	16772	27566	1028	-
587	16772	27566	1028	-
587	16772	27566	1028	-
587	16772	27566	1028	-
587	16772	27566	1028	-
587	16772	27566	1028	-
587	16772	27566	1028	-
21708	10571	27566	1036	-
21708	10571	27566	1036	-
4800	20367	27566	1044	-
4800	23317	27566	1045	-
4800	20367	27566	1047	-
4800	20367	27566	1047	-
4800	20367	27566	1047	-
4800	20367	27566	1047	-
4800	20367	27566	1047	-
4800	20367	27566	1047	-
4800	20367	27566	1047	-
4800	20367	27566	1047	-
4800	20367	27566	1047	-
4800	20367	27566	1047	-
4800	23317	27566	1047	-
4800	20367	27566	1047	-
4800	20367	27566	1047	-
4800	20367	27566	1047	-
587	8109	27566	1048	-
587	8109	27566	1048	-
587	8109	27566	1048	-
587	8109	27566	1048	-
587	8109	27566	1048	-
587	8109	27566	1048	-
587	8109	27566	1048	-
587	8109	27566	1048	-
587	8109	27566	1048	-
587	8109	27566	1048	-
587	8109	27566	1048	-
587	8109	27566	1048	-
587	8109	27566	1048	-
587	8109	27566	1048	-
587	8109	27566	1048	-
587	8109	27566	1048	-
587	8109	27566	1048	-
587	8109	27566	1048	-
587	8109	27566	1048	-
587	8109	27566	1048	-
587	8109	27566	1048	-
587	8109	27566	1048	-
587	8109	27566	1048	-
587	8109	27566	1048	-
587	8109	27566	1048	-
14547	5938	27566	1050	-
3611	22986	27566	1050	-
14547	13122	27566	1050	-
3611	13122	27566	1051	-
3611	19834	27566	1052	-
3611	1633	27566	1053	-
3611	21708	27566	1054	-
3957	587	27566	1061	-
10429	9186	27566	1064	-
10429	9186	27566	1064	-
10429	9186	27566	1064	-
10429	9186	27566	1064	-
10429	9186	27566	1064	-
10429	9186	27566	1064	-
10429	9186	27566	1064	-
10429	9186	27566	1064	-
10429	9186	27566	1064	-
10429	9186	27566	1064	-
10429	9186	27566	1064	-
10429	9186	27566	1064	-
10429	9186	27566	1064	-
10429	9186	27566	1064	-
10429	9186	27566	1064	-
10429	9186	27566	1064	-
10429	9186	27566	1064	-
10429	9186	27566	1064	-
10429	9186	27566	1064	-
4800	23317	27566	1079	-
4800	20367	27566	1079	-
7179	8452	39976	1083	-
3957	13122	39976	1084	-
6775	3297	39976	1084	-
882	2843	39976	1096	-
587	8109	39976	1118	-
587	8109	39976	1121	-
587	8109	39976	1121	-
587	8109	39976	1121	-
587	8109	39976	1121	-
587	8109	39976	1121	-
587	8109	39976	1121	-
587	8109	39976	1121	-
587	8109	39976	1121	-
587	8109	39976	1121	-
587	8109	39976	1121	-
587	8109	39976	1121	-
587	18868	39976	1121	-
587	8109	39976	1125	-
587	8109	39976	1125	-
587	8109	39976	1125	-
587	18868	39976	1125	-
587	8109	39976	1126	-
587	8109	39976	1126	-
587	8109	39976	1126	-
587	8109	39976	1126	-
587	18868	39976	1126	-
587	8109	39976	1126	-
587	8109	39976	1126	-
587	8109	39976	1126	-
587	8109	39976	1126	-
587	8109	39976	1126	-
587	8109	39976	1126	-
587	8109	39976	1126	-
587	8109	39976	1126	-
587	7179	39976	1126	-
587	8109	39976	1126	-
587	8109	39976	1126	-
587	8109	39976	1126	-
587	8109	39976	1126	-
587	18868	39976	1126	-
587	8109	39976	1126	-
587	8109	39976	1126	-
587	8109	39976	1126	-
587	8109	39976	1126	-
20312	14437	39976	1133	-
20312	2843	39976	1135	-
20312	3461	39976	1137	-
20312	3297	39976	1138	-
20312	4981	20519	1140	-
3957	19531	20519	1146	-
3957	21708	20519	1147	-
3957	15894	20519	1147	-
587	13582	20519	1151	-
587	13582	20519	1151	-
587	13582	20519	1151	-
587	13582	20519	1151	-
587	13582	20519	1151	-
587	13582	20519	1151	-
587	13582	20519	1151	-
587	13582	20519	1151	-
587	13582	20519	1151	-
587	13582	20519	1151	-
587	13582	20519	1151	-
587	13582	20519	1151	-
587	13582	20519	1151	-
587	13582	20519	1151	-
587	13582	20519	1151	-
587	13582	20519	1151	-
587	13582	20519	1151	-
587	13582	20519	1151	-
23317	882	20519	1155	-
7179	8452	20519	1157	-
19531	15894	20519	1159	-
587	7164	20519	1162	-
587	7164	20519	1162	-
587	7164	20519	1162	-
587	7164	20519	1162	-
587	7164	20519	1162	-
587	7164	20519	1162	-
587	7164	20519	1162	-
20367	19350	20519	1185	-
7179	14437	20519	1185	-
3957	15894	20519	1185	-
882	8452	28506	1202	-
12332	2843	28506	1212	-
3957	21708	28506	1212	-
21708	10571	28506	1228	-
21708	10571	28506	1228	-
4800	20367	28506	1230	-
4800	20367	28506	1230	-
4800	20367	28506	1230	-
4800	20367	28506	1230	-
4800	23317	28506	1230	-
4800	20367	28506	1230	-
4800	20367	28506	1230	-
4800	20367	28506	1230	-
7215	15894	28506	1236	-
3611	15894	28506	1236	-
3957	19834	28506	1251	-
882	2843	28506	1251	-
882	2843	36085	1278	-
882	16531	36085	1278	-
882	9554	36085	1279	-
882	16332	36085	1281	-
6775	3461	36085	1285	-
6775	16332	36085	1285	-
3957	1633	36085	1302	-
8048	7268	36085	1302	-
16671	13122	36085	1309	-
16671	13122	36085	1309	-
3957	15394	36085	1311	-
3957	1633	36085	1311	-
3957	5938	36085	1311	-
587	13582	42574	1331	-
587	13582	42574	1331	-
587	13582	42574	1331	-
587	13582	42574	1331	-
587	13582	42574	1331	-
587	13582	42574	1331	-
587	13582	42574	1331	-
587	13582	42574	1331	-
587	13582	42574	1331	-
587	13582	42574	1331	-
587	13582	42574	1331	-
587	13582	42574	1332	-
4800	3076	42574	1339	-
4800	3076	42574	1340	-
4800	3076	42574	1340	-
4800	3076	42574	1340	-
4800	3076	42574	1340	-
4800	3076	42574	1340	-
4800	3076	42574	1340	-
4800	3076	42574	1340	-
4800	3076	42574	1340	-
4800	3076	42574	1340	-
4800	3076	42574	1340	-
4800	3076	42574	1340	-
4800	3076	42574	1340	-
4800	3076	42574	1340	-
4800	3076	42574	1340	-
4800	3076	42574	1340	-
4800	3076	42574	1340	-
4800	3076	42574	1340	-
4800	3076	42574	1340	-
4800	3076	42574	1340	-
4800	3076	42574	1340	-
4800	3076	42574	1340	-
4800	3076	42574	1340	-
4800	3076	42574	1340	-
4800	3076	42574	1340	-
4800	3076	42574	1340	-
4800	3076	42574	1340	-
4800	3076	42574	1340	-
12332	7268	42574	1346	-
10429	13122	42574	1351	-
20312	3297	42574	1359	-
587	14458	42574	1372	-
587	14458	42574	1372	-
587	14458	42574	1372	-
587	14458	42574	1372	-
587	13389	19932	1414	-
587	13389	19932	1414	-
587	13389	19932	1414	-
587	13389	19932	1414	-
587	13389	19932	1414	-
587	13389	19932	1414	-
19531	15894	19932	1414	-
587	13389	19932	1414	-
587	13389	19932	1415	-
587	13389	19932	1416	-
587	13389	19932	1416	-
587	13389	19932	1416	-
587	13389	19932	1416	-
587	13389	19932	1416	-
587	13389	19932	1416	-
587	13389	19932	1416	-
587	13389	19932	1416	-
587	13389	19932	1416	-
587	13389	19932	1416	-
587	13389	19932	1416	-
587	13389	19932	1416	-
587	13389	19932	1416	-
587	13389	19932	1416	-
587	13389	19932	1416	-
587	13389	19932	1416	-
587	13389	19932	1416	-
587	3050	5542	1446	-
587	3050	5542	1446	-
587	3050	5542	1446	-
3957	11900	5542	1458	-
10571	16531	5542	1458	-
587	7164	5542	1469	-
587	7164	5542	1469	-
587	7164	5542	1469	-
587	7164	5542	1469	-
587	7164	5542	1469	-
587	7164	5542	1469	-
587	7164	5542	1469	-
587	7164	5542	1469	-
587	7164	5542	1469	-
587	7164	5542	1469	-
587	7164	5542	1495	-
587	7164	5542	1495	-
587	7164	5542	1495	-
587	7164	5542	1497	-
587	7164	5542	1497	-
587	7164	5542	1497	-
587	7164	5542	1497	-
587	7164	5542	1497	-
587	7164	5542	1497	-
587	7164	5542	1497	-
19531	14547	35466	1505	-
19531	14547	35466	1505	-
19531	14547	35466	1505	-
19531	14547	35466	1505	-
19531	14547	35466	1505	-
19531	14547	35466	1505	-
19531	14547	35466	1505	-
19531	14547	35466	1505	-
19531	14547	35466	1505	-
19531	14547	35466	1505	-
19531	14547	35466	1505	-
19531	14547	35466	1505	-
19531	14547	35466	1505	-
19531	14547	35466	1505	-
19531	14547	35466	1505	-
587	7215	35466	1524	-
587	7215	35466	1524	-
587	7215	35466	1524	-
587	7215	35466	1525	-
587	7215	35466	1525	-
587	7215	35466	1525	-
587	7215	35466	1525	-
587	7215	35466	1525	-
587	7215	35466	1525	-
587	7215	35466	1525	-
587	7215	35466	1525	-
11001	10553	35466	1532	-
11001	9787	35466	1532	-
11001	9787	35466	1532	-
11001	9787	35466	1532	-
19531	14547	35466	1536	-
19531	14547	35466	1536	-
19531	14547	35466	1536	-
19531	14547	35466	1536	-
19531	14547	35466	1536	-
19531	14547	35466	1536	-
19531	14547	35466	1536	-
19531	14547	35466	1536	-
19531	14547	35466	1537	-
19531	14547	35466	1537	-
19531	14547	35466	1537	-
19531	14547	35466	1537	-
19531	14547	35466	1537	-
19531	14547	35466	1537	-
19531	14547	35466	1537	-
19531	14547	35466	1537	-
19531	14547	35466	1537	-
19531	14547	35466	1537	-
19531	14547	35466	1537	-
19531	14547	35466	1537	-
19531	14547	35466	1549	-
4800	20367	35466	1555	-
4800	20367	35466	1555	-
4800	23317	35466	1555	-
4800	20367	35466	1555	-
4800	20367	35466	1555	-
4800	20367	35466	1555	-
4800	20367	35466	1555	-
587	16671	35466	1556	-
587	3957	35466	1556	-
587	3957	35466	1556	-
587	16671	35466	1556	-
587	3957	35466	1556	-
587	16671	35466	1556	-
587	16671	35466	1556	-
587	16671	35466	1556	-
587	16671	35466	1556	-
587	16671	35466	1556	-
587	16671	35466	1556	-
587	3957	35466	1556	-
587	16671	35466	1556	-
587	16671	35466	1556	-
587	16671	35466	1556	-
11001	10553	27276	1561	-
11001	9787	27276	1562	-
11001	9787	27276	1562	-
11001	9787	27276	1562	-
11001	9787	27276	1562	-
587	5440	27276	1576	-
11001	9787	27276	1576	-
11001	9787	27276	1576	-
587	5440	27276	1576	-
587	5440	27276	1576	-
11001	9787	27276	1576	-
587	5440	27276	1576	-
587	5440	27276	1576	-
587	5440	27276	1576	-
587	5440	27276	1576	-
587	5440	27276	1576	-
587	5440	27276	1576	-
11001	10553	27276	1576	-
587	5440	27276	1576	-
587	5440	27276	1585	-
587	5440	27276	1585	-
587	5440	27276	1585	-
587	5440	27276	1585	-
587	5440	27276	1585	-
587	5440	27276	1585	-
587	5440	27276	1585	-
587	5440	27276	1585	-
587	5440	27276	1585	-
587	5440	27276	1585	-
587	5440	27276	1585	-
587	5440	27276	1585	-
587	5440	27276	1585	-
587	5440	27276	1585	-
587	5440	27276	1585	-
587	5440	27276	1585	-
587	5440	27276	1585	-
587	5440	27276	1585	-
587	1028	27276	1610	-
587	1028	27276	1610	-
587	1028	27276	1610	-
587	1028	27276	1610	-
587	1028	27276	1610	-
587	1028	27276	1610	-
4800	12331	24709	1621	-
4800	12331	24709	1621	-
4800	12331	24709	1621	-
4800	12331	24709	1621	-
4800	12331	24709	1621	-
4800	12331	24709	1621	-
4800	12331	24709	1621	-
4800	12331	24709	1621	-
4800	23317	24709	1621	-
587	5440	24709	1630	-
587	5440	24709	1630	-
587	5440	24709	1630	-
587	5440	24709	1630	-
587	5440	24709	1630	-
587	5440	24709	1630	-
587	5440	24709	1630	-
587	5440	24709	1630	-
587	5440	24709	1630	-
587	5440	24709	1630	-
587	5440	24709	1630	-
587	5440	24709	1630	-
587	5440	24709	1630	-
587	5440	24709	1630	-
587	5440	24709	1630	-
587	5440	24709	1630	-
587	5440	24709	1630	-
587	5440	24709	1630	-
587	20991	24709	1639	-
587	20991	24709	1639	-
587	20991	24709	1639	-
587	20991	24709	1639	-
11001	9787	24709	1639	-
11001	9787	24709	1639	-
11001	10553	24709	1639	-
11001	9787	24709	1639	-
587	20991	24709	1640	-
587	20991	24709	1640	-
11001	10553	24709	1642	-
11001	9787	24709	1642	-
11001	9787	24709	1642	-
11001	9787	24709	1642	-
587	5440	24709	1649	-
587	5440	24709	1649	-
587	5440	24709	1649	-
587	5440	24709	1649	-
587	5440	24709	1649	-
587	5440	24709	1649	-
587	5440	24709	1649	-
587	5440	24709	1649	-
587	5440	24709	1649	-
587	5440	24709	1649	-
587	5440	24709	1649	-
587	5440	24709	1649	-
19531	17923	24709	1652	-
19531	17923	24709	1652	-
19531	17923	24709	1652	-
19531	17923	24709	1652	-
19531	17923	24709	1652	-
19531	17923	24709	1652	-
19531	17923	24709	1652	-
19531	17923	24709	1652	-
4800	20367	24709	1669	-
4800	20367	24709	1669	-
4800	20367	24709	1669	-
4800	20367	24709	1669	-
4800	20367	24709	1669	-
4800	20367	24709	1669	-
4800	20367	24709	1669	-
4800	20367	24709	1669	-
4800	20367	24709	1669	-
4800	20367	24709	1669	-
4800	20367	24709	1669	-
4800	20367	24709	1669	-
4800	23317	24709	1669	-
4800	20367	24709	1669	-
19531	17923	24709	1671	-
587	20986	39914	1687	-
587	1668	39914	1687	-
587	2184	39914	1687	-
587	2184	39914	1687	-
587	2184	39914	1687	-
587	2184	39914	1687	-
587	2184	39914	1687	-
11001	10553	39914	1715	-
19531	14547	39914	1715	-
11001	10553	39914	1715	-
587	5440	39914	1716	-
4800	17748	39914	1716	-
4800	23317	39914	1716	-
4800	109	39914	1716	-
4800	11546	39914	1716	-
587	5440	39914	1717	-
587	5440	39914	1717	-
587	5440	39914	1717	-
587	5440	39914	1717	-
587	5440	39914	1717	-
587	5440	39914	1717	-
587	5440	39914	1717	-
587	5440	39914	1717	-
587	5440	39914	1717	-
587	5440	39914	1717	-
587	5440	39914	1717	-
587	5440	39914	1717	-
587	5440	39914	1717	-
587	5440	39914	1717	-
587	5440	39914	1717	-
587	5440	39914	1717	-
587	5440	39914	1717	-
19531	14547	39914	1725	-
19531	14547	39914	1725	-
19531	14547	39914	1725	-
19531	14547	39914	1725	-
19531	14547	39914	1726	-
19531	14547	39914	1726	-
19531	14547	39914	1726	-
19531	14547	39914	1726	-
19531	14547	39914	1726	-
19531	14547	39914	1726	-
19531	14547	39914	1726	-
19531	14547	39914	1726	-
19531	14547	39914	1726	-
19531	14547	39914	1726	-
19531	14547	39914	1726	-
19531	14547	39914	1726	-
19531	14547	39914	1726	-
19531	14547	39914	1726	-
19531	14547	39914	1726	-
19531	14547	39914	1726	-
14267	17392	18180	1743	-
11001	9787	18180	1744	-
11001	9787	18180	1744	-
11001	9787	18180	1744	-
14267	17392	18180	1744	-
14267	17392	18180	1744	-
14267	17392	18180	1744	-
14267	17392	18180	1744	-
14267	17392	18180	1744	-
14267	17392	18180	1744	-
14267	17392	18180	1744	-
14267	17392	18180	1744	-
14267	17392	18180	1744	-
11001	10553	18180	1744	-
14267	17392	18180	1744	-
14267	17392	18180	1744	-
14267	17392	18180	1744	-
14267	17392	18180	1744	-
14267	17392	18180	1744	-
14267	17392	18180	1744	-
14267	17392	18180	1744	-
14267	17392	18180	1744	-
14267	17392	18180	1744	-
14267	17392	18180	1744	-
14267	17392	18180	1744	-
14267	17392	18180	1744	-
14267	17392	18180	1744	-
14267	17392	18180	1744	-
14267	17392	18180	1744	-
14267	17392	18180	1744	-
14267	17392	18180	1744	-
14267	17392	18180	1744	-
7179	8452	18180	1750	-
23317	882	18180	1756	-
19531	17923	18180	1759	-
19531	17923	18180	1759	-
19531	17923	18180	1759	-
19531	17923	18180	1759	-
19531	17923	18180	1759	-
19531	17923	18180	1759	-
19531	17923	18180	1759	-
19531	17923	18180	1759	-
587	5440	18180	1766	-
587	5440	18180	1766	-
587	5440	18180	1766	-
587	5440	18180	1766	-
587	5440	18180	1766	-
587	5440	18180	1766	-
587	5440	18180	1766	-
587	5440	18180	1766	-
587	5440	18180	1766	-
587	5440	18180	1766	-
587	5440	18180	1766	-
587	5440	18180	1766	-
4800	22528	18180	1778	-
4800	20367	18180	1778	-
4800	22528	18180	1779	-
4800	22528	18180	1779	-
4800	22528	18180	1779	-
4800	22528	18180	1779	-
4800	22528	18180	1779	-
4800	22528	18180	1779	-
4800	22528	18180	1779	-
4800	22528	18180	1779	-
4800	22528	18180	1779	-
4800	22528	18180	1779	-
4800	22528	18180	1779	-
4800	22528	18180	1779	-
4800	22528	18180	1779	-
4800	22528	18180	1779	-
4800	22528	18180	1779	-
4800	19517	18180	1785	-
