20312	4800	20552	0	-
23317	5938	20552	0	-
14547	5938	20552	2	-
3374	445	20552	2	-
23317	12431	20552	2	snmpgetattack
5376	4800	20552	2	snmpgetattack
20312	4800	20552	5	-
23317	5938	20552	5	-
23317	12431	28700	8	snmpgetattack
5376	4800	28700	8	snmpgetattack
20312	4800	28700	10	-
23317	5938	28700	10	-
23317	12431	28700	13	snmpgetattack
5376	4800	28700	13	snmpgetattack
23317	5938	28700	15	-
20312	4800	28700	15	-
23317	12431	28700	18	snmpgetattack
5376	4800	28700	18	snmpgetattack
23317	5938	28700	20	-
20312	4800	28700	20	-
23317	12431	28700	23	snmpgetattack
5376	4800	28700	23	snmpgetattack
20312	4800	28700	25	-
23317	5938	28700	25	-
5376	4800	28700	28	snmpgetattack
23317	12431	28700	28	snmpgetattack
23317	5938	28700	30	-
20312	4800	28700	30	-
23317	12431	28700	33	snmpgetattack
5376	4800	28700	33	snmpgetattack
17923	14437	28700	33	-
19531	587	28700	33	-
23317	5938	28700	35	-
20312	4800	28700	35	-
19531	1464	28700	37	-
19531	9787	28700	37	-
19531	9787	28700	37	-
5376	4800	28700	38	snmpgetattack
23317	12431	28700	38	snmpgetattack
23317	5938	28700	40	-
20312	4800	28700	40	-
3374	23321	28700	40	-
3374	23321	28700	41	-
3374	23321	28700	41	-
3374	23321	28700	41	-
3374	23321	28700	41	-
3374	23321	28700	41	-
3374	23321	28700	41	-
3374	23321	28700	41	-
3374	23321	28700	41	-
3374	23321	28700	41	-
3374	23321	28700	41	-
3374	23321	28700	41	-
3374	23321	28700	41	-
3374	23321	28700	41	-
3374	23321	28700	41	-
3374	23321	28700	41	-
3374	23321	28700	41	-
5376	4800	28700	43	snmpgetattack
23317	12431	28700	43	snmpgetattack
23317	5938	28700	45	-
20312	4800	28700	45	-
19531	14275	28700	47	-
19531	9787	28700	47	-
19531	9787	28700	47	-
19531	9787	28700	47	-
23317	12431	28700	48	snmpgetattack
3374	23321	28700	48	-
5376	4800	28700	48	snmpgetattack
3374	23321	28700	48	-
3374	23321	28700	49	-
3374	23321	28700	49	-
3374	23321	28700	49	-
3374	23321	28700	49	-
3374	23321	28700	49	-
3374	23321	28700	49	-
3374	23321	28700	49	-
3374	23321	28700	49	-
3374	23321	28700	49	-
3374	23321	28700	49	-
3374	23321	28700	49	-
3374	23321	28700	49	-
3374	23321	28700	49	-
3374	23321	28700	49	-
3374	23321	28700	49	-
3374	23321	28700	49	-
3374	23321	28700	49	-
3374	23321	28700	49	-
3374	23321	28700	49	-
3374	23321	28700	49	-
3374	23321	28700	49	-
3374	23321	28700	49	-
3374	23321	28700	49	-
3374	23321	28700	49	-
3374	23321	28700	49	-
3374	23321	28700	49	-
3374	23321	28700	49	-
3374	23321	28700	49	-
3374	23321	28700	49	-
3374	23321	28700	49	-
3374	23321	28700	49	-
3374	23321	28700	49	-
3374	23321	28700	50	-
3374	23321	28700	50	-
3374	23321	28700	50	-
3374	23321	28700	50	-
3374	23321	28700	50	-
3374	23321	28700	50	-
3374	23321	28700	50	-
3374	23321	28700	50	-
3374	23321	28700	50	-
3374	23321	28700	50	-
3374	23321	28700	50	-
3374	23321	28700	50	-
20312	4800	28700	50	-
23317	5938	28700	50	-
3374	23321	28700	50	-
3374	23321	28700	50	-
3374	23321	28700	50	-
3374	23321	28700	50	-
3374	23321	28700	50	-
3374	23321	28700	50	-
5376	4800	28700	53	snmpgetattack
23317	12431	28700	53	snmpgetattack
20312	4800	28700	55	-
23317	5938	28700	55	-
5376	4800	28700	58	snmpgetattack
23317	12431	28700	58	snmpgetattack
23317	5938	28700	60	-
20312	4800	28700	60	-
5376	4800	28700	63	snmpgetattack
23317	12431	28700	63	snmpgetattack
20312	4800	28700	65	-
23317	5938	28700	65	-
3611	5938	28700	67	-
23317	12431	20422	68	snmpgetattack
5376	4800	20422	68	snmpgetattack
20312	4800	20422	70	-
23317	5938	20422	70	-
23317	12431	20422	73	snmpgetattack
5376	4800	20422	73	snmpgetattack
7179	23167	20422	75	-
23317	5938	20422	75	-
20312	4800	20422	75	-
20312	3461	20422	75	-
19531	9787	20422	77	-
19531	1464	20422	77	-
19531	9787	20422	77	-
20312	9554	20422	77	-
23317	12431	20422	78	snmpgetattack
5376	4800	20422	78	snmpgetattack
7179	23167	20422	79	-
23317	5938	20422	80	-
20312	4800	20422	80	-
20312	3461	20422	82	-
20312	16332	20422	82	-
5376	4800	20422	83	snmpgetattack
23317	12431	20422	83	snmpgetattack
3374	23321	20422	85	-
3374	23321	20422	85	-
3374	23321	20422	85	-
3374	23321	20422	85	-
3374	23321	20422	85	-
3374	23321	20422	85	-
3374	23321	20422	85	-
3374	23321	20422	85	-
3374	23321	20422	85	-
3374	23321	20422	86	-
3374	23321	20422	86	-
3374	23321	20422	86	-
3374	23321	20422	86	-
3374	23321	20422	86	-
3374	23321	20422	86	-
23317	5938	20422	86	-
3374	23321	20422	86	-
3374	23321	20422	86	-
3374	23321	20422	86	-
3374	23321	20422	86	-
20312	4800	20422	86	-
5376	4800	20422	88	snmpgetattack
23317	12431	20422	88	snmpgetattack
20312	4800	20422	91	-
23317	5938	20422	91	-
23317	12431	20422	93	snmpgetattack
5376	4800	20422	93	snmpgetattack
20312	4800	20422	96	-
23317	5938	20422	96	-
23317	12431	20422	98	snmpgetattack
5376	4800	20422	98	snmpgetattack
23317	5938	20422	101	-
20312	4800	20422	101	-
3957	587	20422	101	-
23317	12431	20422	103	snmpgetattack
5376	4800	20422	103	snmpgetattack
7179	2843	20422	103	-
7179	16531	20422	104	-
7179	7268	20422	105	-
23317	5938	20422	106	-
20312	4800	20422	106	-
10571	16531	20422	107	-
23317	12431	20422	108	snmpgetattack
3957	11900	20422	108	-
10571	8452	20422	108	-
5376	4800	20422	108	snmpgetattack
20312	4800	20422	111	-
23317	5938	20422	111	-
882	2843	20422	112	-
882	16531	20422	112	-
5376	4800	20422	113	snmpgetattack
23317	12431	20422	113	snmpgetattack
3957	15394	20422	113	-
20312	4800	20422	116	-
23317	5938	20422	116	-
3957	13122	20422	118	-
3957	15394	20422	118	-
23317	12431	20422	118	snmpgetattack
5376	4800	20422	118	snmpgetattack
20312	4800	20422	121	-
23317	5938	20422	121	-
16671	22986	20422	122	-
16671	15894	20422	122	-
3957	15394	20422	123	-
5376	4800	20422	123	snmpgetattack
23317	12431	20422	123	snmpgetattack
20312	4800	20422	126	-
23317	5938	20422	126	-
3957	15394	37072	128	-
23317	12431	37072	129	snmpgetattack
5376	4800	37072	129	snmpgetattack
19531	14275	37072	130	-
19531	9787	37072	130	-
19531	9787	37072	130	-
19531	9787	37072	130	-
23317	5938	37072	131	-
20312	4800	37072	131	-
3957	15394	37072	133	-
5376	4800	37072	134	snmpgetattack
23317	12431	37072	134	snmpgetattack
20312	4800	37072	136	-
23317	5938	37072	136	-
3957	15394	37072	138	-
3957	15394	37072	138	-
3957	15894	37072	138	-
3957	1633	37072	138	-
23317	12431	37072	139	snmpgetattack
5376	4800	37072	139	snmpgetattack
3957	13122	37072	139	-
3957	21708	37072	139	-
3957	11900	37072	140	-
3957	5938	37072	140	-
20312	4800	37072	141	-
23317	5938	37072	141	-
5376	4800	37072	144	snmpgetattack
23317	12431	37072	144	snmpgetattack
20312	4800	37072	146	-
23317	5938	37072	146	-
19531	10178	37072	147	-
19531	9787	37072	147	-
19531	9787	37072	147	-
19531	9787	37072	147	-
13993	15667	37072	148	-
5376	4800	37072	149	snmpgetattack
23317	12431	37072	149	snmpgetattack
12985	19531	37072	150	-
17624	16531	37072	150	-
23317	5938	37072	151	-
20312	4800	37072	151	-
17624	16531	37072	153	-
5376	4800	37072	154	snmpgetattack
23317	12431	37072	154	snmpgetattack
17624	16531	37072	155	-
20312	4800	37072	156	-
23317	5938	37072	156	-
17624	16531	37072	158	-
5376	4800	37072	159	snmpgetattack
23317	12431	37072	159	snmpgetattack
17624	16531	37072	160	-
20312	4800	37072	161	-
23317	5938	37072	161	-
17624	16531	37072	163	-
5376	4800	37072	164	snmpgetattack
23317	12431	37072	164	snmpgetattack
17624	16531	37072	166	-
17624	16531	37072	166	-
17624	16531	37072	166	-
17624	16531	37072	166	-
17624	16531	37072	166	-
17624	16531	37072	166	-
17624	16531	37072	166	-
17624	16531	37072	166	-
17624	16531	37072	166	-
17624	16531	37072	166	-
17624	16531	37072	166	-
20312	4800	37072	166	-
17624	16531	37072	166	-
17624	16531	37072	166	-
17624	16531	37072	166	-
17624	16531	37072	166	-
17624	16531	37072	166	-
23317	5938	37072	166	-
17624	16531	37072	166	-
17624	16531	37072	166	-
5376	4800	37072	169	snmpgetattack
23317	12431	37072	169	snmpgetattack
23317	5938	37072	171	-
20312	4800	37072	171	-
23317	12431	37072	174	snmpgetattack
5376	4800	37072	174	snmpgetattack
23317	5938	37072	176	-
20312	4800	37072	176	-
5376	4800	37072	179	snmpgetattack
23317	12431	37072	179	snmpgetattack
23317	5938	37072	181	-
20312	4800	37072	181	-
23317	12431	37072	184	snmpgetattack
5376	4800	37072	184	snmpgetattack
23317	5938	37072	186	-
19531	11328	37072	186	-
19531	11328	37072	186	-
20312	4800	37072	186	-
5376	4800	16203	189	snmpgetattack
19531	7713	16203	189	-
23317	12431	16203	189	snmpgetattack
19531	11328	16203	189	-
19531	11328	16203	190	-
19531	11328	16203	190	-
19531	11328	16203	190	-
19531	11328	16203	190	-
19531	11328	16203	190	-
19531	11328	16203	190	-
19531	11328	16203	190	-
19531	11328	16203	190	-
19531	11328	16203	190	-
19531	11328	16203	190	-
19531	11328	16203	190	-
19531	11328	16203	190	-
19531	11328	16203	190	-
19531	11328	16203	190	-
19531	11328	16203	190	-
19531	11328	16203	190	-
19531	11328	16203	190	-
23317	5938	16203	191	-
20312	4800	16203	191	-
19531	11328	16203	193	-
19531	11328	16203	193	-
19531	11328	16203	193	-
19531	11328	16203	193	-
19531	11328	16203	193	-
19531	11328	16203	193	-
19531	11328	16203	193	-
19531	11328	16203	193	-
19531	11328	16203	193	-
19531	11328	16203	193	-
19531	22527	16203	193	-
19531	11328	16203	193	-
19531	11328	16203	193	-
19531	11328	16203	193	-
19531	11328	16203	193	-
19531	11328	16203	193	-
19531	11328	16203	193	-
19531	11328	16203	193	-
19531	11328	16203	193	-
19531	11328	16203	193	-
19531	11328	16203	193	-
19531	11328	16203	194	-
19531	11328	16203	194	-
19531	11328	16203	194	-
19531	11328	16203	194	-
19531	11328	16203	194	-
5376	4800	16203	194	snmpgetattack
23317	12431	16203	194	snmpgetattack
23317	5938	16203	196	-
20312	4800	16203	196	-
23317	12431	16203	199	snmpgetattack
5376	4800	16203	199	snmpgetattack
23317	5938	16203	201	-
20312	4800	16203	201	-
5376	4800	16203	204	snmpgetattack
23317	12431	16203	204	snmpgetattack
20312	4800	16203	206	-
23317	5938	16203	206	-
23317	12431	16203	209	snmpgetattack
5376	4800	16203	209	snmpgetattack
23317	5938	16203	212	-
20312	4800	16203	212	-
23317	12431	16203	214	snmpgetattack
5376	4800	16203	214	snmpgetattack
23317	5938	16203	217	-
20312	4800	16203	217	-
23317	12431	16203	219	snmpgetattack
5376	4800	16203	219	snmpgetattack
20312	4800	16203	222	-
23317	5938	16203	222	-
3611	15667	16203	222	-
23317	12431	16203	224	snmpgetattack
5376	4800	16203	224	snmpgetattack
12985	19834	16203	227	-
23317	5938	16203	227	-
20312	4800	16203	227	-
12985	11900	16203	227	-
23317	12431	16203	229	snmpgetattack
5376	4800	16203	229	snmpgetattack
12985	19531	16203	229	-
23317	5938	16203	232	-
20312	4800	16203	232	-
23317	12431	16203	234	snmpgetattack
5376	4800	16203	234	snmpgetattack
3374	16747	16203	235	-
3374	16747	16203	235	-
3374	16747	16203	235	-
3374	16747	16203	235	-
3374	16747	16203	235	-
3374	16747	16203	235	-
3374	16747	16203	235	-
3374	16747	16203	235	-
3374	16747	16203	235	-
3374	16747	16203	235	-
3374	16747	16203	235	-
3374	16747	16203	235	-
3374	16747	16203	235	-
3374	16747	16203	235	-
3374	16747	16203	235	-
3374	16747	16203	235	-
3374	16747	16203	235	-
3374	16747	16203	235	-
3374	16747	16203	236	-
3374	16747	16203	236	-
3374	16747	16203	236	-
3374	16747	16203	236	-
3374	16747	16203	236	-
3374	16747	16203	236	-
3374	16747	16203	236	-
3374	16747	16203	236	-
3374	16747	16203	236	-
3374	16747	16203	236	-
3374	16747	16203	236	-
3374	16747	16203	236	-
3374	16747	16203	236	-
3374	16747	16203	236	-
3374	16747	16203	236	-
3374	16747	16203	236	-
20312	4800	16203	237	-
23317	5938	16203	237	-
5376	4800	16203	239	snmpgetattack
23317	12431	16203	239	snmpgetattack
17624	16531	16203	240	-
13993	15667	16203	242	-
23317	5938	16203	242	-
20312	4800	16203	242	-
13993	15667	16203	244	-
5376	4800	16203	245	snmpgetattack
23317	12431	16203	245	snmpgetattack
13993	15667	16203	246	-
20312	4800	16203	247	-
23317	5938	16203	247	-
13993	15667	15923	248	-
23317	12431	15923	250	snmpgetattack
5376	4800	15923	250	snmpgetattack
13993	15667	15923	252	-
20312	4800	15923	252	-
23317	5938	15923	252	-
23317	12431	15923	255	snmpgetattack
5376	4800	15923	255	snmpgetattack
20312	4800	15923	257	-
23317	5938	15923	257	-
5376	4800	15923	260	snmpgetattack
23317	12431	15923	260	snmpgetattack
23317	5938	15923	262	-
20312	4800	15923	262	-
5376	4800	15923	265	snmpgetattack
23317	12431	15923	265	snmpgetattack
20312	4800	15923	267	-
23317	5938	15923	267	-
23317	12431	15923	270	snmpgetattack
5376	4800	15923	270	snmpgetattack
23317	5938	15923	272	-
20312	4800	15923	272	-
5376	4800	15923	275	snmpgetattack
23317	12431	15923	275	snmpgetattack
20312	4800	15923	277	-
23317	5938	15923	277	-
23317	12431	15923	280	snmpgetattack
5376	4800	15923	280	snmpgetattack
20312	4800	15923	282	-
23317	5938	15923	282	-
5376	4800	15923	285	snmpgetattack
23317	12431	15923	285	snmpgetattack
20312	4800	15923	287	-
23317	5938	15923	287	-
23317	12431	15923	290	snmpgetattack
5376	4800	15923	290	snmpgetattack
20312	4800	15923	292	-
23317	5938	15923	292	-
5376	4800	15923	295	snmpgetattack
23317	12431	15923	295	snmpgetattack
15394	4800	15923	297	-
20312	4800	15923	297	-
23317	5938	15923	297	-
23317	882	15923	297	-
23317	12431	15923	300	snmpgetattack
5376	4800	15923	300	snmpgetattack
20312	4800	15923	302	-
23317	5938	15923	302	-
23317	12431	15923	305	snmpgetattack
5376	4800	15923	305	snmpgetattack
23317	5938	15923	307	-
20312	4800	15923	307	-
23317	12431	33745	310	snmpgetattack
5376	4800	33745	310	snmpgetattack
20312	4800	33745	312	-
23317	5938	33745	312	-
5376	4800	33745	315	snmpgetattack
23317	12431	33745	315	snmpgetattack
23317	5938	33745	317	-
20312	4800	33745	317	-
10429	15667	33745	317	-
10429	21708	33745	318	-
5376	4800	33745	320	snmpgetattack
23317	12431	33745	320	snmpgetattack
20312	4800	33745	322	-
23317	5938	33745	322	-
23317	12431	33745	325	snmpgetattack
5376	4800	33745	325	snmpgetattack
23317	5938	33745	327	-
20312	4800	33745	327	-
5376	4800	33745	330	snmpgetattack
23317	12431	33745	330	snmpgetattack
20312	4800	33745	332	-
23317	5938	33745	332	-
23317	12431	33745	335	snmpgetattack
5376	4800	33745	335	snmpgetattack
20312	4800	33745	338	-
23317	5938	33745	338	-
3374	16747	33745	340	-
3374	16747	33745	340	-
23317	12431	33745	340	snmpgetattack
5376	4800	33745	340	snmpgetattack
3374	16747	33745	341	-
3374	16747	33745	341	-
3374	16747	33745	341	-
3374	16747	33745	341	-
3374	16747	33745	341	-
3374	16747	33745	341	-
3374	16747	33745	341	-
3374	16747	33745	341	-
3374	16747	33745	341	-
3374	16747	33745	341	-
3374	16747	33745	341	-
3374	16747	33745	341	-
3374	16747	33745	341	-
3374	16747	33745	341	-
3374	16747	33745	341	-
3374	16747	33745	341	-
3374	16747	33745	341	-
7179	7268	33745	341	-
20312	4800	33745	343	-
23317	5938	33745	343	-
23317	12431	33745	345	snmpgetattack
5376	4800	33745	345	snmpgetattack
20312	4800	33745	348	-
23317	5938	33745	348	-
23317	12431	33745	350	snmpgetattack
5376	4800	33745	350	snmpgetattack
3957	15394	33745	350	-
6775	7268	33745	352	-
23317	5938	33745	353	-
6775	16332	33745	353	-
20312	4800	33745	353	-
19531	6111	33745	353	-
23317	12431	33745	355	snmpgetattack
5376	4800	33745	355	snmpgetattack
19531	16067	33745	356	-
23317	5938	33745	358	-
20312	4800	33745	358	-
19531	6111	33745	359	-
19531	6111	33745	359	-
19531	18642	33745	359	-
19531	6111	33745	359	-
19531	18642	33745	359	-
19531	6111	33745	359	-
19531	6111	33745	359	-
5376	4800	33745	360	snmpgetattack
23317	12431	33745	360	snmpgetattack
20312	4800	33745	363	-
23317	5938	33745	363	-
5376	4800	33745	365	snmpgetattack
23317	12431	33745	365	snmpgetattack
23317	5938	23860	368	-
20312	4800	23860	368	-
5376	4800	23860	371	snmpgetattack
23317	12431	23860	371	snmpgetattack
20312	4800	23860	373	-
23317	5938	23860	373	-
5376	4800	23860	376	snmpgetattack
23317	12431	23860	376	snmpgetattack
23317	5938	23860	378	-
20312	4800	23860	378	-
23317	12431	23860	381	snmpgetattack
5376	4800	23860	381	snmpgetattack
20312	4800	23860	383	-
23317	5938	23860	383	-
23317	12431	23860	386	snmpgetattack
5376	4800	23860	386	snmpgetattack
19531	15394	23860	387	-
20312	4800	23860	388	-
23317	5938	23860	388	-
12332	7268	23860	388	-
19531	11873	23860	390	-
19531	11873	23860	390	-
19531	11873	23860	390	-
19531	11873	23860	391	-
19531	11873	23860	391	-
23317	12431	23860	391	snmpgetattack
19531	11873	23860	391	-
5376	4800	23860	391	snmpgetattack
19531	11873	23860	391	-
19531	11873	23860	391	-
19531	11873	23860	391	-
19531	11873	23860	391	-
19531	11873	23860	391	-
19531	11873	23860	391	-
19531	11873	23860	391	-
19531	11873	23860	391	-
19531	11873	23860	391	-
19531	11873	23860	391	-
19531	11873	23860	391	-
23317	5938	23860	393	-
20312	4800	23860	393	-
19531	10522	23860	394	-
19531	16067	23860	394	-
5376	4800	23860	396	snmpgetattack
23317	12431	23860	396	snmpgetattack
23317	5938	23860	398	-
20312	4800	23860	398	-
23317	12431	23860	401	snmpgetattack
5376	4800	23860	401	snmpgetattack
23317	5938	23860	403	-
20312	4800	23860	403	-
23317	12431	23860	406	snmpgetattack
5376	4800	23860	406	snmpgetattack
23317	5938	23860	408	-
20312	4800	23860	408	-
23317	12431	23860	411	snmpgetattack
5376	4800	23860	411	snmpgetattack
23317	5938	23860	413	-
20312	4800	23860	413	-
23317	12431	23860	416	snmpgetattack
5376	4800	23860	416	snmpgetattack
23317	5938	23860	418	-
20312	4800	23860	418	-
23317	12431	23860	421	snmpgetattack
5376	4800	23860	421	snmpgetattack
20367	19350	23860	422	-
20312	4800	23860	423	-
23317	5938	23860	423	-
19531	11873	23860	425	-
19531	11873	23860	425	-
19531	11873	23860	425	-
19531	11873	23860	425	-
19531	11873	23860	425	-
19531	11873	23860	425	-
19531	11873	23860	425	-
5376	4800	23860	426	snmpgetattack
23317	12431	23860	426	snmpgetattack
3374	23321	23860	427	-
3374	23321	23860	427	-
3374	23321	23860	427	-
3374	23321	23860	427	-
3374	23321	23860	427	-
3374	23321	23860	427	-
3374	23321	23860	427	-
3374	23321	23860	427	-
3374	23321	23860	427	-
3374	23321	23860	427	-
3374	23321	23860	427	-
3374	23321	23860	427	-
3374	23321	23860	427	-
3374	23321	23860	427	-
3374	23321	23860	427	-
3374	23321	23860	427	-
3374	23321	23860	427	-
3374	23321	23860	427	-
19531	11873	35192	428	-
20312	4800	35192	428	-
19531	11873	35192	428	-
23317	5938	35192	428	-
19531	21810	35192	428	-
19531	11873	35192	428	-
19531	11873	35192	428	-
19531	11873	35192	428	-
23317	12431	35192	431	snmpgetattack
5376	4800	35192	431	snmpgetattack
20312	4800	35192	433	-
23317	5938	35192	433	-
5376	4800	35192	436	snmpgetattack
23317	12431	35192	436	snmpgetattack
23317	5938	35192	438	-
20312	4800	35192	438	-
23317	12431	35192	441	snmpgetattack
5376	4800	35192	441	snmpgetattack
6775	7268	35192	441	-
20312	4800	35192	443	-
23317	5938	35192	443	-
5376	4800	35192	446	snmpgetattack
23317	12431	35192	446	snmpgetattack
12985	1633	35192	447	-
12985	21708	35192	447	-
23317	5938	35192	448	-
20312	4800	35192	448	-
23317	12431	35192	451	snmpgetattack
5376	4800	35192	451	snmpgetattack
23317	5938	35192	453	-
20312	4800	35192	453	-
23317	12431	35192	456	snmpgetattack
5376	4800	35192	456	snmpgetattack
23317	5938	35192	458	-
20312	4800	35192	458	-
23317	12431	35192	461	snmpgetattack
5376	4800	35192	461	snmpgetattack
20312	4800	35192	464	-
23317	5938	35192	464	-
10571	7268	35192	464	-
5376	4800	35192	466	snmpgetattack
23317	12431	35192	466	snmpgetattack
23317	5938	35192	469	-
20312	4800	35192	469	-
5376	4800	35192	471	snmpgetattack
23317	12431	35192	471	snmpgetattack
20312	4800	35192	474	-
23317	5938	35192	474	-
3374	23321	35192	476	-
3374	23321	35192	476	-
3374	23321	35192	476	-
3374	23321	35192	476	-
3374	23321	35192	476	-
3374	23321	35192	476	-
3374	23321	35192	476	-
3374	23321	35192	476	-
3374	23321	35192	476	-
3374	23321	35192	476	-
3374	23321	35192	476	-
3374	23321	35192	476	-
3374	23321	35192	476	-
3374	23321	35192	476	-
3374	23321	35192	476	-
23317	12431	35192	476	snmpgetattack
5376	4800	35192	476	snmpgetattack
3374	23321	35192	476	-
3374	23321	35192	476	-
3374	23321	35192	476	-
3374	23321	35192	476	-
3374	23321	35192	476	-
3374	23321	35192	476	-
3374	23321	35192	477	-
3374	23321	35192	477	-
3374	23321	35192	477	-
3374	23321	35192	477	-
23317	5938	35192	479	-
20312	4800	35192	479	-
5376	4800	35192	481	snmpgetattack
23317	12431	35192	481	snmpgetattack
23317	5938	35192	484	-
20312	4800	35192	484	-
23317	12431	35192	486	snmpgetattack
5376	4800	35192	486	snmpgetattack
20312	4800	482	489	-
23317	5938	482	489	-
23317	12431	482	491	snmpgetattack
5376	4800	482	491	snmpgetattack
23317	5938	482	494	-
20312	4800	482	494	-
3374	23321	482	496	-
3374	23321	482	496	-
3374	23321	482	496	-
3374	23321	482	496	-
3374	23321	482	496	-
3374	23321	482	496	-
3374	23321	482	496	-
3374	23321	482	496	-
3374	23321	482	496	-
3374	23321	482	497	-
5376	4800	482	497	snmpgetattack
23317	12431	482	497	snmpgetattack
3374	23321	482	497	-
3374	23321	482	497	-
3374	23321	482	497	-
3374	23321	482	497	-
3374	23321	482	497	-
3374	23321	482	497	-
3374	23321	482	497	-
3374	23321	482	497	-
10571	3461	482	498	-
10571	8452	482	498	-
10571	14437	482	499	-
20312	4800	482	499	-
23317	5938	482	499	-
10571	23167	482	499	-
10571	3297	482	500	-
23317	12431	482	502	snmpgetattack
5376	4800	482	502	snmpgetattack
10571	4981	482	502	-
10571	16531	482	503	-
23317	5938	482	504	-
20312	4800	482	504	-
10571	9554	482	504	-
10571	16332	482	505	-
5376	4800	482	507	snmpgetattack
23317	12431	482	507	snmpgetattack
12985	1633	482	507	-
8048	3461	482	507	-
12985	19531	482	508	-
20312	4800	482	509	-
23317	5938	482	509	-
882	3461	482	509	-
3297	19834	482	510	-
3297	11900	482	510	-
882	16531	482	510	-
5376	4800	482	512	snmpgetattack
23317	12431	482	512	snmpgetattack
23317	5938	482	514	-
20312	4800	482	514	-
23317	12431	482	517	snmpgetattack
5376	4800	482	517	snmpgetattack
23317	5938	482	519	-
20312	4800	482	519	-
5376	4800	482	522	snmpgetattack
23317	12431	482	522	snmpgetattack
19531	11873	482	524	-
19531	11873	482	524	-
19531	11873	482	524	-
19531	21810	482	524	-
19531	11873	482	524	-
23317	5938	482	524	-
20312	4800	482	524	-
19531	11873	482	524	-
19531	11873	482	524	-
19531	11873	482	524	-
19531	11873	482	524	-
20312	14437	482	524	-
19531	11873	482	524	-
19531	11873	482	525	-
19531	11873	482	525	-
20312	2843	482	525	-
20312	3461	482	526	-
23317	12431	482	527	snmpgetattack
5376	4800	482	527	snmpgetattack
20312	16332	482	527	-
10571	3297	482	527	-
10571	16593	482	528	-
19531	11873	482	528	-
19531	11873	482	528	-
19531	11873	482	528	-
19531	15149	482	528	-
23317	5938	482	529	-
20312	4800	482	529	-
5376	4800	482	532	snmpgetattack
23317	12431	482	532	snmpgetattack
20312	4800	482	534	-
23317	5938	482	534	-
5376	4800	482	537	snmpgetattack
23317	12431	482	537	snmpgetattack
20312	4800	482	539	-
23317	5938	482	539	-
5376	4800	482	542	snmpgetattack
23317	12431	482	542	snmpgetattack
20312	4800	482	544	-
23317	5938	482	544	-
5376	4800	482	547	snmpgetattack
23317	12431	482	547	snmpgetattack
3374	23321	482	547	-
20312	4800	25193	549	-
23317	5938	25193	549	-
5376	4800	25193	552	snmpgetattack
23317	12431	25193	552	snmpgetattack
23317	5938	25193	554	-
20312	4800	25193	554	-
3374	5696	25193	555	-
3374	5696	25193	555	-
3374	5696	25193	555	-
3374	5696	25193	555	-
3374	5696	25193	555	-
3374	5696	25193	556	-
3374	5696	25193	556	-
3374	5696	25193	556	-
3374	5696	25193	556	-
3374	5696	25193	556	-
3374	5696	25193	556	-
3374	5696	25193	556	-
3374	5696	25193	556	-
3374	5696	25193	556	-
3374	5696	25193	556	-
3374	5696	25193	556	-
3374	5696	25193	556	-
5376	4800	25193	557	snmpgetattack
23317	12431	25193	557	snmpgetattack
20312	4800	25193	559	-
23317	5938	25193	559	-
20312	7268	25193	559	-
5376	4800	25193	562	snmpgetattack
23317	12431	25193	562	snmpgetattack
23317	5938	25193	564	-
20312	4800	25193	564	-
7179	8452	25193	566	-
5376	4800	25193	567	snmpgetattack
23317	12431	25193	567	snmpgetattack
20312	4800	25193	569	-
23317	5938	25193	569	-
23317	12431	25193	572	snmpgetattack
5376	4800	25193	572	snmpgetattack
20312	4800	25193	574	-
23317	5938	25193	574	-
5376	4800	25193	577	snmpgetattack
23317	12431	25193	577	snmpgetattack
20312	4800	25193	579	-
23317	5938	25193	579	-
20312	16332	25193	579	-
5376	4800	25193	582	snmpgetattack
23317	12431	25193	582	snmpgetattack
20312	4800	25193	584	-
23317	5938	25193	584	-
882	4981	25193	584	-
882	16531	25193	584	-
5376	4800	25193	587	snmpgetattack
23317	12431	25193	587	snmpgetattack
23317	5938	25193	590	-
20312	4800	25193	590	-
23317	12431	25193	592	snmpgetattack
5376	4800	25193	592	snmpgetattack
3957	15894	25193	592	-
7179	8452	25193	592	-
7215	11900	25193	594	-
20312	16531	25193	594	-
20312	4800	25193	595	-
23317	5938	25193	595	-
13993	5938	25193	596	-
23317	12431	25193	597	snmpgetattack
5376	4800	25193	597	snmpgetattack
13993	5938	25193	597	-
3957	21708	25193	598	-
12332	3461	25193	598	-
20312	4800	25193	600	-
13993	5938	25193	600	-
23317	5938	25193	600	-
5376	4800	25193	602	snmpgetattack
23317	12431	25193	602	snmpgetattack
13993	5938	25193	603	-
20312	4800	25193	605	-
23317	5938	25193	605	-
7179	4981	25193	607	-
5376	4800	25193	607	snmpgetattack
23317	12431	25193	607	snmpgetattack
20312	4800	28653	610	-
23317	5938	28653	610	-
23317	12431	28653	612	snmpgetattack
5376	4800	28653	612	snmpgetattack
23317	5938	28653	615	-
20312	4800	28653	615	-
23317	12431	28653	617	snmpgetattack
5376	4800	28653	617	snmpgetattack
20312	4800	28653	620	-
23317	5938	28653	620	-
23317	12431	28653	623	snmpgetattack
5376	4800	28653	623	snmpgetattack
23317	5938	28653	625	-
20312	4800	28653	625	-
7179	3611	28653	627	-
23317	12431	28653	628	snmpgetattack
5376	4800	28653	628	snmpgetattack
23317	5938	28653	630	-
20312	4800	28653	630	-
5376	4800	28653	633	snmpgetattack
23317	12431	28653	633	snmpgetattack
23317	5938	28653	635	-
20312	4800	28653	635	-
23317	12431	28653	638	snmpgetattack
5376	4800	28653	638	snmpgetattack
23317	5938	28653	640	-
20312	4800	28653	640	-
20312	16531	28653	641	-
20312	16332	28653	642	-
5376	4800	28653	643	snmpgetattack
23317	12431	28653	643	snmpgetattack
3374	1807	28653	644	-
3374	1807	28653	645	-
3374	1807	28653	645	-
3374	1807	28653	645	-
3374	1807	28653	645	-
3374	1807	28653	645	-
3374	1807	28653	645	-
3374	1807	28653	645	-
3374	1807	28653	645	-
3374	1807	28653	645	-
3374	1807	28653	645	-
3374	1807	28653	645	-
3374	1807	28653	645	-
3374	1807	28653	645	-
3374	1807	28653	645	-
3374	1807	28653	645	-
20312	4800	28653	645	-
23317	5938	28653	645	-
3374	1807	28653	645	-
3374	1807	28653	645	-
3374	1807	28653	645	-
3374	1807	28653	645	-
3374	1807	28653	645	-
3374	1807	28653	645	-
3374	1807	28653	645	-
3374	1807	28653	645	-
3374	1807	28653	645	-
3374	1807	28653	645	-
3374	1807	28653	645	-
3374	1807	28653	645	-
3374	1807	28653	646	-
3374	1807	28653	646	-
3374	1807	28653	646	-
3374	1807	28653	646	-
3374	1807	28653	646	-
3374	1807	28653	646	-
3374	1807	28653	646	-
3374	1807	28653	646	-
3374	1807	28653	646	-
17923	15394	28653	647	-
17923	9554	28653	647	-
7782	587	28653	647	-
5376	4800	28653	648	snmpgetattack
23317	12431	28653	648	snmpgetattack
3374	1807	28653	649	-
3374	20312	28653	649	-
3374	1807	28653	649	-
3374	1807	28653	649	-
3374	20312	28653	649	-
20312	4800	28653	650	-
23317	5938	28653	650	-
7179	7268	28653	650	-
5376	4800	28653	653	snmpgetattack
23317	12431	28653	653	snmpgetattack
20312	4800	28653	655	-
23317	5938	28653	655	-
3374	1807	28653	657	-
3374	1807	28653	657	-
3374	1807	28653	657	-
3374	20312	28653	657	-
3374	1807	28653	657	-
3374	1807	28653	657	-
3374	1807	28653	657	-
3374	1807	28653	657	-
3374	1807	28653	657	-
3374	1807	28653	657	-
3374	1807	28653	657	-
23317	12431	28653	658	snmpgetattack
5376	4800	28653	658	snmpgetattack
23317	5938	28653	660	-
20312	4800	28653	660	-
5376	4800	28653	663	snmpgetattack
23317	12431	28653	663	snmpgetattack
23317	5938	28653	665	-
20312	4800	28653	665	-
23317	12431	27228	668	snmpgetattack
5376	4800	27228	668	snmpgetattack
20312	4800	27228	670	-
23317	5938	27228	670	-
5376	4800	27228	673	snmpgetattack
23317	12431	27228	673	snmpgetattack
20312	4800	27228	675	-
23317	5938	27228	675	-
3374	17923	27228	676	-
3374	17923	27228	676	-
3374	17923	27228	676	-
19531	11873	27228	677	-
19531	11873	27228	677	-
19531	11873	27228	677	-
19531	11873	27228	677	-
19531	11873	27228	677	-
19531	11873	27228	677	-
19531	11873	27228	677	-
19531	11873	27228	677	-
19531	11873	27228	677	-
19531	21810	27228	677	-
19531	11873	27228	678	-
19531	11873	27228	678	-
5376	4800	27228	678	snmpgetattack
23317	12431	27228	678	snmpgetattack
19531	15149	27228	678	-
19531	11873	27228	678	-
19531	11873	27228	678	-
19531	11873	27228	678	-
20312	4800	27228	680	-
23317	5938	27228	680	-
23317	12431	27228	683	snmpgetattack
5376	4800	27228	683	snmpgetattack
23317	5938	27228	685	-
20312	4800	27228	685	-
19531	14135	27228	686	-
19531	14135	27228	686	-
19531	14135	27228	688	-
19531	14135	27228	688	-
23317	12431	27228	688	snmpgetattack
5376	4800	27228	688	snmpgetattack
19531	14135	27228	688	-
20312	4800	27228	690	-
23317	5938	27228	690	-
5376	4800	27228	693	snmpgetattack
23317	12431	27228	693	snmpgetattack
20312	4800	27228	695	-
23317	5938	27228	695	-
23317	12431	27228	698	snmpgetattack
5376	4800	27228	698	snmpgetattack
20312	4800	27228	700	-
23317	5938	27228	700	-
19531	14135	27228	701	-
5376	4800	27228	703	snmpgetattack
23317	12431	27228	703	snmpgetattack
19531	15535	27228	704	-
23317	5938	27228	705	-
20312	4800	27228	705	-
5376	4800	27228	708	snmpgetattack
23317	12431	27228	708	snmpgetattack
3374	11097	27228	708	-
3374	11097	27228	708	-
3374	11097	27228	708	-
3374	11097	27228	708	-
3374	11097	27228	708	-
3374	11097	27228	708	-
3374	11097	27228	708	-
3374	11097	27228	709	-
3374	11097	27228	709	-
3374	11097	27228	709	-
20312	4800	27228	711	-
23317	5938	27228	711	-
5376	4800	27228	713	snmpgetattack
23317	12431	27228	713	snmpgetattack
20312	4800	27228	716	-
23317	5938	27228	716	-
3374	11097	27228	718	-
23317	12431	27228	718	snmpgetattack
5376	4800	27228	718	snmpgetattack
3374	11097	27228	719	-
3374	11097	27228	719	-
3374	11097	27228	719	-
3374	11097	27228	719	-
3374	11097	27228	719	-
3374	11097	27228	719	-
3374	11097	27228	719	-
3374	11097	27228	719	-
23317	5938	27228	721	-
20312	4800	27228	721	-
5376	4800	27228	723	snmpgetattack
23317	12431	27228	723	snmpgetattack
20312	4800	27228	726	-
23317	5938	27228	726	-
5376	4800	27139	728	snmpgetattack
23317	12431	27139	728	snmpgetattack
20312	4800	27139	731	-
23317	5938	27139	731	-
12332	16593	27139	732	-
5376	4800	27139	733	snmpgetattack
23317	12431	27139	733	snmpgetattack
6775	8452	27139	735	-
6775	23167	27139	735	-
7179	8452	27139	736	-
23317	5938	27139	736	-
20312	4800	27139	736	-
5376	4800	27139	738	snmpgetattack
23317	12431	27139	738	snmpgetattack
23317	5938	27139	741	-
20312	4800	27139	741	-
5376	4800	27139	743	snmpgetattack
23317	12431	27139	743	snmpgetattack
12332	2843	27139	744	-
12332	4981	27139	744	-
23317	5938	27139	746	-
20312	4800	27139	746	-
12332	16531	27139	746	-
23317	12431	27139	749	snmpgetattack
7179	23167	27139	749	-
5376	4800	27139	749	snmpgetattack
3374	18272	27139	749	-
7179	8452	27139	749	-
20312	4800	27139	751	-
23317	5938	27139	751	-
3374	6466	27139	752	-
5376	4800	27139	754	snmpgetattack
23317	12431	27139	754	snmpgetattack
20312	4800	27139	756	-
23317	5938	27139	756	-
14547	5938	27139	756	-
23317	12431	27139	759	snmpgetattack
5376	4800	27139	759	snmpgetattack
882	3461	27139	759	-
3957	19834	27139	760	-
882	4981	27139	760	-
23317	5938	27139	761	-
20312	4800	27139	761	-
882	16531	27139	761	-
882	9554	27139	762	-
23317	12431	27139	764	snmpgetattack
5376	4800	27139	764	snmpgetattack
14547	1633	27139	765	-
20312	4800	27139	766	-
23317	5938	27139	766	-
14547	21708	27139	766	-
5376	4800	27139	769	snmpgetattack
23317	12431	27139	769	snmpgetattack
20312	4800	27139	771	-
23317	5938	27139	771	-
5376	4800	27139	774	snmpgetattack
23317	12431	27139	774	snmpgetattack
20312	4800	27139	776	-
23317	5938	27139	776	-
23317	12431	27139	779	snmpgetattack
5376	4800	27139	779	snmpgetattack
23317	5938	27139	781	-
20312	4800	27139	781	-
5376	4800	27139	784	snmpgetattack
23317	12431	27139	784	snmpgetattack
13993	19531	27139	784	-
3957	15667	27139	785	-
10429	15667	27139	785	-
20312	4800	27139	786	-
23317	5938	27139	786	-
10429	22986	27139	787	-
10429	19834	27139	787	-
17624	16332	5120	788	-
5376	4800	5120	789	snmpgetattack
23317	12431	5120	789	snmpgetattack
17624	16332	5120	790	-
10429	11900	5120	790	-
20312	4800	5120	791	-
23317	5938	5120	791	-
10429	21708	5120	791	-
17624	16332	5120	792	-
5376	4800	5120	794	snmpgetattack
23317	12431	5120	794	snmpgetattack
17624	16332	5120	794	-
20312	4800	5120	796	-
23317	5938	5120	796	-
12332	3297	5120	796	-
17624	16332	5120	796	-
17624	16332	5120	798	-
23317	12431	5120	799	snmpgetattack
5376	4800	5120	799	snmpgetattack
20312	4800	5120	801	-
23317	5938	5120	801	-
17624	16332	5120	802	-
17624	16332	5120	802	-
17624	16332	5120	802	-
17624	16332	5120	802	-
17624	16332	5120	802	-
17624	16332	5120	802	-
17624	16332	5120	802	-
17624	16332	5120	802	-
17624	16332	5120	802	-
17624	16332	5120	802	-
17624	16332	5120	802	-
17624	16332	5120	802	-
17624	16332	5120	802	-
17624	16332	5120	802	-
17624	16332	5120	802	-
17624	16332	5120	802	-
17624	16332	5120	802	-
17624	16332	5120	802	-
19531	5154	5120	803	-
19531	5154	5120	803	-
19531	5154	5120	803	-
19531	5154	5120	803	-
19531	5154	5120	803	-
5376	4800	5120	804	snmpgetattack
23317	12431	5120	804	snmpgetattack
19531	5154	5120	806	-
19531	755	5120	806	-
20312	4800	5120	807	-
23317	5938	5120	807	-
10429	13122	5120	807	-
10429	11900	5120	807	-
5376	4800	5120	809	snmpgetattack
23317	12431	5120	809	snmpgetattack
20312	4800	5120	812	-
23317	5938	5120	812	-
19531	16798	5120	812	-
23317	12431	5120	814	snmpgetattack
5376	4800	5120	814	snmpgetattack
3076	16531	5120	815	-
3957	22986	5120	815	-
20312	4800	5120	817	-
23317	5938	5120	817	-
13993	19834	5120	818	-
23317	12431	5120	819	snmpgetattack
5376	4800	5120	819	snmpgetattack
20312	4800	5120	822	-
23317	5938	5120	822	-
23317	12431	5120	824	snmpgetattack
5376	4800	5120	824	snmpgetattack
3374	4658	5120	826	-
3374	4658	5120	826	-
3374	4658	5120	826	-
3374	4658	5120	826	-
3374	4658	5120	826	-
3374	4658	5120	826	-
3374	4658	5120	826	-
3374	4658	5120	826	-
3374	4658	5120	826	-
20312	4800	5120	827	-
23317	5938	5120	827	-
5376	4800	5120	829	snmpgetattack
23317	12431	5120	829	snmpgetattack
3374	22477	5120	829	-
3374	4658	5120	829	-
3374	4658	5120	830	-
3374	4658	5120	830	-
3374	22477	5120	830	-
20312	4800	5120	832	-
23317	5938	5120	832	-
5376	4800	5120	834	snmpgetattack
23317	12431	5120	834	snmpgetattack
20312	4800	5120	837	-
23317	5938	5120	837	-
5376	4800	5120	839	snmpgetattack
23317	12431	5120	839	snmpgetattack
23317	5938	5120	842	-
20312	4800	5120	842	-
23317	12431	5120	844	snmpgetattack
5376	4800	5120	844	snmpgetattack
20312	4800	5120	847	-
23317	5938	5120	847	-
10429	5938	31628	849	-
5376	4800	31628	850	snmpgetattack
23317	12431	31628	850	snmpgetattack
10429	5938	31628	851	-
20312	4800	31628	852	-
23317	5938	31628	852	-
3297	1001	31628	855	-
23317	12431	31628	855	snmpgetattack
5376	4800	31628	855	snmpgetattack
12985	15894	31628	856	-
12985	19834	31628	856	-
20312	4800	31628	857	-
23317	5938	31628	857	-
5376	4800	31628	860	snmpgetattack
23317	12431	31628	860	snmpgetattack
20312	4800	31628	862	-
23317	5938	31628	862	-
19531	11900	31628	864	-
5376	4800	31628	865	snmpgetattack
23317	12431	31628	865	snmpgetattack
882	16332	31628	865	-
20312	4800	31628	867	-
23317	5938	31628	867	-
19531	11900	31628	867	-
5376	4800	31628	870	snmpgetattack
23317	12431	31628	870	snmpgetattack
23317	5938	31628	872	-
20312	4800	31628	872	-
5376	4800	31628	875	snmpgetattack
23317	12431	31628	875	snmpgetattack
20312	4800	31628	877	-
23317	5938	31628	877	-
12985	13122	31628	878	-
12985	19834	31628	878	-
12985	21708	31628	879	-
23317	12431	31628	880	snmpgetattack
5376	4800	31628	880	snmpgetattack
23317	5938	31628	882	-
20312	4800	31628	882	-
3611	21708	31628	884	-
23317	12431	31628	885	snmpgetattack
5376	4800	31628	885	snmpgetattack
20312	4800	31628	887	-
23317	5938	31628	887	-
5376	4800	31628	890	snmpgetattack
23317	12431	31628	890	snmpgetattack
20312	4800	31628	892	-
23317	5938	31628	892	-
3076	16332	31628	894	-
5376	4800	31628	895	snmpgetattack
23317	12431	31628	895	snmpgetattack
23317	5938	31628	897	-
23317	882	31628	897	-
15394	4800	31628	897	-
20312	4800	31628	897	-
23317	12431	31628	900	snmpgetattack
5376	4800	31628	900	snmpgetattack
23317	5938	31628	902	-
20312	4800	31628	902	-
5376	4800	31628	905	snmpgetattack
23317	12431	31628	905	snmpgetattack
23317	5938	31628	907	-
20312	4800	31628	907	-
5376	4800	10043	910	snmpgetattack
23317	12431	10043	910	snmpgetattack
20312	4800	10043	912	-
23317	5938	10043	912	-
7215	13122	10043	913	-
23317	12431	10043	915	snmpgetattack
5376	4800	10043	915	snmpgetattack
23317	5938	10043	917	-
20312	4800	10043	917	-
5376	4800	10043	920	snmpgetattack
23317	12431	10043	920	snmpgetattack
19603	3297	10043	920	-
3957	19531	10043	921	-
19603	16531	10043	921	-
20312	4800	10043	922	-
23317	5938	10043	922	-
3374	262	10043	924	-
3374	262	10043	924	-
3374	262	10043	924	-
3374	262	10043	924	-
3374	262	10043	924	-
3374	262	10043	924	-
3374	262	10043	924	-
3374	262	10043	924	-
3374	262	10043	924	-
3374	262	10043	924	-
3374	262	10043	924	-
3374	262	10043	924	-
3374	262	10043	924	-
5376	4800	10043	925	snmpgetattack
23317	12431	10043	925	snmpgetattack
20312	4800	10043	927	-
23317	5938	10043	927	-
6775	3461	10043	929	-
16671	13122	10043	929	-
6775	16593	10043	929	-
23317	12431	10043	930	snmpgetattack
5376	4800	10043	930	snmpgetattack
6775	14437	10043	930	-
6775	23167	10043	932	-
20312	4800	10043	933	-
23317	5938	10043	933	-
6775	3297	10043	933	-
12985	15894	10043	933	-
23317	12431	10043	935	snmpgetattack
5376	4800	10043	935	snmpgetattack
6775	2843	10043	935	-
6775	4981	10043	936	-
7179	3461	10043	937	-
6775	16531	10043	937	-
20312	4800	10043	938	-
23317	5938	10043	938	-
6775	9554	10043	938	-
7179	16593	10043	938	-
6775	16332	10043	939	-
7179	8452	10043	940	-
23317	12431	10043	940	snmpgetattack
5376	4800	10043	940	snmpgetattack
7179	14437	10043	940	-
19531	16212	10043	942	-
19839	15894	10043	942	-
7179	3611	10043	942	-
23317	5938	10043	943	-
20312	4800	10043	943	-
7179	23167	10043	943	-
5376	4800	10043	945	snmpgetattack
23317	12431	10043	945	snmpgetattack
7179	3297	10043	945	-
7179	2843	10043	946	-
20312	4800	10043	948	-
23317	5938	10043	948	-
3374	262	10043	949	-
3374	262	10043	949	-
7179	4981	10043	949	-
5376	4800	10043	950	snmpgetattack
23317	12431	10043	950	snmpgetattack
7179	16531	10043	950	-
7179	7268	10043	952	-
20312	4800	10043	953	-
23317	5938	10043	953	-
7179	9554	10043	954	-
5376	4800	10043	955	snmpgetattack
23317	12431	10043	955	snmpgetattack
7179	16332	10043	955	-
23317	5938	10043	958	-
20312	4800	10043	958	-
19531	21704	10043	959	-
19531	21704	10043	959	-
19531	21704	10043	959	-
19531	21704	10043	959	-
19531	21704	10043	959	-
5376	4800	10043	960	snmpgetattack
23317	12431	10043	960	snmpgetattack
23317	5938	10043	963	-
20312	4800	10043	963	-
23317	12431	10043	965	snmpgetattack
5376	4800	10043	965	snmpgetattack
20312	4800	4750	968	-
23317	5938	4750	968	-
5376	4800	4750	970	snmpgetattack
23317	12431	4750	970	snmpgetattack
7538	15894	4750	971	-
20312	4800	4750	973	-
23317	5938	4750	973	-
3374	7496	4750	975	-
3374	7496	4750	975	-
3374	7496	4750	975	-
3374	7496	4750	975	-
3374	7496	4750	975	-
3374	7496	4750	975	-
3374	7496	4750	975	-
3374	7496	4750	975	-
3374	7496	4750	975	-
3374	7496	4750	975	-
3374	7496	4750	975	-
3374	7496	4750	975	-
3374	7496	4750	975	-
3374	7496	4750	975	-
3374	7496	4750	975	-
3374	7496	4750	975	-
3374	7496	4750	975	-
3374	7496	4750	976	-
3374	7496	4750	976	-
3374	7496	4750	976	-
3374	7496	4750	976	-
3374	7496	4750	976	-
3374	7496	4750	976	-
23317	12431	4750	976	snmpgetattack
5376	4800	4750	976	snmpgetattack
3374	7496	4750	976	-
3374	7496	4750	976	-
3374	7496	4750	976	-
23317	5938	4750	978	-
20312	4800	4750	978	-
3374	3714	4750	979	-
23317	12431	4750	981	snmpgetattack
5376	4800	4750	981	snmpgetattack
23317	5938	4750	983	-
20312	4800	4750	983	-
23317	12431	4750	986	snmpgetattack
5376	4800	4750	986	snmpgetattack
23317	5938	4750	988	-
20312	4800	4750	988	-
5376	4800	4750	991	snmpgetattack
23317	12431	4750	991	snmpgetattack
10571	16593	4750	991	-
10571	8452	4750	991	-
10571	16332	4750	992	-
20312	4800	4750	993	-
23317	5938	4750	993	-
5376	4800	4750	996	snmpgetattack
23317	12431	4750	996	snmpgetattack
882	23167	4750	996	-
882	3297	4750	996	-
882	3461	4750	997	-
23317	5938	4750	998	-
20312	4800	4750	998	-
882	4981	4750	998	-
882	16332	4750	999	-
23317	12431	4750	1001	snmpgetattack
5376	4800	4750	1001	snmpgetattack
23317	5938	4750	1003	-
20312	4800	4750	1003	-
23317	12431	4750	1006	snmpgetattack
5376	4800	4750	1006	snmpgetattack
23317	5938	4750	1008	-
20312	4800	4750	1008	-
5376	4800	4750	1011	snmpgetattack
3297	5938	4750	1011	-
23317	12431	4750	1011	snmpgetattack
3297	22986	4750	1011	-
3297	15894	4750	1012	-
23317	5938	4750	1013	-
20312	4800	4750	1013	-
3297	19531	4750	1013	-
3297	15667	4750	1014	-
5376	4800	4750	1016	snmpgetattack
23317	12431	4750	1016	snmpgetattack
23317	5938	4750	1018	-
20312	4800	4750	1018	-
23317	12431	4750	1021	snmpgetattack
5376	4800	4750	1021	snmpgetattack
23317	5938	4750	1023	-
20312	4800	4750	1023	-
16671	15894	4750	1023	-
23317	12431	4750	1026	snmpgetattack
5376	4800	4750	1026	snmpgetattack
23317	5938	7788	1028	-
20312	4800	7788	1028	-
14547	22986	7788	1028	-
14547	13122	7788	1029	-
14547	15894	7788	1030	-
5376	4800	7788	1031	snmpgetattack
23317	12431	7788	1031	snmpgetattack
14547	15667	7788	1031	-
20312	4800	7788	1033	-
23317	5938	7788	1033	-
7782	15894	7788	1033	-
19531	19834	7788	1035	-
5376	4800	7788	1036	snmpgetattack
23317	12431	7788	1036	snmpgetattack
20312	4800	7788	1038	-
23317	5938	7788	1038	-
13993	22986	7788	1038	-
14547	19531	7788	1039	-
5376	4800	7788	1041	snmpgetattack
23317	12431	7788	1041	snmpgetattack
20312	4800	7788	1043	-
23317	5938	7788	1043	-
5376	4800	7788	1046	snmpgetattack
23317	12431	7788	1046	snmpgetattack
20312	4800	7788	1048	-
23317	5938	7788	1048	-
23317	12431	7788	1051	snmpgetattack
5376	4800	7788	1051	snmpgetattack
23317	5938	7788	1053	-
20312	4800	7788	1053	-
5376	4800	7788	1056	snmpgetattack
23317	12431	7788	1056	snmpgetattack
20312	4800	7788	1059	-
23317	5938	7788	1059	-
20367	587	7788	1060	-
5376	4800	7788	1061	snmpgetattack
23317	12431	7788	1061	snmpgetattack
23317	5938	7788	1064	-
20312	4800	7788	1064	-
17624	14437	7788	1066	-
23317	12431	7788	1066	snmpgetattack
5376	4800	7788	1066	snmpgetattack
17624	23167	7788	1066	-
20312	4800	7788	1069	-
23317	5938	7788	1069	-
23317	12431	7788	1071	snmpgetattack
5376	4800	7788	1071	snmpgetattack
882	4981	7788	1072	-
882	16531	7788	1072	-
23317	5938	7788	1074	-
20312	4800	7788	1074	-
7179	9554	7788	1076	-
5376	4800	7788	1076	snmpgetattack
23317	12431	7788	1076	snmpgetattack
3374	7496	7788	1079	-
3374	7496	7788	1079	-
20312	4800	7788	1079	-
23317	5938	7788	1079	-
3374	7496	7788	1079	-
3374	7496	7788	1079	-
3374	7496	7788	1079	-
3374	7496	7788	1079	-
3374	7496	7788	1079	-
3374	7496	7788	1079	-
3374	7496	7788	1079	-
3374	7496	7788	1079	-
3374	7496	7788	1080	-
3374	7496	7788	1080	-
3374	7496	7788	1080	-
3374	7496	7788	1080	-
5376	4800	7788	1081	snmpgetattack
23317	12431	7788	1081	snmpgetattack
20312	4800	7788	1084	-
23317	5938	7788	1084	-
23317	12431	7788	1086	snmpgetattack
5376	4800	7788	1086	snmpgetattack
20312	4800	19913	1089	-
23317	5938	19913	1089	-
3957	11900	19913	1090	-
10571	8452	19913	1090	-
10571	14437	19913	1090	-
10571	9554	19913	1090	-
5376	4800	19913	1091	snmpgetattack
23317	12431	19913	1091	snmpgetattack
23317	5938	19913	1094	-
20312	4800	19913	1094	-
23317	12431	19913	1096	snmpgetattack
5376	4800	19913	1096	snmpgetattack
13993	13122	19913	1097	-
23317	5938	19913	1099	-
20312	23167	19913	1099	-
3957	5938	19913	1099	-
20312	4800	19913	1099	-
3374	7496	19913	1101	-
3374	7496	19913	1101	-
23317	12431	19913	1102	snmpgetattack
5376	4800	19913	1102	snmpgetattack
20312	4800	19913	1104	-
23317	5938	19913	1104	-
7179	8452	19913	1106	-
23317	12431	19913	1107	snmpgetattack
5376	4800	19913	1107	snmpgetattack
23317	5938	19913	1109	-
20312	4800	19913	1109	-
23317	12431	19913	1112	snmpgetattack
5376	4800	19913	1112	snmpgetattack
17624	3611	19913	1113	-
19839	15667	19913	1113	-
17624	3297	19913	1113	-
17624	16531	19913	1113	-
20312	4800	19913	1114	-
23317	5938	19913	1114	-
5376	4800	19913	1117	snmpgetattack
23317	12431	19913	1117	snmpgetattack
23317	5938	19913	1119	-
20312	4800	19913	1119	-
23317	12431	19913	1122	snmpgetattack
5376	4800	19913	1122	snmpgetattack
10429	13122	19913	1123	-
23317	5938	19913	1124	-
20312	4800	19913	1124	-
10429	13122	19913	1126	-
10429	1633	19913	1126	-
23317	12431	19913	1127	snmpgetattack
5376	4800	19913	1127	snmpgetattack
20312	4800	19913	1129	-
23317	5938	19913	1129	-
5376	4800	19913	1132	snmpgetattack
23317	12431	19913	1132	snmpgetattack
23317	5938	19913	1134	-
20312	4800	19913	1134	-
23317	12431	19913	1137	snmpgetattack
5376	4800	19913	1137	snmpgetattack
20312	4800	19913	1139	-
23317	5938	19913	1139	-
5376	4800	19913	1142	snmpgetattack
23317	12431	19913	1142	snmpgetattack
12985	15894	19913	1142	-
20312	4800	19913	1144	-
23317	5938	19913	1144	-
5376	4800	19913	1147	snmpgetattack
23317	12431	19913	1147	snmpgetattack
20312	4800	24317	1149	-
23317	5938	24317	1149	-
23317	12431	24317	1152	snmpgetattack
5376	4800	24317	1152	snmpgetattack
20312	4800	24317	1154	-
23317	5938	24317	1154	-
5376	4800	24317	1157	snmpgetattack
23317	12431	24317	1157	snmpgetattack
20312	4800	24317	1159	-
23317	5938	24317	1159	-
5376	4800	24317	1162	snmpgetattack
23317	12431	24317	1162	snmpgetattack
882	16531	24317	1163	-
23317	5938	24317	1164	-
20312	4800	24317	1164	-
13993	19834	24317	1165	-
23317	12431	24317	1167	snmpgetattack
5376	4800	24317	1167	snmpgetattack
13993	19834	24317	1167	-
13993	19834	24317	1169	-
20312	4800	24317	1169	-
23317	5938	24317	1169	-
13993	19834	24317	1171	-
19531	21704	24317	1171	-
19531	21704	24317	1171	-
19531	21704	24317	1171	-
19531	21704	24317	1172	-
19531	21704	24317	1172	-
23317	12431	24317	1172	snmpgetattack
19531	21704	24317	1172	-
5376	4800	24317	1172	snmpgetattack
13993	19834	24317	1173	-
23317	5938	24317	1174	-
20312	4800	24317	1174	-
7179	8452	24317	1174	-
13993	19834	24317	1175	-
23317	12431	24317	1177	snmpgetattack
5376	4800	24317	1177	snmpgetattack
13993	19834	24317	1179	-
13993	19834	24317	1179	-
13993	19834	24317	1179	-
13993	19834	24317	1179	-
13993	19834	24317	1179	-
13993	19834	24317	1179	-
13993	19834	24317	1179	-
13993	19834	24317	1179	-
13993	19834	24317	1179	-
13993	19834	24317	1179	-
13993	19834	24317	1179	-
13993	19834	24317	1179	-
13993	19834	24317	1179	-
13993	19834	24317	1179	-
13993	19834	24317	1179	-
13993	19834	24317	1179	-
13993	19834	24317	1179	-
13993	19834	24317	1179	-
13993	19834	24317	1179	-
20312	4800	24317	1179	-
13993	19834	24317	1179	-
23317	5938	24317	1179	-
13993	19834	24317	1179	-
13993	19834	24317	1179	-
13993	19834	24317	1179	-
13993	19834	24317	1179	-
23317	12431	24317	1182	snmpgetattack
5376	4800	24317	1182	snmpgetattack
11001	13122	24317	1184	-
11001	21708	24317	1184	-
23317	5938	24317	1185	-
20312	4800	24317	1185	-
5376	4800	24317	1187	snmpgetattack
23317	12431	24317	1187	snmpgetattack
20312	4800	24317	1190	-
23317	5938	24317	1190	-
3957	587	24317	1190	-
5376	4800	24317	1192	snmpgetattack
23317	12431	24317	1192	snmpgetattack
3374	1489	24317	1193	-
3374	1489	24317	1193	-
20312	4800	24317	1195	-
23317	5938	24317	1195	-
23317	12431	24317	1197	snmpgetattack
5376	4800	24317	1197	snmpgetattack
20312	4800	24317	1200	-
23317	5938	24317	1200	-
12985	11900	24317	1201	-
3374	5002	24317	1201	-
3374	5002	24317	1201	-
3374	5002	24317	1201	-
3374	5002	24317	1202	-
3374	5002	24317	1202	-
5376	4800	24317	1202	snmpgetattack
23317	12431	24317	1202	snmpgetattack
3374	5002	24317	1202	-
3374	5002	24317	1202	-
3374	5002	24317	1202	-
23317	5938	24317	1205	-
20312	4800	24317	1205	-
23317	12431	24317	1207	snmpgetattack
5376	4800	24317	1207	snmpgetattack
23317	5938	9790	1210	-
20312	4800	9790	1210	-
5376	4800	9790	1212	snmpgetattack
23317	12431	9790	1212	snmpgetattack
23317	5938	9790	1215	-
20312	4800	9790	1215	-
19531	21704	9790	1216	-
3957	1633	9790	1216	-
8048	3461	9790	1216	-
19531	21704	9790	1216	-
19531	21704	9790	1216	-
5376	4800	9790	1217	snmpgetattack
23317	12431	9790	1217	snmpgetattack
19531	21704	9790	1217	-
19531	21704	9790	1217	-
20312	4800	9790	1220	-
23317	5938	9790	1220	-
19531	2353	9790	1221	-
19531	2353	9790	1221	-
19531	2353	9790	1221	-
19531	2353	9790	1221	-
19531	2353	9790	1221	-
19531	2353	9790	1221	-
19531	2353	9790	1221	-
19531	2353	9790	1221	-
19531	2353	9790	1221	-
5376	4800	9790	1222	snmpgetattack
23317	12431	9790	1222	snmpgetattack
20312	4800	9790	1225	-
23317	5938	9790	1225	-
882	3297	9790	1226	-
19531	21704	9790	1226	-
19531	21704	9790	1226	-
19531	21704	9790	1226	-
5376	4800	9790	1228	snmpgetattack
23317	12431	9790	1228	snmpgetattack
882	3297	9790	1229	-
20312	4800	9790	1230	-
23317	5938	9790	1230	-
23317	12431	9790	1233	snmpgetattack
5376	4800	9790	1233	snmpgetattack
20312	4800	9790	1235	-
23317	5938	9790	1235	-
23317	12431	9790	1238	snmpgetattack
5376	4800	9790	1238	snmpgetattack
20312	4800	9790	1240	-
23317	5938	9790	1240	-
5376	4800	9790	1243	snmpgetattack
23317	12431	9790	1243	snmpgetattack
23317	5938	9790	1245	-
20312	4800	9790	1245	-
23317	12431	9790	1248	snmpgetattack
5376	4800	9790	1248	snmpgetattack
23317	5938	9790	1250	-
20312	4800	9790	1250	-
5376	4800	9790	1253	snmpgetattack
23317	12431	9790	1253	snmpgetattack
3611	13122	9790	1254	-
20312	4800	9790	1255	-
23317	5938	9790	1255	-
5376	4800	9790	1258	snmpgetattack
23317	12431	9790	1258	snmpgetattack
20312	4800	9790	1260	-
23317	5938	9790	1260	-
7179	8452	9790	1262	-
5376	4800	9790	1263	snmpgetattack
23317	12431	9790	1263	snmpgetattack
20312	4800	9790	1265	-
23317	5938	9790	1265	-
23317	12431	2531	1268	snmpgetattack
5376	4800	2531	1268	snmpgetattack
20312	4800	2531	1270	-
23317	5938	2531	1270	-
23317	12431	2531	1273	snmpgetattack
5376	4800	2531	1273	snmpgetattack
23317	5938	2531	1275	-
20312	4800	2531	1275	-
23317	12431	2531	1278	snmpgetattack
5376	4800	2531	1278	snmpgetattack
20312	4800	2531	1281	-
23317	5938	2531	1281	-
5376	4800	2531	1283	snmpgetattack
23317	12431	2531	1283	snmpgetattack
20312	4800	2531	1286	-
23317	5938	2531	1286	-
5376	4800	2531	1288	snmpgetattack
23317	12431	2531	1288	snmpgetattack
7215	13122	2531	1289	-
7215	11900	2531	1290	-
20312	4800	2531	1291	-
23317	5938	2531	1291	-
7215	1633	2531	1291	-
5376	4800	2531	1293	snmpgetattack
23317	12431	2531	1293	snmpgetattack
7179	4981	2531	1295	-
23317	5938	2531	1296	-
20312	4800	2531	1296	-
7179	4981	2531	1297	-
23317	12431	2531	1298	snmpgetattack
5376	4800	2531	1298	snmpgetattack
23317	5938	2531	1301	-
20312	4800	2531	1301	-
23317	12431	2531	1303	snmpgetattack
5376	4800	2531	1303	snmpgetattack
7215	15894	2531	1304	-
7215	1633	2531	1304	-
20312	4800	2531	1306	-
23317	5938	2531	1306	-
5376	4800	2531	1308	snmpgetattack
23317	12431	2531	1308	snmpgetattack
17923	9554	2531	1310	-
3957	15394	2531	1310	-
7782	587	2531	1310	-
23317	5938	2531	1311	-
20312	4800	2531	1311	-
23317	12431	2531	1313	snmpgetattack
5376	4800	2531	1313	snmpgetattack
20312	4800	2531	1316	-
23317	5938	2531	1316	-
23317	12431	2531	1318	snmpgetattack
3076	23167	2531	1318	-
5376	4800	2531	1318	snmpgetattack
23317	5938	2531	1321	-
20312	4800	2531	1321	-
5376	4800	2531	1323	snmpgetattack
23317	12431	2531	1323	snmpgetattack
20367	19350	2531	1323	-
20312	4800	2531	1326	-
23317	5938	2531	1326	-
7179	8452	2531	1327	-
5376	4800	5227	1328	snmpgetattack
23317	12431	5227	1328	snmpgetattack
20312	4800	5227	1331	-
23317	5938	5227	1331	-
23317	12431	5227	1333	snmpgetattack
5376	4800	5227	1333	snmpgetattack
23317	5938	5227	1336	-
20312	4800	5227	1336	-
5376	4800	5227	1338	snmpgetattack
23317	12431	5227	1338	snmpgetattack
20312	4800	5227	1341	-
23317	5938	5227	1341	-
5376	4800	5227	1344	snmpgetattack
23317	12431	5227	1344	snmpgetattack
20312	4800	5227	1346	-
23317	5938	5227	1346	-
19531	21704	5227	1348	-
19531	21704	5227	1348	-
19531	21704	5227	1348	-
23317	12431	5227	1349	snmpgetattack
5376	4800	5227	1349	snmpgetattack
20312	4800	5227	1351	-
23317	5938	5227	1351	-
23317	12431	5227	1354	snmpgetattack
5376	4800	5227	1354	snmpgetattack
23317	5938	5227	1356	-
20312	4800	5227	1356	-
23317	12431	5227	1359	snmpgetattack
5376	4800	5227	1359	snmpgetattack
20312	4800	5227	1361	-
23317	5938	5227	1361	-
16671	15894	5227	1362	-
23317	12431	5227	1364	snmpgetattack
5376	4800	5227	1364	snmpgetattack
20312	4800	5227	1366	-
23317	5938	5227	1366	-
23317	12431	5227	1369	snmpgetattack
5376	4800	5227	1369	snmpgetattack
11001	13122	5227	1369	-
11001	15894	5227	1370	-
20312	4800	5227	1371	-
23317	5938	5227	1372	-
23317	12431	5227	1374	snmpgetattack
5376	4800	5227	1374	snmpgetattack
20312	4800	5227	1377	-
23317	5938	5227	1377	-
23317	12431	5227	1379	snmpgetattack
5376	4800	5227	1379	snmpgetattack
3374	18211	5227	1382	-
3374	18211	5227	1382	-
3374	18211	5227	1382	-
3374	18211	5227	1382	-
3374	18211	5227	1382	-
3374	18211	5227	1382	-
3374	18211	5227	1382	-
3374	18211	5227	1382	-
3374	18211	5227	1382	-
20312	4800	5227	1382	-
3374	18211	5227	1382	-
3374	18211	5227	1382	-
3374	18211	5227	1382	-
3374	18211	5227	1382	-
3374	18211	5227	1382	-
3374	18211	5227	1382	-
3374	18211	5227	1382	-
23317	5938	5227	1382	-
3374	18211	5227	1382	-
5376	4800	5227	1384	snmpgetattack
23317	12431	5227	1384	snmpgetattack
20312	4800	5227	1387	-
23317	5938	5227	1387	-
19531	21704	5227	1387	-
19531	21704	5227	1387	-
19531	21704	5227	1387	-
10571	16531	5227	1387	-
5376	4800	1690	1389	snmpgetattack
23317	12431	1690	1389	snmpgetattack
13993	11900	1690	1389	-
13993	11900	1690	1391	-
20312	4800	1690	1392	-
23317	5938	1690	1392	-
13993	11900	1690	1393	-
5376	4800	1690	1394	snmpgetattack
23317	12431	1690	1394	snmpgetattack
12332	16332	1690	1395	-
13993	11900	1690	1395	-
20312	4800	1690	1397	-
23317	5938	1690	1397	-
23317	12431	1690	1399	snmpgetattack
13993	11900	1690	1399	-
5376	4800	1690	1399	snmpgetattack
13993	11900	1690	1399	-
20312	4800	1690	1402	-
23317	5938	1690	1402	-
5376	4800	1690	1404	snmpgetattack
23317	12431	1690	1404	snmpgetattack
23317	5938	1690	1407	-
19531	19603	1690	1407	-
20312	4800	1690	1407	-
19531	19603	1690	1407	-
23317	12431	1690	1409	snmpgetattack
5376	4800	1690	1409	snmpgetattack
19531	6775	1690	1411	-
23317	5938	1690	1412	-
20312	4800	1690	1412	-
12985	15894	1690	1413	-
12985	5938	1690	1413	-
5376	4800	1690	1414	snmpgetattack
23317	12431	1690	1414	snmpgetattack
23317	5938	1690	1417	-
20312	4800	1690	1417	-
23317	12431	1690	1420	snmpgetattack
5376	4800	1690	1420	snmpgetattack
20312	4800	1690	1422	-
23317	5938	1690	1422	-
5376	4800	1690	1425	snmpgetattack
23317	12431	1690	1425	snmpgetattack
14547	15667	1690	1425	-
14547	21708	1690	1425	-
20312	4800	1690	1427	-
23317	5938	1690	1427	-
5376	4800	1690	1430	snmpgetattack
23317	12431	1690	1430	snmpgetattack
20312	4800	1690	1432	-
23317	5938	1690	1432	-
5376	4800	1690	1435	snmpgetattack
23317	12431	1690	1435	snmpgetattack
23317	5938	1690	1437	-
20312	4800	1690	1437	-
23317	12431	1690	1440	snmpgetattack
5376	4800	1690	1440	snmpgetattack
20312	4800	1690	1442	-
23317	5938	1690	1442	-
5376	4800	1690	1445	snmpgetattack
23317	12431	1690	1445	snmpgetattack
20312	4800	1690	1447	-
23317	5938	1690	1447	-
3374	15861	32766	1449	-
3374	15861	32766	1449	-
3374	15861	32766	1449	-
3374	15861	32766	1449	-
3374	15861	32766	1449	-
23317	12431	32766	1450	snmpgetattack
5376	4800	32766	1450	snmpgetattack
19531	19603	32766	1450	-
20312	4800	32766	1452	-
23317	5938	32766	1452	-
3076	23167	32766	1453	-
3076	9554	32766	1454	-
5376	4800	32766	1455	snmpgetattack
23317	12431	32766	1455	snmpgetattack
20312	4800	32766	1457	-
23317	5938	32766	1457	-
5376	4800	32766	1460	snmpgetattack
23317	12431	32766	1460	snmpgetattack
20312	4800	32766	1462	-
23317	5938	32766	1462	-
5376	4800	32766	1465	snmpgetattack
23317	12431	32766	1465	snmpgetattack
20312	4800	32766	1467	-
23317	5938	32766	1467	-
5376	4800	32766	1470	snmpgetattack
23317	12431	32766	1470	snmpgetattack
20312	4800	32766	1472	-
23317	5938	32766	1472	-
23317	12431	32766	1475	snmpgetattack
5376	4800	32766	1475	snmpgetattack
20312	4800	32766	1477	-
23317	5938	32766	1477	-
5376	4800	32766	1480	snmpgetattack
23317	12431	32766	1480	snmpgetattack
20312	4800	32766	1482	-
23317	5938	32766	1482	-
5376	4800	32766	1485	snmpgetattack
23317	12431	32766	1485	snmpgetattack
20312	4800	32766	1487	-
23317	5938	32766	1487	-
5376	4800	32766	1490	snmpgetattack
23317	12431	32766	1490	snmpgetattack
23317	5938	32766	1492	-
20312	4800	32766	1492	-
23317	12431	32766	1495	snmpgetattack
5376	4800	32766	1495	snmpgetattack
19531	13122	32766	1496	-
19531	11900	32766	1496	-
15394	4800	32766	1497	-
20312	4800	32766	1497	-
23317	882	32766	1497	-
23317	5938	32766	1498	-
3297	13122	32766	1498	-
23317	12431	32766	1500	snmpgetattack
5376	4800	32766	1500	snmpgetattack
3374	13227	32766	1502	-
3374	13227	32766	1502	-
3374	13227	32766	1502	-
20312	4800	32766	1503	-
23317	5938	32766	1503	-
3374	13227	32766	1503	-
5376	4800	32766	1505	snmpgetattack
23317	12431	32766	1505	snmpgetattack
20312	4800	5451	1508	-
23317	5938	5451	1508	-
23317	12431	5451	1510	snmpgetattack
5376	4800	5451	1510	snmpgetattack
20312	4800	5451	1513	-
23317	5938	5451	1513	-
5376	4800	5451	1515	snmpgetattack
23317	12431	5451	1515	snmpgetattack
14267	3374	5451	1516	-
14267	3374	5451	1516	-
14267	3374	5451	1516	-
14267	3374	5451	1516	-
14267	3374	5451	1516	-
14267	3374	5451	1516	-
14267	3374	5451	1516	-
20312	4800	5451	1518	-
23317	5938	5451	1518	-
23317	12431	5451	1520	snmpgetattack
5376	4800	5451	1520	snmpgetattack
20312	4800	5451	1523	-
23317	5938	5451	1523	-
5376	4800	5451	1525	snmpgetattack
23317	12431	5451	1525	snmpgetattack
20312	4800	5451	1528	-
23317	5938	5451	1528	-
5376	4800	5451	1530	snmpgetattack
23317	12431	5451	1530	snmpgetattack
20312	4800	5451	1533	-
23317	5938	5451	1533	-
5376	4800	5451	1535	snmpgetattack
23317	12431	5451	1535	snmpgetattack
23317	5938	5451	1538	-
20312	4800	5451	1538	-
19603	23167	5451	1539	-
19603	16332	5451	1539	-
5376	4800	5451	1540	snmpgetattack
23317	12431	5451	1540	snmpgetattack
20312	4800	5451	1543	-
23317	5938	5451	1543	-
14547	13122	5451	1543	-
5376	4800	5451	1546	snmpgetattack
23317	12431	5451	1546	snmpgetattack
14547	13122	5451	1546	-
20312	4800	5451	1548	-
23317	5938	5451	1548	-
3374	17923	5451	1550	-
5376	4800	5451	1551	snmpgetattack
23317	12431	5451	1551	snmpgetattack
3374	17923	5451	1551	-
3374	17923	5451	1551	-
20312	4800	5451	1553	-
23317	5938	5451	1553	-
10429	15894	5451	1554	-
5376	4800	5451	1556	snmpgetattack
23317	12431	5451	1556	snmpgetattack
20312	4800	5451	1558	-
23317	5938	5451	1558	-
19531	19603	5451	1559	-
19531	6775	5451	1560	-
23317	12431	5451	1561	snmpgetattack
5376	4800	5451	1561	snmpgetattack
23317	5938	5451	1563	-
20312	4800	5451	1563	-
5376	4800	5451	1566	snmpgetattack
23317	12431	5451	1566	snmpgetattack
20312	4800	1379	1568	-
23317	5938	1379	1568	-
23317	12431	1379	1571	snmpgetattack
5376	4800	1379	1571	snmpgetattack
20312	4800	1379	1573	-
23317	5938	1379	1573	-
13993	15667	1379	1573	-
16671	13122	1379	1575	-
16671	11900	1379	1575	-
3374	6157	1379	1576	-
5376	4800	1379	1576	snmpgetattack
23317	12431	1379	1576	snmpgetattack
16671	1633	1379	1576	-
3374	6157	1379	1577	-
3374	6157	1379	1577	-
3374	6157	1379	1577	-
20312	4800	1379	1578	-
23317	5938	1379	1578	-
3374	6157	1379	1580	-
3374	6157	1379	1580	-
3374	6157	1379	1580	-
3374	6157	1379	1580	-
3374	6157	1379	1580	-
3374	6157	1379	1580	-
3374	3858	1379	1580	-
5376	4800	1379	1581	snmpgetattack
23317	12431	1379	1581	snmpgetattack
20312	4800	1379	1583	-
3374	14263	1379	1583	-
3374	6157	1379	1583	-
23317	5938	1379	1583	-
3374	6157	1379	1583	-
3374	6157	1379	1583	-
3374	6157	1379	1583	-
3374	6157	1379	1583	-
3374	6157	1379	1583	-
3374	14263	1379	1583	-
3374	14263	1379	1583	-
3374	6157	1379	1583	-
3374	14263	1379	1583	-
3374	6157	1379	1583	-
3374	6157	1379	1583	-
3374	6157	1379	1583	-
23317	12431	1379	1586	snmpgetattack
5376	4800	1379	1586	snmpgetattack
20312	4800	1379	1588	-
23317	5938	1379	1588	-
23317	12431	1379	1591	snmpgetattack
5376	4800	1379	1591	snmpgetattack
20312	4800	1379	1593	-
23317	5938	1379	1593	-
19531	19603	1379	1596	-
5376	4800	1379	1596	snmpgetattack
23317	12431	1379	1596	snmpgetattack
20312	4800	1379	1598	-
23317	5938	1379	1598	-
5376	4800	1379	1601	snmpgetattack
23317	12431	1379	1601	snmpgetattack
23317	5938	1379	1603	-
20312	4800	1379	1603	-
3374	10812	1379	1603	-
20312	4981	1379	1603	-
13993	11900	1379	1605	-
3374	6157	1379	1606	-
3374	6157	1379	1606	-
3374	6157	1379	1606	-
14267	445	1379	1606	-
3374	6157	1379	1606	-
14267	445	1379	1606	-
3374	1630	1379	1606	-
3374	6157	1379	1606	-
14267	445	1379	1606	-
3374	6157	1379	1606	-
14267	445	1379	1606	-
14267	445	1379	1606	-
14267	445	1379	1606	-
14267	445	1379	1606	-
14267	445	1379	1606	-
14267	445	1379	1606	-
14267	445	1379	1606	-
14267	445	1379	1606	-
23317	12431	1379	1606	snmpgetattack
5376	4800	1379	1606	snmpgetattack
14267	445	1379	1606	-
14267	445	1379	1606	-
3374	6157	1379	1606	-
14267	445	1379	1606	-
14267	445	1379	1606	-
3374	6157	1379	1606	-
3374	6157	1379	1606	-
3374	6157	1379	1607	-
3374	6157	1379	1607	-
3374	6157	1379	1607	-
3374	6157	1379	1607	-
3374	6157	1379	1607	-
3374	6157	1379	1607	-
3374	6157	1379	1607	-
23317	5938	1379	1608	-
20312	4800	1379	1608	-
23317	12431	1379	1611	snmpgetattack
5376	4800	1379	1611	snmpgetattack
23317	5938	1379	1613	-
20312	4800	1379	1613	-
5376	4800	1379	1616	snmpgetattack
23317	12431	1379	1616	snmpgetattack
23317	5938	1379	1618	-
20312	4800	1379	1618	-
23317	12431	1379	1621	snmpgetattack
5376	4800	1379	1621	snmpgetattack
23317	5938	1379	1623	-
20312	4800	1379	1623	-
7179	23167	1379	1624	-
3957	15894	1379	1624	-
5376	4800	1379	1626	snmpgetattack
23317	12431	1379	1626	snmpgetattack
19531	15394	1379	1626	-
20312	4800	35978	1629	-
23317	5938	35978	1629	-
19531	21545	35978	1629	-
19531	21545	35978	1629	-
19531	21545	35978	1629	-
19531	21545	35978	1630	-
19531	21545	35978	1630	-
19531	21545	35978	1630	-
19531	21545	35978	1630	-
19531	21545	35978	1630	-
19531	21545	35978	1630	-
19531	21545	35978	1630	-
23317	12431	35978	1631	snmpgetattack
5376	4800	35978	1631	snmpgetattack
19531	8253	35978	1633	-
20312	4800	35978	1634	-
23317	5938	35978	1634	-
5376	4800	35978	1636	snmpgetattack
23317	12431	35978	1636	snmpgetattack
20312	4800	35978	1639	-
23317	5938	35978	1639	-
5376	4800	35978	1641	snmpgetattack
23317	12431	35978	1641	snmpgetattack
20312	4800	35978	1644	-
23317	5938	35978	1644	-
5376	4800	35978	1646	snmpgetattack
23317	12431	35978	1646	snmpgetattack
11001	13122	35978	1648	-
20312	4800	35978	1649	-
23317	5938	35978	1649	-
23317	12431	35978	1651	snmpgetattack
5376	4800	35978	1651	snmpgetattack
20312	4800	35978	1654	-
23317	5938	35978	1654	-
5376	4800	35978	1656	snmpgetattack
23317	12431	35978	1656	snmpgetattack
23317	5938	35978	1659	-
20312	4800	35978	1659	-
23317	12431	35978	1661	snmpgetattack
5376	4800	35978	1661	snmpgetattack
23317	5938	35978	1664	-
20312	4800	35978	1664	-
5376	4800	35978	1666	snmpgetattack
23317	12431	35978	1666	snmpgetattack
12985	11900	35978	1667	-
14267	445	35978	1669	-
20312	4800	35978	1669	-
23317	5938	35978	1669	-
17624	23167	35978	1672	-
5376	4800	35978	1672	snmpgetattack
23317	12431	35978	1672	snmpgetattack
23317	5938	35978	1674	-
20312	4800	35978	1674	-
23317	12431	35978	1677	snmpgetattack
5376	4800	35978	1677	snmpgetattack
20312	4800	35978	1679	-
23317	5938	35978	1679	-
3374	15861	35978	1679	-
3374	15861	35978	1679	-
3374	15861	35978	1679	-
3374	15861	35978	1679	-
3374	15861	35978	1679	-
23317	12431	35978	1682	snmpgetattack
5376	4800	35978	1682	snmpgetattack
20312	4800	35978	1684	-
23317	5938	35978	1684	-
3957	15667	35978	1685	-
5376	4800	35978	1687	snmpgetattack
23317	12431	35978	1687	snmpgetattack
20312	4800	45939	1689	-
23317	5938	45939	1689	-
12332	3461	45939	1691	-
3957	21708	45939	1691	-
12332	8452	45939	1691	-
12332	14437	45939	1691	-
5376	4800	45939	1692	snmpgetattack
23317	12431	45939	1692	snmpgetattack
12332	23167	45939	1692	-
12332	3297	45939	1693	-
23317	5938	45939	1694	-
20312	4800	45939	1694	-
12332	4981	45939	1694	-
12332	16531	45939	1695	-
12332	16332	45939	1696	-
5376	4800	45939	1697	snmpgetattack
23317	12431	45939	1697	snmpgetattack
23317	5938	45939	1699	-
20312	4800	45939	1699	-
5376	4800	45939	1702	snmpgetattack
23317	12431	45939	1702	snmpgetattack
20312	4800	45939	1704	-
23317	5938	45939	1704	-
23317	12431	45939	1707	snmpgetattack
5376	4800	45939	1707	snmpgetattack
20312	4800	45939	1709	-
23317	5938	45939	1709	-
20312	8452	45939	1710	-
12985	15894	45939	1712	-
23317	12431	45939	1712	snmpgetattack
5376	4800	45939	1712	snmpgetattack
12985	22986	45939	1712	-
20312	8452	45939	1713	-
20312	4800	45939	1714	-
23317	5938	45939	1714	-
3957	19834	45939	1715	-
882	14437	45939	1715	-
882	16593	45939	1716	-
5376	4800	45939	1717	snmpgetattack
23317	12431	45939	1717	snmpgetattack
882	16332	45939	1717	-
20312	4800	45939	1719	-
23317	5938	45939	1719	-
23317	12431	45939	1722	snmpgetattack
5376	4800	45939	1722	snmpgetattack
23317	5938	45939	1724	-
20312	4800	45939	1724	-
3957	13122	45939	1725	-
6775	16332	45939	1725	-
23317	12431	45939	1727	snmpgetattack
5376	4800	45939	1727	snmpgetattack
20312	4800	45939	1729	-
23317	5938	45939	1729	-
23317	12431	45939	1732	snmpgetattack
5376	4800	45939	1732	snmpgetattack
20312	4800	45939	1734	-
23317	5938	45939	1734	-
23317	12431	45939	1737	snmpgetattack
5376	4800	45939	1737	snmpgetattack
23317	5938	45939	1739	-
20312	4800	45939	1739	-
5376	4800	45939	1742	snmpgetattack
23317	12431	45939	1742	snmpgetattack
882	16531	45939	1743	-
20312	4800	45939	1744	-
23317	5938	45939	1744	-
11001	15894	45939	1745	-
14267	7215	45939	1746	-
14267	7215	45939	1747	-
14267	7215	45939	1747	-
14267	7215	45939	1747	-
14267	7215	45939	1747	-
23317	12431	45939	1747	snmpgetattack
14267	7215	45939	1747	-
14267	7215	45939	1747	-
14267	7215	45939	1747	-
14267	7215	45939	1747	-
14267	7215	45939	1747	-
14267	7215	45939	1747	-
5376	4800	45939	1747	snmpgetattack
11001	15894	21493	1748	-
3374	88	21493	1749	-
20312	14437	21493	1749	-
3374	88	21493	1749	-
3374	88	21493	1749	-
3374	88	21493	1749	-
23317	5938	21493	1750	-
3374	88	21493	1750	-
20312	4800	21493	1750	-
3374	88	21493	1750	-
5376	4800	21493	1752	snmpgetattack
23317	12431	21493	1752	snmpgetattack
19603	2843	21493	1754	-
20312	4800	21493	1755	-
23317	5938	21493	1755	-
3374	445	21493	1756	-
3374	445	21493	1756	-
3374	445	21493	1756	-
3374	445	21493	1756	-
3374	445	21493	1756	-
3374	445	21493	1756	-
3374	445	21493	1756	-
3374	445	21493	1756	-
3374	445	21493	1756	-
3374	445	21493	1756	-
3374	445	21493	1756	-
3374	445	21493	1756	-
3374	445	21493	1756	-
3374	445	21493	1756	-
3374	445	21493	1756	-
5376	4800	21493	1757	snmpgetattack
23317	12431	21493	1757	snmpgetattack
7179	23167	21493	1757	-
7179	3297	21493	1757	-
7179	2843	21493	1758	-
10429	11900	21493	1759	-
7179	4981	21493	1759	-
23317	5938	21493	1760	-
20312	4800	21493	1760	-
7179	16531	21493	1760	-
3076	14437	21493	1761	-
7179	8452	21493	1762	-
5376	4800	21493	1762	snmpgetattack
23317	12431	21493	1762	snmpgetattack
3957	22986	21493	1762	-
7179	7268	21493	1762	-
3076	16531	21493	1762	-
7179	9554	21493	1762	-
12332	14437	21493	1763	-
7179	16332	21493	1764	-
20312	4800	21493	1765	-
23317	5938	21493	1765	-
12332	2843	21493	1765	-
3374	88	21493	1766	-
12332	3297	21493	1766	-
5376	4800	21493	1767	snmpgetattack
23317	12431	21493	1767	snmpgetattack
3374	445	21493	1770	-
3374	445	21493	1770	-
3374	445	21493	1770	-
3374	445	21493	1770	-
3374	445	21493	1770	-
3374	445	21493	1770	-
3374	445	21493	1770	-
3374	445	21493	1770	-
3374	445	21493	1770	-
3374	445	21493	1770	-
3374	445	21493	1770	-
3374	445	21493	1770	-
20312	4800	21493	1770	-
23317	5938	21493	1770	-
23317	12431	21493	1772	snmpgetattack
5376	4800	21493	1772	snmpgetattack
3374	15394	21493	1773	-
20312	4800	21493	1775	-
23317	5938	21493	1775	-
3374	5491	21493	1776	-
3374	5491	21493	1776	-
3374	5491	21493	1776	-
3374	5491	21493	1776	-
3374	5491	21493	1776	-
3374	5491	21493	1776	-
3374	5491	21493	1776	-
3374	5491	21493	1776	-
3374	5491	21493	1776	-
3374	5491	21493	1776	-
3374	5491	21493	1776	-
3374	5491	21493	1777	-
3374	5491	21493	1777	-
3374	5491	21493	1777	-
3374	5491	21493	1777	-
3374	5491	21493	1777	-
3374	5491	21493	1777	-
3374	5491	21493	1777	-
3374	5491	21493	1777	-
3374	5491	21493	1777	-
3374	5491	21493	1777	-
3374	5491	21493	1777	-
3374	5491	21493	1777	-
23317	12431	21493	1777	snmpgetattack
5376	4800	21493	1777	snmpgetattack
3374	5491	21493	1777	-
3374	5491	21493	1777	-
3374	5491	21493	1777	-
3374	5491	21493	1777	-
7179	8452	21493	1779	-
23317	5938	21493	1780	-
20312	4800	21493	1780	-
23317	12431	21493	1782	snmpgetattack
5376	4800	21493	1782	snmpgetattack
23317	5938	21493	1785	-
20312	4800	21493	1785	-
19531	19302	21493	1787	-
23317	12431	21493	1788	snmpgetattack
5376	4800	21493	1788	snmpgetattack
20312	4800	21493	1790	-
23317	5938	21493	1790	-
23317	12431	21493	1793	snmpgetattack
5376	4800	21493	1793	snmpgetattack
20312	4800	21493	1795	-
23317	5938	21493	1795	-
3374	9332	21493	1795	-
3374	9332	21493	1795	-
10429	13122	21493	1796	-
10429	19834	21493	1797	-
13993	15894	21493	1797	-
5376	4800	21493	1798	snmpgetattack
23317	12431	21493	1798	snmpgetattack
3374	3957	21493	1798	-
3374	9332	21493	1798	-
3374	9332	21493	1799	-
3374	3957	21493	1799	-
3374	3957	21493	1799	-
3374	9332	21493	1799	-
3374	9332	21493	1799	-
3374	9332	21493	1799	-
3374	9332	21493	1799	-
3374	9332	21493	1799	-
3374	9332	21493	1799	-
3374	3957	21493	1799	-
3374	9332	21493	1799	-
3374	9332	21493	1799	-
3374	9332	21493	1799	-
3374	9332	21493	1799	-
3374	9332	21493	1799	-
3374	9332	21493	1799	-
3374	9332	21493	1799	-
3374	9332	21493	1799	-
3374	9332	21493	1799	-
