20312	4800	43669	0	-
10571	3297	43669	4	-
20312	4800	43669	5	-
20312	4800	37396	10	-
7215	5938	37396	10	-
16671	17159	37396	10	-
3611	8109	37396	14	-
3611	8109	37396	14	-
20312	4800	37396	15	-
3611	18868	37396	17	-
3611	8109	37396	18	-
3611	8109	37396	18	-
3611	8109	37396	18	-
3611	8109	37396	18	-
3611	8109	37396	18	-
3611	8109	37396	18	-
3611	8109	37396	18	-
3611	8109	37396	18	-
3611	8109	37396	18	-
3611	8109	37396	18	-
3611	8109	37396	18	-
20312	23167	37396	18	-
20312	4800	37396	20	-
16671	17159	37396	23	-
16671	17159	37396	23	-
16671	17159	37396	23	-
16671	17159	37396	23	-
16671	17159	37396	23	-
16671	17159	37396	23	-
16671	17159	37396	23	-
16671	17159	37396	24	-
16671	17159	37396	24	-
16671	17159	37396	24	-
16671	17159	37396	24	-
16671	17159	37396	24	-
16671	17159	37396	24	-
16671	17159	37396	24	-
20312	4800	37396	25	-
16671	17159	37396	25	-
16671	17159	37396	25	-
16671	17159	37396	25	-
20312	4800	37396	30	-
20312	14437	37396	31	-
12332	3611	37396	33	-
20312	4800	37396	35	-
20312	14437	37396	36	-
20312	4800	37396	40	-
3611	18868	37396	43	-
3611	20495	37396	43	-
3611	8109	37396	43	-
3611	8109	37396	43	-
3611	8109	37396	43	-
3611	8109	37396	43	-
3611	18868	37396	43	-
3611	8109	37396	43	-
3611	8109	37396	43	-
3611	20495	37396	43	-
20312	4800	37396	45	-
10429	19834	37396	46	-
21708	17159	37396	47	-
21708	17159	37396	48	-
21708	17159	37396	48	-
21708	17159	37396	48	-
21708	17159	37396	48	-
21708	17159	37396	49	-
21708	17159	37396	49	-
21708	17159	37396	49	-
21708	17159	37396	49	-
21708	17159	37396	49	-
21708	17159	37396	49	-
21708	17159	37396	49	-
21708	17159	37396	49	-
21708	17159	37396	49	-
21708	17159	37396	49	-
21708	17159	37396	49	-
21708	17159	37396	49	-
21708	17159	37396	49	-
21708	17159	37396	49	-
21708	17159	37396	49	-
21708	17159	37396	49	-
21708	17159	37396	49	-
21708	17159	37396	49	-
21708	17159	37396	49	-
21708	17159	37396	49	-
23317	5938	37396	50	-
20312	4800	37396	50	-
16671	3374	37396	51	-
16671	3374	37396	51	-
16671	3374	37396	51	-
16671	3374	37396	51	-
16671	3374	37396	51	-
16671	3374	37396	51	-
16671	3374	37396	51	-
882	23167	37396	53	-
882	16531	37396	54	-
20312	4800	37396	55	-
20312	4800	37396	61	-
20312	4800	37396	66	-
15737	15581	37396	67	-
15737	15581	35334	68	-
15737	15581	35334	68	-
15737	15581	35334	68	-
15737	15581	35334	68	-
15737	15581	35334	68	-
15737	15581	35334	68	-
15737	15581	35334	68	-
15737	15581	35334	68	-
15737	15581	35334	68	-
15737	15581	35334	68	-
15737	15581	35334	68	-
15737	15581	35334	68	-
15737	15581	35334	68	-
15737	15581	35334	68	-
20312	4800	35334	71	-
14547	1633	35334	71	-
20312	4800	35334	76	-
20312	4800	35334	81	-
3297	13122	35334	83	-
16671	2973	35334	83	-
14547	1633	35334	84	-
20312	4800	35334	86	-
20312	4800	35334	91	-
20312	4800	35334	96	-
3957	587	35334	98	-
12332	14437	35334	98	-
12332	23167	35334	99	-
20312	4800	35334	101	-
19531	5938	35334	101	-
20312	4800	35334	106	-
12332	2843	35334	110	-
20312	4800	35334	111	-
16671	13591	35334	111	-
16671	13591	35334	115	-
20312	4800	35334	116	-
16671	13591	35334	118	-
16671	13591	35334	118	-
12332	3297	35334	118	-
16671	13591	35334	119	-
16671	13591	35334	119	-
16671	13591	35334	119	-
16671	13591	35334	119	-
16671	13591	35334	119	-
16671	13591	35334	119	-
16671	13591	35334	119	-
16671	13591	35334	119	-
16671	13591	35334	119	-
16671	13591	35334	119	-
16671	13591	35334	119	-
16671	13591	35334	119	-
3611	150	35334	120	-
3611	150	35334	120	-
3611	150	35334	120	-
16671	13591	35334	120	-
3611	150	35334	120	-
3611	150	35334	120	-
3611	150	35334	120	-
3611	150	35334	121	-
3611	150	35334	121	-
3611	150	35334	121	-
3611	150	35334	121	-
3611	150	35334	121	-
20312	4800	35334	121	-
3611	150	35334	121	-
3611	150	35334	121	-
12332	16593	35334	123	-
20312	4800	35334	126	-
20312	4800	16881	131	-
13993	137	16881	132	-
13993	137	16881	132	-
13993	137	16881	133	-
13993	137	16881	133	-
13993	137	16881	133	-
12332	16332	16881	133	-
13993	137	16881	134	-
13993	137	16881	134	-
13993	137	16881	134	-
13993	137	16881	134	-
13993	137	16881	135	-
13993	137	16881	135	-
13993	137	16881	135	-
13993	137	16881	135	-
13993	137	16881	135	-
13993	137	16881	135	-
13993	137	16881	135	-
13993	137	16881	135	-
13993	137	16881	135	-
13993	137	16881	135	-
13993	137	16881	135	-
13993	137	16881	135	-
13993	137	16881	135	-
13993	137	16881	135	-
13993	137	16881	135	-
13993	137	16881	135	-
13993	137	16881	135	-
13993	137	16881	135	-
20312	4800	16881	136	-
13993	137	16881	136	-
13993	137	16881	136	-
20312	4800	16881	141	-
20312	4800	16881	146	-
11001	13122	16881	149	-
20312	4800	16881	151	-
13993	17540	16881	153	-
13993	17540	16881	153	-
13993	17540	16881	154	-
13993	17540	16881	154	-
13993	17540	16881	154	-
13993	17540	16881	154	-
13993	17540	16881	154	-
13993	17540	16881	154	-
13993	17540	16881	154	-
13993	17540	16881	154	-
13993	17540	16881	154	-
13993	17540	16881	154	-
20312	4800	16881	156	-
3297	15667	16881	156	-
17624	23167	16881	158	-
17624	23167	16881	160	-
20312	4800	16881	161	-
17624	23167	16881	162	-
17624	23167	16881	164	-
20312	4800	16881	166	-
17624	23167	16881	166	-
17624	23167	16881	168	-
20312	4800	16881	171	-
17624	23167	16881	172	-
17624	23167	16881	172	-
17624	23167	16881	172	-
17624	23167	16881	172	-
17624	23167	16881	172	-
17624	23167	16881	172	-
17624	23167	16881	172	-
17624	23167	16881	172	-
17624	23167	16881	172	-
17624	23167	16881	172	-
17624	23167	16881	172	-
17624	23167	16881	172	-
17624	23167	16881	172	-
17624	23167	16881	172	-
17624	23167	16881	172	-
17624	23167	16881	172	-
17624	23167	16881	172	-
17624	23167	16881	172	-
19531	15667	16881	175	-
20312	4800	16881	176	-
16671	7215	16881	179	-
16671	7215	16881	179	-
16671	7215	16881	179	-
16671	7215	16881	179	-
16671	7215	16881	179	-
16671	7215	16881	179	-
16671	7215	16881	179	-
16671	7215	16881	179	-
16671	7215	16881	180	-
16671	7215	16881	180	-
16671	7215	16881	180	-
20312	4800	16881	181	-
14547	1633	16881	183	-
20312	4800	16881	186	-
20312	4800	21925	191	-
11001	19523	21925	193	-
11001	18017	21925	193	-
20312	4800	21925	196	-
15737	15581	21925	199	-
15737	15581	21925	199	-
15737	10429	21925	199	-
15737	15581	21925	199	-
15737	15581	21925	199	-
15737	15581	21925	199	-
15737	15581	21925	200	-
15737	15581	21925	200	-
15737	15581	21925	200	-
15737	15581	21925	200	-
15737	15581	21925	200	-
15737	15581	21925	200	-
15737	15581	21925	200	-
15737	15581	21925	200	-
15737	15581	21925	200	-
15737	15581	21925	200	-
15737	15581	21925	200	-
15737	15581	21925	200	-
15737	15581	21925	200	-
15737	15581	21925	200	-
15737	15581	21925	200	-
11001	19523	21925	200	-
11001	18017	21925	201	-
11001	19523	21925	201	-
11001	19523	21925	201	-
11001	18017	21925	201	-
11001	18017	21925	201	-
11001	19523	21925	201	-
11001	19523	21925	201	-
11001	19523	21925	201	-
20312	4800	21925	202	-
20312	4800	21925	207	-
20312	4800	21925	212	-
20312	4800	21925	217	-
11001	19523	21925	221	-
11001	18017	21925	221	-
11001	19523	21925	221	-
11001	19523	21925	221	-
11001	18017	21925	221	-
11001	18017	21925	221	-
11001	19523	21925	221	-
11001	19523	21925	221	-
11001	19523	21925	221	-
15394	4800	21925	221	-
23317	882	21925	221	-
20312	4800	21925	222	-
3611	22986	21925	223	-
20312	4800	21925	227	-
16671	7215	21925	231	-
16671	7215	21925	231	-
16671	7215	21925	231	-
16671	7215	21925	231	-
16671	7215	21925	231	-
16671	7215	21925	231	-
16671	7215	21925	231	-
16671	7215	21925	231	-
16671	7215	21925	231	-
16671	7215	21925	231	-
16671	7215	21925	231	-
16671	16363	21925	231	-
20312	4800	21925	232	-
15737	445	21925	233	-
15737	445	21925	233	-
15737	445	21925	233	-
15737	445	21925	233	-
15737	445	21925	233	-
15737	445	21925	233	-
15737	445	21925	233	-
15737	445	21925	233	-
15737	445	21925	233	-
15737	445	21925	233	-
15737	445	21925	233	-
15737	445	21925	234	-
15737	445	21925	234	-
15737	445	21925	234	-
20312	4800	21925	237	-
3611	1633	21925	238	-
20312	4800	21925	239	-
20312	4800	21925	244	-
20312	4800	35983	249	-
14547	21708	35983	249	-
20312	4800	35983	254	-
20312	4800	35983	259	-
11001	19523	35983	260	-
11001	13345	35983	263	-
20312	4800	35983	264	-
20312	4800	35983	269	-
11001	19523	35983	272	-
11001	18017	35983	272	-
11001	19523	35983	272	-
11001	19523	35983	272	-
11001	18017	35983	272	-
11001	18017	35983	272	-
11001	19523	35983	272	-
11001	19523	35983	272	-
11001	19523	35983	272	-
20312	4800	35983	274	-
3611	21708	35983	276	-
21708	12766	35983	277	-
20312	4800	35983	279	-
21708	22032	35983	281	-
21708	22032	35983	281	-
21708	22032	35983	281	-
21708	12766	35983	281	-
21708	22032	35983	281	-
21708	22032	35983	281	-
21708	22032	35983	281	-
21708	22032	35983	281	-
21708	12766	35983	281	-
21708	12766	35983	281	-
21708	12766	35983	281	-
21708	12766	35983	281	-
21708	12766	35983	281	-
21708	12766	35983	281	-
21708	22032	35983	281	-
21708	12766	35983	281	-
21708	12766	35983	281	-
21708	12766	35983	281	-
21708	22032	35983	281	-
14547	21708	35983	282	-
20312	4800	35983	284	-
12332	3611	35983	285	-
20312	4800	35983	289	-
15737	15581	35983	291	-
15737	15581	35983	291	-
15737	10429	35983	291	-
15737	15581	35983	291	-
15737	15581	35983	291	-
15737	15581	35983	291	-
15737	15581	35983	291	-
15737	15581	35983	291	-
15737	15581	35983	291	-
15737	15581	35983	291	-
15737	15581	35983	291	-
15737	15581	35983	291	-
15737	15581	35983	291	-
15737	15581	35983	291	-
15737	15581	35983	291	-
15737	15581	35983	291	-
15737	15581	35983	291	-
15737	15581	35983	291	-
17624	23167	35983	293	-
20312	4800	35983	294	-
15737	20960	35983	294	-
15737	15581	35983	294	-
20312	4800	35983	299	-
15737	445	35983	302	-
20312	4800	35983	304	-
12332	3297	35983	304	-
12332	9554	35983	305	-
20312	4800	41909	309	-
20312	4800	41909	314	-
20312	4800	41909	319	-
19531	11900	41909	321	-
20312	4800	41909	324	-
16671	13122	41909	324	-
6775	23167	41909	327	-
20312	4800	41909	329	-
15737	6361	41909	334	-
15737	6361	41909	334	-
15737	6361	41909	334	-
20312	4800	41909	335	-
15737	6361	41909	335	-
15737	6361	41909	335	-
15737	6361	41909	335	-
15737	6361	41909	335	-
15737	6361	41909	335	-
15737	6361	41909	335	-
15737	6361	41909	335	-
15737	6361	41909	335	-
15737	6361	41909	335	-
15737	6361	41909	335	-
20312	4800	41909	340	-
11001	21708	41909	341	-
19531	21708	41909	341	-
20312	4800	41909	345	-
20312	4800	41909	350	-
10429	19531	41909	352	-
20312	4800	41909	355	-
10571	4981	41909	356	-
10571	16332	41909	356	-
20312	4800	41909	360	-
16671	16409	41909	361	-
16671	16409	41909	362	-
16671	16409	41909	362	-
16671	16409	41909	362	-
20312	4800	41909	365	-
20312	4800	36410	370	-
8048	14437	36410	372	-
8048	2843	36410	372	-
20312	4800	36410	375	-
18246	16409	36410	378	-
18246	16409	36410	378	-
18246	16409	36410	378	-
18246	16409	36410	379	-
8048	3297	36410	379	-
20312	4800	36410	380	-
20312	4800	36410	385	-
8048	3461	36410	385	-
16671	16409	36410	388	-
16671	16409	36410	388	-
16671	16409	36410	388	-
16671	16409	36410	388	-
16671	16409	36410	388	-
16671	16409	36410	388	-
16671	16409	36410	388	-
16671	16409	36410	389	-
16671	16409	36410	389	-
16671	16409	36410	389	-
16671	16409	36410	389	-
20312	4800	36410	390	-
16671	16409	36410	390	-
16671	16409	36410	390	-
8048	4981	36410	391	-
11001	19523	36410	392	-
11001	19523	36410	392	-
11001	19523	36410	392	-
11001	19523	36410	392	-
20312	4800	36410	395	-
3611	15667	36410	395	-
3611	150	36410	396	-
3611	150	36410	396	-
3611	150	36410	397	-
3611	150	36410	397	-
17624	2843	36410	399	-
3611	15667	36410	399	-
20312	4800	36410	400	-
17624	2843	36410	402	-
13993	17540	36410	403	-
17624	2843	36410	403	-
13993	17540	36410	403	-
8048	16593	36410	403	-
13993	17540	36410	404	-
13993	17540	36410	404	-
13993	17540	36410	404	-
13993	17540	36410	404	-
13993	17540	36410	404	-
13993	17540	36410	404	-
13993	17540	36410	404	-
13993	17540	36410	404	-
20312	4800	36410	405	-
17624	2843	36410	406	-
17624	2843	36410	406	-
8048	9554	36410	409	-
20312	4800	36410	410	-
17624	2843	36410	410	-
17624	2843	36410	410	-
20312	4800	36410	415	-
23317	5938	36410	415	-
17624	2843	36410	416	-
17624	2843	36410	416	-
17624	2843	36410	417	-
8048	16332	36410	417	-
20312	4800	36410	420	-
7782	15894	36410	424	-
20312	4800	36410	425	-
15737	6361	21806	429	-
15737	445	21806	429	-
20312	4800	21806	430	-
15737	6361	21806	430	-
15737	6361	21806	430	-
15737	445	21806	430	-
15737	6361	21806	430	-
882	3461	21806	432	-
7215	19834	21806	433	-
18246	7215	21806	433	-
15737	445	21806	433	-
15737	445	21806	434	-
18246	7215	21806	434	-
15737	445	21806	434	-
15737	445	21806	434	-
18246	7215	21806	434	-
15737	445	21806	434	-
18246	7215	21806	434	-
15737	445	21806	434	-
18246	7215	21806	434	-
15737	445	21806	434	-
18246	7215	21806	434	-
15737	445	21806	434	-
15737	6361	21806	434	-
15737	445	21806	434	-
18246	7215	21806	434	-
18246	7215	21806	434	-
18246	7215	21806	434	-
18246	7215	21806	434	-
18246	7215	21806	434	-
16671	16409	21806	434	-
16671	16409	21806	434	-
16671	16409	21806	434	-
16671	16409	21806	434	-
16671	16409	21806	434	-
16671	16409	21806	434	-
16671	16409	21806	434	-
20312	4800	21806	435	-
16671	16409	21806	435	-
16671	16409	21806	435	-
16671	16409	21806	435	-
16671	16409	21806	435	-
16671	16409	21806	435	-
16671	16409	21806	435	-
20312	4800	21806	440	-
20312	4800	21806	445	-
11001	19523	21806	445	-
11001	18017	21806	445	-
11001	19523	21806	445	-
11001	19523	21806	445	-
11001	18017	21806	445	-
11001	18017	21806	445	-
11001	19523	21806	445	-
11001	19523	21806	445	-
11001	19523	21806	445	-
14547	21708	21806	446	-
15737	6361	21806	448	-
15737	6361	21806	448	-
15737	6361	21806	448	-
15737	6361	21806	448	-
15737	6361	21806	448	-
20312	4800	21806	451	-
7538	15894	21806	451	-
20312	4800	21806	456	-
15737	8530	21806	456	-
15737	8530	21806	458	-
15737	8530	21806	458	-
15737	8530	21806	458	-
15737	8530	21806	458	-
15737	8530	21806	458	-
15737	8530	21806	458	-
15737	8530	21806	458	-
15737	8530	21806	458	-
15737	8530	21806	458	-
15737	8530	21806	458	-
15737	8530	21806	459	-
15737	8530	21806	459	-
15737	8530	21806	459	-
15737	8530	21806	459	-
15737	8530	21806	459	-
15737	8530	21806	459	-
15737	8530	21806	459	-
15737	8530	21806	459	-
15737	8530	21806	459	-
15737	8530	21806	459	-
15737	8530	21806	459	-
15737	8530	21806	459	-
15737	8530	21806	460	-
15737	8530	21806	460	-
15737	8530	21806	460	-
15737	8530	21806	460	-
15737	8530	21806	460	-
3297	19834	21806	460	-
15737	8530	21806	460	-
15737	8530	21806	460	-
15737	8530	21806	460	-
15737	8530	21806	460	-
15737	8530	21806	460	-
15737	8530	21806	460	-
15737	8530	21806	460	-
15737	8530	21806	460	-
15737	8530	21806	460	-
15737	8530	21806	460	-
15737	8530	21806	461	-
20312	4800	21806	461	-
15737	8530	21806	461	-
15737	8530	21806	461	-
15737	8530	21806	461	-
15737	8530	21806	461	-
15737	8530	21806	461	-
15737	8530	21806	461	-
18246	7215	21806	462	-
18246	7215	21806	462	-
18246	7215	21806	462	-
18246	7215	21806	462	-
18246	7215	21806	463	-
20312	4800	21806	466	-
13993	17540	21806	469	-
13993	17540	21806	469	-
3611	150	21806	471	-
20312	4800	21806	471	-
3611	150	21806	471	-
3611	150	21806	471	-
3611	150	21806	471	-
3611	150	21806	471	-
3611	150	21806	471	-
3611	150	21806	471	-
3611	150	21806	471	-
3611	150	21806	471	-
3611	150	21806	471	-
3611	150	21806	471	-
3611	150	21806	471	-
3611	150	21806	471	-
3611	150	21806	471	-
3611	150	21806	471	-
3611	150	21806	471	-
3611	150	21806	471	-
3611	150	21806	472	-
10429	11900	21806	474	-
7782	21708	21806	474	-
20312	4800	21806	476	-
10429	13122	21806	477	-
882	3297	21806	477	-
20312	4800	21806	481	-
3957	11900	21806	484	-
3957	15394	21806	484	-
20312	4800	21806	486	-
3957	15394	14679	489	-
3957	15894	14679	489	-
7215	11900	14679	490	-
20312	4800	14679	491	-
18246	7215	14679	494	-
3957	15394	14679	494	-
3957	11900	14679	494	-
3957	15894	14679	495	-
20312	4800	14679	496	-
20312	4800	14679	501	-
18246	8530	14679	503	-
18246	8530	14679	503	-
18246	8530	14679	503	-
18246	8530	14679	503	-
18246	8530	14679	503	-
18246	8530	14679	503	-
18246	8530	14679	503	-
18246	8530	14679	503	-
18246	8530	14679	503	-
18246	8530	14679	503	-
18246	8530	14679	503	-
18246	8530	14679	504	-
18246	8530	14679	504	-
18246	8530	14679	504	-
18246	8530	14679	504	-
18246	8530	14679	504	-
18246	8530	14679	504	-
18246	8530	14679	504	-
18246	8530	14679	504	-
18246	8530	14679	504	-
18246	8530	14679	504	-
18246	8530	14679	504	-
18246	8530	14679	504	-
18246	8530	14679	504	-
18246	8530	14679	504	-
18246	8530	14679	504	-
18246	8530	14679	504	-
18246	8530	14679	504	-
18246	8530	14679	504	-
18246	8530	14679	504	-
18246	8530	14679	504	-
18246	8530	14679	504	-
18246	8530	14679	504	-
18246	8530	14679	504	-
18246	8530	14679	504	-
18246	8530	14679	504	-
18246	8530	14679	504	-
18246	8530	14679	504	-
18246	8530	14679	504	-
18246	8530	14679	504	-
18246	8530	14679	504	-
18246	8530	14679	504	-
18246	8530	14679	504	-
18246	8530	14679	504	-
18246	8530	14679	505	-
20312	4800	14679	506	-
15737	8530	14679	508	-
15737	11104	14679	508	-
20367	587	14679	509	-
15737	6361	14679	509	-
15737	6361	14679	509	-
15737	6361	14679	509	-
15737	6361	14679	510	-
15737	6361	14679	510	-
15737	6361	14679	510	-
15737	6361	14679	510	-
15737	6361	14679	510	-
15737	6361	14679	510	-
15737	6361	14679	510	-
15737	6361	14679	510	-
20312	4800	14679	511	-
15737	11592	14679	511	-
15737	8530	14679	511	-
15737	8530	14679	512	-
15737	8530	14679	512	-
15737	8530	14679	512	-
15737	8530	14679	512	-
15737	8530	14679	512	-
15737	8530	14679	512	-
15737	8530	14679	512	-
15737	8530	14679	512	-
15737	8530	14679	512	-
15737	8530	14679	512	-
15737	8530	14679	512	-
15737	8530	14679	512	-
15737	8530	14679	512	-
15737	8530	14679	512	-
15737	8530	14679	512	-
15737	8530	14679	512	-
15737	8530	14679	512	-
15737	8530	14679	512	-
15737	8530	14679	512	-
15737	8530	14679	512	-
15737	8530	14679	512	-
15737	8530	14679	512	-
15737	8530	14679	512	-
15737	8530	14679	512	-
15737	8530	14679	512	-
17624	23167	14679	513	-
17624	3297	14679	513	-
18246	1215	14679	515	-
18246	1215	14679	516	-
18246	1215	14679	516	-
20312	4800	14679	516	-
18246	1215	14679	516	-
18246	1215	14679	517	-
18246	1215	14679	517	-
18246	1215	14679	517	-
18246	1215	14679	517	-
18246	1215	14679	517	-
18246	1215	14679	517	-
18246	1215	14679	517	-
18246	1215	14679	517	-
18246	1215	14679	517	-
20312	4800	14679	521	-
18246	18017	14679	524	-
18246	19523	14679	524	-
15737	8530	14679	524	-
15737	8530	14679	525	-
15737	8530	14679	525	-
15737	8530	14679	525	-
15737	8530	14679	525	-
15737	8530	14679	525	-
15737	8530	14679	525	-
15737	8530	14679	525	-
15737	8530	14679	525	-
15737	8530	14679	525	-
20312	4800	14679	526	-
15737	8530	14679	526	-
15737	8530	14679	526	-
15737	8530	14679	526	-
15737	8530	14679	526	-
15737	8530	14679	526	-
15737	8530	14679	526	-
15737	8530	14679	526	-
15737	8530	14679	526	-
15737	8530	14679	526	-
15737	8530	14679	526	-
15737	8530	14679	526	-
15737	8530	14679	526	-
15737	8530	14679	526	-
15737	8530	14679	526	-
15737	8530	14679	526	-
15737	8530	14679	526	-
15737	8530	14679	526	-
15737	8530	14679	526	-
15737	8530	14679	526	-
15737	8530	14679	526	-
15737	8530	14679	526	-
15737	8530	14679	526	-
15737	8530	14679	526	-
15737	8530	14679	526	-
15737	8530	14679	526	-
15737	8530	14679	526	-
15737	8530	14679	526	-
15737	8530	14679	526	-
15737	8530	14679	526	-
15737	8530	14679	526	-
15737	8530	14679	526	-
15737	8530	14679	526	-
15737	8530	14679	526	-
15737	8530	14679	527	-
15737	8530	14679	527	-
3611	1633	14679	528	-
20312	4800	14679	531	-
19603	3461	14679	535	-
20312	4800	14679	536	-
13993	17540	14679	536	-
13993	4873	14679	537	-
13993	4873	14679	537	-
882	14437	14679	539	-
13993	11201	14679	540	-
13993	11201	14679	540	-
13993	11201	14679	540	-
882	3611	14679	540	-
13993	11201	14679	540	-
13993	11201	14679	540	-
882	23167	14679	540	-
20312	4800	14679	541	-
13993	11201	14679	541	-
13993	11201	14679	541	-
14547	13122	14679	544	-
20312	4800	14679	546	-
12332	3611	36728	548	-
17624	2843	36728	549	-
20312	4800	36728	551	-
882	4981	36728	551	-
3076	2843	36728	552	-
20312	4800	36728	556	-
20312	4800	36728	561	-
882	16593	36728	564	-
15737	19523	36728	565	-
15737	18017	36728	565	-
20312	4800	36728	567	-
11001	22986	36728	568	-
18246	22620	36728	570	-
882	16531	36728	570	-
18246	22620	36728	571	-
18246	22620	36728	571	-
18246	22620	36728	571	-
18246	22620	36728	571	-
18246	22620	36728	571	-
18246	22620	36728	571	-
20312	4800	36728	572	-
8048	4981	36728	572	-
21708	17159	36728	573	-
21708	17159	36728	573	-
21708	17159	36728	573	-
21708	17159	36728	573	-
21708	17159	36728	573	-
21708	17159	36728	573	-
21708	17159	36728	573	-
21708	17159	36728	573	-
21708	17159	36728	573	-
21708	17159	36728	573	-
21708	17159	36728	573	-
21708	10429	36728	573	-
21708	17159	36728	574	-
21708	17159	36728	574	-
3076	2843	36728	574	-
20312	4800	36728	577	-
882	9554	36728	578	-
20312	4800	36728	582	-
13993	15856	36728	584	-
13993	15856	36728	584	-
13993	22990	36728	584	-
13993	15856	36728	584	-
13993	15856	36728	584	-
13993	15856	36728	584	-
13993	15856	36728	584	-
13993	15856	36728	584	-
13993	15856	36728	584	-
13993	15856	36728	584	-
13993	15856	36728	584	-
13993	15856	36728	584	-
13993	15856	36728	584	-
13993	15856	36728	584	-
13993	15856	36728	585	-
13993	15856	36728	585	-
13993	15856	36728	585	-
13993	15856	36728	585	-
13993	15856	36728	585	-
13993	15856	36728	585	-
13993	15856	36728	585	-
13993	22990	36728	585	-
13993	15856	36728	585	-
13993	15856	36728	585	-
3297	5938	36728	587	-
20312	4800	36728	587	-
8048	16332	36728	588	-
20312	4800	36728	592	-
20312	4800	36728	597	-
15737	6361	36728	599	-
15737	6361	36728	599	-
15737	6361	36728	599	-
15737	6361	36728	599	-
15737	6361	36728	599	-
15737	6361	36728	599	-
15737	6361	36728	599	-
15737	6361	36728	600	-
15737	6361	36728	600	-
15737	6361	36728	600	-
15737	6361	36728	600	-
20312	4800	36728	602	-
16671	19531	36728	604	-
20312	4800	36728	607	-
20312	4800	2994	612	-
11001	19531	2994	614	-
20312	4800	2994	617	-
16671	3507	2994	618	-
16671	3507	2994	618	-
16671	3507	2994	618	-
16671	3507	2994	618	-
16671	3507	2994	618	-
16671	3507	2994	618	-
16671	3507	2994	618	-
16671	3507	2994	618	-
16671	3507	2994	618	-
16671	3507	2994	618	-
16671	3507	2994	618	-
16671	3507	2994	618	-
16671	3507	2994	618	-
16671	3507	2994	618	-
16671	3507	2994	618	-
16671	3507	2994	618	-
16671	3507	2994	618	-
16671	3507	2994	618	-
16671	3507	2994	619	-
16671	3507	2994	619	-
16671	3507	2994	619	-
3611	150	2994	619	-
3611	150	2994	619	-
3611	150	2994	619	-
12332	14437	2994	619	-
20312	4800	2994	622	-
14547	11900	2994	623	-
13993	22990	2994	625	-
13993	15856	2994	625	-
13993	15856	2994	625	-
13993	15856	2994	625	-
13993	15856	2994	625	-
13993	15856	2994	625	-
13993	15856	2994	625	-
13993	15856	2994	625	-
13993	15856	2994	625	-
3611	3374	2994	625	-
3611	3374	2994	625	-
13993	15856	2994	625	-
3611	3374	2994	625	-
13993	15856	2994	625	-
3611	3374	2994	625	-
13993	15856	2994	625	-
13993	15856	2994	625	-
13993	15856	2994	625	-
13993	15856	2994	625	-
13993	15856	2994	625	-
13993	15856	2994	625	-
13993	15856	2994	625	-
13993	15856	2994	625	-
13993	15856	2994	626	-
13993	15856	2994	626	-
13993	15856	2994	626	-
13993	15856	2994	626	-
13993	15856	2994	626	-
13993	15856	2994	626	-
13993	15856	2994	626	-
13993	15856	2994	626	-
13993	15856	2994	626	-
13993	15856	2994	626	-
13993	15856	2994	626	-
13993	22990	2994	626	-
13993	15856	2994	626	-
13993	15856	2994	626	-
13993	15856	2994	626	-
13993	15856	2994	626	-
13993	15856	2994	626	-
13993	15856	2994	626	-
13993	15856	2994	626	-
13993	15856	2994	626	-
13993	15856	2994	626	-
13993	15856	2994	626	-
13993	15856	2994	626	-
13993	15856	2994	626	-
20312	4800	2994	627	-
15737	12448	2994	630	-
15737	12448	2994	630	-
15737	12448	2994	630	-
20312	4800	2994	632	-
15737	7713	2994	633	-
20312	4800	2994	637	-
21708	17159	2994	638	-
15737	12448	2994	640	-
15737	12448	2994	640	-
15737	12448	2994	640	-
15737	12448	2994	640	-
15737	12448	2994	640	-
15737	12448	2994	640	-
15737	12448	2994	640	-
15737	12448	2994	640	-
15737	12448	2994	640	-
15737	12448	2994	640	-
15737	12448	2994	640	-
15737	12448	2994	640	-
15737	12448	2994	640	-
15737	12448	2994	640	-
15737	12448	2994	640	-
15737	12448	2994	640	-
15737	12448	2994	640	-
10429	1633	2994	640	-
21708	17159	2994	641	-
21708	17159	2994	641	-
21708	17159	2994	641	-
21708	17159	2994	641	-
21708	17159	2994	641	-
21708	17159	2994	641	-
21708	17159	2994	641	-
3611	150	2994	642	-
3611	150	2994	642	-
3611	150	2994	642	-
3611	150	2994	642	-
3611	150	2994	642	-
3611	150	2994	642	-
3611	150	2994	642	-
3611	150	2994	642	-
3611	150	2994	642	-
3611	150	2994	642	-
3611	150	2994	642	-
3611	150	2994	642	-
3611	150	2994	642	-
3611	150	2994	642	-
3611	150	2994	642	-
3611	150	2994	642	-
3611	150	2994	642	-
3611	150	2994	642	-
15737	12448	2994	643	-
20312	4800	2994	643	-
15737	22527	2994	643	-
15737	12448	2994	643	-
15737	12448	2994	643	-
15737	12448	2994	643	-
15737	12448	2994	643	-
15737	12448	2994	643	-
15737	12448	2994	643	-
15737	12448	2994	643	-
15737	12448	2994	643	-
15737	12448	2994	643	-
15737	12448	2994	643	-
15737	12448	2994	643	-
15737	12448	2994	643	-
15737	12448	2994	643	-
15737	12448	2994	643	-
15737	12448	2994	643	-
15737	12448	2994	643	-
15737	12448	2994	643	-
15737	12448	2994	643	-
15737	12448	2994	643	-
15737	12448	2994	643	-
15737	12448	2994	643	-
15737	12448	2994	643	-
15737	12448	2994	644	-
15737	12448	2994	644	-
15737	12448	2994	644	-
20312	4800	2994	648	-
21708	12766	2994	649	-
21708	22032	2994	650	-
21708	22032	2994	650	-
21708	22032	2994	650	-
21708	22032	2994	650	-
21708	12766	2994	650	-
21708	22032	2994	650	-
21708	22032	2994	650	-
21708	22032	2994	650	-
21708	22032	2994	650	-
21708	12766	2994	650	-
21708	12766	2994	650	-
21708	12766	2994	650	-
21708	12766	2994	650	-
21708	12766	2994	650	-
21708	12766	2994	650	-
21708	22032	2994	650	-
21708	12766	2994	650	-
21708	12766	2994	650	-
21708	12766	2994	650	-
20312	4800	2994	653	-
20312	4800	2994	658	-
20312	4800	2994	663	-
3611	150	2994	664	-
3611	150	2994	664	-
3611	150	2994	665	-
3611	150	2994	665	-
20312	4800	11031	668	-
20312	4800	11031	673	-
11001	445	11031	675	-
11001	445	11031	675	-
11001	445	11031	675	-
11001	445	11031	675	-
11001	445	11031	675	-
11001	445	11031	675	-
11001	445	11031	675	-
11001	445	11031	675	-
11001	445	11031	675	-
11001	445	11031	675	-
11001	445	11031	675	-
11001	445	11031	675	-
11001	445	11031	675	-
11001	445	11031	675	-
16671	3507	11031	676	-
16671	3507	11031	676	-
12332	3297	11031	677	-
20312	4800	11031	678	-
12332	3461	11031	680	-
16671	18527	11031	682	-
16671	18527	11031	682	-
16671	18527	11031	682	-
16671	18527	11031	682	-
16671	18527	11031	682	-
20312	4800	11031	683	-
16671	18527	11031	683	-
16671	18527	11031	683	-
16671	18527	11031	683	-
12332	16593	11031	683	-
11001	21980	11031	688	-
11001	21980	11031	688	-
11001	21980	11031	688	-
20312	4800	11031	688	-
21708	17159	11031	688	-
21708	17159	11031	689	-
21708	17159	11031	690	-
21708	17159	11031	690	-
21708	17159	11031	690	-
21708	17159	11031	690	-
21708	17159	11031	691	-
21708	17159	11031	691	-
21708	17159	11031	691	-
21708	17159	11031	691	-
21708	17159	11031	691	-
21708	17159	11031	691	-
21708	17159	11031	691	-
21708	17159	11031	691	-
21708	17159	11031	691	-
21708	17159	11031	692	-
21708	17159	11031	692	-
21708	17159	11031	692	-
21708	17159	11031	692	-
21708	17159	11031	692	-
21708	17159	11031	692	-
21708	17159	11031	692	-
21708	17159	11031	692	-
21708	17159	11031	692	-
12332	8452	11031	692	-
21708	17159	11031	692	-
20312	4800	11031	693	-
12332	14437	11031	693	-
20312	4800	11031	698	-
13993	15896	11031	698	-
13993	15896	11031	699	-
13993	15896	11031	699	-
13993	15896	11031	700	-
13993	15896	11031	700	-
13993	15896	11031	700	-
13993	15896	11031	700	-
13993	15896	11031	700	-
13993	15896	11031	700	-
13993	15896	11031	700	-
21708	17159	11031	702	-
21708	17159	11031	702	-
21708	17159	11031	702	-
21708	17159	11031	702	-
21708	17159	11031	702	-
21708	10050	11031	702	-
21708	17159	11031	702	-
21708	17159	11031	702	-
21708	17159	11031	703	-
21708	17159	11031	703	-
21708	17159	11031	703	-
21708	17159	11031	703	-
21708	17159	11031	703	-
21708	17159	11031	703	-
21708	17159	11031	703	-
20312	4800	11031	703	-
21708	17159	11031	703	-
21708	17159	11031	703	-
21708	17159	11031	704	-
21708	17159	11031	704	-
20312	4800	11031	708	-
10571	23167	11031	710	-
3957	15894	11031	711	-
3957	15394	11031	711	-
3611	150	11031	712	-
3611	150	11031	712	-
3611	150	11031	712	-
3611	150	11031	712	-
3611	150	11031	712	-
3611	150	11031	713	-
3611	150	11031	713	-
3611	150	11031	713	-
3611	150	11031	713	-
3611	150	11031	713	-
3611	150	11031	713	-
3611	150	11031	713	-
20312	4800	11031	713	-
3611	150	11031	713	-
20312	4800	11031	718	-
16671	18527	11031	723	-
16671	18527	11031	723	-
16671	18527	11031	723	-
20312	4800	11031	723	-
16671	18527	11031	723	-
16671	18527	11031	724	-
16671	18527	11031	724	-
16671	18527	11031	724	-
16671	18527	11031	724	-
16671	18527	11031	724	-
16671	18527	11031	724	-
16671	18527	11031	724	-
16671	18527	11031	724	-
16671	18527	11031	725	-
13993	3260	11031	727	-
12332	3611	11031	727	-
20312	4800	38927	728	-
20312	4800	38927	733	-
20312	4800	38927	738	-
20312	4800	38927	743	-
20312	4800	38927	748	-
12332	3611	38927	749	-
12332	23167	38927	749	-
10429	15894	38927	751	-
20312	4800	38927	753	-
7538	15894	38927	757	-
11001	1949	38927	758	-
20312	4800	38927	758	-
11001	22030	38927	758	-
11001	17649	38927	761	-
11001	17649	38927	761	-
11001	17649	38927	761	-
11001	17649	38927	761	-
11001	8524	38927	762	-
11001	17649	38927	762	-
11001	8524	38927	762	-
11001	17649	38927	762	-
11001	17649	38927	762	-
11001	17649	38927	762	-
11001	17649	38927	762	-
11001	8524	38927	762	-
11001	17649	38927	762	-
11001	17649	38927	762	-
11001	17649	38927	762	-
11001	17649	38927	762	-
11001	8524	38927	762	-
20312	4800	38927	763	-
11001	15692	38927	763	-
11001	5709	38927	763	-
11001	5709	38927	763	-
11001	5709	38927	763	-
20312	4800	38927	768	-
7538	21708	38927	768	-
12332	3297	38927	769	-
15737	19523	38927	770	-
15737	19523	38927	770	-
15737	19523	38927	770	-
15737	19523	38927	770	-
15737	19523	38927	770	-
15737	19523	38927	770	-
18246	22620	38927	771	-
18246	22620	38927	771	-
15737	19523	38927	771	-
18246	22620	38927	771	-
18246	22620	38927	771	-
18246	22620	38927	771	-
18246	22620	38927	771	-
15737	19523	38927	771	-
18246	22620	38927	771	-
15737	19523	38927	771	-
15737	19523	38927	771	-
18246	22620	38927	771	-
15737	10429	38927	771	-
18246	22620	38927	771	-
15737	19523	38927	771	-
18246	22620	38927	771	-
15737	19523	38927	771	-
15737	19523	38927	771	-
18246	22620	38927	771	-
20312	4800	38927	774	-
3297	13122	38927	775	-
12332	3611	38927	777	-
20312	4800	38927	779	-
23317	5938	38927	779	-
20312	4800	38927	784	-
20312	4800	18927	789	-
20312	4800	18927	794	-
15737	22620	18927	796	-
15737	22620	18927	796	-
15737	22620	18927	796	-
15737	22620	18927	796	-
15737	22620	18927	796	-
15737	22620	18927	796	-
15737	22620	18927	797	-
18246	22620	18927	798	-
18246	22620	18927	798	-
18246	22620	18927	798	-
20312	4800	18927	799	-
18246	22620	18927	799	-
3957	15394	18927	802	-
20312	4800	18927	804	-
3611	150	18927	806	-
20312	4800	18927	809	-
3611	150	18927	809	-
3611	150	18927	810	-
3611	150	18927	810	-
3611	150	18927	810	-
3611	150	18927	810	-
3611	150	18927	810	-
3611	150	18927	811	-
3611	150	18927	811	-
3611	150	18927	811	-
3611	150	18927	811	-
3611	150	18927	811	-
3611	150	18927	811	-
8048	8452	18927	812	-
12332	2843	18927	813	-
20312	4800	18927	814	-
11001	15692	18927	818	-
11001	5709	18927	818	-
11001	5709	18927	818	-
11001	5709	18927	818	-
11001	5709	18927	818	-
11001	5709	18927	818	-
11001	5709	18927	818	-
20312	4800	18927	819	-
23317	882	18927	821	-
15394	4800	18927	821	-
20312	4800	18927	824	-
10429	5938	18927	825	-
20312	4800	18927	829	-
20312	4800	18927	834	-
13993	3260	18927	835	-
13993	3260	18927	835	-
13993	3260	18927	835	-
13993	3260	18927	835	-
13993	3260	18927	835	-
13993	3260	18927	836	-
13993	3260	18927	836	-
13993	3260	18927	836	-
13993	3260	18927	836	-
13993	3260	18927	836	-
13993	6209	18927	836	-
13993	3260	18927	836	-
13993	3260	18927	836	-
13993	3260	18927	836	-
13993	3260	18927	836	-
13993	3260	18927	836	-
13993	3260	18927	836	-
13993	3260	18927	836	-
13993	3260	18927	836	-
13993	3260	18927	836	-
13993	3260	18927	837	-
13993	3260	18927	837	-
13993	3260	18927	837	-
13993	3260	18927	837	-
13993	3260	18927	837	-
13993	3260	18927	837	-
13993	3260	18927	837	-
20312	4800	18927	839	-
11001	17649	18927	841	-
11001	17649	18927	841	-
11001	17649	18927	842	-
11001	17649	18927	842	-
11001	17649	18927	842	-
11001	17649	18927	842	-
11001	17649	18927	842	-
11001	17649	18927	842	-
20312	4800	18927	844	-
3957	5938	18927	845	-
20312	4800	9841	849	-
3957	15394	9841	850	-
12332	3611	9841	851	-
20312	4800	9841	854	-
3611	21708	9841	855	-
12332	4981	9841	855	-
20312	4800	9841	859	-
3957	15394	9841	860	-
3297	11900	9841	863	-
20312	4800	9841	864	-
3297	1001	9841	864	-
16671	18527	9841	865	-
3957	15394	9841	866	-
20312	4800	9841	869	-
21708	15954	9841	869	-
16671	18527	9841	869	-
21708	15954	9841	869	-
16671	18527	9841	870	-
21708	15954	9841	870	-
21708	15954	9841	870	-
16671	18527	9841	870	-
21708	15954	9841	870	-
8048	16593	9841	870	-
3957	15394	9841	871	-
3957	5938	9841	871	-
3957	11900	9841	871	-
3957	15894	9841	872	-
20312	4800	9841	874	-
20312	4800	9841	879	-
18246	903	9841	880	-
18246	903	9841	880	-
11001	5709	9841	880	-
11001	5709	9841	880	-
18246	903	9841	880	-
11001	15692	9841	880	-
11001	5709	9841	880	-
18246	903	9841	880	-
18246	903	9841	881	-
18246	903	9841	881	-
18246	903	9841	881	-
18246	903	9841	881	-
18246	903	9841	881	-
18246	903	9841	881	-
18246	903	9841	881	-
18246	903	9841	881	-
18246	903	9841	881	-
18246	903	9841	881	-
18246	903	9841	881	-
18246	903	9841	881	-
18246	903	9841	881	-
18246	903	9841	881	-
18246	903	9841	881	-
18246	903	9841	881	-
18246	903	9841	881	-
18246	903	9841	881	-
18246	903	9841	881	-
18246	903	9841	882	-
12332	16531	9841	882	-
7179	3461	9841	883	-
20312	4800	9841	884	-
19531	21708	9841	885	-
20312	4800	9841	889	-
3297	15894	9841	892	-
12332	3611	9841	892	-
21708	15954	9841	893	-
20312	4800	9841	894	-
20312	4800	9841	900	-
18246	903	9841	900	-
21708	7215	9841	902	-
21708	7215	9841	902	-
21708	7215	9841	903	-
21708	7215	9841	903	-
21708	7215	9841	903	-
21708	7215	9841	903	-
18246	903	9841	903	-
21708	7215	9841	904	-
21708	7215	9841	904	-
21708	7215	9841	904	-
21708	7215	9841	904	-
21708	7215	9841	904	-
18246	903	9841	904	-
20312	4800	9841	905	-
18246	903	9841	905	-
15737	22620	1453	908	-
20312	4800	1453	910	-
20312	4800	1453	915	-
8048	23167	1453	917	-
20312	4800	1453	920	-
20312	4800	1453	925	-
12332	7268	1453	925	-
12332	9554	1453	926	-
20312	4800	1453	930	-
13993	3601	1453	932	-
13993	3601	1453	932	-
13993	3601	1453	932	-
13993	3601	1453	933	-
13993	14089	1453	933	-
13993	10522	1453	933	-
13993	3601	1453	933	-
13993	12463	1453	933	-
10571	14437	1453	933	-
20312	4800	1453	935	-
16671	18527	1453	937	-
16671	18527	1453	937	-
16671	18527	1453	937	-
20312	4800	1453	940	-
18246	23277	1453	942	-
18246	23277	1453	943	-
18246	23277	1453	943	-
18246	23277	1453	943	-
18246	23277	1453	943	-
18246	23277	1453	943	-
18246	23277	1453	943	-
18246	23277	1453	943	-
18246	23277	1453	943	-
18246	23277	1453	943	-
18246	23277	1453	943	-
15737	19523	1453	943	-
15737	19523	1453	944	-
15737	19523	1453	944	-
15737	19523	1453	944	-
15737	19523	1453	944	-
15737	19523	1453	944	-
15737	19523	1453	944	-
15737	19523	1453	944	-
15737	19523	1453	944	-
15737	19523	1453	944	-
15737	19523	1453	944	-
15737	18017	1453	944	-
15737	19523	1453	944	-
15737	19523	1453	944	-
20312	4800	1453	945	-
6775	16593	1453	946	-
17624	16531	1453	949	-
20312	4800	1453	950	-
17624	23167	1453	950	-
10571	16531	1453	951	-
11001	17649	1453	953	-
11001	17649	1453	953	-
11001	17649	1453	953	-
11001	17649	1453	953	-
11001	17649	1453	954	-
11001	17649	1453	954	-
11001	17649	1453	954	-
11001	17649	1453	954	-
11001	17649	1453	954	-
11001	17649	1453	954	-
11001	8524	1453	954	-
11001	8524	1453	954	-
11001	17649	1453	954	-
11001	17649	1453	954	-
11001	17649	1453	954	-
11001	8524	1453	954	-
11001	8524	1453	954	-
20312	4800	1453	955	-
3611	18719	1453	956	-
3611	18719	1453	956	-
3611	18719	1453	956	-
3611	18719	1453	956	-
3611	18719	1453	956	-
3611	18719	1453	956	-
3611	18719	1453	956	-
3611	18719	1453	957	-
3611	18719	1453	957	-
3611	18719	1453	957	-
3611	18719	1453	957	-
3611	18719	1453	957	-
20312	4800	1453	960	-
13993	3601	1453	962	-
3611	20313	1453	962	-
13993	3601	1453	962	-
3611	20313	1453	963	-
3611	20313	1453	963	-
3611	20313	1453	964	-
20312	4800	1453	965	-
20312	4800	23326	970	-
11001	22986	23326	970	-
15737	22620	23326	970	-
10571	16593	23326	970	-
3611	20313	23326	971	-
3611	20313	23326	971	-
3611	20313	23326	971	-
15737	19523	23326	971	-
3611	20313	23326	971	-
12332	16332	23326	971	-
3611	20313	23326	972	-
3611	20313	23326	972	-
3611	20313	23326	972	-
13993	3601	23326	973	-
13993	3601	23326	973	-
13993	14089	23326	973	-
13993	10522	23326	973	-
13993	3601	23326	973	-
13993	12463	23326	973	-
15737	2939	23326	974	-
20312	4800	23326	975	-
15737	2939	23326	975	-
15737	20321	23326	978	-
20312	4800	23326	980	-
18246	23277	23326	980	-
20312	4800	23326	985	-
15737	9869	23326	987	-
15737	9869	23326	987	-
15737	904	23326	987	-
15737	9869	23326	987	-
15737	9869	23326	987	-
15737	9869	23326	987	-
15737	5604	23326	987	-
15737	9869	23326	987	-
15737	9869	23326	987	-
15737	9869	23326	987	-
15737	9869	23326	987	-
15737	9869	23326	987	-
15737	9869	23326	987	-
20312	4800	23326	990	-
3076	16531	23326	994	-
20312	4800	23326	995	-
3957	587	23326	1000	-
20312	4800	23326	1000	-
17624	2843	23326	1000	-
18246	10577	23326	1003	-
18246	10577	23326	1003	-
18246	10577	23326	1004	-
18246	10577	23326	1004	-
18246	10577	23326	1004	-
18246	10577	23326	1004	-
18246	10577	23326	1004	-
18246	10577	23326	1004	-
18246	10577	23326	1004	-
18246	10577	23326	1004	-
18246	10577	23326	1004	-
18246	10577	23326	1004	-
20312	4800	23326	1005	-
20312	4800	23326	1010	-
12332	3611	23326	1014	-
20312	4800	23326	1016	-
19603	3297	23326	1020	-
20312	4800	23326	1021	-
7179	16332	23326	1025	-
20312	4800	23326	1026	-
15737	2397	23326	1027	-
20312	4800	22988	1031	-
15737	9869	22988	1035	-
15737	9869	22988	1035	-
15737	10370	22988	1035	-
15737	9869	22988	1035	-
15737	9869	22988	1035	-
20312	4800	22988	1036	-
20312	4800	22988	1041	-
15737	3076	22988	1046	-
15737	3076	22988	1046	-
15737	3076	22988	1046	-
15737	3076	22988	1046	-
15737	3076	22988	1046	-
20312	4800	22988	1046	-
15737	3076	22988	1046	-
15737	3076	22988	1046	-
15737	3076	22988	1047	-
15737	3076	22988	1047	-
15737	3076	22988	1047	-
15737	3076	22988	1047	-
15737	3076	22988	1047	-
15737	3076	22988	1047	-
15737	3076	22988	1047	-
15737	3076	22988	1047	-
15737	3076	22988	1047	-
15737	3076	22988	1047	-
15737	3076	22988	1047	-
15737	3076	22988	1047	-
15737	3076	22988	1047	-
15737	6114	22988	1047	-
17624	16531	22988	1047	-
15737	3076	22988	1048	-
15737	3076	22988	1048	-
15737	3076	22988	1048	-
20312	4800	22988	1051	-
13993	11900	22988	1052	-
12332	3611	22988	1054	-
13993	11900	22988	1055	-
20312	4800	22988	1056	-
19531	5938	22988	1057	-
13993	15667	22988	1057	-
13993	11900	22988	1057	-
14547	15667	22988	1058	-
13993	15667	22988	1059	-
11001	21708	22988	1060	-
20312	4800	22988	1061	-
13993	11900	22988	1061	-
13993	15667	22988	1061	-
17624	3297	22988	1062	-
13993	15667	22988	1064	-
17624	3297	22988	1065	-
20312	4800	22988	1066	-
13993	15667	22988	1067	-
13993	15667	22988	1069	-
17624	3297	22988	1069	-
20312	4800	22988	1071	-
17624	3297	22988	1072	-
13993	22986	22988	1073	-
13993	15667	22988	1073	-
13993	15667	22988	1075	-
21708	7215	22988	1075	-
10571	2843	22988	1075	-
14547	15667	22988	1075	-
20312	4800	22988	1076	-
13993	15667	22988	1076	-
13993	15667	22988	1079	-
13993	22986	22988	1079	-
13993	15667	22988	1079	-
13993	15667	22988	1079	-
16409	13936	22988	1079	-
13993	15667	22988	1079	-
13993	15667	22988	1079	-
13993	15667	22988	1079	-
13993	15667	22988	1079	-
13993	15667	22988	1079	-
13993	15667	22988	1079	-
13993	15667	22988	1079	-
13993	15667	22988	1079	-
13993	15667	22988	1079	-
3611	15667	22988	1079	-
13993	15667	22988	1079	-
13993	15667	22988	1079	-
13993	15667	22988	1079	-
20312	4800	22988	1081	-
13993	22986	22988	1081	-
3611	22986	22988	1082	-
13993	22986	22988	1083	-
18246	14135	22988	1084	-
17624	3297	22988	1084	-
13993	15667	22988	1085	-
18246	14135	22988	1085	-
19531	15894	22988	1085	-
20312	4800	22988	1086	-
13993	22986	22988	1087	-
17624	3297	22988	1087	-
13993	22986	22988	1087	-
17624	3297	22036	1091	-
17624	3297	22036	1091	-
20312	4800	22036	1091	-
17624	3297	22036	1091	-
17624	3297	22036	1091	-
17624	3297	22036	1091	-
17624	3297	22036	1091	-
17624	3297	22036	1091	-
17624	3297	22036	1091	-
17624	3297	22036	1091	-
17624	3297	22036	1091	-
17624	3297	22036	1091	-
17624	3297	22036	1091	-
17624	3297	22036	1092	-
17624	3297	22036	1092	-
17624	3297	22036	1092	-
17624	3297	22036	1092	-
17624	3297	22036	1092	-
17624	3297	22036	1092	-
17624	3297	22036	1092	-
17624	3297	22036	1092	-
17624	3297	22036	1092	-
17624	3297	22036	1092	-
17624	3297	22036	1092	-
3611	15894	22036	1092	-
17624	3297	22036	1092	-
11001	17159	22036	1092	-
11001	17159	22036	1096	-
11001	17159	22036	1096	-
11001	17159	22036	1096	-
11001	17159	22036	1096	-
11001	17159	22036	1096	-
11001	17159	22036	1096	-
11001	17159	22036	1096	-
11001	17159	22036	1096	-
20312	4800	22036	1096	-
11001	17159	22036	1096	-
11001	17159	22036	1096	-
11001	17159	22036	1096	-
11001	17159	22036	1096	-
11001	17159	22036	1096	-
11001	17159	22036	1096	-
11001	17159	22036	1096	-
11001	17159	22036	1096	-
11001	17159	22036	1096	-
11001	17159	22036	1096	-
11001	17159	22036	1097	-
11001	17159	22036	1097	-
11001	17159	22036	1097	-
15737	3076	22036	1097	-
15737	3076	22036	1097	-
15737	3076	22036	1097	-
15737	3076	22036	1097	-
15737	3076	22036	1097	-
15737	3076	22036	1097	-
15737	3076	22036	1097	-
15737	3076	22036	1097	-
15737	3076	22036	1097	-
15737	3076	22036	1097	-
15737	3076	22036	1097	-
15737	3076	22036	1097	-
15737	3076	22036	1097	-
15737	3076	22036	1097	-
15737	3076	22036	1097	-
15737	3076	22036	1097	-
15737	3076	22036	1097	-
15737	3076	22036	1097	-
15737	3076	22036	1097	-
15737	3076	22036	1097	-
15737	3076	22036	1097	-
15737	3076	22036	1097	-
11001	17159	22036	1097	-
11001	17159	22036	1097	-
15737	3076	22036	1097	-
11001	17159	22036	1097	-
15737	3076	22036	1098	-
15737	3076	22036	1098	-
11001	17159	22036	1098	-
20312	4800	22036	1101	-
20312	4800	22036	1106	-
20312	4800	22036	1111	-
3611	20313	22036	1114	-
3611	20313	22036	1114	-
3611	20313	22036	1114	-
3611	20313	22036	1114	-
3611	20313	22036	1114	-
3611	20313	22036	1114	-
3611	20313	22036	1114	-
3611	20313	22036	1114	-
3611	20313	22036	1114	-
3611	20313	22036	1114	-
20312	4800	22036	1116	-
20312	4800	22036	1121	-
20312	4800	22036	1126	-
3076	3611	22036	1130	-
20312	4800	22036	1132	-
15737	10254	22036	1134	-
15737	10254	22036	1134	-
15737	10254	22036	1134	-
15737	10254	22036	1134	-
15737	10254	22036	1134	-
15737	10254	22036	1134	-
15737	10254	22036	1134	-
15737	10254	22036	1134	-
15737	10254	22036	1134	-
15737	10254	22036	1134	-
15737	10254	22036	1134	-
15737	10254	22036	1135	-
15737	10254	22036	1135	-
15737	10254	22036	1135	-
15737	10254	22036	1135	-
15737	10254	22036	1135	-
15737	10254	22036	1135	-
15737	10254	22036	1135	-
15737	10254	22036	1135	-
15737	10254	22036	1135	-
15737	10254	22036	1135	-
15737	10254	22036	1135	-
15737	10254	22036	1135	-
15737	10254	22036	1135	-
15737	10254	22036	1135	-
20312	4800	22036	1137	-
20312	4800	22036	1142	-
23317	5938	22036	1142	-
7179	14437	22036	1142	-
7179	23167	22036	1143	-
20312	4800	22036	1147	-
7179	2843	41383	1148	-
20312	4800	41383	1152	-
3611	20313	41383	1153	-
3611	20313	41383	1154	-
3611	20313	41383	1154	-
3611	20313	41383	1154	-
3611	20313	41383	1154	-
3611	20313	41383	1154	-
3611	20313	41383	1154	-
7179	16332	41383	1154	-
20312	4800	41383	1157	-
20312	4800	41383	1162	-
15737	9869	41383	1165	-
20312	4800	41383	1167	-
21708	19222	41383	1167	-
11001	21708	41383	1171	-
16409	13936	41383	1171	-
16409	13936	41383	1171	-
16409	13936	41383	1171	-
16409	13936	41383	1171	-
13993	13122	41383	1171	-
20312	4800	41383	1172	-
3611	15894	41383	1174	-
3611	15667	41383	1174	-
3611	15894	41383	1176	-
20312	4800	41383	1177	-
19531	1633	41383	1178	-
16671	1633	41383	1181	-
20312	4800	41383	1182	-
7179	3611	41383	1182	-
3297	22986	41383	1182	-
20312	4800	41383	1187	-
882	16593	41383	1191	-
20312	16531	41383	1191	-
20312	4800	41383	1192	-
3611	20313	41383	1194	-
3611	20313	41383	1194	-
3611	20313	41383	1194	-
3611	20313	41383	1194	-
3611	20313	41383	1194	-
3611	20313	41383	1194	-
3611	20313	41383	1194	-
13993	3601	41383	1195	-
13993	3601	41383	1196	-
13993	3601	41383	1196	-
13993	3601	41383	1196	-
13993	14089	41383	1196	-
21708	21736	41383	1196	-
20312	4800	41383	1197	-
13993	10522	41383	1197	-
21708	19222	41383	1197	-
13993	3601	41383	1197	-
3297	15894	41383	1197	-
13993	12463	41383	1197	-
13993	5938	41383	1201	-
13993	5938	41383	1202	-
20312	4800	41383	1202	-
13993	5938	41383	1205	-
12332	3461	41383	1205	-
20312	4800	41383	1207	-
13993	5938	41383	1207	-
13993	5938	10754	1209	-
20312	4800	10754	1212	-
13993	5938	10754	1212	-
13993	5938	10754	1212	-
20312	4800	10754	1217	-
16409	1739	10754	1220	-
16409	1739	10754	1220	-
16409	1739	10754	1220	-
16409	1739	10754	1220	-
16409	1739	10754	1220	-
16409	1739	10754	1220	-
16409	1739	10754	1220	-
16409	1739	10754	1220	-
16409	1739	10754	1220	-
16409	1739	10754	1220	-
16409	1739	10754	1220	-
16409	1739	10754	1220	-
16409	1739	10754	1220	-
16409	1739	10754	1220	-
16409	1739	10754	1220	-
16409	1739	10754	1220	-
16409	1739	10754	1220	-
16409	1739	10754	1220	-
16409	1739	10754	1220	-
16409	1739	10754	1220	-
16409	1739	10754	1221	-
16409	1739	10754	1221	-
16409	1739	10754	1221	-
16409	1739	10754	1221	-
16409	1739	10754	1221	-
16409	1739	10754	1221	-
16409	1739	10754	1221	-
16409	1739	10754	1221	-
16409	1739	10754	1221	-
16409	1739	10754	1221	-
16409	1739	10754	1221	-
20312	4800	10754	1222	-
20312	4800	10754	1227	-
20312	4800	10754	1232	-
13993	22986	10754	1232	-
20312	4800	10754	1238	-
12332	3611	10754	1241	-
20312	4800	10754	1243	-
16671	21708	10754	1245	-
20312	4800	10754	1248	-
16671	22986	10754	1249	-
20312	4800	10754	1253	-
20312	4800	10754	1258	-
10429	21708	10754	1258	-
13993	22986	10754	1259	-
15737	9869	10754	1261	-
15737	9869	10754	1261	-
15737	9869	10754	1261	-
15737	9869	10754	1261	-
15737	9869	10754	1261	-
15737	9869	10754	1261	-
20312	4800	10754	1263	-
13993	14851	10754	1265	-
13993	14851	10754	1266	-
13993	7570	10754	1266	-
20312	4800	36145	1268	-
20312	4800	36145	1273	-
20312	4800	36145	1278	-
20312	4800	36145	1283	-
20312	4800	36145	1288	-
7782	5938	36145	1288	-
7215	11900	36145	1289	-
18246	14135	36145	1291	-
20312	4800	36145	1293	-
16409	7215	36145	1293	-
16409	7215	36145	1294	-
16409	7215	36145	1294	-
16409	7215	36145	1294	-
16409	7215	36145	1294	-
16409	7215	36145	1294	-
16409	7215	36145	1294	-
16409	7215	36145	1294	-
16409	7215	36145	1294	-
16409	7215	36145	1294	-
16409	7215	36145	1294	-
18246	16343	36145	1294	-
15737	3076	36145	1296	-
19531	15894	36145	1296	-
15737	3076	36145	1296	-
15737	3076	36145	1296	-
15737	3076	36145	1296	-
15737	3076	36145	1296	-
15737	3076	36145	1296	-
15737	3076	36145	1296	-
15737	3076	36145	1296	-
15737	3076	36145	1296	-
15737	3076	36145	1296	-
15737	3076	36145	1296	-
15737	3076	36145	1296	-
15737	3076	36145	1296	-
15737	3076	36145	1297	-
15737	3076	36145	1297	-
15737	3076	36145	1297	-
15737	3076	36145	1297	-
15737	3076	36145	1297	-
15737	3076	36145	1297	-
15737	3076	36145	1297	-
15737	3076	36145	1297	-
15737	3076	36145	1297	-
15737	3076	36145	1297	-
15737	3076	36145	1297	-
20312	4800	36145	1298	-
3076	3611	36145	1302	-
21708	19222	36145	1302	-
20312	4800	36145	1303	-
16409	7215	36145	1304	-
16409	7215	36145	1304	-
16409	7215	36145	1304	-
16409	7215	36145	1304	-
16409	7215	36145	1304	-
16409	7215	36145	1304	-
16409	7215	36145	1304	-
16409	7215	36145	1304	-
16409	7215	36145	1304	-
16409	7215	36145	1304	-
16409	7215	36145	1304	-
16671	5938	36145	1306	-
16671	5938	36145	1308	-
20312	4800	36145	1308	-
20312	4800	36145	1313	-
3611	20313	36145	1314	-
3611	20313	36145	1314	-
3611	20313	36145	1314	-
3611	20313	36145	1314	-
3611	20313	36145	1314	-
3611	20313	36145	1314	-
3611	20313	36145	1314	-
21708	11563	36145	1316	-
21708	11563	36145	1316	-
21708	11563	36145	1316	-
21708	11563	36145	1316	-
21708	11563	36145	1316	-
21708	11563	36145	1316	-
21708	11563	36145	1316	-
21708	11563	36145	1316	-
21708	11563	36145	1316	-
21708	11563	36145	1316	-
21708	11563	36145	1316	-
21708	11563	36145	1316	-
18246	14135	36145	1316	-
18246	14135	36145	1316	-
7782	13122	36145	1317	-
3611	10756	36145	1318	-
3611	10756	36145	1318	-
20312	4800	36145	1318	-
21708	13635	36145	1319	-
21708	11563	36145	1319	-
21708	11563	36145	1319	-
21708	11563	36145	1319	-
21708	11563	36145	1319	-
21708	13635	36145	1319	-
21708	6209	36145	1319	-
21708	11563	36145	1319	-
21708	11563	36145	1319	-
21708	11563	36145	1319	-
21708	11563	36145	1319	-
21708	11563	36145	1319	-
15737	3076	36145	1320	-
15737	3076	36145	1320	-
15737	3076	36145	1320	-
15737	3076	36145	1320	-
15737	3076	36145	1320	-
15737	3076	36145	1320	-
15737	3076	36145	1320	-
15737	3076	36145	1320	-
15737	3076	36145	1320	-
15737	3076	36145	1320	-
15737	3076	36145	1320	-
15737	3076	36145	1320	-
15737	9869	36145	1321	-
20312	4800	36145	1323	-
20312	4800	36142	1328	-
6775	16593	36142	1328	-
6775	14437	36142	1330	-
15737	6099	36142	1331	-
6775	16593	36142	1331	-
18246	1633	36142	1331	-
20312	4800	36142	1333	-
3076	4981	36142	1334	-
3076	16593	36142	1335	-
8048	16593	36142	1336	-
20312	4800	36142	1338	-
15737	3076	36142	1341	-
15737	3076	36142	1341	-
15737	3076	36142	1342	-
15737	3076	36142	1342	-
15737	3076	36142	1342	-
15737	3076	36142	1342	-
15737	3076	36142	1342	-
15737	3076	36142	1342	-
15737	3076	36142	1342	-
15737	3076	36142	1342	-
13993	14851	36142	1343	-
20312	4800	36142	1343	-
15737	3076	36142	1343	-
15737	3076	36142	1343	-
15737	3076	36142	1343	-
15737	3076	36142	1343	-
15737	3076	36142	1343	-
15737	3076	36142	1343	-
15737	3076	36142	1343	-
15737	3076	36142	1343	-
11001	19523	36142	1343	-
15737	3076	36142	1343	-
15737	3076	36142	1343	-
11001	18017	36142	1343	-
15737	6114	36142	1343	-
15737	3076	36142	1343	-
15737	3076	36142	1344	-
13993	14851	36142	1344	-
13993	14851	36142	1344	-
13993	14851	36142	1344	-
15737	3076	36142	1344	-
15737	3076	36142	1346	-
15737	3076	36142	1347	-
15737	3076	36142	1347	-
15737	3076	36142	1347	-
15737	3076	36142	1347	-
15737	3076	36142	1347	-
15737	3076	36142	1347	-
15737	3076	36142	1347	-
15737	3076	36142	1347	-
15737	3076	36142	1347	-
20312	4800	36142	1348	-
15737	3076	36142	1348	-
15737	3076	36142	1348	-
15737	3076	36142	1348	-
15737	3076	36142	1348	-
15737	3076	36142	1348	-
15737	3076	36142	1348	-
15737	3076	36142	1348	-
15737	3076	36142	1348	-
15737	3076	36142	1348	-
15737	3076	36142	1348	-
15737	3076	36142	1348	-
15737	3076	36142	1348	-
20312	4800	36142	1354	-
13993	14851	36142	1357	-
13993	14851	36142	1357	-
13993	7570	36142	1358	-
20312	4800	36142	1359	-
7179	3611	36142	1363	-
20312	4800	36142	1364	-
8048	2843	36142	1364	-
13993	14851	36142	1364	-
20312	4800	36142	1369	-
8048	16593	36142	1370	-
11001	19523	36142	1370	-
11001	19523	36142	1371	-
11001	19523	36142	1371	-
11001	19523	36142	1371	-
11001	19523	36142	1371	-
11001	19523	36142	1371	-
11001	19523	36142	1371	-
11001	19523	36142	1371	-
11001	19523	36142	1371	-
11001	19523	36142	1371	-
20312	4800	36142	1374	-
18246	17225	36142	1375	-
18246	17225	36142	1375	-
18246	17225	36142	1376	-
20312	4800	36142	1379	-
20312	4800	36142	1384	-
8048	2843	36142	1384	-
20312	4800	23054	1389	-
20312	4800	23054	1394	-
13993	15667	23054	1396	-
11001	15667	23054	1398	-
20312	4800	23054	1399	-
3611	10756	23054	1402	-
3611	10756	23054	1402	-
3611	10756	23054	1402	-
3611	10756	23054	1402	-
3611	10756	23054	1402	-
3611	10756	23054	1402	-
20312	4800	23054	1404	-
16409	7215	23054	1407	-
16409	7215	23054	1407	-
16409	7215	23054	1407	-
16409	7215	23054	1407	-
16409	7215	23054	1407	-
16409	7215	23054	1407	-
16409	7215	23054	1407	-
16409	7215	23054	1407	-
16409	7215	23054	1407	-
16409	7215	23054	1407	-
20312	4800	23054	1409	-
20312	4800	23054	1414	-
20312	4800	23054	1419	-
15394	4800	23054	1421	-
23317	882	23054	1421	-
20312	4800	23054	1424	-
18246	3739	23054	1424	-
20312	4800	23054	1429	-
20312	4800	23054	1434	-
16409	1215	23054	1438	-
16409	1215	23054	1438	-
16409	1215	23054	1438	-
16409	1215	23054	1438	-
11001	19523	23054	1438	-
16409	1215	23054	1438	-
11001	19523	23054	1438	-
16409	1215	23054	1438	-
16409	1215	23054	1438	-
16409	1215	23054	1438	-
16409	1215	23054	1438	-
11001	18017	23054	1438	-
16409	1215	23054	1438	-
11001	19523	23054	1438	-
16409	1215	23054	1438	-
11001	19523	23054	1438	-
16409	1215	23054	1438	-
16409	1215	23054	1438	-
11001	19523	23054	1438	-
20312	4800	23054	1439	-
20312	4800	23054	1444	-
11001	17649	23054	1444	-
11001	17649	23054	1444	-
11001	17649	23054	1444	-
11001	17649	23054	1444	-
11001	17649	23054	1444	-
11001	17649	23054	1444	-
11001	17649	23054	1444	-
11001	17649	23054	1444	-
11001	17649	23054	1444	-
11001	17649	23054	1444	-
11001	17649	23054	1444	-
11001	17649	23054	1444	-
11001	17649	23054	1444	-
11001	17649	23054	1444	-
11001	17649	23054	1444	-
11001	17649	23054	1444	-
11001	17649	23054	1444	-
11001	17649	23054	1444	-
11001	17649	23054	1444	-
11001	17649	23054	1444	-
11001	17649	23054	1445	-
20312	4800	765	1449	-
20312	4800	765	1454	-
18246	17225	765	1456	-
18246	17225	765	1456	-
18246	17225	765	1456	-
8048	4981	765	1459	-
20312	4800	765	1460	-
20312	4800	765	1465	-
3611	10756	765	1465	-
20312	4800	765	1470	-
20312	4800	765	1475	-
3611	10756	765	1477	-
3611	10756	765	1477	-
20312	4800	765	1480	-
11001	9987	765	1483	-
20312	4800	765	1485	-
20312	4800	765	1490	-
11001	9987	765	1493	-
11001	9987	765	1493	-
13993	14851	765	1494	-
20312	4800	765	1495	-
11001	10172	765	1496	-
11001	9987	765	1496	-
11001	9987	765	1496	-
11001	9987	765	1496	-
11001	9987	765	1496	-
11001	9987	765	1496	-
11001	9987	765	1496	-
11001	9987	765	1496	-
11001	9987	765	1496	-
19603	3461	765	1497	-
19603	16593	765	1497	-
20312	4800	765	1500	-
3611	18332	765	1502	-
19603	8452	765	1502	-
19603	14437	765	1503	-
20312	4800	765	1505	-
23317	5938	765	1505	-
19603	3611	15672	1508	-
19603	23167	15672	1508	-
20312	4800	15672	1510	-
18246	20682	15672	1510	-
18246	20682	15672	1510	-
18246	20682	15672	1511	-
18246	20682	15672	1511	-
18246	20682	15672	1511	-
18246	20682	15672	1511	-
18246	20682	15672	1511	-
18246	20682	15672	1511	-
18246	20682	15672	1511	-
18246	20682	15672	1511	-
18246	20682	15672	1511	-
18246	20682	15672	1511	-
18246	20682	15672	1512	-
18246	20682	15672	1512	-
18246	20682	15672	1512	-
18246	20682	15672	1512	-
18246	20682	15672	1512	-
18246	20682	15672	1512	-
18246	20682	15672	1512	-
19603	3297	15672	1514	-
20312	4800	15672	1515	-
19531	15894	15672	1518	-
20312	4800	15672	1520	-
19603	4981	15672	1520	-
20312	4800	15672	1525	-
19603	7268	15672	1526	-
19603	16332	15672	1527	-
12332	3611	15672	1529	-
20312	4800	15672	1530	-
11001	1215	15672	1532	-
15737	9869	15672	1532	-
15737	9869	15672	1532	-
15737	9869	15672	1532	-
15737	9869	15672	1532	-
15737	9869	15672	1532	-
15737	9869	15672	1532	-
11001	1215	15672	1532	-
11001	1215	15672	1532	-
11001	1215	15672	1532	-
11001	1215	15672	1532	-
11001	1215	15672	1533	-
11001	1215	15672	1533	-
11001	1215	15672	1533	-
11001	1215	15672	1533	-
11001	1215	15672	1533	-
11001	1215	15672	1533	-
11001	1215	15672	1533	-
11001	1215	15672	1533	-
20312	4800	15672	1535	-
20312	4800	15672	1540	-
7215	1633	15672	1543	-
20312	4800	15672	1545	-
7782	22986	15672	1545	-
20312	4800	15672	1550	-
17624	2843	15672	1551	-
20312	4800	15672	1555	-
3076	3611	15672	1556	-
20312	4800	15672	1560	-
20312	4800	15672	1566	-
20312	4800	676	1571	-
20312	4800	676	1576	-
20312	4800	676	1581	-
20312	4800	676	1586	-
20312	4800	676	1591	-
20312	4800	676	1596	-
882	4981	676	1596	-
3611	10756	676	1598	-
3611	10756	676	1598	-
3611	10756	676	1598	-
3611	10756	676	1598	-
3611	10756	676	1598	-
3611	10756	676	1598	-
3611	10756	676	1598	-
3611	10756	676	1598	-
3611	10756	676	1598	-
3611	10756	676	1598	-
3611	10756	676	1598	-
3611	10756	676	1598	-
3611	10756	676	1598	-
3611	10756	676	1598	-
882	4981	676	1598	-
18246	20682	676	1599	-
18246	20682	676	1599	-
18246	20682	676	1599	-
18246	20682	676	1599	-
18246	20682	676	1599	-
18246	20682	676	1599	-
18246	20682	676	1599	-
18246	20682	676	1600	-
18246	20682	676	1600	-
18246	20682	676	1600	-
18246	20682	676	1600	-
18246	20682	676	1600	-
18246	20682	676	1600	-
18246	20682	676	1600	-
18246	20682	676	1600	-
18246	20682	676	1600	-
18246	20682	676	1600	-
11001	9987	676	1600	-
11001	9987	676	1600	-
11001	9987	676	1600	-
20312	4800	676	1601	-
11001	10172	676	1601	-
11001	9987	676	1601	-
20312	4800	676	1606	-
20312	4800	676	1611	-
18246	20682	676	1613	-
18246	20682	676	1613	-
18246	20682	676	1613	-
18246	20682	676	1613	-
18246	20682	676	1613	-
18246	20682	676	1613	-
18246	20682	676	1613	-
18246	20682	676	1613	-
18246	20682	676	1613	-
18246	20682	676	1613	-
18246	20682	676	1613	-
18246	20682	676	1613	-
20312	4800	676	1616	-
20312	4800	676	1621	-
20312	4800	676	1626	-
20312	4800	13339	1631	-
13993	14851	13339	1631	-
3611	10756	13339	1634	-
20312	4800	13339	1636	-
10429	15667	13339	1636	-
17624	16332	13339	1639	-
21708	11563	13339	1640	-
21708	11563	13339	1640	-
21708	11563	13339	1640	-
21708	11563	13339	1640	-
21708	11563	13339	1640	-
21708	11563	13339	1640	-
21708	11563	13339	1640	-
21708	11563	13339	1640	-
21708	11563	13339	1640	-
21708	11563	13339	1640	-
21708	11563	13339	1640	-
21708	11563	13339	1640	-
21708	13635	13339	1640	-
21708	11563	13339	1640	-
21708	11563	13339	1640	-
21708	11563	13339	1640	-
21708	6209	13339	1640	-
21708	11563	13339	1640	-
21708	11563	13339	1640	-
21708	11563	13339	1640	-
21708	11563	13339	1640	-
21708	11563	13339	1640	-
21708	11563	13339	1640	-
20312	4800	13339	1641	-
17624	16332	13339	1641	-
16409	7215	13339	1642	-
16409	7215	13339	1642	-
16409	7215	13339	1642	-
16409	7215	13339	1642	-
16409	7215	13339	1643	-
16409	7215	13339	1643	-
16409	7215	13339	1643	-
16409	7215	13339	1643	-
16409	7215	13339	1643	-
16409	7215	13339	1643	-
16409	7215	13339	1643	-
17624	16332	13339	1643	-
7215	19834	13339	1643	-
20312	4800	13339	1646	-
17624	16332	13339	1647	-
3611	10756	13339	1650	-
20312	4800	13339	1651	-
20312	4800	13339	1656	-
3611	666	13339	1657	-
3611	20674	13339	1660	-
3611	666	13339	1660	-
3611	666	13339	1660	-
3611	666	13339	1660	-
3611	666	13339	1660	-
3611	20674	13339	1660	-
3611	666	13339	1660	-
3611	666	13339	1660	-
20312	4800	13339	1661	-
7179	3611	13339	1662	-
20312	4800	13339	1666	-
20312	4800	13339	1671	-
20312	4800	13339	1676	-
11001	468	13339	1678	-
20312	4800	13339	1681	-
11001	8284	13339	1681	-
20312	4800	13339	1687	-
13993	14851	35751	1689	-
20312	4800	35751	1692	-
20312	4800	35751	1697	-
20312	4800	35751	1702	-
20312	4800	35751	1707	-
20312	4800	35751	1712	-
20312	4800	35751	1717	-
3611	666	35751	1720	-
11001	1215	35751	1722	-
20312	4800	35751	1722	-
11001	1215	35751	1722	-
11001	1215	35751	1722	-
11001	1215	35751	1722	-
11001	1215	35751	1722	-
11001	1215	35751	1722	-
11001	1215	35751	1722	-
11001	1215	35751	1722	-
11001	1215	35751	1722	-
11001	1215	35751	1722	-
11001	1215	35751	1722	-
11001	1215	35751	1722	-
11001	1215	35751	1722	-
11001	1215	35751	1722	-
11001	1215	35751	1722	-
14547	15894	35751	1723	-
20312	4800	35751	1727	-
21708	12985	35751	1727	-
12985	19531	35751	1727	-
3957	15394	35751	1729	-
3957	11900	35751	1729	-
20312	4800	35751	1732	-
20312	4800	35751	1737	-
11001	13755	35751	1741	-
11001	13755	35751	1741	-
11001	13755	35751	1741	-
11001	13755	35751	1741	-
11001	13755	35751	1741	-
11001	13755	35751	1741	-
11001	13755	35751	1741	-
11001	13755	35751	1741	-
11001	13755	35751	1741	-
11001	13755	35751	1741	-
11001	13755	35751	1741	-
11001	13755	35751	1741	-
11001	13755	35751	1741	-
11001	13755	35751	1741	-
11001	13755	35751	1741	-
11001	13755	35751	1741	-
11001	13755	35751	1741	-
11001	13755	35751	1741	-
11001	13755	35751	1741	-
11001	13755	35751	1741	-
20312	4800	35751	1742	-
20312	4800	35751	1747	-
20312	4800	39641	1752	-
20312	4800	39641	1757	-
3076	3611	39641	1759	-
12985	19531	39641	1760	-
12985	11900	39641	1760	-
20312	4800	39641	1762	-
3957	15394	39641	1762	-
13993	14851	39641	1762	-
12985	21708	39641	1762	-
20312	4800	39641	1767	-
19531	19531	39641	1768	-
20312	4800	39641	1772	-
20312	4800	39641	1777	-
11001	13755	39641	1780	-
11001	13755	39641	1780	-
11001	13755	39641	1780	-
11001	13755	39641	1780	-
11001	13755	39641	1780	-
11001	13755	39641	1780	-
11001	13755	39641	1780	-
11001	13755	39641	1780	-
11001	13755	39641	1780	-
11001	13755	39641	1780	-
11001	13755	39641	1780	-
11001	13755	39641	1780	-
11001	13755	39641	1780	-
11001	13755	39641	1780	-
11001	13755	39641	1780	-
11001	13755	39641	1780	-
11001	13755	39641	1780	-
11001	13755	39641	1780	-
11001	13755	39641	1780	-
11001	13755	39641	1780	-
20312	4800	39641	1782	-
8048	14437	39641	1782	-
20312	4800	39641	1787	-
16409	17052	39641	1787	-
16409	17052	39641	1787	-
16409	17052	39641	1788	-
16409	17052	39641	1788	-
16409	17052	39641	1788	-
16409	17052	39641	1788	-
16409	17052	39641	1788	-
16409	17052	39641	1788	-
16409	17052	39641	1788	-
16409	17052	39641	1788	-
16409	17052	39641	1788	-
16409	17052	39641	1788	-
16409	17052	39641	1788	-
16409	17052	39641	1788	-
16409	17052	39641	1788	-
16409	17052	39641	1788	-
16409	17052	39641	1788	-
16409	17052	39641	1788	-
16409	17052	39641	1788	-
3611	15894	39641	1788	-
20312	4800	39641	1792	-
20312	4800	39641	1798	-
