13993	4582	9613	0	-
13993	4582	9613	0	-
13993	4582	9613	0	-
13993	4582	9613	0	-
13993	4582	9613	0	-
7179	4981	9613	0	-
7782	17923	9613	2	-
882	4981	9613	17	-
21708	9722	9613	23	-
11001	1398	9613	28	-
11001	1398	9613	28	-
11001	1398	9613	28	-
11001	6209	9613	28	-
11001	6209	9613	28	-
11001	1398	9613	28	-
11001	6209	9613	28	-
11001	6209	9613	28	-
11001	1398	9613	37	-
16409	20700	9613	39	-
16409	20700	9613	39	-
16409	20700	9613	39	-
16409	20700	9613	39	-
16409	20700	9613	39	-
16409	20700	9613	39	-
16409	20700	9613	39	-
16409	20700	9613	39	-
16409	20700	9613	39	-
16409	20700	9613	39	-
16409	20700	9613	39	-
16409	20700	9613	39	-
16409	20700	9613	39	-
16409	20700	9613	39	-
16409	20700	9613	39	-
16409	20700	9613	39	-
14547	18740	9613	43	-
13993	19555	9613	45	-
13993	19555	9613	45	-
13993	19555	9613	45	-
3957	15667	9613	45	-
17624	4981	9613	45	-
13993	19555	9613	45	-
13993	19555	9613	45	-
14547	445	9437	52	-
14547	1633	9437	52	-
17624	4981	9437	60	-
14547	22030	9437	64	-
13993	19555	9437	67	-
13993	19555	9437	68	-
16409	18246	9437	72	-
16409	18246	9437	72	-
7179	8452	9437	73	-
13993	19555	9437	74	-
17624	3297	9437	74	-
7179	8452	9437	78	-
7782	16139	9437	80	-
7782	16139	9437	80	-
7782	16139	9437	80	-
7782	16139	9437	80	-
7782	16139	9437	80	-
7782	16139	9437	80	-
7782	16139	9437	80	-
7782	16139	9437	80	-
7782	16139	9437	80	-
7782	16139	9437	80	-
7782	16139	9437	80	-
7782	16139	9437	80	-
7782	16139	9437	80	-
7782	16139	9437	80	-
7782	16139	9437	81	-
7782	16139	9437	81	-
7782	16139	9437	81	-
7782	16139	9437	81	-
7782	16139	9437	81	-
7782	16139	9437	81	-
7782	16139	9437	81	-
7782	2463	9437	81	-
7782	16139	9437	81	-
16409	12789	9437	102	-
16409	12789	9437	102	-
16409	12789	9437	102	-
16409	12789	9437	102	-
16409	12789	9437	102	-
16409	12789	9437	102	-
16409	12789	9437	102	-
16409	12789	9437	102	-
16409	12789	9437	102	-
16409	12789	9437	102	-
16409	12789	9437	102	-
16409	12789	9437	102	-
16409	12789	9437	102	-
16409	12789	9437	102	-
12332	16593	9437	104	-
16409	12789	9437	108	-
16409	20812	9437	108	-
14547	3176	9437	110	-
14547	3176	9437	110	-
14547	3176	9437	110	-
14547	3176	9437	110	-
14547	3176	9437	110	-
14547	3176	9437	110	-
14547	3176	9437	110	-
14547	3176	9437	110	-
14547	3176	9437	110	-
14547	3176	9437	110	-
14547	3176	9437	110	-
14547	3176	9437	110	-
14547	3176	9437	110	-
14547	3176	31527	111	-
14547	3176	31527	111	-
14547	3176	31527	111	-
14547	3176	31527	111	-
14547	3176	31527	111	-
14547	3176	31527	111	-
14547	3176	31527	111	-
14547	3176	31527	111	-
14547	3176	31527	111	-
14547	3176	31527	111	-
14547	3176	31527	111	-
14547	3176	31527	111	-
14547	3176	31527	111	-
14547	3176	31527	111	-
14547	3176	31527	111	-
14547	3176	31527	111	-
14547	3176	31527	111	-
14547	3176	31527	111	-
14547	3176	31527	111	-
14547	3176	31527	111	-
14547	3176	31527	111	-
14547	3176	31527	111	-
14547	3176	31527	111	-
14547	3176	31527	111	-
14547	3176	31527	111	-
14547	3176	31527	111	-
14547	3176	31527	111	-
14547	3176	31527	111	-
14547	3176	31527	111	-
6114	5696	31527	112	-
6114	5696	31527	112	-
6114	5696	31527	112	-
6114	5696	31527	112	-
6114	5696	31527	112	-
6114	5696	31527	112	-
6114	5696	31527	112	-
6114	5696	31527	112	-
6114	5696	31527	112	-
6114	5696	31527	112	-
6114	5696	31527	112	-
6114	5696	31527	112	-
6114	5696	31527	112	-
6114	5696	31527	112	-
6114	5696	31527	112	-
6114	5696	31527	112	-
13993	1633	31527	113	-
7782	17649	31527	114	-
7782	17649	31527	115	-
7782	17649	31527	115	-
7782	17649	31527	115	-
7782	17649	31527	115	-
7782	17649	31527	115	-
7782	17649	31527	115	-
7782	17649	31527	115	-
7782	17649	31527	115	-
7782	17649	31527	115	-
7782	17649	31527	115	-
7782	17649	31527	115	-
7782	17649	31527	115	-
7782	17649	31527	115	-
7782	17649	31527	115	-
7782	17649	31527	115	-
7782	17649	31527	115	-
7782	17649	31527	122	-
7782	17649	31527	122	-
7782	17649	31527	122	-
7782	17649	31527	122	-
7782	17649	31527	122	-
7782	17649	31527	122	-
7179	8452	31527	140	-
13993	5938	31527	149	-
11001	5696	31527	149	-
11001	5696	31527	150	-
11001	5696	31527	150	-
11001	5696	31527	150	-
11001	5696	31527	150	-
11001	5696	31527	150	-
11001	5696	31527	150	-
11001	5696	31527	150	-
11001	5696	31527	150	-
11001	5696	31527	150	-
11001	5696	31527	150	-
11001	5696	31527	150	-
11001	5696	31527	150	-
11001	5696	31527	150	-
11001	5696	31527	150	-
11001	5696	31527	150	-
13993	22986	31527	150	-
16409	15307	31527	153	-
16409	15307	31527	153	-
16409	15307	31527	153	-
16409	15307	31527	153	-
16409	15307	31527	153	-
8048	3461	31527	155	-
14547	3176	31527	157	-
14547	3176	31527	158	-
14547	3176	31527	158	-
14547	3176	31527	158	-
14547	3176	31527	158	-
14547	3176	31527	158	-
14547	3176	31527	158	-
14547	3176	31527	158	-
14547	3176	31527	158	-
13993	7674	31527	169	-
13993	7674	31527	169	-
13993	7674	31527	169	-
13993	7674	31527	169	-
13993	7674	31527	169	-
13993	7674	31527	169	-
3957	19834	44546	175	-
11001	8825	44546	184	-
11001	8825	44546	184	-
11001	8825	44546	184	-
11001	8825	44546	184	-
11001	8825	44546	184	-
11001	8825	44546	184	-
11001	8825	44546	184	-
11001	8825	44546	184	-
11001	8825	44546	184	-
11001	8825	44546	184	-
11001	8825	44546	184	-
11001	8825	44546	184	-
11001	22668	44546	187	-
11001	22668	44546	187	-
11001	8825	44546	187	-
11001	8825	44546	187	-
11001	8825	44546	187	-
11001	8825	44546	187	-
11001	6209	44546	187	-
11001	8825	44546	187	-
11001	8825	44546	187	-
11001	8825	44546	187	-
11001	8825	44546	187	-
11001	8825	44546	187	-
15394	4800	44546	194	-
23317	882	44546	194	-
11001	15394	44546	199	-
12985	19834	44546	203	-
8048	4981	44546	207	-
7782	17649	44546	210	-
7782	17649	44546	210	-
7782	17649	44546	210	-
7782	17649	44546	210	-
7782	17649	44546	210	-
7782	17649	44546	210	-
7782	17649	44546	210	-
7782	17649	44546	210	-
7782	17649	44546	210	-
7782	17649	44546	210	-
7782	17649	44546	211	-
7782	17649	44546	211	-
7782	17649	44546	211	-
7782	17649	44546	211	-
7782	17649	44546	211	-
7782	17649	44546	211	-
7782	17649	44546	211	-
12985	15667	44546	213	-
11001	1542	44546	220	-
11001	1542	44546	220	-
11001	1542	44546	220	-
6114	7968	44546	222	-
21708	18063	44546	223	-
11001	1542	44546	227	-
11001	1542	44546	227	-
11001	1542	44546	227	-
11001	1542	44546	227	-
11001	1542	44546	227	-
11001	1542	44546	227	-
11001	1542	44546	227	-
11001	1542	44546	227	-
11001	1542	44546	229	-
14547	9124	44546	229	-
11001	1542	44546	229	-
14547	9124	44546	229	-
14547	9124	44546	230	-
14547	9124	44546	230	-
14547	9124	44546	230	-
14547	9124	44546	230	-
14547	9124	44546	230	-
14547	9124	44546	230	-
14547	9124	44546	230	-
14547	9124	44546	230	-
14547	9124	44546	230	-
14547	9124	44546	230	-
14547	9124	44546	230	-
14547	9124	44546	230	-
14547	9124	44546	230	-
21708	19604	29353	231	-
21708	19604	29353	232	-
21708	19604	29353	232	-
21708	19604	29353	232	-
21708	19604	29353	232	-
21708	19604	29353	232	-
21708	19604	29353	232	-
21708	19604	29353	232	-
21708	19604	29353	232	-
21708	19604	29353	232	-
21708	19604	29353	232	-
21708	19604	29353	232	-
21708	19604	29353	232	-
21708	19604	29353	232	-
21708	19604	29353	232	-
21708	19604	29353	232	-
21708	19604	29353	232	-
21708	19604	29353	232	-
21708	19604	29353	232	-
21708	19604	29353	233	-
21708	19604	29353	233	-
21708	19604	29353	233	-
21708	19604	29353	233	-
21708	19604	29353	233	-
21708	19604	29353	233	-
21708	22527	29353	233	-
21708	19604	29353	233	-
21708	19604	29353	233	-
21708	19604	29353	233	-
21708	19604	29353	233	-
21708	19604	29353	233	-
21708	19604	29353	233	-
21708	19604	29353	233	-
21708	19604	29353	233	-
21708	19604	29353	233	-
21708	19604	29353	233	-
21708	19604	29353	233	-
21708	19604	29353	233	-
21708	19604	29353	233	-
21708	19604	29353	233	-
21708	19604	29353	233	-
21708	19604	29353	233	-
21708	19604	29353	233	-
21708	19604	29353	233	-
21708	19604	29353	233	-
21708	19604	29353	233	-
21708	19604	29353	233	-
21708	19604	29353	233	-
21708	19604	29353	233	-
21708	19604	29353	234	-
21708	19604	29353	234	-
21708	19604	29353	234	-
21708	19604	29353	234	-
21708	19604	29353	234	-
21708	19604	29353	234	-
21708	19604	29353	234	-
21708	19604	29353	234	-
21708	19604	29353	234	-
21708	19604	29353	234	-
21708	19604	29353	234	-
21708	19604	29353	234	-
21708	19604	29353	234	-
21708	19604	29353	234	-
21708	19604	29353	234	-
21708	19604	29353	234	-
21708	19604	29353	234	-
21708	19604	29353	234	-
21708	19604	29353	234	-
21708	19604	29353	234	-
21708	19604	29353	234	-
21708	19604	29353	234	-
21708	19604	29353	234	-
21708	19604	29353	234	-
21708	19604	29353	234	-
21708	19604	29353	234	-
21708	19604	29353	234	-
21708	19604	29353	234	-
21708	19604	29353	235	-
21708	19604	29353	235	-
17923	15394	29353	243	-
17923	5938	29353	243	-
20312	587	29353	243	-
10571	4981	29353	262	-
10571	16593	29353	263	-
14267	9121	29353	263	-
14267	9121	29353	266	-
14267	9121	29353	266	-
14267	13508	29353	266	-
14267	9121	29353	266	-
14267	13508	29353	266	-
14267	9121	29353	266	-
14267	13508	29353	266	-
14267	9121	29353	266	-
14267	13508	29353	267	-
14267	9121	29353	267	-
14267	9121	29353	267	-
14267	9121	29353	267	-
14267	9121	29353	267	-
14267	9121	29353	267	-
14267	9121	29353	267	-
14267	9121	29353	267	-
14267	9121	29353	267	-
14267	9121	29353	267	-
14267	9121	29353	267	-
14267	9121	29353	267	-
14267	9121	29353	267	-
8048	3297	29353	275	-
3957	15394	29353	275	-
8048	16332	29353	275	-
3957	15394	29353	283	-
7782	17649	29353	288	-
7782	17649	29353	288	-
7782	17649	29353	288	-
16409	15307	29353	289	-
7782	17649	29353	289	-
16409	15307	29353	289	-
7782	17649	29353	289	-
7782	17649	29353	289	-
7782	17649	29353	289	-
16409	15307	29353	289	-
7782	17649	29353	289	-
16409	15307	29353	289	-
16409	15307	29353	289	-
16409	12248	29353	289	-
7782	17649	29353	289	-
7782	17649	29353	289	-
7782	17649	29353	289	-
7782	17649	29353	289	-
7782	17649	29353	289	-
7782	17649	29353	289	-
7782	17649	29353	289	-
7782	17649	29353	289	-
7782	17649	29353	289	-
7782	17649	29353	289	-
7782	17649	29353	289	-
7782	17649	29353	289	-
7782	17649	29353	289	-
14547	9124	43122	296	-
7179	8452	43122	296	-
13993	5696	43122	315	-
13993	5696	43122	315	-
13993	5696	43122	315	-
13993	5696	43122	315	-
13993	5696	43122	315	-
13993	5696	43122	315	-
13993	5696	43122	315	-
13993	5696	43122	315	-
13993	5696	43122	315	-
13993	5696	43122	315	-
13993	5696	43122	315	-
13993	5696	43122	315	-
13993	5696	43122	315	-
13993	5696	43122	316	-
13993	5696	43122	316	-
13993	5696	43122	316	-
13993	5696	43122	316	-
13993	5696	43122	316	-
13993	5696	43122	316	-
13993	5696	43122	316	-
13993	5696	43122	316	-
13993	5696	43122	316	-
13993	5696	43122	316	-
13993	5696	43122	316	-
13993	5696	43122	316	-
13993	7674	43122	316	-
13993	5696	43122	316	-
13993	5696	43122	316	-
13993	5696	43122	316	-
13993	5696	43122	316	-
14547	15795	43122	317	-
14547	15795	43122	317	-
14547	15795	43122	317	-
14547	15795	43122	317	-
14547	15795	43122	317	-
14547	15795	43122	317	-
14547	15795	43122	317	-
14547	15795	43122	317	-
14547	15795	43122	317	-
14547	15795	43122	317	-
14547	15795	43122	317	-
14547	6768	43122	319	-
14547	10178	43122	319	-
14547	6768	43122	319	-
14267	13508	43122	321	-
14267	9121	43122	321	-
14267	13508	43122	321	-
14267	13508	43122	321	-
14267	9121	43122	321	-
14267	9121	43122	321	-
14267	13508	43122	321	-
14267	9121	43122	321	-
14267	4752	43122	321	-
14267	9121	43122	321	-
14267	13508	43122	321	-
14267	13508	43122	322	-
14267	13508	43122	322	-
14267	9121	43122	322	-
14267	13508	43122	322	-
14267	9121	43122	322	-
14267	9121	43122	322	-
14267	9121	43122	322	-
14267	9121	43122	322	-
14267	9121	43122	322	-
14267	9121	43122	322	-
14267	9121	43122	322	-
14267	9121	43122	322	-
14267	9121	43122	322	-
14267	9121	43122	322	-
14267	9121	43122	322	-
7782	17649	43122	328	-
11001	2404	43122	329	-
14267	4752	43122	335	-
21708	19604	43122	337	-
21708	19604	43122	337	-
14267	4216	43122	338	-
14267	4216	43122	338	-
14267	4216	43122	338	-
7782	11711	30305	360	-
7782	11711	30305	360	-
7782	11711	30305	360	-
7782	11711	30305	360	-
7782	11711	30305	360	-
7782	11711	30305	360	-
7782	11711	30305	360	-
7782	11711	30305	360	-
7782	11711	30305	360	-
7782	11711	30305	360	-
7782	11711	30305	360	-
7782	11711	30305	361	-
7782	11711	30305	361	-
7782	11711	30305	361	-
7782	11711	30305	361	-
7782	11711	30305	361	-
7782	11711	30305	361	-
7782	11711	30305	361	-
7782	11711	30305	361	-
7782	11711	30305	361	-
7782	11711	30305	361	-
7782	11711	30305	361	-
7782	11711	30305	361	-
7782	11711	30305	361	-
7782	11711	30305	361	-
7782	11711	30305	361	-
7782	11711	30305	361	-
7782	11711	30305	361	-
7782	11711	30305	361	-
7782	11711	30305	361	-
7782	11711	30305	361	-
7782	11711	30305	361	-
7782	11711	30305	361	-
7782	11711	30305	361	-
10571	16531	30305	364	-
7782	3069	30305	364	-
7782	3069	30305	364	-
7782	11711	30305	364	-
7782	11711	30305	364	-
7782	11711	30305	364	-
7782	11711	30305	364	-
14547	15667	30305	366	-
17624	16531	30305	367	-
17624	3297	30305	368	-
13993	15667	30305	369	-
17624	3297	30305	370	-
13993	15667	30305	371	-
17624	3297	30305	372	-
13993	15667	30305	373	-
17624	3297	30305	374	-
6775	4981	30305	375	-
17624	3297	30305	377	-
13993	15667	30305	377	-
17624	3297	30305	379	-
17624	3297	30305	382	-
17624	3297	30305	382	-
17624	3297	30305	382	-
17624	3297	30305	382	-
17624	3297	30305	382	-
17624	3297	30305	382	-
17624	3297	30305	382	-
17624	3297	30305	382	-
17624	3297	30305	382	-
17624	3297	30305	382	-
17624	3297	30305	382	-
17624	3297	30305	382	-
17624	3297	30305	382	-
17624	3297	30305	382	-
17624	3297	30305	382	-
17624	3297	30305	382	-
17624	3297	30305	382	-
17624	3297	30305	382	-
17624	3297	30305	383	-
17624	3297	30305	383	-
17624	3297	30305	383	-
17624	3297	30305	383	-
17624	3297	30305	383	-
17624	3297	30305	383	-
11001	1542	30305	385	-
11001	1542	30305	385	-
21708	19604	30305	387	-
21708	19604	30305	387	-
16409	15307	30305	398	-
16409	15307	30305	398	-
16409	15307	30305	398	-
16409	15307	30305	398	-
16409	15307	30305	398	-
16409	15307	30305	398	-
16409	15307	30305	398	-
16409	15307	30305	398	-
16409	15307	30305	398	-
16409	15307	30305	398	-
16409	15307	30305	398	-
16409	15307	30305	398	-
16409	15307	30305	398	-
6114	17923	30305	400	-
6114	17923	30305	401	-
6114	17923	30305	401	-
14267	4216	30305	409	-
11001	461	30305	410	-
11001	461	30305	410	-
11001	461	30305	410	-
11001	461	30305	410	-
14267	12332	1116	414	-
14267	12332	1116	415	-
14267	12332	1116	415	-
14267	12332	1116	415	-
14267	12332	1116	415	-
14267	12332	1116	415	-
14267	12332	1116	415	-
14267	12332	1116	415	-
14267	12332	1116	415	-
14267	12332	1116	415	-
14267	12332	1116	415	-
14267	12332	1116	415	-
14267	12332	1116	415	-
14267	12332	1116	415	-
14267	12332	1116	415	-
14267	12332	1116	415	-
14267	12332	1116	415	-
14267	12332	1116	415	-
14267	12332	1116	415	-
14267	12332	1116	415	-
14267	12332	1116	415	-
14267	12332	1116	415	-
14267	12332	1116	415	-
14267	12332	1116	415	-
14267	12332	1116	416	-
14267	12332	1116	416	-
14267	12332	1116	416	-
21708	19604	1116	423	-
16409	7679	1116	428	-
3611	15667	1116	428	-
21708	19604	1116	430	-
17624	2843	1116	430	-
21708	19604	1116	430	-
17624	2843	1116	432	-
16409	15307	1116	432	-
16409	15307	1116	432	-
16409	15307	1116	432	-
16409	15307	1116	432	-
16409	15307	1116	432	-
16409	12248	1116	432	-
17624	2843	1116	434	-
882	14437	1116	435	-
17624	2843	1116	436	-
882	8452	1116	436	-
14547	10178	1116	437	-
17624	2843	1116	438	-
17624	2843	1116	440	-
17624	2843	1116	444	-
17624	2843	1116	444	-
17624	2843	1116	444	-
17624	2843	1116	444	-
17624	2843	1116	444	-
17624	2843	1116	444	-
17624	2843	1116	444	-
17624	2843	1116	444	-
17624	2843	1116	444	-
17624	2843	1116	444	-
17624	2843	1116	444	-
17624	2843	1116	444	-
17624	2843	1116	444	-
17624	2843	1116	444	-
17624	2843	1116	444	-
17624	2843	1116	444	-
17624	2843	1116	444	-
17624	2843	1116	444	-
11001	461	1116	461	-
21708	13225	1116	464	-
21708	13225	1116	464	-
21708	13225	1116	464	-
21708	13225	1116	464	-
21708	13225	1116	464	-
21708	13225	1116	464	-
21708	13225	1116	464	-
21708	13225	1116	464	-
21708	13225	1116	464	-
21708	13225	1116	464	-
21708	13225	1116	464	-
21708	13225	1116	464	-
14547	20201	29788	489	-
14547	20201	29788	489	-
6114	12332	29788	492	-
6114	12332	29788	493	-
6114	12332	29788	493	-
6114	12332	29788	493	-
6114	12332	29788	493	-
6114	12332	29788	493	-
6114	12332	29788	493	-
6114	12332	29788	493	-
6114	12332	29788	493	-
6114	12332	29788	493	-
6114	12332	29788	493	-
6114	12332	29788	493	-
6114	12332	29788	493	-
6114	12332	29788	493	-
6114	12332	29788	493	-
10571	2843	29788	493	-
6114	12332	29788	494	-
6114	12332	29788	494	-
6114	12332	29788	494	-
6114	12332	29788	494	-
6114	12332	29788	494	-
6114	12332	29788	494	-
6114	12332	29788	494	-
6114	12332	29788	494	-
6114	12332	29788	494	-
6114	12332	29788	494	-
6114	12332	29788	494	-
6114	12332	29788	494	-
10571	4981	29788	494	-
10571	3461	29788	495	-
882	3461	29788	512	-
882	16531	29788	512	-
21708	13225	29788	515	-
14267	12332	29788	516	-
14267	12332	29788	516	-
14267	12332	29788	517	-
14267	12332	29788	517	-
14267	12332	29788	517	-
14267	12332	29788	517	-
14267	12332	29788	517	-
14267	12332	29788	517	-
14267	12332	29788	517	-
14267	12332	29788	517	-
14267	12332	29788	517	-
14267	12332	29788	517	-
14267	12332	29788	517	-
14267	12332	29788	517	-
14267	12332	29788	517	-
14267	12332	29788	517	-
14267	12332	29788	517	-
21708	22442	29788	523	-
21708	22442	29788	523	-
14267	12332	29788	526	-
14267	12332	29788	526	-
14267	12332	29788	526	-
14267	12332	29788	526	-
14267	12332	29788	526	-
14267	12332	29788	526	-
14267	12332	29788	526	-
14267	12332	29788	526	-
6114	12332	13246	534	-
6114	12332	13246	535	-
6114	12332	13246	535	-
6114	12332	13246	535	-
6114	12332	13246	535	-
6114	12332	13246	535	-
6114	12332	13246	535	-
6114	12332	13246	535	-
6114	12332	13246	535	-
6114	12332	13246	535	-
6114	12332	13246	535	-
6114	12332	13246	535	-
6114	12332	13246	535	-
6114	12332	13246	535	-
6114	12332	13246	535	-
6114	12332	13246	535	-
6114	12332	13246	535	-
6114	12332	13246	535	-
6114	12332	13246	535	-
7179	8452	13246	550	-
6114	5696	13246	550	-
6114	5696	13246	551	-
16409	15307	13246	551	-
16409	15307	13246	551	-
6114	5696	13246	551	-
6114	5696	13246	551	-
6114	5696	13246	551	-
6114	5696	13246	551	-
16409	15307	13246	551	-
16409	15307	13246	551	-
6114	5696	13246	551	-
6114	5696	13246	551	-
16409	15307	13246	551	-
6114	5696	13246	551	-
6114	5696	13246	551	-
6114	5696	13246	551	-
16409	15307	13246	551	-
6114	5696	13246	551	-
6114	5696	13246	551	-
16409	15307	13246	551	-
6114	5696	13246	551	-
6114	5696	13246	551	-
16409	15307	13246	551	-
16409	15307	13246	551	-
6114	5696	13246	551	-
16409	15307	13246	551	-
16409	15307	13246	551	-
16409	10522	13246	551	-
16409	15307	13246	551	-
21708	22442	13246	564	-
16409	15307	13246	567	-
16409	12248	13246	567	-
16409	15307	13246	567	-
16409	15307	13246	567	-
16409	15307	13246	567	-
16409	15307	13246	567	-
7782	11711	13246	578	-
7782	11711	13246	578	-
7782	11711	13246	578	-
7782	11711	13246	578	-
7782	11711	13246	578	-
7782	11711	13246	578	-
7782	11711	13246	578	-
3957	587	13246	582	-
14547	17060	13246	585	-
14547	17060	13246	585	-
14547	17060	13246	585	-
11001	5966	21043	594	-
16409	11564	21043	599	-
17624	14437	21043	605	-
17624	3461	21043	605	-
14267	12332	21043	606	-
14267	1739	21043	606	-
14267	1739	21043	606	-
14267	1739	21043	606	-
14267	1739	21043	606	-
14267	1739	21043	606	-
14267	1739	21043	606	-
14267	1739	21043	606	-
14267	1739	21043	606	-
14267	1739	21043	606	-
14267	1739	21043	607	-
14267	1739	21043	607	-
14267	1739	21043	607	-
14267	1739	21043	607	-
14267	1739	21043	607	-
14267	1739	21043	607	-
14267	1739	21043	607	-
14267	1739	21043	607	-
14267	1739	21043	607	-
14267	1739	21043	607	-
14267	1739	21043	607	-
14267	1739	21043	607	-
14267	1739	21043	607	-
14267	1739	21043	607	-
14267	1739	21043	607	-
14267	1739	21043	607	-
14267	1739	21043	607	-
14267	1739	21043	607	-
14267	1739	21043	607	-
14267	1739	21043	607	-
14267	1739	21043	607	-
14267	1739	21043	607	-
14267	1739	21043	607	-
14267	1739	21043	608	-
14267	1739	21043	608	-
14267	1739	21043	608	-
14267	1739	21043	608	-
14267	1739	21043	608	-
14267	1739	21043	608	-
11001	5949	21043	616	-
11001	5949	21043	616	-
6114	5696	21043	620	-
6114	5696	21043	620	-
6114	5696	21043	620	-
6114	5696	21043	620	-
6114	5696	21043	620	-
6114	5696	21043	620	-
6114	5696	21043	620	-
6114	5696	21043	620	-
6114	5696	21043	620	-
6114	5696	21043	620	-
6114	5696	21043	620	-
6114	5696	21043	620	-
6114	5696	21043	620	-
6114	5696	21043	620	-
6114	5696	21043	621	-
6114	5696	21043	621	-
6114	5696	21043	621	-
6114	5696	21043	621	-
6114	5696	21043	621	-
16409	6768	21043	621	-
16409	6768	21043	621	-
16409	10178	21043	621	-
6114	5696	21043	621	-
6114	5696	21043	621	-
6114	5696	21043	621	-
6114	5696	21043	621	-
6114	5696	21043	621	-
6114	5696	21043	621	-
6114	5696	21043	621	-
6114	5696	21043	621	-
6114	5696	21043	621	-
6114	5696	21043	621	-
6114	5696	21043	621	-
6114	5696	21043	621	-
6114	5696	21043	621	-
6114	5696	21043	621	-
6114	5696	21043	621	-
6114	5696	21043	621	-
6114	5696	21043	621	-
6114	5696	21043	621	-
6114	5696	21043	621	-
6114	5696	21043	621	-
14267	17739	21043	622	-
7782	11711	21043	629	-
6114	5696	21043	637	-
6114	5696	21043	637	-
6114	5696	21043	637	-
6114	5696	21043	637	-
6114	5696	21043	637	-
6114	5696	21043	637	-
6114	5696	21043	637	-
6114	5696	21043	637	-
6114	5696	21043	637	-
6114	5696	21043	637	-
6114	5696	21043	637	-
6114	5696	21043	637	-
6114	5696	21043	637	-
6114	5696	21043	637	-
6114	5696	21043	637	-
6114	5696	21043	637	-
6114	5696	21043	638	-
3957	5938	21043	641	-
20312	16593	21043	641	-
21708	4582	21043	643	-
21708	4582	21043	643	-
21708	4582	21043	643	-
21708	4582	21043	643	-
21708	4582	21043	643	-
21708	4582	21043	643	-
21708	4582	21043	643	-
14267	12332	21043	647	-
14267	12332	21043	647	-
16409	6768	21043	647	-
16409	14275	21043	647	-
14267	12332	21043	647	-
16409	6768	21043	647	-
16409	6768	21043	647	-
14267	12332	21043	647	-
14267	12332	21043	647	-
16409	6768	21043	647	-
16409	6768	21043	647	-
14267	12332	21043	647	-
14267	12332	21043	647	-
14267	12332	21043	647	-
20312	16593	31405	656	-
14547	17008	31405	671	-
14267	17923	31405	673	-
14267	17923	31405	673	-
14267	17923	31405	673	-
15737	1739	31405	675	-
11001	8454	31405	676	-
11001	8454	31405	677	-
11001	8454	31405	677	-
11001	8454	31405	677	-
11001	10429	31405	677	-
15737	1739	31405	679	-
15737	1739	31405	679	-
15737	1739	31405	679	-
15737	1739	31405	679	-
15737	1739	31405	679	-
15737	1739	31405	679	-
15737	1739	31405	679	-
15737	1739	31405	679	-
15737	1739	31405	679	-
15737	1739	31405	679	-
15737	1739	31405	679	-
15737	1739	31405	679	-
15737	1739	31405	679	-
15737	1739	31405	679	-
15737	1739	31405	680	-
15737	1739	31405	680	-
15737	1739	31405	680	-
15737	1739	31405	680	-
15737	1739	31405	680	-
15737	1739	31405	680	-
15737	1739	31405	680	-
15737	1739	31405	680	-
15737	1739	31405	680	-
15737	1739	31405	680	-
15737	1739	31405	680	-
15737	1739	31405	680	-
15737	1739	31405	680	-
15737	1739	31405	680	-
15737	1739	31405	680	-
15737	1739	31405	680	-
15737	1739	31405	680	-
15737	1739	31405	680	-
15737	1739	31405	680	-
15737	1739	31405	680	-
15737	1739	31405	680	-
15737	1739	31405	681	-
15737	1739	31405	681	-
14267	22030	31405	683	-
14267	10429	31405	683	-
14267	22030	31405	683	-
14267	22030	31405	683	-
14267	1949	31405	683	-
11001	8454	31405	692	-
11001	8454	31405	692	-
11001	8454	31405	692	-
11001	8454	31405	692	-
11001	10429	31405	692	-
14547	2900	31405	695	-
14547	2900	31405	695	-
14547	2900	31405	695	-
14547	2900	31405	695	-
14547	2900	31405	695	-
14547	2900	31405	695	-
14547	2900	31405	695	-
14547	2900	31405	695	-
14547	2900	31405	695	-
14547	2900	31405	695	-
14547	18849	31405	703	-
15737	6157	31405	705	-
15737	6157	31405	706	-
14547	13191	31405	706	-
15737	6157	31405	706	-
15737	14263	31405	706	-
15737	6157	31405	706	-
15737	6157	31405	706	-
15737	6157	31405	706	-
15737	6157	31405	706	-
14547	13191	31405	706	-
15737	6157	31405	706	-
15737	6157	31405	706	-
15737	6157	31405	706	-
15737	14263	31405	706	-
15737	6157	31405	706	-
15737	6157	31405	706	-
15737	6157	31405	706	-
15737	6157	31405	706	-
15737	6157	31405	706	-
15737	6157	31405	706	-
15737	6157	31405	706	-
15737	6157	31405	706	-
15737	3858	31405	706	-
15737	14263	31405	706	-
12985	19834	40974	713	-
12332	3611	40974	727	-
7782	16409	40974	739	-
7782	16409	40974	739	-
7782	16409	40974	739	-
7782	16409	40974	739	-
20367	587	40974	741	-
16409	6768	40974	741	-
16409	10178	40974	741	-
16409	6768	40974	741	-
14267	9121	40974	747	-
14267	13508	40974	747	-
14267	9121	40974	747	-
14267	9121	40974	747	-
14267	9121	40974	747	-
14267	9121	40974	747	-
14267	9121	40974	747	-
14267	9121	40974	747	-
14267	9121	40974	747	-
14267	9121	40974	747	-
14267	9121	40974	747	-
14267	13508	40974	747	-
14267	13508	40974	747	-
14267	13508	40974	747	-
14267	9121	40974	747	-
14267	9121	40974	747	-
14267	9121	40974	747	-
14267	9121	40974	747	-
14267	9121	40974	747	-
14267	9121	40974	747	-
14267	9121	40974	747	-
14267	9121	40974	747	-
16409	10178	40974	751	-
21708	18332	40974	755	-
19603	3611	40974	762	-
3957	19531	40974	762	-
7782	22176	5273	778	-
7782	22176	5273	778	-
7782	22176	5273	778	-
14547	1676	5273	787	-
14547	1676	5273	787	-
15394	4800	5273	794	-
23317	882	5273	794	-
14267	4752	5273	814	-
14267	9121	5273	814	-
16409	11660	5273	829	-
16409	11660	5273	829	-
16409	11660	5273	829	-
16409	11660	5273	829	-
14267	17005	27267	831	-
16409	10178	27267	850	-
7782	22176	27267	853	-
7782	22176	27267	853	-
19603	3611	27267	853	-
19603	3611	27267	853	-
19603	3611	27267	853	-
19603	3611	27267	853	-
7782	22176	27267	853	-
7782	22176	27267	853	-
7782	22176	27267	853	-
19603	3611	27267	853	-
19603	3611	27267	853	-
19603	3611	27267	853	-
19603	3611	27267	853	-
19603	3611	27267	853	-
19603	3611	27267	853	-
7782	22176	27267	853	-
19603	3611	27267	853	-
7782	22176	27267	853	-
19603	3611	27267	853	-
19603	3611	27267	853	-
17923	5938	27267	862	-
20312	587	27267	862	-
14547	22986	27267	867	-
14547	5938	27267	867	-
6114	4273	27267	868	-
6114	4273	27267	869	-
6114	4273	27267	869	-
6114	4273	27267	869	-
6114	4273	27267	869	-
6114	4273	27267	869	-
6114	4273	27267	869	-
6114	4273	27267	869	-
6114	4273	27267	869	-
6114	4273	27267	869	-
6114	4273	27267	869	-
6114	4273	27267	869	-
6114	4273	27267	869	-
6114	4273	27267	869	-
6114	4273	27267	869	-
6114	4273	27267	869	-
6114	4273	27267	869	-
6114	4273	27267	869	-
6114	4273	27267	869	-
6114	4273	27267	869	-
6114	4273	27267	869	-
6114	4273	27267	869	-
6114	4273	27267	869	-
6114	4273	27267	869	-
6114	4273	27267	869	-
6114	4273	27267	869	-
6114	4273	27267	869	-
6114	4273	27267	869	-
6114	4273	27267	869	-
6114	4273	27267	869	-
6114	4273	27267	869	-
6114	4273	27267	869	-
6114	4273	27267	869	-
6114	4273	27267	869	-
6114	4273	27267	869	-
14547	19834	27267	869	-
6114	4273	27267	869	-
6114	4273	27267	870	-
6114	4273	27267	870	-
6114	4273	27267	870	-
6114	4273	27267	870	-
6114	4273	27267	870	-
6114	4273	27267	870	-
6114	4273	27267	870	-
6114	4273	27267	870	-
6114	4273	27267	870	-
6114	4273	27267	870	-
6114	4273	27267	870	-
6114	4273	27267	870	-
6114	4273	27267	870	-
6114	4273	27267	870	-
6114	4273	27267	870	-
6114	4273	27267	870	-
6114	4273	27267	870	-
6114	4273	27267	870	-
6114	4273	27267	870	-
16409	2348	27267	884	-
21708	18332	27267	888	-
19531	15894	27068	901	-
21708	4582	27068	904	-
21708	4582	27068	904	-
21708	4582	27068	904	-
21708	4582	27068	904	-
21708	4582	27068	904	-
15737	10812	27068	905	-
16409	3487	27068	908	-
10429	5938	27068	910	-
10429	15894	27068	910	-
12332	3611	27068	926	-
12332	3611	27068	926	-
12332	3611	27068	926	-
14267	9121	27068	936	-
14267	13508	27068	936	-
14267	9121	27068	936	-
14267	9121	27068	936	-
14267	9121	27068	936	-
14267	9121	27068	936	-
14267	9121	27068	936	-
14267	13508	27068	936	-
14267	13508	27068	937	-
14267	9121	27068	937	-
14267	9121	27068	937	-
14267	9121	27068	937	-
14267	9121	27068	937	-
14267	9121	27068	937	-
14267	9121	27068	937	-
14267	13508	27068	937	-
14267	9121	27068	937	-
14267	9121	27068	937	-
14267	9121	27068	937	-
14267	9121	27068	937	-
14267	9121	27068	937	-
14267	9121	27068	937	-
12332	3611	27068	938	-
12332	3611	27068	938	-
12332	3611	27068	938	-
12332	3611	27068	938	-
12332	3611	27068	938	-
12332	3611	27068	938	-
12332	3611	27068	938	-
15737	16816	27068	939	-
15737	16816	27068	939	-
15737	16816	27068	939	-
15737	16816	27068	939	-
15737	16816	27068	939	-
15737	16816	27068	939	-
15737	16816	27068	939	-
15737	16816	27068	939	-
15737	16816	27068	939	-
15737	16816	27068	939	-
7782	16682	27068	943	-
7782	16682	27068	943	-
7782	16682	27068	943	-
7782	16682	27068	943	-
7782	16682	27068	943	-
7782	16682	27068	943	-
21708	19555	27068	946	-
21708	19555	27068	946	-
21708	19555	27068	946	-
21708	19555	27068	946	-
21708	19555	27068	946	-
14267	2973	8223	953	-
14267	2973	8223	953	-
14267	2973	8223	953	-
14267	2973	8223	953	-
14267	2973	8223	953	-
14267	2973	8223	953	-
14267	2973	8223	953	-
14267	2973	8223	953	-
14267	2973	8223	953	-
14267	2973	8223	953	-
14267	2973	8223	954	-
14267	2973	8223	954	-
14267	2973	8223	954	-
14267	2973	8223	954	-
20312	16593	8223	956	-
20312	16593	8223	956	-
16409	9722	8223	967	-
7179	8452	8223	968	-
14267	9121	8223	970	-
14267	9121	8223	971	-
14267	13508	8223	971	-
15737	17649	8223	971	-
14267	9121	8223	971	-
15737	17649	8223	971	-
14267	9121	8223	971	-
15737	17649	8223	971	-
14267	9121	8223	971	-
15737	17649	8223	971	-
15737	17649	8223	971	-
14267	9121	8223	971	-
14267	13508	8223	971	-
15737	17649	8223	971	-
15737	17649	8223	971	-
15737	17649	8223	971	-
14267	13508	8223	971	-
15737	17649	8223	971	-
14267	9121	8223	971	-
15737	17649	8223	971	-
14267	9121	8223	971	-
15737	17649	8223	971	-
14267	9121	8223	971	-
15737	17649	8223	971	-
14267	9121	8223	971	-
14267	9121	8223	971	-
14267	9121	8223	971	-
15737	17649	8223	971	-
15737	17649	8223	971	-
15737	17649	8223	971	-
14267	9121	8223	971	-
14267	9121	8223	971	-
14267	9121	8223	971	-
15737	17649	8223	971	-
15737	17649	8223	971	-
14267	9121	8223	972	-
14267	9121	8223	972	-
14267	9121	8223	972	-
14267	13508	8223	972	-
15737	17649	8223	986	-
15737	17649	8223	986	-
15737	17649	8223	986	-
15737	17649	8223	986	-
15737	17649	8223	986	-
15737	17649	8223	986	-
15737	17649	8223	986	-
15737	17649	8223	986	-
15737	17649	8223	986	-
15737	17649	8223	986	-
15737	17649	8223	986	-
15737	17649	8223	986	-
15737	17649	8223	986	-
15737	17649	8223	986	-
15737	17649	8223	986	-
15737	17649	8223	986	-
15737	17649	8223	986	-
15737	17649	8223	986	-
15737	17649	8223	986	-
15737	17649	8223	986	-
15737	17649	8223	986	-
15737	17649	8223	986	-
6114	4273	8223	996	-
21708	19555	8223	999	-
21708	19555	8223	999	-
6775	3611	8223	1003	-
6775	3611	8223	1003	-
6775	3611	8223	1003	-
6775	3611	8223	1003	-
6775	3611	8223	1003	-
6775	3611	8223	1003	-
6775	3611	8223	1003	-
882	23167	23383	1011	-
882	3461	23383	1011	-
3957	1633	23383	1018	-
8048	16531	23383	1018	-
13993	1633	23383	1020	-
13993	1633	23383	1022	-
13993	1633	23383	1024	-
15737	17649	23383	1024	-
15737	17649	23383	1024	-
15737	17649	23383	1024	-
15737	17649	23383	1024	-
15737	17649	23383	1025	-
15737	17649	23383	1025	-
15737	17649	23383	1025	-
15737	17649	23383	1025	-
15737	17649	23383	1025	-
15737	17649	23383	1025	-
15737	17649	23383	1025	-
15737	17649	23383	1025	-
15737	17649	23383	1025	-
15737	17649	23383	1025	-
15737	17649	23383	1025	-
15737	17649	23383	1025	-
15737	17649	23383	1025	-
13993	1633	23383	1026	-
7782	15894	23383	1027	-
7782	19531	23383	1027	-
13993	1633	23383	1029	-
13993	1633	23383	1031	-
13993	1633	23383	1035	-
13993	1633	23383	1035	-
13993	1633	23383	1035	-
13993	1633	23383	1035	-
13993	1633	23383	1035	-
13993	1633	23383	1035	-
13993	1633	23383	1035	-
13993	1633	23383	1035	-
13993	1633	23383	1035	-
13993	1633	23383	1035	-
13993	1633	23383	1035	-
13993	1633	23383	1035	-
13993	1633	23383	1035	-
13993	1633	23383	1035	-
13993	1633	23383	1035	-
13993	1633	23383	1035	-
13993	1633	23383	1035	-
13993	1633	23383	1035	-
13993	1633	23383	1035	-
13993	1633	23383	1035	-
13993	1633	23383	1035	-
13993	1633	23383	1035	-
13993	1633	23383	1035	-
13993	1633	23383	1035	-
11001	18498	23383	1040	-
11001	18498	23383	1041	-
11001	18498	23383	1041	-
11001	18498	23383	1041	-
11001	18498	23383	1041	-
11001	18498	23383	1041	-
11001	18498	23383	1041	-
11001	18498	23383	1041	-
11001	18498	23383	1041	-
11001	18498	23383	1041	-
11001	18498	23383	1041	-
11001	18498	23383	1041	-
11001	18498	23383	1041	-
11001	18498	23383	1041	-
11001	18498	23383	1041	-
11001	18498	23383	1041	-
11001	18498	23383	1041	-
11001	18498	23383	1041	-
11001	18498	23383	1041	-
11001	18498	23383	1041	-
11001	18498	23383	1041	-
11001	18498	23383	1041	-
14547	14307	23383	1046	-
14547	14307	23383	1047	-
14547	14307	23383	1047	-
14547	14307	23383	1047	-
14547	14307	23383	1047	-
14547	14307	23383	1047	-
14547	21000	23383	1050	-
19603	3611	23383	1050	-
14547	14307	23383	1050	-
14547	14307	23383	1050	-
14547	14307	23383	1050	-
14547	14307	23383	1050	-
20312	16593	23383	1051	-
7782	15667	23383	1051	-
14267	1028	23383	1052	-
14267	1028	23383	1052	-
14267	1028	23383	1052	-
14267	1028	23383	1052	-
14267	1028	23383	1052	-
14267	1028	23383	1052	-
14267	1028	23383	1052	-
14267	1028	23383	1052	-
14267	1028	23383	1052	-
14267	1028	23383	1052	-
14267	1028	23383	1053	-
14267	1028	23383	1053	-
17624	9554	23383	1054	-
21708	19555	23383	1054	-
6114	4273	23383	1055	-
6114	4273	23383	1055	-
17624	9554	23383	1056	-
17624	9554	23383	1058	-
21708	7674	23383	1059	-
21708	7674	23383	1059	-
16409	18063	23383	1059	-
21708	7674	23383	1059	-
21708	7674	23383	1059	-
21708	7674	23383	1059	-
21708	7674	23383	1059	-
6114	7782	23383	1060	-
6114	7782	23383	1060	-
6114	7782	23383	1060	-
6114	7782	23383	1060	-
17624	9554	23383	1060	-
6114	7782	23383	1061	-
6114	7782	23383	1061	-
6114	7782	23383	1061	-
6114	7782	23383	1061	-
6114	7782	23383	1061	-
6114	7782	23383	1061	-
6114	7782	23383	1061	-
6114	7782	23383	1061	-
6114	7782	23383	1061	-
6114	7782	23383	1061	-
6114	7782	23383	1061	-
17624	9554	23383	1064	-
17624	9554	23383	1064	-
21708	5696	23383	1067	-
21708	5696	23383	1067	-
21708	5696	23383	1067	-
21708	5696	23383	1067	-
21708	5696	23383	1067	-
21708	5696	23383	1067	-
21708	5696	23383	1067	-
21708	5696	23383	1067	-
21708	5696	23383	1067	-
21708	5696	23383	1067	-
21708	5696	23383	1067	-
21708	5696	23383	1067	-
21708	5696	23383	1067	-
21708	5696	23383	1067	-
21708	5696	23383	1067	-
21708	5696	23383	1067	-
21708	5696	23383	1067	-
21708	5696	23383	1067	-
21708	5696	23383	1067	-
21708	5696	23383	1068	-
21708	5696	23383	1068	-
21708	5696	23383	1068	-
21708	5696	23383	1068	-
21708	7674	23383	1068	-
21708	5696	23383	1068	-
21708	5696	23383	1068	-
21708	5696	23383	1068	-
21708	5696	23383	1068	-
21708	5696	23383	1068	-
21708	5696	23383	1068	-
6114	5696	45304	1089	-
6114	5696	45304	1089	-
6114	5696	45304	1089	-
6114	5696	45304	1089	-
6114	5696	45304	1089	-
6114	5696	45304	1089	-
6114	5696	45304	1089	-
6114	5696	45304	1089	-
6114	5696	45304	1089	-
6114	5696	45304	1089	-
6114	5696	45304	1089	-
6114	5696	45304	1089	-
6114	5696	45304	1089	-
6114	5696	45304	1089	-
6114	5696	45304	1089	-
6114	5696	45304	1089	-
6114	5696	45304	1089	-
14267	1028	45304	1091	-
14267	1028	45304	1091	-
14267	1028	45304	1091	-
7179	14437	45304	1103	-
7179	2843	45304	1104	-
11001	18498	45304	1108	-
7179	3461	45304	1108	-
11001	18498	45304	1109	-
11001	18498	45304	1109	-
11001	18498	45304	1109	-
11001	18498	45304	1109	-
11001	18498	45304	1109	-
11001	18498	45304	1109	-
11001	18498	45304	1109	-
11001	18498	45304	1109	-
11001	18498	45304	1109	-
11001	18498	45304	1109	-
11001	18498	45304	1109	-
11001	18498	45304	1109	-
11001	18498	45304	1109	-
11001	18498	45304	1109	-
11001	18498	45304	1109	-
11001	18498	45304	1109	-
11001	18498	45304	1110	-
11001	18498	45304	1110	-
11001	18498	45304	1110	-
11001	18498	45304	1110	-
11001	18498	45304	1110	-
11001	18498	45304	1110	-
11001	18498	45304	1110	-
11001	18498	45304	1110	-
11001	18498	45304	1110	-
7179	16531	45304	1111	-
7179	9554	45304	1115	-
7179	16332	45304	1121	-
10429	15667	45304	1125	-
3957	15667	45304	1126	-
17624	16332	45304	1128	-
15737	15581	45304	1129	-
15737	15581	45304	1129	-
15737	15581	45304	1129	-
15737	15581	45304	1129	-
15737	15581	45304	1129	-
15737	15581	45304	1129	-
15737	15581	45304	1129	-
15737	15581	45304	1129	-
15737	15581	45304	1130	-
15737	15581	45304	1130	-
15737	15581	45304	1130	-
15737	15581	45304	1130	-
15737	15581	45304	1130	-
15737	15581	45304	1130	-
15737	15581	45304	1130	-
15737	15581	45304	1130	-
15737	15581	45304	1130	-
15737	15581	45304	1130	-
15737	15581	45304	1130	-
15737	15581	45304	1130	-
15737	15581	45304	1130	-
15737	15581	45304	1130	-
15737	15581	45304	1130	-
15737	15581	45304	1130	-
17624	16332	45304	1130	-
15737	15581	45304	1130	-
17624	16332	36449	1132	-
17624	16332	36449	1134	-
14547	7239	36449	1138	-
17624	16332	36449	1138	-
17624	16332	36449	1138	-
19603	3611	36449	1140	-
19603	3611	36449	1141	-
19603	3611	36449	1141	-
6775	3611	36449	1145	-
16671	22986	36449	1150	-
16671	19834	36449	1150	-
16671	11900	36449	1150	-
16671	19531	36449	1151	-
16671	1633	36449	1152	-
16671	15667	36449	1153	-
16671	21708	36449	1154	-
14267	1028	36449	1159	-
14267	1028	36449	1159	-
14267	1028	36449	1159	-
12332	3611	36449	1160	-
16409	19604	36449	1168	-
3076	3297	36449	1168	-
16409	19604	36449	1169	-
16409	19604	36449	1169	-
16409	19604	36449	1169	-
16409	19604	36449	1169	-
16409	19604	36449	1169	-
16409	19604	36449	1169	-
16409	19604	36449	1169	-
16409	19604	36449	1169	-
16409	19604	36449	1169	-
16409	19604	36449	1169	-
16409	19604	36449	1169	-
16409	19604	36449	1169	-
16409	19604	36449	1169	-
16409	19604	36449	1169	-
16409	19604	36449	1169	-
16409	19604	36449	1169	-
16409	19604	36449	1169	-
16409	19604	36449	1169	-
16409	19604	36449	1169	-
16409	19604	36449	1169	-
16409	19604	36449	1169	-
16409	19604	36449	1170	-
16409	19604	36449	1170	-
16409	19604	36449	1170	-
16409	19604	36449	1170	-
16409	19604	36449	1170	-
16409	19604	36449	1170	-
16409	19604	36449	1170	-
16409	19604	36449	1170	-
16409	19604	36449	1170	-
16409	19604	36449	1170	-
16409	19604	36449	1170	-
16409	19604	36449	1170	-
16409	19604	36449	1170	-
16409	19604	36449	1170	-
16409	19604	36449	1170	-
16409	19604	36449	1170	-
16409	22527	36449	1170	-
16409	19604	36449	1170	-
16409	19604	36449	1170	-
16409	19604	36449	1170	-
16409	19604	36449	1170	-
10429	19834	36449	1170	-
16409	19604	36449	1170	-
16409	19604	36449	1171	-
16409	19604	36449	1171	-
16409	19604	36449	1171	-
16409	19604	36449	1171	-
16409	19604	36449	1171	-
16409	19604	36449	1171	-
16409	19604	36449	1171	-
16409	19604	36449	1171	-
16409	19604	36449	1171	-
16409	19604	36449	1171	-
16409	19604	36449	1171	-
16409	19604	36449	1171	-
16409	19604	36449	1171	-
16409	19604	36449	1171	-
16409	19604	36449	1171	-
16409	19604	36449	1171	-
16409	19604	36449	1171	-
16409	19604	36449	1171	-
16409	19604	36449	1171	-
16409	19604	36449	1171	-
16409	19604	36449	1171	-
16409	19604	36449	1171	-
16409	19604	36449	1171	-
16409	19604	36449	1171	-
16409	19604	36449	1172	-
16409	19604	36449	1172	-
16409	19604	36449	1172	-
16409	19604	36449	1172	-
16409	19604	36449	1172	-
16409	19604	36449	1172	-
16409	19604	36449	1172	-
16409	19604	36449	1172	-
16409	19604	36449	1172	-
16409	19604	36449	1172	-
16409	19604	36449	1172	-
3957	15394	36449	1176	-
3297	1001	36449	1180	-
19531	15667	36449	1188	-
7179	8452	18835	1193	-
3957	22986	18835	1197	-
7782	16682	18835	1207	-
11001	18498	18835	1208	-
11001	18498	18835	1209	-
11001	18498	18835	1209	-
11001	18498	18835	1209	-
11001	18498	18835	1209	-
11001	18498	18835	1209	-
11001	18498	18835	1209	-
11001	18498	18835	1209	-
11001	18498	18835	1209	-
11001	18498	18835	1209	-
11001	18498	18835	1209	-
11001	18498	18835	1209	-
11001	18498	18835	1209	-
11001	18498	18835	1209	-
11001	18498	18835	1209	-
11001	18498	18835	1209	-
11001	18498	18835	1209	-
11001	18498	18835	1209	-
11001	18498	18835	1209	-
11001	18498	18835	1209	-
15506	19350	18835	1210	-
15506	19350	18835	1210	-
6114	21355	18835	1212	-
6114	21355	18835	1212	-
6114	21355	18835	1212	-
6114	21355	18835	1212	-
6114	21355	18835	1212	-
6114	21355	18835	1212	-
6114	21355	18835	1212	-
6114	21355	18835	1212	-
6114	21355	18835	1212	-
6114	21355	18835	1212	-
6114	21355	18835	1212	-
6114	21355	18835	1212	-
6114	21355	18835	1213	-
6114	21355	18835	1213	-
6114	21355	18835	1213	-
6114	21355	18835	1213	-
6114	21355	18835	1213	-
11001	18498	18835	1214	-
11001	18498	18835	1214	-
11001	18498	18835	1214	-
11001	18498	18835	1214	-
11001	18498	18835	1214	-
11001	18498	18835	1214	-
6114	21355	18835	1219	-
3957	19834	18835	1221	-
11001	15667	18835	1223	-
14547	5938	18835	1227	-
14547	19531	18835	1227	-
14267	13755	18835	1230	-
14267	13755	18835	1230	-
14267	13755	18835	1230	-
14267	13755	18835	1230	-
14267	13755	18835	1230	-
14267	13755	18835	1230	-
14267	13755	18835	1230	-
14267	13755	18835	1230	-
14267	13755	18835	1230	-
14267	13755	18835	1230	-
14267	13755	18835	1230	-
14267	13755	18835	1230	-
14267	13755	18835	1230	-
14267	13755	18835	1230	-
14267	13755	18835	1230	-
14267	13755	18835	1230	-
14267	13755	18835	1230	-
14267	13755	18835	1230	-
14267	13755	18835	1230	-
14267	13755	18835	1231	-
14547	15667	18835	1231	-
12332	3611	18835	1233	-
12332	3611	18835	1233	-
16409	19604	18835	1236	-
16409	19604	18835	1237	-
3957	15394	18835	1243	-
3611	22986	18835	1244	-
3611	19834	18835	1244	-
11001	18498	44348	1252	-
11001	18498	44348	1252	-
11001	18498	44348	1252	-
11001	18498	44348	1252	-
11001	18498	44348	1252	-
11001	18498	44348	1252	-
11001	18498	44348	1252	-
11001	18498	44348	1252	-
11001	18498	44348	1252	-
11001	18498	44348	1252	-
11001	18498	44348	1252	-
11001	18498	44348	1252	-
11001	18498	44348	1252	-
11001	18498	44348	1252	-
11001	18498	44348	1252	-
11001	18498	44348	1252	-
11001	18498	44348	1252	-
11001	18498	44348	1252	-
11001	18498	44348	1252	-
11001	18498	44348	1252	-
11001	18498	44348	1252	-
11001	18498	44348	1252	-
11001	19531	44348	1255	-
14547	6680	44348	1261	-
14547	6680	44348	1261	-
14547	6680	44348	1261	-
14547	6680	44348	1261	-
14547	6680	44348	1261	-
14547	6680	44348	1261	-
6114	14566	44348	1266	-
6114	14566	44348	1266	-
6114	14566	44348	1266	-
6114	14566	44348	1266	-
6114	14566	44348	1266	-
6114	14566	44348	1266	-
6114	14566	44348	1266	-
6114	14566	44348	1266	-
6114	14566	44348	1266	-
6114	14566	44348	1266	-
6114	14566	44348	1266	-
6114	14566	44348	1266	-
6114	14566	44348	1266	-
6114	14566	44348	1266	-
6114	14566	44348	1266	-
6114	14566	44348	1266	-
6114	14566	44348	1266	-
6114	14566	44348	1266	-
6114	14566	44348	1266	-
19839	22986	44348	1284	-
19531	11900	44348	1284	-
16409	19604	44348	1285	-
16409	19604	44348	1285	-
19531	19531	44348	1286	-
19531	15667	44348	1287	-
6775	3611	44348	1289	-
3076	9554	44348	1298	-
6775	16593	44348	1299	-
14267	13755	44348	1300	-
3611	13122	44348	1305	-
3611	19834	44348	1305	-
7782	13909	26772	1311	-
7782	13909	26772	1314	-
7782	13909	26772	1314	-
7782	13909	26772	1314	-
7782	13909	26772	1314	-
6114	14566	26772	1314	-
6114	14566	26772	1314	-
7782	13909	26772	1314	-
7782	13909	26772	1314	-
7782	20889	26772	1314	-
6114	14566	26772	1314	-
7782	13909	26772	1314	-
7782	13909	26772	1314	-
7782	20889	26772	1314	-
6114	14566	26772	1314	-
6114	14566	26772	1314	-
7782	13909	26772	1314	-
6114	14566	26772	1314	-
6114	14566	26772	1315	-
6114	14566	26772	1315	-
6114	14566	26772	1315	-
6114	14566	26772	1315	-
6114	14566	26772	1315	-
6114	14566	26772	1315	-
6114	14566	26772	1315	-
6114	14566	26772	1315	-
15737	15581	26772	1319	-
15737	15581	26772	1320	-
15737	15581	26772	1320	-
15737	15581	26772	1320	-
15737	15581	26772	1320	-
15737	15581	26772	1320	-
15737	15581	26772	1320	-
15737	15581	26772	1320	-
17624	14437	26772	1322	-
17624	3297	26772	1322	-
17624	16593	26772	1323	-
14547	6680	26772	1334	-
14547	6680	26772	1334	-
14547	6680	26772	1334	-
14547	6680	26772	1334	-
14547	6680	26772	1334	-
14547	6680	26772	1334	-
14547	6680	26772	1334	-
14547	6680	26772	1334	-
14547	6680	26772	1334	-
14547	6680	26772	1334	-
14547	6680	26772	1334	-
14547	6680	26772	1334	-
14547	6680	26772	1334	-
16409	19604	26772	1334	-
16409	19604	26772	1341	-
16409	19604	26772	1341	-
19603	3611	26772	1351	-
19603	3611	26772	1351	-
19603	3611	26772	1351	-
882	3297	2130	1372	-
882	16593	2130	1372	-
17923	5938	2130	1374	-
20312	587	2130	1374	-
14547	6680	2130	1376	-
14547	6680	2130	1376	-
7782	13909	2130	1383	-
23317	882	2130	1394	-
19839	19834	2130	1394	-
15394	4800	2130	1394	-
882	3611	2130	1394	-
882	2843	2130	1395	-
882	16332	2130	1395	-
11001	18498	2130	1400	-
11001	18498	2130	1400	-
11001	18498	2130	1400	-
11001	18498	2130	1400	-
11001	18498	2130	1400	-
11001	18498	2130	1400	-
11001	18498	2130	1400	-
11001	18498	2130	1400	-
11001	18498	2130	1400	-
11001	18498	2130	1400	-
11001	18498	2130	1400	-
11001	18498	2130	1400	-
11001	18498	2130	1400	-
11001	18498	2130	1400	-
11001	18498	2130	1400	-
11001	18498	2130	1400	-
11001	18498	2130	1400	-
11001	18498	2130	1400	-
11001	18498	2130	1400	-
11001	18498	2130	1400	-
11001	18498	2130	1400	-
11001	18498	2130	1400	-
11001	18498	2130	1400	-
11001	18498	2130	1400	-
14547	11900	2130	1401	-
14547	15667	2130	1401	-
19603	3297	2130	1403	-
19603	16593	2130	1403	-
3076	3461	2130	1405	-
3076	14437	2130	1406	-
3076	23167	2130	1407	-
19839	22986	2130	1409	-
3076	3611	2130	1409	-
3076	3297	2130	1410	-
3076	2843	2130	1411	-
3076	4981	2130	1413	-
3076	9554	2130	1414	-
14547	6680	2130	1415	-
14547	6680	2130	1415	-
14547	6680	2130	1415	-
14547	6680	2130	1415	-
14547	6680	2130	1415	-
14547	6680	2130	1415	-
882	9554	2130	1429	-
16409	13225	3875	1431	-
16409	13225	3875	1431	-
16409	13225	3875	1431	-
16409	13225	3875	1431	-
16409	13225	3875	1431	-
16409	13225	3875	1431	-
16409	13225	3875	1431	-
16409	13225	3875	1431	-
16409	13225	3875	1431	-
16409	13225	3875	1431	-
16409	13225	3875	1431	-
16409	13225	3875	1431	-
14547	6680	3875	1438	-
14547	6680	3875	1438	-
14547	6680	3875	1438	-
16671	20201	3875	1438	-
16671	20201	3875	1438	-
14547	6680	3875	1438	-
14547	6680	3875	1438	-
15737	3374	3875	1441	-
15737	3374	3875	1441	-
15737	3374	3875	1441	-
15737	3374	3875	1442	-
15737	3374	3875	1442	-
15737	3374	3875	1442	-
15737	3374	3875	1442	-
7782	11900	3875	1451	-
7782	11900	3875	1453	-
12332	3611	3875	1459	-
12332	3611	3875	1459	-
12332	3611	3875	1459	-
12332	3611	3875	1459	-
12332	3611	3875	1459	-
12332	3611	3875	1459	-
12332	3611	3875	1459	-
12332	3611	3875	1459	-
12332	3611	3875	1459	-
14547	15667	3875	1474	-
11001	22986	3875	1484	-
11001	5938	3875	1484	-
11001	15894	3875	1485	-
11001	19834	3875	1486	-
14547	2242	3875	1487	-
14547	2242	3875	1487	-
14547	2242	3875	1487	-
14547	2242	3875	1487	-
14547	2242	3875	1487	-
14547	2242	3875	1487	-
16409	13225	3875	1490	-
15737	2009	43936	1496	-
15737	2009	43936	1496	-
3957	587	43936	1496	-
15737	9423	43936	1499	-
15737	2009	43936	1499	-
15737	2009	43936	1499	-
15737	2009	43936	1499	-
15737	2009	43936	1499	-
15737	2009	43936	1500	-
15737	2009	43936	1500	-
15737	2009	43936	1500	-
15737	2009	43936	1500	-
15737	2009	43936	1500	-
15737	2009	43936	1500	-
15737	2009	43936	1500	-
15737	2009	43936	1500	-
15737	2009	43936	1500	-
15737	2009	43936	1500	-
15737	2009	43936	1500	-
15737	2009	43936	1500	-
15737	2009	43936	1500	-
15737	2009	43936	1500	-
15737	2009	43936	1500	-
15737	2009	43936	1500	-
15737	2009	43936	1500	-
15737	2009	43936	1500	-
15737	2009	43936	1500	-
15737	2009	43936	1500	-
7782	13909	43936	1504	-
7782	13909	43936	1504	-
11001	18498	43936	1508	-
11001	18498	43936	1508	-
11001	18498	43936	1508	-
11001	18498	43936	1508	-
11001	18498	43936	1509	-
16409	22442	43936	1509	-
11001	18498	43936	1509	-
11001	18498	43936	1509	-
11001	18498	43936	1509	-
11001	18498	43936	1509	-
11001	18498	43936	1509	-
11001	18498	43936	1509	-
11001	18498	43936	1509	-
11001	18498	43936	1509	-
11001	18498	43936	1509	-
11001	18498	43936	1509	-
11001	18498	43936	1509	-
11001	18498	43936	1509	-
11001	18498	43936	1509	-
11001	18498	43936	1509	-
11001	18498	43936	1509	-
11001	18498	43936	1509	-
11001	18498	43936	1509	-
16409	22442	43936	1509	-
15737	9787	43936	1515	-
15737	14275	43936	1515	-
15737	6768	43936	1515	-
15737	6768	43936	1515	-
15737	6768	43936	1515	-
19603	3611	43936	1520	-
19603	3611	43936	1520	-
7215	15667	43936	1546	-
16409	22442	41843	1559	-
7215	22986	41843	1570	-
7215	1633	41843	1570	-
3297	22986	41843	1572	-
15737	15506	41843	1573	-
6775	3611	41843	1577	-
6775	3611	41843	1577	-
6775	3611	41843	1577	-
6775	3611	41843	1577	-
6775	3611	41843	1577	-
6775	3611	41843	1577	-
6775	3611	41843	1577	-
7782	775	41843	1579	-
11001	1453	41843	1584	-
14267	13755	41843	1585	-
14267	13755	41843	1585	-
14267	13755	41843	1585	-
14267	13755	41843	1585	-
14267	13755	41843	1585	-
14267	13755	41843	1585	-
14267	13755	41843	1585	-
14267	13755	41843	1585	-
14267	13755	41843	1585	-
14267	13755	41843	1585	-
14267	13755	41843	1585	-
14267	13755	41843	1585	-
14267	13755	41843	1585	-
14267	13755	41843	1585	-
14267	13755	41843	1585	-
14267	13755	41843	1585	-
14267	13755	41843	1585	-
14267	13755	41843	1585	-
14267	13755	41843	1586	-
14267	13755	41843	1586	-
15737	22516	41843	1589	-
15737	6768	41843	1589	-
15737	6768	41843	1589	-
6775	3611	41843	1592	-
11001	21340	41843	1592	-
14547	6680	41843	1596	-
14547	6680	41843	1596	-
14547	6680	41843	1596	-
14547	6680	41843	1596	-
11001	4927	41843	1596	-
11001	4927	41843	1596	-
14547	6680	41843	1596	-
11001	21340	41843	1599	-
11001	21340	41843	1599	-
11001	21340	41843	1599	-
11001	4927	41843	1599	-
11001	15809	41843	1599	-
11001	4927	41843	1599	-
11001	21340	41843	1599	-
11001	21340	41843	1599	-
11001	21340	41843	1599	-
11001	21340	41843	1599	-
11001	21340	41843	1599	-
11001	21340	41843	1599	-
11001	21340	41843	1599	-
11001	15809	41843	1599	-
11001	21340	41843	1599	-
11001	4927	41843	1599	-
11001	21340	41843	1599	-
11001	21340	41843	1599	-
11001	21340	41843	1599	-
11001	21340	41843	1599	-
11001	21340	41843	1599	-
11001	21340	41843	1599	-
14547	6680	41843	1601	-
14547	6680	41843	1601	-
14547	6680	41843	1601	-
14547	6680	41843	1601	-
14547	6680	41843	1602	-
14267	5580	41843	1602	-
14267	2837	41843	1605	-
14267	2837	41843	1605	-
14267	2837	41843	1605	-
16671	9121	41843	1608	-
16671	9121	41843	1608	-
16671	9121	41843	1608	-
16671	9121	41843	1608	-
16671	9121	41843	1608	-
16671	9121	41843	1608	-
16671	9121	41843	1608	-
16671	9121	41843	1608	-
16671	13508	41843	1608	-
16671	9121	41843	1608	-
16671	13508	41843	1608	-
16671	9121	41843	1608	-
16671	13508	41843	1608	-
16671	9121	41843	1608	-
16671	9121	41843	1608	-
16671	13508	41843	1609	-
16671	9121	41843	1609	-
16671	9121	41843	1609	-
16671	9121	41843	1609	-
16671	9121	41843	1609	-
16671	9121	41843	1609	-
16671	9121	41843	1609	-
19603	16531	40909	1611	-
16671	9121	40909	1612	-
16671	4752	40909	1612	-
16671	9121	40909	1613	-
16671	9121	40909	1613	-
16671	9121	40909	1613	-
13993	19531	40909	1613	-
16671	13508	40909	1613	-
16671	9121	40909	1613	-
16671	9121	40909	1613	-
16671	9121	40909	1613	-
16671	13508	40909	1613	-
16671	9121	40909	1613	-
16671	9121	40909	1613	-
16671	13508	40909	1613	-
16671	13508	40909	1613	-
16671	9121	40909	1613	-
16671	9121	40909	1613	-
16671	9121	40909	1613	-
16671	13508	40909	1613	-
16671	9121	40909	1613	-
16671	9121	40909	1613	-
16671	9121	40909	1613	-
16671	9121	40909	1613	-
16671	13508	40909	1613	-
16671	13508	40909	1613	-
16671	9121	40909	1613	-
13993	19531	40909	1615	-
13993	19531	40909	1617	-
13993	19531	40909	1620	-
13993	19531	40909	1622	-
13993	19531	40909	1624	-
13993	19531	40909	1627	-
13993	19531	40909	1627	-
13993	19531	40909	1627	-
13993	19531	40909	1627	-
13993	19531	40909	1627	-
13993	19531	40909	1627	-
13993	19531	40909	1627	-
13993	19531	40909	1627	-
13993	19531	40909	1627	-
13993	19531	40909	1627	-
13993	19531	40909	1627	-
13993	19531	40909	1627	-
13993	19531	40909	1627	-
14547	6680	40909	1628	-
14547	6680	40909	1629	-
14547	6680	40909	1629	-
14547	6680	40909	1629	-
14547	6680	40909	1629	-
14267	20201	40909	1655	-
14267	20201	40909	1655	-
14547	6680	40909	1660	-
14547	6680	40909	1660	-
14547	6680	40909	1660	-
14547	6680	40909	1660	-
14547	6680	40909	1660	-
7782	538	40909	1662	-
7782	538	40909	1662	-
14547	15394	40909	1662	-
20367	587	40909	1662	-
14267	5954	40909	1665	-
14267	5954	40909	1665	-
14267	5954	40909	1665	-
14547	15491	40909	1665	-
14547	15491	40909	1665	-
14547	15491	40909	1665	-
14547	15491	40909	1665	-
14547	15491	40909	1665	-
14547	15491	40909	1665	-
14547	15491	40909	1666	-
14547	15491	40909	1666	-
14547	15491	40909	1666	-
14547	15491	40909	1666	-
14547	15491	40909	1666	-
14547	15491	40909	1666	-
14547	15491	40909	1666	-
14547	15491	40909	1666	-
14547	15491	40909	1666	-
14547	15491	40909	1666	-
14267	14270	40909	1668	-
15737	22554	44539	1671	-
15737	22554	44539	1674	-
15737	4749	44539	1674	-
10571	3461	44539	1678	-
14547	18332	44539	1681	-
15737	15913	44539	1693	-
16671	13508	44539	1708	-
15737	3333	44539	1709	-
16671	445	44539	1711	-
16671	445	44539	1711	-
16671	445	44539	1711	-
16671	445	44539	1711	-
7782	538	44539	1711	-
16671	445	44539	1711	-
16671	445	44539	1711	-
16671	445	44539	1711	-
16671	445	44539	1711	-
16671	445	44539	1711	-
16671	445	44539	1711	-
16671	445	44539	1711	-
16671	445	44539	1711	-
16671	445	44539	1711	-
16671	445	44539	1711	-
14547	15491	44539	1713	-
14547	15491	44539	1713	-
14547	15491	44539	1713	-
14547	15491	44539	1713	-
14547	15491	44539	1713	-
14547	15491	44539	1713	-
15737	13212	44539	1713	-
15737	13212	44539	1714	-
15737	13212	44539	1714	-
15737	13212	44539	1714	-
15737	13212	44539	1714	-
7782	775	44539	1717	-
11001	4927	6244	1736	-
11001	4927	6244	1736	-
11001	4927	6244	1736	-
11001	21340	6244	1736	-
11001	4927	6244	1736	-
11001	15809	6244	1737	-
11001	4927	6244	1737	-
11001	4927	6244	1737	-
11001	4927	6244	1737	-
11001	4927	6244	1737	-
11001	4927	6244	1737	-
11001	4927	6244	1737	-
11001	4927	6244	1737	-
11001	4927	6244	1737	-
11001	4927	6244	1737	-
11001	4927	6244	1737	-
11001	4927	6244	1737	-
17624	14437	6244	1742	-
17624	4981	6244	1742	-
15737	22956	6244	1747	-
15737	19227	6244	1747	-
15737	19227	6244	1747	-
12332	3611	6244	1747	-
15737	19227	6244	1747	-
7782	775	6244	1754	-
19603	3611	6244	1757	-
3957	19531	6244	1757	-
19603	3611	6244	1757	-
19603	3611	6244	1757	-
19603	3611	6244	1757	-
19603	3611	6244	1757	-
19603	3611	6244	1757	-
19603	3611	6244	1757	-
19603	3611	6244	1757	-
19603	3611	6244	1757	-
7782	775	6244	1760	-
16409	4582	6244	1763	-
16409	4582	6244	1763	-
16409	4582	6244	1763	-
16409	4582	6244	1763	-
16409	4582	6244	1763	-
16409	4582	6244	1763	-
16409	4582	6244	1763	-
15737	13212	6244	1772	-
16409	18332	6244	1776	-
